phone 0.8972 42 144 207 329
phone 0.0776 76 226 191 334
phone 0.0363 41 125 148 289
phone 0.0352 170 155 266 307
phone 0.0352 133 228 251 349
phone 0.0332 15 198 112 340
phone 0.0265 2 167 95 309
phone 0.0251 35 225 153 343
phone 0.0231 91 269 178 354
phone 0.0211 40 250 118 319
phone 0.0203 26 215 101 293
phone 0.0199 115 264 209 363
phone 0.0199 1 55 211 289
phone 0.0179 71 100 189 262
phone 0.0177 107 189 235 317
phone 0.0176 71 245 149 323
phone 0.0176 69 207 151 300
phone 0.0173 3 60 84 221
phone 0.0161 31 114 125 237
phone 0.0160 11 202 85 275
phone 0.0159 186 101 266 237
phone 0.0155 78 168 173 279
phone 0.0142 138 152 236 293
phone 0.0141 0 131 55 269
phone 0.0138 5 216 79 359
phone 0.0138 79 87 266 314
phone 0.0134 61 255 97 313
phone 0.0132 52 270 136 330
phone 0.0131 30 251 128 378
phone 0.0129 123 271 158 328
phone 0.0128 0 185 57 334
phone 0.0127 20 15 133 204
phone 0.0125 12 232 84 305
phone 0.0125 111 248 200 321
phone 0.0123 120 120 223 263
phone 0.0120 55 163 134 252
phone 0.0116 107 270 143 329
phone 0.0116 118 67 216 218
phone 0.0116 18 284 110 399
phone 0.0115 44 224 83 283
phone 0.0114 30 224 66 283
phone 0.0112 153 72 244 207
phone 0.0112 0 205 53 271
phone 0.0111 146 248 229 381
phone 0.0110 92 271 127 328
phone 0.0108 86 21 190 197
phone 0.0106 62 266 158 393
phone 0.0103 59 72 149 218
phone 0.0102 151 268 223 331
phone 0.0102 147 221 227 285
phone 0.0102 25 267 102 332
phone 0.0101 76 256 113 312
phone 0.0100 37 198 121 278
phone 0.0100 45 255 82 314
phone 0.0099 1 193 34 251
phone 0.0098 0 174 51 240
phone 0.0097 41 283 117 346
phone 0.0096 151 187 223 258
phone 0.0095 15 139 82 214
phone 0.0095 71 283 149 347
phone 0.0093 127 233 215 305
phone 0.0093 8 304 74 399
phone 0.0091 27 316 101 375
phone 0.0090 13 299 84 361
phone 0.0090 0 239 54 298
phone 0.0089 170 234 234 303
phone 0.0089 11 171 85 244
phone 0.0089 138 272 173 327
phone 0.0088 136 126 207 196
phone 0.0088 183 273 263 369
phone 0.0086 25 184 102 261
phone 0.0085 169 271 204 328
phone 0.0085 1 224 34 282
phone 0.0085 58 299 132 361
phone 0.0084 0 287 68 343
phone 0.0083 107 315 175 376
phone 0.0083 31 255 65 313
phone 0.0082 74 315 146 376
phone 0.0082 155 297 219 363
phone 0.0082 89 237 131 300
phone 0.0081 77 287 111 343
phone 0.0080 16 162 50 221
phone 0.0080 0 145 17 257
phone 0.0080 32 121 95 201
phone 0.0079 157 112 217 179
phone 0.0079 55 192 264 383
phone 0.0079 31 147 65 205
phone 0.0078 0 215 19 261
phone 0.0077 0 196 18 310
phone 0.0077 134 157 209 227
phone 0.0077 62 287 96 343
phone 0.0076 47 317 80 374
phone 0.0076 30 194 66 251
phone 0.0076 125 201 217 276
phone 0.0076 154 272 188 327
phone 0.0076 32 301 65 359
phone 0.0076 208 135 266 260
phone 0.0076 185 240 219 297
phone 0.0075 121 334 137 365
phone 0.0075 25 157 103 227
phone 0.0075 113 338 145 361
phone 0.0075 0 208 2 267
phone 0.0075 185 271 219 328
phone 0.0074 154 145 220 208
phone 0.0073 172 204 232 272
phone 0.0073 154 116 188 175
phone 0.0073 0 245 18 292
phone 0.0073 169 226 204 281
phone 0.0072 59 224 99 283
phone 0.0072 17 285 49 344
phone 0.0072 0 323 49 369
phone 0.0072 0 38 57 183
phone 0.0072 0 257 48 372
phone 0.0072 139 302 173 358
phone 0.0072 64 334 125 387
phone 0.0071 0 238 2 298
phone 0.0070 124 343 134 356
phone 0.0070 2 316 33 375
phone 0.0070 0 112 27 294
phone 0.0070 154 301 188 359
phone 0.0070 93 317 126 374
phone 0.0069 78 317 111 374
phone 0.0069 124 301 157 359
phone 0.0069 0 274 50 325
phone 0.0068 172 282 233 347
phone 0.0068 125 106 187 155
phone 0.0068 208 207 266 314
phone 0.0068 168 194 205 251
phone 0.0068 2 284 33 345
phone 0.0068 95 335 155 387
phone 0.0068 129 334 144 365
phone 0.0068 1 161 34 222
phone 0.0068 49 105 110 155
phone 0.0067 47 286 80 343
phone 0.0067 174 321 230 370
phone 0.0067 139 132 173 190
phone 0.0067 140 91 203 139
phone 0.0067 48 70 111 189
phone 0.0066 16 224 50 282
phone 0.0066 141 57 203 172
phone 0.0066 46 132 81 190
phone 0.0066 62 317 96 374
phone 0.0066 132 343 142 356
phone 0.0066 2 255 33 313
phone 0.0066 15 193 50 252
phone 0.0065 17 315 49 376
phone 0.0065 140 101 172 159
phone 0.0065 74 224 115 283
phone 0.0065 0 285 18 344
phone 0.0065 95 123 155 199
phone 0.0065 170 132 203 190
phone 0.0064 57 134 131 219
phone 0.0064 64 101 95 159
phone 0.0064 219 291 266 338
phone 0.0064 184 203 252 334
phone 0.0064 0 183 18 231
phone 0.0064 2 122 65 170
phone 0.0064 109 72 172 188
phone 0.0064 156 76 218 123
phone 0.0064 140 317 203 374
phone 0.0064 216 258 266 371
phone 0.0063 156 85 187 144
phone 0.0063 52 167 83 193
phone 0.0063 170 100 203 159
phone 0.0063 0 137 49 185
phone 0.0063 190 253 245 315
phone 0.0063 188 315 217 375
phone 0.0063 16 255 50 313
phone 0.0063 68 1 148 158
phone 0.0063 124 332 189 399
phone 0.0063 249 337 266 385
phone 0.0063 79 101 110 159
phone 0.0063 156 42 218 156
phone 0.0062 0 103 49 218
phone 0.0062 49 101 79 159
phone 0.0062 0 367 48 399
phone 0.0062 168 127 237 256
phone 0.0062 218 322 266 369
phone 0.0062 17 106 80 154
phone 0.0062 203 338 263 384
phone 0.0062 172 315 202 376
phone 0.0062 219 260 266 308
phone 0.0061 32 116 64 175
phone 0.0061 265 337 266 385
phone 0.0061 126 101 156 159
phone 0.0061 48 0 111 95
phone 0.0061 172 91 232 139
phone 0.0061 59 164 76 197
phone 0.0061 0 177 2 236
phone 0.0061 233 304 266 399
phone 0.0061 110 330 141 391
phone 0.0061 126 330 156 391
phone 0.0061 263 304 266 399
phone 0.0061 141 60 202 108
phone 0.0061 187 147 217 205
phone 0.0060 264 367 266 399
phone 0.0060 0 332 35 399
phone 0.0060 234 153 266 200
phone 0.0060 202 239 233 298
phone 0.0060 0 48 20 166
phone 0.0060 249 168 266 216
phone 0.0060 248 289 266 399
phone 0.0060 18 116 48 174
phone 0.0060 94 0 157 95
phone 0.0060 17 0 80 95
phone 0.0060 172 70 202 128
phone 0.0060 111 29 171 77
phone 0.0060 0 331 18 390
phone 0.0060 233 270 264 328
phone 0.0060 3 337 64 385
phone 0.0060 218 367 266 399
phone 0.0060 0 367 18 399
phone 0.0060 233 119 266 233
phone 0.0060 80 106 140 154
phone 0.0060 186 303 249 399
phone 0.0060 248 134 266 248
phone 0.0060 264 322 266 369
phone 0.0059 203 106 263 154
phone 0.0059 170 163 203 220
phone 0.0059 126 45 186 93
phone 0.0059 249 307 266 354
phone 0.0059 140 11 203 126
phone 0.0059 172 60 232 108
phone 0.0059 218 331 248 390
phone 0.0059 114 334 129 365
phone 0.0059 80 29 140 77
phone 0.0059 157 45 217 93
phone 0.0059 249 137 266 185
phone 0.0059 142 29 201 77
phone 0.0059 234 184 266 231
phone 0.0059 185 194 219 251
phone 0.0059 249 199 266 246
phone 0.0059 218 137 266 185
phone 0.0059 201 73 265 187
phone 0.0059 171 0 234 95
phone 0.0059 0 153 17 200
phone 0.0059 0 0 3 96
phone 0.0058 0 332 4 399
phone 0.0058 234 122 266 169
phone 0.0058 0 367 2 399
phone 0.0058 187 85 218 144
phone 0.0058 203 76 263 123
phone 0.0058 265 183 266 231
phone 0.0058 110 91 171 139
phone 0.0058 174 165 230 218
phone 0.0058 218 168 266 215
phone 0.0058 126 76 187 123
phone 0.0058 109 116 142 174
phone 0.0058 125 27 188 141
phone 0.0058 155 332 220 399
phone 0.0058 265 153 266 200
phone 0.0058 264 353 266 399
phone 0.0058 0 0 50 95
phone 0.0058 144 175 175 200
phone 0.0058 0 157 172 399
phone 0.0058 188 29 248 77
phone 0.0058 264 214 266 262
phone 0.0058 172 353 232 399
phone 0.0058 108 301 142 359
phone 0.0058 88 137 163 247
phone 0.0058 204 306 262 354
phone 0.0058 110 11 172 126
phone 0.0058 0 337 2 385
phone 0.0058 151 172 169 204
phone 0.0057 263 150 266 264
phone 0.0057 248 181 266 294
phone 0.0057 249 276 266 323
phone 0.0057 249 230 266 277
phone 0.0057 157 54 187 113
phone 0.0057 264 291 266 339
phone 0.0057 201 0 265 95
phone 0.0057 264 245 266 292
phone 0.0057 233 239 264 298
phone 0.0057 186 42 249 156
phone 0.0057 0 80 15 196
phone 0.0057 126 23 156 83
phone 0.0057 232 166 266 279
phone 0.0057 0 0 19 95
phone 0.0057 157 331 186 391
phone 0.0057 111 23 140 83
phone 0.0057 153 164 189 220
phone 0.0057 95 101 125 159
phone 0.0057 248 242 266 356
phone 0.0057 263 196 266 310
phone 0.0057 50 0 109 30
phone 0.0057 142 23 171 83
phone 0.0057 218 100 248 159
phone 0.0057 218 300 248 359
phone 0.0057 218 91 266 139
phone 0.0057 263 258 266 371
phone 0.0057 111 60 171 108
phone 0.0057 248 88 266 202
phone 0.0057 204 199 262 246
phone 0.0056 263 104 266 218
phone 0.0056 73 177 116 237
phone 0.0056 86 205 134 271
phone 0.0056 65 14 124 62
phone 0.0056 157 23 187 83
phone 0.0056 249 367 266 399
phone 0.0056 95 23 125 82
phone 0.0056 172 39 202 98
phone 0.0056 218 29 266 77
phone 0.0056 188 54 217 113
phone 0.0056 234 214 266 262
phone 0.0056 0 29 17 77
phone 0.0056 106 334 122 365
phone 0.0056 203 331 233 390
phone 0.0056 34 29 94 77
phone 0.0056 0 146 2 206
phone 0.0056 94 58 157 171
phone 0.0056 126 368 186 399
phone 0.0056 98 338 130 361
phone 0.0056 152 241 190 297
phone 0.0056 3 29 63 77
phone 0.0056 33 0 95 64
phone 0.0056 265 122 266 170
phone 0.0056 202 270 233 329
phone 0.0056 218 60 266 108
phone 0.0056 0 106 48 154
phone 0.0056 0 122 17 169
phone 0.0056 3 116 33 175
phone 0.0056 219 230 266 277
phone 0.0056 142 54 171 113
phone 0.0056 234 0 266 30
phone 0.0056 187 347 218 399
phone 0.0056 0 0 1 30
phone 0.0056 0 306 2 354
phone 0.0056 65 91 125 139
phone 0.0056 34 91 94 139
phone 0.0056 249 106 266 154
phone 0.0056 187 367 248 399
phone 0.0055 118 140 194 214
phone 0.0055 142 330 171 391
phone 0.0055 218 147 248 205
phone 0.0055 217 42 266 156
phone 0.0055 218 70 248 129
phone 0.0055 80 23 110 82
phone 0.0055 233 0 266 110
phone 0.0055 19 0 78 30
phone 0.0055 188 23 217 83
phone 0.0055 248 0 266 64
phone 0.0055 249 29 266 77
phone 0.0055 203 23 233 83
phone 0.0055 203 70 233 128
phone 0.0055 0 273 3 387
phone 0.0055 63 57 126 172
phone 0.0055 117 343 126 356
phone 0.0055 234 45 266 93
phone 0.0055 264 223 266 282
phone 0.0055 33 57 95 172
phone 0.0055 0 91 17 139
phone 0.0055 186 116 218 174
phone 0.0055 79 0 141 64
phone 0.0054 65 23 94 82
phone 0.0054 218 193 249 251
phone 0.0054 46 164 81 220
phone 0.0054 0 135 3 248
phone 0.0054 218 39 248 98
phone 0.0054 265 29 266 77
phone 0.0054 0 122 2 169
phone 0.0054 0 29 2 77
phone 0.0054 111 85 141 144
phone 0.0054 189 225 246 282
phone 0.0054 45 194 82 251
phone 0.0054 265 91 266 139
phone 0.0054 0 45 32 93
phone 0.0054 65 0 94 37
phone 0.0054 249 60 266 108
phone 0.0054 0 60 17 108
phone 0.0054 265 60 266 108
phone 0.0054 126 54 156 113
phone 0.0054 0 0 47 30
phone 0.0054 67 112 122 179
phone 0.0054 0 76 32 123
phone 0.0054 127 14 186 62
phone 0.0054 263 0 266 110
phone 0.0054 49 23 79 82
phone 0.0053 202 363 234 399
phone 0.0053 0 88 3 202
phone 0.0053 64 45 125 93
phone 0.0053 265 0 266 30
phone 0.0053 248 11 266 126
phone 0.0053 3 91 63 139
phone 0.0053 34 23 64 83
phone 0.0053 18 23 48 83
phone 0.0053 203 300 233 360
phone 0.0053 234 70 264 129
phone 0.0053 264 0 266 64
phone 0.0053 63 174 72 186
phone 0.0053 0 11 34 126
phone 0.0053 157 14 217 62
phone 0.0053 140 362 172 399
phone 0.0053 263 57 266 172
phone 0.0053 109 343 118 356
phone 0.0053 202 101 233 159
phone 0.0053 80 0 109 37
phone 0.0053 95 76 156 123
phone 0.0053 49 0 79 37
phone 0.0053 125 362 157 399
phone 0.0053 110 0 172 64
phone 0.0053 33 362 64 399
phone 0.0052 0 14 32 62
phone 0.0052 0 0 17 30
phone 0.0052 96 0 155 30
phone 0.0052 19 368 78 399
phone 0.0052 0 276 2 323
phone 0.0052 0 314 0 399
phone 0.0052 234 14 266 62
phone 0.0052 101 220 150 287
phone 0.0052 0 14 1 62
phone 0.0052 0 91 2 139
phone 0.0052 49 76 109 123
phone 0.0052 95 368 155 399
phone 0.0052 141 0 202 64
phone 0.0052 34 0 63 37
phone 0.0052 157 367 217 399
phone 0.0052 0 60 48 108
phone 0.0052 109 363 141 399
phone 0.0052 127 0 186 30
phone 0.0052 0 181 3 294
phone 0.0052 187 0 249 64
phone 0.0052 80 60 140 108
phone 0.0052 173 0 232 30
phone 0.0052 94 363 126 399
phone 0.0051 155 362 188 399
phone 0.0051 18 0 48 51
phone 0.0051 79 363 110 399
phone 0.0051 34 85 63 144
phone 0.0051 111 54 140 113
phone 0.0051 0 60 2 108
phone 0.0051 96 0 125 37
phone 0.0051 65 368 124 399
phone 0.0051 0 227 3 340
phone 0.0051 155 182 165 194
phone 0.0051 0 26 3 141
phone 0.0051 19 85 48 144
phone 0.0050 68 206 98 232
phone 0.0050 60 163 97 220
phone 0.0050 33 11 95 125
phone 0.0050 172 347 202 399
phone 0.0050 19 75 79 123
