phone 0.9273 169 69 234 206
phone 0.0997 206 0 322 92
phone 0.0965 125 49 239 222
phone 0.0956 85 44 175 206
phone 0.0765 181 0 291 70
phone 0.0653 153 25 287 196
phone 0.0643 241 0 340 69
phone 0.0526 193 0 333 205
phone 0.0521 116 11 232 145
phone 0.0431 34 21 187 184
phone 0.0430 165 113 219 198
phone 0.0425 68 88 205 228
phone 0.0347 226 52 313 199
phone 0.0339 137 0 246 80
phone 0.0333 249 2 288 64
phone 0.0298 100 34 303 266
phone 0.0279 170 97 274 186
phone 0.0274 96 66 165 154
phone 0.0271 236 97 301 185
phone 0.0266 14 0 136 145
phone 0.0265 264 2 304 64
phone 0.0252 286 0 374 92
phone 0.0242 74 0 209 122
phone 0.0235 136 111 217 171
phone 0.0231 157 0 367 140
phone 0.0223 106 87 185 165
phone 0.0222 66 110 164 264
phone 0.0221 235 4 271 62
phone 0.0220 162 0 251 48
phone 0.0216 24 67 130 192
phone 0.0213 158 119 240 244
phone 0.0207 108 157 226 266
phone 0.0206 79 79 151 172
phone 0.0203 158 0 228 191
phone 0.0198 298 0 362 55
phone 0.0192 0 19 105 179
phone 0.0191 219 0 256 46
phone 0.0182 223 111 284 201
phone 0.0181 231 0 308 147
phone 0.0178 218 83 288 168
phone 0.0167 66 0 158 75
phone 0.0166 312 3 348 63
phone 0.0160 233 92 334 220
phone 0.0159 174 4 209 62
phone 0.0154 204 0 241 46
phone 0.0152 235 109 272 172
phone 0.0151 159 110 193 171
phone 0.0149 281 5 318 61
phone 0.0148 249 109 288 172
phone 0.0142 135 0 211 48
phone 0.0142 78 174 183 266
phone 0.0141 244 91 324 160
phone 0.0137 184 140 291 264
phone 0.0136 110 78 151 142
phone 0.0132 96 7 164 90
phone 0.0131 107 107 153 174
phone 0.0127 318 0 391 43
phone 0.0127 104 118 187 194
phone 0.0127 0 5 68 140
phone 0.0127 189 0 225 45
phone 0.0124 167 73 217 147
phone 0.0123 224 0 303 34
phone 0.0123 297 5 332 61
phone 0.0122 2 0 96 76
phone 0.0122 195 0 272 36
phone 0.0122 35 0 123 89
phone 0.0122 0 64 66 198
phone 0.0122 48 106 120 175
phone 0.0120 77 128 153 216
phone 0.0119 159 187 233 266
phone 0.0119 349 10 399 147
phone 0.0118 125 96 165 155
phone 0.0116 24 142 114 262
phone 0.0116 1 92 105 219
phone 0.0113 245 126 323 186
phone 0.0111 301 12 391 145
phone 0.0110 327 0 396 81
phone 0.0110 108 59 183 130
phone 0.0109 95 41 165 117
phone 0.0107 27 96 110 154
phone 0.0107 245 12 353 146
phone 0.0107 329 5 362 61
phone 0.0106 76 6 155 152
phone 0.0105 160 0 225 32
phone 0.0105 107 31 184 97
phone 0.0105 77 166 152 239
phone 0.0104 0 127 82 246
phone 0.0103 180 116 296 166
phone 0.0103 158 4 194 61
phone 0.0102 267 113 301 168
phone 0.0102 289 75 372 206
phone 0.0101 185 137 230 206
phone 0.0100 362 77 399 142
phone 0.0100 232 66 365 184
phone 0.0099 247 56 321 133
phone 0.0099 46 78 122 142
phone 0.0099 116 20 206 77
phone 0.0098 108 0 183 71
phone 0.0098 276 104 355 238
phone 0.0098 344 4 377 62
phone 0.0097 189 189 262 266
phone 0.0097 358 44 399 114
phone 0.0097 94 93 136 157
phone 0.0096 67 112 101 169
phone 0.0096 248 156 320 217
phone 0.0095 0 263 41 266
phone 0.0095 313 0 347 32
phone 0.0094 242 135 326 266
phone 0.0094 68 107 131 205
phone 0.0093 0 0 39 1
phone 0.0092 140 61 213 128
phone 0.0092 62 203 138 262
phone 0.0092 260 33 338 95
phone 0.0092 77 220 153 266
phone 0.0092 198 50 278 109
phone 0.0092 319 45 399 174
phone 0.0091 106 217 185 266
phone 0.0091 307 20 384 77
phone 0.0090 16 158 91 216
phone 0.0090 32 174 106 231
phone 0.0090 201 127 243 185
phone 0.0090 120 53 202 105
phone 0.0089 28 128 110 184
phone 0.0089 198 175 278 229
phone 0.0089 64 148 135 226
phone 0.0088 286 0 344 13
phone 0.0088 47 188 121 247
phone 0.0088 256 0 333 21
phone 0.0088 112 18 148 78
phone 0.0087 13 111 94 170
phone 0.0087 81 96 117 154
phone 0.0087 203 217 273 266
phone 0.0087 297 108 364 173
phone 0.0087 329 0 362 31
phone 0.0086 98 190 131 246
phone 0.0086 237 132 300 210
phone 0.0086 187 132 289 180
phone 0.0086 45 50 123 108
phone 0.0085 283 138 347 204
phone 0.0085 169 217 246 266
phone 0.0085 220 39 287 119
phone 0.0085 299 0 331 15
phone 0.0084 0 122 58 190
phone 0.0083 310 47 381 111
phone 0.0083 195 146 281 197
phone 0.0083 342 63 399 126
phone 0.0082 237 166 301 238
phone 0.0082 127 20 163 77
phone 0.0082 172 26 242 102
phone 0.0082 113 205 147 261
phone 0.0081 310 78 381 142
phone 0.0081 252 0 286 0
phone 0.0081 267 143 301 200
phone 0.0081 248 78 289 142
phone 0.0081 284 0 346 37
phone 0.0081 315 0 346 15
phone 0.0080 52 113 85 168
phone 0.0080 0 93 58 157
phone 0.0080 112 0 148 47
phone 0.0079 268 0 301 0
phone 0.0079 360 3 393 63
phone 0.0079 98 19 132 77
phone 0.0079 83 25 147 102
phone 0.0078 137 217 216 266
phone 0.0078 19 72 88 148
phone 0.0078 62 61 137 129
phone 0.0078 33 59 105 130
phone 0.0077 329 35 362 92
phone 0.0077 191 237 254 266
phone 0.0077 49 134 119 209
phone 0.0077 209 0 268 0
phone 0.0077 0 64 61 125
phone 0.0076 66 82 101 138
phone 0.0076 177 65 267 156
phone 0.0076 98 219 131 266
phone 0.0076 97 0 132 46
phone 0.0076 52 173 85 231
phone 0.0076 235 64 272 125
phone 0.0076 139 30 213 97
phone 0.0076 112 50 148 108
phone 0.0076 159 81 193 139
phone 0.0076 277 47 353 111
phone 0.0075 313 112 347 169
phone 0.0075 159 51 193 107
phone 0.0075 38 0 100 55
phone 0.0075 83 204 116 262
phone 0.0075 37 158 70 215
phone 0.0075 372 41 399 64
phone 0.0075 127 235 196 266
phone 0.0074 346 0 377 31
phone 0.0074 221 159 254 214
phone 0.0074 236 0 271 0
phone 0.0074 374 35 399 92
phone 0.0073 380 37 396 68
phone 0.0073 39 193 99 266
phone 0.0073 128 205 162 260
phone 0.0073 68 188 100 246
phone 0.0073 0 29 168 266
phone 0.0073 282 0 317 16
phone 0.0073 98 236 163 266
phone 0.0073 221 220 254 266
phone 0.0073 7 0 69 28
phone 0.0073 17 30 90 98
phone 0.0072 220 198 286 266
phone 0.0072 127 66 164 123
phone 0.0072 282 36 316 91
phone 0.0072 256 112 342 170
phone 0.0072 142 154 211 220
phone 0.0072 126 127 165 185
phone 0.0072 221 20 254 76
phone 0.0072 252 188 285 247
phone 0.0072 21 158 54 216
phone 0.0072 82 174 116 231
phone 0.0072 265 81 303 139
phone 0.0072 175 0 208 0
phone 0.0072 276 93 353 157
phone 0.0071 122 185 200 250
phone 0.0071 120 83 202 137
phone 0.0071 225 239 282 266
phone 0.0071 221 190 255 245
phone 0.0071 383 46 393 59
phone 0.0071 375 65 399 123
phone 0.0071 315 0 376 11
phone 0.0071 143 21 178 75
phone 0.0071 0 31 44 97
phone 0.0071 144 51 177 107
phone 0.0070 220 52 255 107
phone 0.0070 161 0 193 0
phone 0.0070 193 0 252 0
phone 0.0070 54 218 84 266
phone 0.0070 93 124 137 188
phone 0.0070 189 20 225 77
phone 0.0070 251 141 286 201
phone 0.0070 22 0 54 31
phone 0.0069 298 127 332 185
phone 0.0069 36 97 70 154
phone 0.0069 54 241 114 266
phone 0.0069 0 0 41 64
phone 0.0069 5 111 39 170
phone 0.0069 130 0 193 28
phone 0.0069 67 51 101 107
phone 0.0069 54 0 115 11
phone 0.0068 69 233 99 266
phone 0.0068 328 81 362 138
phone 0.0068 127 0 164 47
phone 0.0068 350 39 380 65
phone 0.0068 134 100 164 127
phone 0.0068 144 220 178 266
phone 0.0067 6 143 39 200
phone 0.0067 207 234 238 266
phone 0.0067 295 61 366 128
phone 0.0067 190 205 224 261
phone 0.0067 297 36 332 92
phone 0.0067 158 235 226 266
phone 0.0067 344 81 377 139
phone 0.0067 51 143 85 199
phone 0.0066 268 173 300 231
phone 0.0066 213 21 399 244
phone 0.0066 84 0 146 11
phone 0.0066 239 233 268 266
phone 0.0066 0 80 45 140
phone 0.0066 37 0 70 31
phone 0.0066 69 0 99 15
phone 0.0065 92 144 169 230
phone 0.0065 164 27 220 131
phone 0.0065 82 0 117 46
phone 0.0065 7 0 38 31
phone 0.0065 189 173 225 231
phone 0.0065 190 0 225 1
phone 0.0065 227 139 257 165
phone 0.0065 313 34 347 93
phone 0.0065 220 0 256 1
phone 0.0065 20 4 55 62
phone 0.0064 159 158 193 215
phone 0.0064 24 210 83 256
phone 0.0064 38 203 69 263
phone 0.0064 51 82 86 138
phone 0.0064 205 20 239 76
phone 0.0064 84 0 115 15
phone 0.0064 23 0 84 11
phone 0.0064 36 128 70 184
phone 0.0064 266 50 302 108
phone 0.0064 66 0 101 46
phone 0.0064 284 0 316 0
phone 0.0064 67 143 101 200
phone 0.0064 270 224 329 266
phone 0.0064 356 35 374 69
phone 0.0063 67 21 101 76
phone 0.0063 100 0 130 15
phone 0.0063 51 35 85 92
phone 0.0063 115 234 146 266
phone 0.0063 174 34 209 94
phone 0.0063 103 0 158 34
phone 0.0063 82 20 116 76
phone 0.0063 95 158 134 216
phone 0.0063 145 0 177 0
phone 0.0063 141 97 158 131
phone 0.0063 235 140 271 203
phone 0.0063 236 204 270 262
phone 0.0063 253 80 345 141
phone 0.0063 220 130 255 182
phone 0.0063 191 234 223 266
phone 0.0062 250 33 287 95
phone 0.0062 54 0 84 16
phone 0.0062 130 234 162 266
phone 0.0062 115 0 146 15
phone 0.0062 0 14 59 83
phone 0.0061 115 0 176 12
phone 0.0061 362 115 399 166
phone 0.0061 236 34 270 93
phone 0.0061 377 94 399 156
phone 0.0061 344 35 378 92
phone 0.0061 148 0 205 18
phone 0.0061 184 157 262 217
phone 0.0061 0 0 23 31
phone 0.0061 159 220 193 266
phone 0.0060 81 141 118 201
phone 0.0060 362 0 399 26
phone 0.0060 175 220 208 266
phone 0.0060 68 0 131 28
phone 0.0060 118 146 204 197
phone 0.0060 70 256 129 266
phone 0.0060 255 239 313 266
phone 0.0060 82 51 116 107
phone 0.0060 285 218 315 266
phone 0.0060 85 249 115 266
phone 0.0060 363 146 399 258
phone 0.0060 205 205 239 261
phone 0.0060 313 81 347 138
phone 0.0059 360 178 399 227
phone 0.0059 161 0 223 12
phone 0.0059 375 0 399 47
phone 0.0059 283 158 316 215
phone 0.0059 36 35 70 92
phone 0.0059 5 51 39 107
phone 0.0059 130 0 161 15
phone 0.0059 236 172 270 232
phone 0.0059 253 206 316 266
phone 0.0059 284 176 346 266
phone 0.0059 205 0 240 1
phone 0.0059 97 49 133 109
phone 0.0059 348 101 399 149
phone 0.0058 315 237 377 266
phone 0.0058 8 177 68 227
phone 0.0058 266 0 302 16
phone 0.0058 361 208 399 257
phone 0.0058 291 0 358 6
phone 0.0058 361 0 399 11
phone 0.0058 282 128 316 184
phone 0.0058 332 163 391 211
phone 0.0058 21 51 55 107
phone 0.0058 145 0 177 16
phone 0.0058 0 0 53 11
phone 0.0058 211 69 241 96
phone 0.0057 227 155 257 181
phone 0.0057 233 135 251 169
phone 0.0057 315 253 377 266
phone 0.0057 21 112 55 169
phone 0.0057 51 5 86 61
phone 0.0057 316 178 375 226
phone 0.0057 362 238 399 266
phone 0.0057 209 255 267 266
phone 0.0057 192 0 254 13
phone 0.0057 254 255 314 266
phone 0.0057 299 0 331 0
phone 0.0057 36 4 70 61
phone 0.0057 284 237 346 266
phone 0.0057 330 130 393 243
phone 0.0057 22 237 85 266
phone 0.0057 303 8 334 35
phone 0.0057 297 97 332 153
phone 0.0057 39 255 99 266
phone 0.0056 21 81 55 138
phone 0.0056 284 253 346 266
phone 0.0056 314 145 377 259
phone 0.0056 331 264 361 266
phone 0.0056 269 234 299 266
phone 0.0056 346 264 376 266
phone 0.0056 316 264 345 266
phone 0.0056 360 147 399 196
phone 0.0056 0 234 41 266
phone 0.0056 0 66 24 123
phone 0.0056 300 203 330 262
phone 0.0056 301 194 360 241
phone 0.0056 346 157 376 216
phone 0.0055 197 94 247 157
phone 0.0055 364 262 399 266
phone 0.0055 130 0 162 1
phone 0.0055 0 127 24 185
phone 0.0055 54 264 84 266
phone 0.0055 315 0 346 0
phone 0.0055 299 221 362 266
phone 0.0055 36 65 71 123
phone 0.0055 360 46 370 58
phone 0.0055 144 82 177 138
phone 0.0055 361 254 399 266
phone 0.0055 331 157 361 216
phone 0.0055 362 100 399 211
phone 0.0055 7 253 69 266
phone 0.0055 39 264 69 266
phone 0.0055 300 264 330 266
phone 0.0055 377 187 399 247
phone 0.0055 224 249 253 266
phone 0.0055 297 67 332 122
phone 0.0054 330 222 393 266
phone 0.0054 238 221 300 266
phone 0.0054 376 0 399 1
phone 0.0054 54 249 84 266
phone 0.0054 376 0 399 17
phone 0.0054 222 0 285 13
phone 0.0054 143 190 178 245
phone 0.0054 310 5 327 38
phone 0.0054 23 265 53 266
phone 0.0054 377 156 399 217
phone 0.0054 16 165 74 266
phone 0.0054 39 249 68 266
phone 0.0053 254 233 284 266
phone 0.0053 331 249 361 266
phone 0.0053 115 0 146 1
phone 0.0053 99 0 131 1
phone 0.0053 316 249 345 266
phone 0.0053 157 101 188 127
phone 0.0053 330 0 362 1
phone 0.0053 253 0 315 12
phone 0.0053 346 249 376 266
phone 0.0053 145 108 154 120
phone 0.0053 8 225 68 266
phone 0.0053 218 66 235 100
phone 0.0053 144 159 178 214
phone 0.0053 315 188 346 247
phone 0.0053 376 264 399 266
phone 0.0053 238 265 269 266
phone 0.0052 84 0 115 1
phone 0.0052 318 130 373 181
phone 0.0052 377 218 399 266
phone 0.0052 69 264 99 266
phone 0.0052 285 265 315 266
phone 0.0052 0 141 40 263
phone 0.0052 0 0 23 1
phone 0.0052 223 265 253 266
phone 0.0052 347 133 399 180
phone 0.0052 346 0 377 1
phone 0.0052 0 178 35 226
phone 0.0052 0 19 24 77
phone 0.0052 302 162 358 212
phone 0.0052 300 249 330 266
phone 0.0052 84 253 146 266
phone 0.0051 69 0 100 1
phone 0.0051 346 126 376 185
phone 0.0051 233 150 251 185
phone 0.0051 254 265 284 266
phone 0.0051 23 188 53 247
phone 0.0051 376 248 399 266
phone 0.0051 361 126 392 185
phone 0.0051 161 254 223 266
phone 0.0051 205 174 239 230
phone 0.0051 173 116 203 142
phone 0.0051 23 234 53 266
phone 0.0051 316 209 376 257
phone 0.0051 0 264 23 266
phone 0.0051 0 96 24 154
phone 0.0051 227 124 257 150
phone 0.0051 23 0 54 1
phone 0.0051 53 0 85 1
phone 0.0051 272 193 327 242
phone 0.0051 285 249 315 266
phone 0.0051 362 264 392 266
phone 0.0050 331 126 361 185
phone 0.0050 115 254 177 266
phone 0.0050 269 265 299 266
phone 0.0050 201 180 322 266
phone 0.0050 280 46 311 73
