phone 0.8828 126 109 326 234
phone 0.4168 33 57 175 144
phone 0.1956 45 99 236 222
phone 0.1440 182 83 326 208
phone 0.0811 267 47 381 164
phone 0.0714 28 1 140 157
phone 0.0633 0 15 221 186
phone 0.0572 294 9 399 145
phone 0.0522 16 72 151 180
phone 0.0442 104 112 248 262
phone 0.0403 60 20 196 139
phone 0.0355 228 36 340 184
phone 0.0351 77 62 122 128
phone 0.0312 2 11 104 139
phone 0.0300 185 28 390 243
phone 0.0296 184 149 292 226
phone 0.0285 97 62 232 164
phone 0.0269 64 63 104 126
phone 0.0260 257 82 375 233
phone 0.0258 0 63 186 260
phone 0.0252 47 129 172 266
phone 0.0244 170 54 295 176
phone 0.0242 119 188 221 266
phone 0.0222 43 74 125 146
phone 0.0217 42 34 126 125
phone 0.0209 0 73 60 191
phone 0.0192 294 66 398 191
phone 0.0186 116 11 344 199
phone 0.0184 5 101 94 218
phone 0.0174 197 128 338 246
phone 0.0171 255 70 344 151
phone 0.0158 229 0 358 131
phone 0.0155 273 0 382 97
phone 0.0149 129 236 206 266
phone 0.0149 31 100 137 243
phone 0.0147 183 0 263 99
phone 0.0144 51 64 87 124
phone 0.0143 157 239 236 266
phone 0.0142 0 124 73 249
phone 0.0142 81 43 180 207
phone 0.0137 97 144 194 230
phone 0.0135 225 170 312 235
phone 0.0133 18 43 89 115
phone 0.0128 0 0 58 104
phone 0.0128 175 196 282 266
phone 0.0124 351 56 399 194
phone 0.0123 344 0 399 114
phone 0.0122 202 21 304 198
phone 0.0120 76 174 184 266
phone 0.0119 0 143 64 200
phone 0.0116 288 93 372 158
phone 0.0114 147 152 266 266
phone 0.0114 271 109 358 172
phone 0.0113 129 53 254 229
phone 0.0113 220 0 310 90
phone 0.0112 0 121 45 191
phone 0.0112 111 23 210 196
phone 0.0111 245 139 353 264
phone 0.0111 205 156 302 266
phone 0.0110 41 49 128 201
phone 0.0110 296 0 365 68
phone 0.0109 322 27 399 101
phone 0.0106 100 239 176 266
phone 0.0106 45 168 123 236
phone 0.0106 132 0 221 130
phone 0.0105 235 173 272 231
phone 0.0102 0 185 69 266
phone 0.0102 66 0 159 99
phone 0.0102 303 106 389 236
phone 0.0101 333 91 399 220
phone 0.0101 58 186 141 250
phone 0.0100 0 34 79 93
phone 0.0100 36 50 70 108
phone 0.0099 206 4 239 62
phone 0.0098 23 139 115 265
phone 0.0098 215 156 261 218
phone 0.0096 71 131 158 212
phone 0.0096 0 0 39 0
phone 0.0096 2 63 75 126
phone 0.0095 361 138 399 205
phone 0.0095 189 243 265 266
phone 0.0095 245 52 323 138
phone 0.0093 150 16 234 173
phone 0.0091 313 5 347 61
phone 0.0091 0 86 41 164
phone 0.0090 31 136 106 207
phone 0.0089 0 263 41 266
phone 0.0089 301 80 389 140
phone 0.0089 18 152 89 222
phone 0.0088 167 217 247 266
phone 0.0088 327 0 395 73
phone 0.0088 36 143 70 200
phone 0.0088 0 173 60 231
phone 0.0088 105 218 186 266
phone 0.0087 265 217 334 266
phone 0.0086 265 93 295 119
phone 0.0086 250 175 286 230
phone 0.0085 374 96 399 155
phone 0.0085 94 79 135 140
phone 0.0084 280 185 350 250
phone 0.0084 312 138 380 204
phone 0.0083 319 64 399 126
phone 0.0083 21 51 54 107
phone 0.0082 14 78 92 141
phone 0.0082 342 124 399 188
phone 0.0082 15 13 91 84
phone 0.0081 307 110 384 171
phone 0.0081 58 147 141 228
phone 0.0081 78 0 257 158
phone 0.0081 284 0 346 48
phone 0.0081 142 32 211 96
phone 0.0081 272 89 289 123
phone 0.0080 259 172 339 232
phone 0.0080 6 158 39 215
phone 0.0080 75 218 155 266
phone 0.0080 44 203 124 263
phone 0.0079 246 185 323 250
phone 0.0079 235 0 302 53
phone 0.0078 0 47 44 112
phone 0.0078 312 98 348 153
phone 0.0077 266 0 332 71
phone 0.0077 67 174 101 230
phone 0.0077 175 13 240 83
phone 0.0077 17 218 90 266
phone 0.0077 297 113 332 168
phone 0.0077 119 50 203 109
phone 0.0076 299 167 362 237
phone 0.0076 295 123 366 189
phone 0.0076 227 201 311 266
phone 0.0075 275 141 355 202
phone 0.0075 288 100 318 127
phone 0.0075 218 252 234 266
phone 0.0075 162 0 222 44
phone 0.0075 177 253 238 266
phone 0.0075 193 0 252 47
phone 0.0075 374 20 399 76
phone 0.0075 218 233 289 266
phone 0.0074 108 64 152 125
phone 0.0074 322 95 399 156
phone 0.0074 20 128 55 184
phone 0.0074 374 66 399 123
phone 0.0074 210 255 242 266
phone 0.0074 5 66 39 123
phone 0.0074 51 158 86 215
phone 0.0074 0 143 24 200
phone 0.0074 226 252 242 266
phone 0.0074 211 252 227 266
phone 0.0073 82 190 116 245
phone 0.0073 145 0 209 78
phone 0.0073 203 252 219 266
phone 0.0073 65 84 134 167
phone 0.0073 236 155 331 220
phone 0.0072 144 235 177 266
phone 0.0072 360 0 399 53
phone 0.0072 329 157 362 216
phone 0.0072 297 5 332 61
phone 0.0072 229 65 309 156
phone 0.0072 348 162 399 211
phone 0.0072 146 253 207 266
phone 0.0072 264 90 281 122
phone 0.0072 20 81 55 139
phone 0.0072 195 255 227 266
phone 0.0071 89 46 140 112
phone 0.0071 217 56 290 133
phone 0.0071 98 205 131 261
phone 0.0071 223 0 284 11
phone 0.0071 5 189 39 246
phone 0.0071 163 184 251 252
phone 0.0071 31 185 107 251
phone 0.0071 142 217 211 266
phone 0.0071 278 80 321 140
phone 0.0071 295 97 312 131
phone 0.0070 374 127 399 185
phone 0.0070 195 252 211 266
phone 0.0070 298 189 332 246
phone 0.0070 172 252 188 266
phone 0.0070 188 252 204 266
phone 0.0070 129 235 162 266
phone 0.0070 159 35 193 92
phone 0.0070 180 252 196 266
phone 0.0070 359 112 393 169
phone 0.0070 275 100 285 112
phone 0.0069 287 97 304 130
phone 0.0069 250 85 280 112
phone 0.0069 222 261 231 266
phone 0.0069 72 239 142 266
phone 0.0069 234 252 250 266
phone 0.0069 176 0 238 26
phone 0.0069 164 255 196 266
phone 0.0069 23 0 84 27
phone 0.0069 180 255 212 266
phone 0.0069 160 235 193 266
phone 0.0069 165 252 181 266
phone 0.0069 0 0 41 32
phone 0.0069 187 45 258 113
phone 0.0069 190 235 224 266
phone 0.0069 5 36 39 92
phone 0.0068 304 108 334 135
phone 0.0068 113 205 147 261
phone 0.0068 229 261 239 266
phone 0.0068 233 39 304 119
phone 0.0068 102 56 188 134
phone 0.0068 206 235 239 266
phone 0.0068 226 255 258 266
phone 0.0068 344 142 377 200
phone 0.0068 0 111 25 170
phone 0.0068 0 81 24 139
phone 0.0068 221 4 255 62
phone 0.0068 238 0 269 15
phone 0.0068 8 237 69 266
phone 0.0067 313 173 347 231
phone 0.0067 6 219 39 266
phone 0.0067 216 31 291 97
phone 0.0067 214 261 224 266
phone 0.0067 342 35 379 92
phone 0.0067 7 0 70 61
phone 0.0067 310 210 343 233
phone 0.0067 347 0 399 28
phone 0.0067 132 0 190 44
phone 0.0067 319 206 334 236
phone 0.0066 175 235 208 266
phone 0.0066 362 176 399 228
phone 0.0066 207 0 238 31
phone 0.0066 206 261 216 266
phone 0.0066 37 0 101 61
phone 0.0066 251 0 286 46
phone 0.0066 376 156 399 217
phone 0.0066 294 81 335 139
phone 0.0066 190 19 224 77
phone 0.0066 173 85 203 112
phone 0.0066 315 0 376 28
phone 0.0066 252 235 317 266
phone 0.0066 221 235 254 266
phone 0.0066 329 127 362 185
phone 0.0066 359 81 393 138
phone 0.0066 37 236 101 266
phone 0.0066 192 0 223 31
phone 0.0065 38 0 69 31
phone 0.0065 254 0 284 15
phone 0.0065 328 98 362 153
phone 0.0065 128 205 162 260
phone 0.0065 288 37 372 122
phone 0.0065 36 82 70 138
phone 0.0065 114 234 146 266
phone 0.0065 159 44 225 114
phone 0.0065 310 105 327 138
phone 0.0065 160 4 193 62
phone 0.0065 256 81 274 115
phone 0.0065 254 0 314 12
phone 0.0065 322 215 331 228
phone 0.0064 237 261 247 266
phone 0.0064 248 23 320 104
phone 0.0064 23 0 53 31
phone 0.0064 242 253 257 266
phone 0.0064 144 54 209 136
phone 0.0064 84 0 146 26
phone 0.0064 54 0 115 27
phone 0.0064 199 261 208 266
phone 0.0064 54 0 84 31
phone 0.0064 175 261 185 266
phone 0.0064 313 142 347 200
phone 0.0064 359 52 393 107
phone 0.0064 36 220 70 266
phone 0.0064 23 0 84 11
phone 0.0064 85 0 145 11
phone 0.0064 325 34 366 94
phone 0.0064 191 261 200 266
phone 0.0064 162 0 222 11
phone 0.0064 192 0 253 11
phone 0.0064 342 4 379 62
phone 0.0064 83 0 147 60
phone 0.0063 183 261 193 266
phone 0.0063 266 175 301 229
phone 0.0063 282 205 316 261
phone 0.0063 248 126 350 187
phone 0.0063 330 0 361 31
phone 0.0063 237 235 270 266
phone 0.0063 21 219 54 266
phone 0.0063 282 4 317 62
phone 0.0063 168 261 177 266
phone 0.0063 21 158 54 215
phone 0.0063 222 0 285 28
phone 0.0063 131 0 191 11
phone 0.0063 115 0 176 26
phone 0.0063 205 218 271 266
phone 0.0063 363 238 399 266
phone 0.0062 67 205 101 261
phone 0.0062 311 162 342 188
phone 0.0062 54 0 114 11
phone 0.0062 143 206 178 260
phone 0.0062 54 0 115 89
phone 0.0062 282 175 316 230
phone 0.0062 99 0 162 44
phone 0.0062 99 234 131 266
phone 0.0062 61 114 138 199
phone 0.0062 68 0 131 44
phone 0.0062 344 112 378 169
phone 0.0062 145 0 208 29
phone 0.0062 172 41 204 64
phone 0.0062 269 0 300 15
phone 0.0061 114 0 178 60
phone 0.0061 287 239 343 266
phone 0.0061 268 100 277 112
phone 0.0061 360 255 399 266
phone 0.0061 177 0 207 31
phone 0.0061 69 0 100 31
phone 0.0061 100 0 130 31
phone 0.0061 223 0 253 16
phone 0.0061 285 233 315 266
phone 0.0061 157 252 173 266
phone 0.0060 173 57 241 132
phone 0.0060 316 240 375 266
phone 0.0060 251 220 285 266
phone 0.0060 297 144 332 199
phone 0.0060 343 67 378 122
phone 0.0060 179 81 197 115
phone 0.0060 245 261 254 266
phone 0.0060 82 220 116 266
phone 0.0060 362 192 399 266
phone 0.0060 299 108 308 120
phone 0.0060 116 0 145 16
phone 0.0060 146 0 176 16
phone 0.0060 149 256 181 266
phone 0.0060 52 220 85 266
phone 0.0059 314 207 377 266
phone 0.0059 175 3 208 62
phone 0.0059 253 0 316 28
phone 0.0059 267 204 301 261
phone 0.0059 131 0 161 16
phone 0.0059 85 0 115 16
phone 0.0059 31 90 107 161
phone 0.0059 180 37 196 68
phone 0.0059 332 225 391 266
phone 0.0059 20 20 55 76
phone 0.0059 249 253 265 266
phone 0.0059 183 46 193 59
phone 0.0059 36 173 70 231
phone 0.0059 329 175 393 266
phone 0.0059 93 80 167 171
phone 0.0059 315 0 346 30
phone 0.0059 302 105 320 138
phone 0.0059 291 108 301 120
phone 0.0059 315 0 376 11
phone 0.0059 162 0 192 16
phone 0.0058 35 20 71 76
phone 0.0058 21 189 55 246
phone 0.0058 0 0 53 11
phone 0.0058 319 116 349 142
phone 0.0058 318 158 335 192
phone 0.0058 205 35 239 92
phone 0.0058 241 256 273 266
phone 0.0058 189 206 224 260
phone 0.0058 251 20 285 76
phone 0.0058 301 233 330 266
phone 0.0058 143 52 178 106
phone 0.0058 255 255 313 266
phone 0.0058 34 162 65 188
phone 0.0058 267 0 301 46
phone 0.0058 190 50 224 108
phone 0.0058 284 0 315 15
phone 0.0057 361 0 399 13
phone 0.0057 377 264 399 266
phone 0.0057 346 203 376 262
phone 0.0057 235 123 264 150
phone 0.0057 49 35 88 93
phone 0.0057 331 234 361 266
phone 0.0057 302 225 335 248
phone 0.0057 279 89 297 123
phone 0.0057 173 205 209 261
phone 0.0057 311 222 326 252
phone 0.0056 261 36 338 122
phone 0.0056 158 205 194 261
phone 0.0056 68 234 100 266
phone 0.0056 175 50 209 108
phone 0.0056 377 248 399 266
phone 0.0056 52 189 85 246
phone 0.0056 285 0 345 11
phone 0.0056 0 219 24 266
phone 0.0056 375 0 399 32
phone 0.0056 160 261 170 266
phone 0.0056 41 159 58 192
phone 0.0056 376 0 399 1
phone 0.0056 364 261 399 266
phone 0.0056 346 0 376 16
phone 0.0056 318 203 351 225
phone 0.0055 8 0 38 16
phone 0.0055 314 230 324 243
phone 0.0055 325 112 343 146
phone 0.0055 252 261 262 266
phone 0.0055 0 0 23 1
phone 0.0055 314 115 324 128
phone 0.0055 266 20 301 77
phone 0.0055 329 207 339 220
phone 0.0055 326 199 342 229
phone 0.0055 238 0 269 1
phone 0.0055 260 92 270 104
phone 0.0055 253 0 285 1
phone 0.0055 236 51 270 107
phone 0.0055 0 0 22 16
phone 0.0055 125 16 197 81
phone 0.0055 0 174 24 231
phone 0.0055 35 112 71 169
phone 0.0054 376 218 399 266
phone 0.0054 131 264 161 266
phone 0.0054 257 253 273 266
phone 0.0054 269 0 300 1
phone 0.0054 158 93 187 119
phone 0.0054 299 0 331 30
phone 0.0054 272 0 289 23
phone 0.0054 116 254 175 266
phone 0.0054 222 249 295 266
phone 0.0054 236 20 270 77
phone 0.0054 221 50 255 108
phone 0.0054 284 0 315 1
phone 0.0054 236 204 270 261
phone 0.0053 65 143 102 199
phone 0.0053 270 249 299 266
phone 0.0053 241 120 258 154
phone 0.0053 318 192 373 243
phone 0.0053 316 233 345 266
phone 0.0053 203 175 241 230
phone 0.0053 325 179 358 202
phone 0.0053 250 131 280 158
phone 0.0053 223 0 254 1
phone 0.0053 147 264 176 266
phone 0.0052 333 164 366 187
phone 0.0052 347 172 376 232
phone 0.0052 69 0 100 1
phone 0.0052 329 200 339 213
phone 0.0052 115 0 146 1
phone 0.0052 130 0 161 1
phone 0.0052 84 0 115 1
phone 0.0052 100 0 131 1
phone 0.0052 150 85 180 112
phone 0.0052 53 0 85 1
phone 0.0052 301 255 360 266
phone 0.0052 334 175 349 206
phone 0.0052 146 0 177 1
phone 0.0052 115 264 146 266
phone 0.0052 281 47 311 73
phone 0.0052 265 139 295 166
phone 0.0052 260 100 270 112
phone 0.0052 342 160 357 191
phone 0.0052 342 124 372 150
phone 0.0052 345 8 354 20
phone 0.0052 161 0 192 1
phone 0.0052 376 187 399 247
phone 0.0052 299 222 362 266
phone 0.0052 330 0 361 1
phone 0.0052 300 0 331 1
phone 0.0052 0 249 41 266
phone 0.0052 279 0 297 22
phone 0.0051 207 0 238 1
phone 0.0051 327 67 364 122
phone 0.0051 176 0 208 1
phone 0.0051 183 92 193 104
phone 0.0051 347 209 399 257
phone 0.0051 81 95 118 155
phone 0.0051 260 261 270 266
phone 0.0051 38 0 69 1
phone 0.0051 315 0 346 1
phone 0.0051 192 0 223 1
phone 0.0051 220 190 255 245
phone 0.0051 53 254 115 266
phone 0.0051 265 253 280 266
phone 0.0051 23 0 54 1
phone 0.0051 337 184 347 197
phone 0.0051 273 101 303 127
phone 0.0051 331 188 361 247
phone 0.0051 322 169 331 182
phone 0.0050 300 265 330 266
phone 0.0050 254 248 284 266
phone 0.0050 287 0 304 22
phone 0.0050 84 254 146 266
phone 0.0050 149 252 165 266
phone 0.0050 158 65 194 124
phone 0.0050 331 255 391 266
phone 0.0050 0 3 25 62
