phone 0.9235 195 39 283 213
phone 0.1400 156 13 310 248
phone 0.1348 162 27 258 192
phone 0.0963 115 40 208 210
phone 0.0681 180 13 290 156
phone 0.0561 183 90 264 222
phone 0.0452 204 79 273 171
phone 0.0435 121 8 220 142
phone 0.0404 130 104 222 239
phone 0.0384 144 52 208 137
phone 0.0365 214 65 353 184
phone 0.0313 195 179 227 202
phone 0.0312 144 0 265 105
phone 0.0311 99 0 306 180
phone 0.0309 126 91 196 191
phone 0.0307 178 108 335 266
phone 0.0305 203 175 219 206
phone 0.0300 231 157 356 266
phone 0.0296 206 184 216 197
phone 0.0282 140 133 212 210
phone 0.0282 142 81 210 170
phone 0.0258 226 16 353 141
phone 0.0242 150 134 254 244
phone 0.0238 198 72 248 148
phone 0.0238 228 93 343 230
phone 0.0227 270 52 361 198
phone 0.0221 73 40 266 266
phone 0.0210 87 86 197 235
phone 0.0205 199 0 316 101
phone 0.0196 59 0 159 146
phone 0.0195 142 26 210 101
phone 0.0195 110 118 181 194
phone 0.0193 157 48 195 110
phone 0.0183 268 94 331 187
phone 0.0181 156 78 196 142
phone 0.0180 71 133 204 266
phone 0.0179 238 111 330 171
phone 0.0177 110 86 181 165
phone 0.0173 212 118 264 194
phone 0.0172 168 92 247 159
phone 0.0172 86 39 175 181
phone 0.0163 156 125 196 187
phone 0.0160 27 26 129 176
phone 0.0158 203 147 272 226
phone 0.0158 269 119 360 254
phone 0.0153 281 200 357 266
phone 0.0152 130 8 192 89
phone 0.0151 197 102 249 179
phone 0.0150 265 64 334 156
phone 0.0144 168 127 246 185
phone 0.0143 294 136 399 258
phone 0.0141 67 75 162 206
phone 0.0139 210 175 227 206
phone 0.0138 90 0 194 111
phone 0.0135 298 64 399 209
phone 0.0134 281 82 349 169
phone 0.0132 139 107 183 174
phone 0.0131 127 126 164 186
phone 0.0130 212 103 295 210
phone 0.0130 249 32 319 95
phone 0.0127 141 47 181 111
phone 0.0127 214 184 223 197
phone 0.0126 267 37 332 121
phone 0.0126 91 110 169 171
phone 0.0126 30 0 107 131
phone 0.0123 215 183 306 266
phone 0.0123 273 147 303 173
phone 0.0122 151 109 232 173
phone 0.0122 246 140 322 203
phone 0.0121 339 104 399 229
phone 0.0120 267 128 301 184
phone 0.0119 44 127 125 245
phone 0.0117 359 199 399 266
phone 0.0116 139 77 183 143
phone 0.0116 203 138 242 204
phone 0.0116 104 191 171 266
phone 0.0116 279 155 351 219
phone 0.0116 190 80 224 139
phone 0.0115 27 76 111 205
phone 0.0115 242 58 326 131
phone 0.0112 204 54 399 266
phone 0.0112 169 65 246 124
phone 0.0112 279 143 297 177
phone 0.0111 143 18 178 79
phone 0.0111 223 72 283 148
phone 0.0111 95 76 165 144
phone 0.0111 127 95 164 155
phone 0.0111 250 77 280 104
phone 0.0110 127 168 226 266
phone 0.0109 280 109 319 172
phone 0.0109 190 127 224 185
phone 0.0107 81 88 149 162
phone 0.0107 331 168 399 266
phone 0.0106 283 51 347 138
phone 0.0106 220 157 256 217
phone 0.0105 215 170 292 235
phone 0.0105 283 8 377 150
phone 0.0105 158 158 194 216
phone 0.0104 256 74 273 107
phone 0.0103 267 35 301 92
phone 0.0103 173 85 203 112
phone 0.0103 161 202 254 266
phone 0.0102 109 32 182 95
phone 0.0102 36 30 101 97
phone 0.0101 173 154 203 181
phone 0.0100 60 158 139 266
phone 0.0100 273 101 303 127
phone 0.0099 48 80 120 140
phone 0.0099 283 154 293 166
phone 0.0098 173 178 203 204
phone 0.0098 0 263 41 266
phone 0.0098 110 57 181 132
phone 0.0098 91 141 170 202
phone 0.0098 223 120 314 193
phone 0.0098 113 113 147 168
phone 0.0098 169 34 246 93
phone 0.0097 283 0 367 83
phone 0.0097 0 0 39 0
phone 0.0097 173 123 203 150
phone 0.0096 179 81 197 115
phone 0.0095 334 41 399 172
phone 0.0095 77 124 153 188
phone 0.0095 0 7 51 136
phone 0.0095 48 159 120 215
phone 0.0095 195 247 264 266
phone 0.0095 32 95 105 155
phone 0.0094 97 47 163 111
phone 0.0094 202 185 274 251
phone 0.0094 162 0 240 50
phone 0.0094 179 174 197 207
phone 0.0093 158 19 194 77
phone 0.0093 179 151 197 184
phone 0.0092 140 0 212 68
phone 0.0092 95 1 165 65
phone 0.0092 152 20 231 77
phone 0.0091 297 158 332 215
phone 0.0091 179 120 197 154
phone 0.0090 193 6 253 90
phone 0.0090 109 149 182 224
phone 0.0090 9 39 85 164
phone 0.0089 46 51 123 108
phone 0.0089 332 113 390 168
phone 0.0089 279 97 297 131
phone 0.0089 260 85 270 97
phone 0.0089 67 12 132 84
phone 0.0089 245 170 323 234
phone 0.0088 216 235 291 266
phone 0.0088 284 27 346 100
phone 0.0088 226 0 301 55
phone 0.0087 287 143 304 177
phone 0.0087 212 58 264 131
phone 0.0087 78 188 153 247
phone 0.0087 156 186 228 249
phone 0.0086 129 35 162 92
phone 0.0086 85 55 145 134
phone 0.0086 193 0 272 54
phone 0.0086 122 186 200 249
phone 0.0086 84 26 146 101
phone 0.0086 230 154 307 220
phone 0.0085 269 12 330 85
phone 0.0085 66 102 133 179
phone 0.0085 174 128 209 184
phone 0.0085 195 174 212 207
phone 0.0085 260 92 270 104
phone 0.0084 123 219 199 266
phone 0.0084 36 145 102 197
phone 0.0084 112 81 147 139
phone 0.0084 173 69 203 97
phone 0.0084 243 201 327 266
phone 0.0083 292 108 368 173
phone 0.0083 281 48 318 110
phone 0.0083 144 0 178 47
phone 0.0083 67 81 101 138
phone 0.0082 152 51 231 108
phone 0.0082 64 137 135 206
phone 0.0082 171 234 244 266
phone 0.0082 250 0 342 70
phone 0.0082 183 184 193 197
phone 0.0082 96 78 126 104
phone 0.0081 19 77 88 143
phone 0.0081 183 92 193 104
phone 0.0081 376 233 399 266
phone 0.0081 279 78 319 141
phone 0.0081 264 97 303 154
phone 0.0080 183 85 193 97
phone 0.0080 178 167 269 266
phone 0.0080 68 157 100 216
phone 0.0080 49 122 119 190
phone 0.0080 54 156 84 217
phone 0.0080 82 96 117 154
phone 0.0080 183 161 193 174
phone 0.0080 173 169 242 235
phone 0.0080 233 18 305 79
phone 0.0080 315 208 383 266
phone 0.0080 295 95 334 156
phone 0.0080 236 174 270 230
phone 0.0080 97 112 132 169
phone 0.0079 141 234 212 266
phone 0.0079 94 169 167 235
phone 0.0079 190 35 224 92
phone 0.0079 52 96 85 154
phone 0.0078 296 126 333 186
phone 0.0078 283 107 293 120
phone 0.0078 83 19 116 77
phone 0.0078 273 55 303 80
phone 0.0078 50 116 80 142
phone 0.0078 345 96 377 154
phone 0.0078 312 138 379 205
phone 0.0078 204 19 272 109
phone 0.0078 183 131 193 143
phone 0.0078 179 66 197 100
phone 0.0077 113 4 147 61
phone 0.0077 113 144 147 199
phone 0.0077 251 190 285 245
phone 0.0077 78 154 152 220
phone 0.0077 221 188 254 246
phone 0.0077 288 174 372 231
phone 0.0077 292 76 369 144
phone 0.0077 187 174 204 207
phone 0.0077 41 122 58 152
phone 0.0077 102 74 120 107
phone 0.0077 34 125 65 149
phone 0.0077 51 50 86 108
phone 0.0076 291 154 300 166
phone 0.0076 67 19 100 77
phone 0.0076 83 173 116 231
phone 0.0075 113 35 147 92
phone 0.0075 23 115 84 227
phone 0.0075 199 184 208 197
phone 0.0075 265 260 280 266
phone 0.0075 257 263 289 266
phone 0.0075 203 217 274 266
phone 0.0075 347 238 399 266
phone 0.0075 203 163 234 188
phone 0.0075 183 154 193 166
phone 0.0075 36 50 70 108
phone 0.0074 38 179 100 225
phone 0.0074 53 0 115 42
phone 0.0074 56 112 74 146
phone 0.0074 119 93 149 119
phone 0.0074 266 233 334 266
phone 0.0073 223 253 284 266
phone 0.0073 114 204 147 262
phone 0.0073 114 237 177 266
phone 0.0073 332 81 390 138
phone 0.0073 250 93 280 119
phone 0.0073 97 80 133 140
phone 0.0073 67 51 101 107
phone 0.0073 236 235 270 266
phone 0.0073 45 131 54 143
phone 0.0073 173 100 203 127
phone 0.0073 241 264 273 266
phone 0.0073 210 159 227 191
phone 0.0072 360 165 399 239
phone 0.0072 266 159 301 215
phone 0.0072 174 189 209 246
phone 0.0072 316 9 375 57
phone 0.0072 23 163 84 210
phone 0.0072 249 260 265 266
phone 0.0072 98 189 131 246
phone 0.0072 159 0 194 46
phone 0.0072 38 141 69 201
phone 0.0072 345 127 377 185
phone 0.0072 297 34 332 93
phone 0.0072 205 18 240 78
phone 0.0072 183 177 193 189
phone 0.0071 98 34 132 93
phone 0.0071 267 189 301 245
phone 0.0071 174 20 208 76
phone 0.0071 331 152 391 222
phone 0.0071 129 0 163 47
phone 0.0071 190 173 224 231
phone 0.0071 129 219 162 266
phone 0.0071 295 45 366 114
phone 0.0071 257 260 273 266
phone 0.0070 173 97 209 153
phone 0.0070 308 94 383 156
phone 0.0070 127 65 163 124
phone 0.0070 98 3 132 62
phone 0.0070 139 0 399 139
phone 0.0070 279 51 297 85
phone 0.0070 177 253 238 266
phone 0.0070 174 0 209 45
phone 0.0070 82 66 116 123
phone 0.0070 159 190 193 245
phone 0.0070 69 0 100 46
phone 0.0070 296 64 334 125
phone 0.0070 84 0 146 26
phone 0.0070 362 252 399 266
phone 0.0070 52 18 85 78
phone 0.0070 287 51 304 84
phone 0.0069 49 121 65 153
phone 0.0069 39 162 99 266
phone 0.0069 190 0 224 46
phone 0.0069 256 90 273 122
phone 0.0069 144 220 177 266
phone 0.0069 331 4 361 62
phone 0.0069 127 54 157 81
phone 0.0069 190 235 224 266
phone 0.0069 53 127 85 185
phone 0.0069 0 0 41 32
phone 0.0068 125 89 143 123
phone 0.0068 54 193 115 242
phone 0.0068 143 173 179 231
phone 0.0068 130 0 192 11
phone 0.0068 205 0 240 47
phone 0.0068 128 158 163 215
phone 0.0068 106 84 116 97
phone 0.0068 297 189 332 246
phone 0.0068 82 127 116 185
phone 0.0068 173 139 203 166
phone 0.0067 67 112 101 169
phone 0.0067 179 97 197 131
phone 0.0067 36 81 70 139
phone 0.0067 160 235 193 266
phone 0.0067 97 143 132 200
phone 0.0067 283 100 293 112
phone 0.0067 250 54 280 81
phone 0.0066 328 143 362 200
phone 0.0066 54 187 84 247
phone 0.0066 84 0 115 46
phone 0.0066 23 131 84 180
phone 0.0066 312 61 380 128
phone 0.0066 191 184 201 197
phone 0.0066 100 0 130 31
phone 0.0066 313 220 347 266
phone 0.0066 252 235 285 266
phone 0.0066 214 169 224 182
phone 0.0066 7 58 69 130
phone 0.0066 251 159 286 215
phone 0.0065 229 39 308 120
phone 0.0065 236 205 270 261
phone 0.0065 265 180 334 255
phone 0.0065 204 8 234 34
phone 0.0065 134 108 165 134
phone 0.0065 146 0 176 15
phone 0.0065 128 189 162 246
phone 0.0065 69 187 99 248
phone 0.0065 301 0 360 42
phone 0.0065 283 146 293 158
phone 0.0065 223 249 253 266
phone 0.0065 316 238 376 266
phone 0.0065 298 220 331 266
phone 0.0065 183 77 193 89
phone 0.0065 116 0 175 30
phone 0.0065 283 3 316 62
phone 0.0064 183 169 193 181
phone 0.0064 38 8 99 58
phone 0.0064 251 20 285 76
phone 0.0064 85 0 145 11
phone 0.0064 60 123 70 135
phone 0.0064 331 0 392 41
phone 0.0064 265 65 303 124
phone 0.0064 100 224 161 266
phone 0.0064 113 174 147 230
phone 0.0064 267 4 301 62
phone 0.0064 313 113 347 169
phone 0.0064 203 101 234 127
phone 0.0064 363 140 399 203
phone 0.0063 344 173 378 231
phone 0.0063 161 0 222 11
phone 0.0063 270 0 329 28
phone 0.0063 206 235 239 266
phone 0.0063 256 51 274 84
phone 0.0063 54 0 116 96
phone 0.0063 23 0 84 90
phone 0.0063 363 0 399 92
phone 0.0063 210 97 227 130
phone 0.0063 192 0 253 12
phone 0.0063 346 9 399 57
phone 0.0063 133 50 151 85
phone 0.0063 301 0 360 11
phone 0.0063 161 0 192 15
phone 0.0063 53 130 62 143
phone 0.0063 329 0 393 90
phone 0.0062 174 51 208 107
phone 0.0062 39 0 99 26
phone 0.0062 283 161 293 174
phone 0.0062 100 256 160 266
phone 0.0062 267 219 301 266
phone 0.0062 115 249 146 266
phone 0.0062 54 0 114 11
phone 0.0062 315 0 346 46
phone 0.0062 6 49 39 108
phone 0.0062 179 135 197 169
phone 0.0062 256 250 326 266
phone 0.0062 54 0 84 46
phone 0.0062 283 115 293 128
phone 0.0062 210 5 227 38
phone 0.0062 173 54 203 81
phone 0.0062 345 65 377 123
phone 0.0062 141 105 158 138
phone 0.0061 8 179 68 226
phone 0.0061 283 61 293 74
phone 0.0061 131 0 161 16
phone 0.0061 219 8 249 34
phone 0.0061 346 0 376 47
phone 0.0061 316 0 376 26
phone 0.0061 291 61 300 74
phone 0.0061 160 0 224 28
phone 0.0061 7 9 69 57
phone 0.0061 70 225 130 266
phone 0.0061 313 175 347 229
phone 0.0061 177 0 207 15
phone 0.0060 39 172 69 232
phone 0.0060 174 220 209 266
phone 0.0060 374 189 399 246
phone 0.0060 0 110 27 133
phone 0.0060 7 145 70 259
phone 0.0060 196 78 226 103
phone 0.0060 220 0 255 46
phone 0.0060 39 3 69 62
phone 0.0060 84 208 146 266
phone 0.0060 6 115 16 128
phone 0.0060 281 47 311 73
phone 0.0060 84 218 115 266
phone 0.0060 85 0 115 16
phone 0.0060 284 0 315 31
phone 0.0060 191 0 254 28
phone 0.0060 207 0 238 15
phone 0.0060 190 204 224 261
phone 0.0060 192 0 223 15
phone 0.0060 116 0 146 16
phone 0.0060 264 50 281 85
phone 0.0060 344 219 377 266
phone 0.0060 331 0 391 11
phone 0.0060 223 0 254 15
phone 0.0060 316 0 345 16
phone 0.0060 237 0 301 28
phone 0.0059 258 146 287 173
phone 0.0059 223 0 284 11
phone 0.0059 376 2 399 63
phone 0.0059 69 0 99 16
phone 0.0059 129 100 139 112
phone 0.0059 37 237 100 266
phone 0.0059 329 220 362 266
phone 0.0059 218 5 235 38
phone 0.0059 362 0 399 44
phone 0.0059 282 219 316 266
phone 0.0059 8 0 68 26
phone 0.0059 23 0 83 11
phone 0.0059 220 19 256 77
phone 0.0059 328 173 362 231
phone 0.0059 85 241 145 266
phone 0.0059 202 5 220 38
phone 0.0059 23 172 53 231
phone 0.0059 280 154 311 181
phone 0.0058 3 106 19 136
phone 0.0058 100 234 130 266
phone 0.0058 331 0 361 31
phone 0.0058 54 0 84 16
phone 0.0058 39 255 99 266
phone 0.0058 260 100 270 112
phone 0.0058 235 20 271 76
phone 0.0058 221 265 286 266
phone 0.0058 268 0 300 31
phone 0.0058 225 5 243 38
phone 0.0058 23 194 84 241
phone 0.0058 21 65 55 124
phone 0.0057 23 3 53 62
phone 0.0057 376 126 399 186
phone 0.0057 313 144 347 199
phone 0.0057 362 84 399 136
phone 0.0057 177 248 207 266
phone 0.0057 39 210 99 256
phone 0.0057 0 234 41 266
phone 0.0057 346 0 376 16
phone 0.0057 183 69 193 81
phone 0.0057 0 38 53 89
phone 0.0057 346 0 399 26
phone 0.0057 183 108 193 120
phone 0.0057 8 100 68 211
phone 0.0057 361 0 399 11
phone 0.0057 39 0 68 31
phone 0.0057 179 50 197 85
phone 0.0057 54 264 84 266
phone 0.0057 362 37 399 151
phone 0.0057 69 264 99 266
phone 0.0056 328 97 362 153
phone 0.0056 238 0 269 15
phone 0.0056 188 8 218 35
phone 0.0056 85 264 115 266
phone 0.0056 270 0 329 11
phone 0.0056 237 265 302 266
phone 0.0056 346 19 377 77
phone 0.0056 8 148 68 195
phone 0.0056 251 0 286 46
phone 0.0056 0 0 36 11
phone 0.0056 362 114 399 167
phone 0.0056 24 0 53 31
phone 0.0056 45 123 54 135
phone 0.0056 7 237 69 266
phone 0.0056 269 248 299 266
phone 0.0056 328 66 363 123
phone 0.0055 264 143 281 177
phone 0.0055 273 116 303 142
phone 0.0055 39 264 69 266
phone 0.0055 22 222 85 266
phone 0.0055 312 51 348 107
phone 0.0055 7 253 69 266
phone 0.0055 214 107 224 120
phone 0.0055 68 253 131 266
phone 0.0055 69 249 99 266
phone 0.0055 54 249 84 266
phone 0.0055 248 128 288 184
phone 0.0055 23 126 53 185
phone 0.0055 0 0 23 1
phone 0.0055 192 0 223 1
phone 0.0055 183 100 193 112
phone 0.0055 376 264 399 266
phone 0.0055 0 0 22 16
phone 0.0055 26 117 57 141
phone 0.0055 0 0 40 77
phone 0.0055 6 123 16 135
phone 0.0055 241 251 258 266
phone 0.0055 234 255 265 266
phone 0.0054 312 82 348 138
phone 0.0054 38 110 69 170
phone 0.0054 205 204 239 261
phone 0.0054 202 74 220 108
phone 0.0054 333 51 389 107
phone 0.0054 207 0 238 1
phone 0.0054 300 0 330 16
phone 0.0054 176 0 208 1
phone 0.0054 264 264 297 266
phone 0.0054 254 0 284 15
phone 0.0054 374 157 399 216
phone 0.0054 233 5 251 38
phone 0.0054 346 265 376 266
phone 0.0054 273 260 288 266
phone 0.0054 174 159 208 215
phone 0.0054 137 61 147 74
phone 0.0054 73 124 103 150
phone 0.0054 195 244 212 266
phone 0.0054 54 218 84 266
phone 0.0054 23 265 53 266
phone 0.0054 282 173 317 231
phone 0.0054 364 262 399 266
phone 0.0053 223 0 254 1
phone 0.0053 39 203 69 262
phone 0.0053 260 61 270 74
phone 0.0053 8 209 68 257
phone 0.0053 147 254 206 266
phone 0.0053 234 8 264 35
phone 0.0053 39 249 69 266
phone 0.0053 33 114 50 144
phone 0.0053 376 64 399 124
phone 0.0053 284 254 346 266
phone 0.0053 195 5 212 38
phone 0.0053 145 115 154 128
phone 0.0053 100 264 130 266
phone 0.0053 161 0 192 1
phone 0.0053 376 0 399 17
phone 0.0053 238 0 269 1
phone 0.0053 0 80 53 139
phone 0.0053 69 218 99 266
phone 0.0053 214 15 224 28
phone 0.0053 284 0 315 1
phone 0.0053 253 0 284 1
phone 0.0052 300 0 331 1
phone 0.0052 183 146 193 158
phone 0.0052 285 248 315 266
phone 0.0052 376 95 399 155
phone 0.0052 376 33 399 94
phone 0.0052 315 0 346 1
phone 0.0052 130 0 161 1
phone 0.0052 60 131 70 143
phone 0.0052 146 0 177 1
phone 0.0052 0 163 53 210
phone 0.0052 84 0 115 1
phone 0.0052 269 0 300 1
phone 0.0052 69 0 100 1
phone 0.0052 85 249 115 266
phone 0.0052 0 264 23 266
phone 0.0052 201 46 244 112
phone 0.0051 100 0 131 1
phone 0.0051 115 0 146 1
phone 0.0051 281 139 311 165
phone 0.0051 233 142 273 201
phone 0.0051 6 231 16 243
phone 0.0051 0 226 27 248
phone 0.0051 330 0 361 1
phone 0.0051 0 110 41 232
phone 0.0051 53 0 84 1
phone 0.0051 6 238 16 251
phone 0.0051 318 33 374 94
phone 0.0051 23 249 53 266
phone 0.0051 23 203 53 262
phone 0.0051 104 146 134 173
phone 0.0051 19 14 199 266
phone 0.0051 0 0 22 47
phone 0.0050 210 74 227 107
phone 0.0050 146 264 176 266
phone 0.0050 3 222 19 252
phone 0.0050 331 265 361 266
phone 0.0050 241 5 258 38
phone 0.0050 79 120 97 154
phone 0.0050 222 15 231 28
phone 0.0050 314 19 347 77
phone 0.0050 0 195 27 217
phone 0.0050 376 0 399 1
phone 0.0050 37 123 47 135
phone 0.0050 183 138 193 150
phone 0.0050 314 253 377 266
phone 0.0050 268 61 277 74
