phone 0.9579 94 52 226 325
phone 0.0987 0 132 101 328
phone 0.0740 116 175 218 332
phone 0.0637 94 284 125 307
phone 0.0624 89 228 181 344
phone 0.0615 101 280 118 311
phone 0.0599 19 75 192 328
phone 0.0594 105 289 114 302
phone 0.0557 210 115 319 284
phone 0.0549 132 81 233 240
phone 0.0534 109 263 204 372
phone 0.0513 53 193 153 328
phone 0.0479 140 78 319 319
phone 0.0422 138 235 229 338
phone 0.0409 99 294 171 397
phone 0.0404 175 190 319 327
phone 0.0384 96 93 177 260
phone 0.0365 117 312 187 380
phone 0.0354 27 220 106 354
phone 0.0325 105 297 114 310
phone 0.0286 144 189 250 318
phone 0.0282 128 228 206 309
phone 0.0265 66 132 253 376
phone 0.0262 6 62 128 285
phone 0.0257 162 147 263 267
phone 0.0255 109 280 126 311
phone 0.0248 163 119 233 203
phone 0.0242 194 221 225 247
phone 0.0236 94 217 148 321
phone 0.0235 133 316 170 375
phone 0.0232 112 289 122 302
phone 0.0226 203 222 304 355
phone 0.0225 201 218 218 250
phone 0.0217 146 104 219 188
phone 0.0213 0 100 89 241
phone 0.0209 104 275 169 355
phone 0.0207 28 170 121 305
phone 0.0201 85 59 179 168
phone 0.0200 205 228 214 240
phone 0.0196 104 102 168 189
phone 0.0190 174 174 252 240
phone 0.0188 40 217 110 290
phone 0.0187 118 299 155 361
phone 0.0186 25 200 94 276
phone 0.0182 205 236 214 248
phone 0.0179 84 168 159 308
phone 0.0176 102 209 171 297
phone 0.0170 130 115 204 208
phone 0.0169 144 288 230 399
phone 0.0167 29 123 90 199
phone 0.0158 184 110 273 242
phone 0.0158 92 108 150 214
phone 0.0155 24 233 94 305
phone 0.0155 129 300 205 361
phone 0.0155 94 244 125 270
phone 0.0149 157 226 276 347
phone 0.0149 62 140 150 274
phone 0.0148 40 185 109 260
phone 0.0147 179 115 217 176
phone 0.0143 26 168 93 246
phone 0.0142 164 93 231 168
phone 0.0141 101 241 118 274
phone 0.0140 234 44 319 236
phone 0.0140 56 65 150 216
phone 0.0139 42 131 76 191
phone 0.0139 139 175 226 272
phone 0.0138 102 236 140 302
phone 0.0137 175 206 252 270
phone 0.0135 70 38 142 160
phone 0.0134 121 19 205 140
phone 0.0133 147 237 187 300
phone 0.0133 93 279 111 312
phone 0.0129 86 247 158 382
phone 0.0127 194 236 225 262
phone 0.0126 21 42 111 175
phone 0.0126 105 251 114 263
phone 0.0126 137 54 238 172
phone 0.0125 92 24 174 136
phone 0.0123 132 90 202 170
phone 0.0123 56 224 93 282
phone 0.0123 221 164 299 311
phone 0.0123 175 144 251 209
phone 0.0122 195 179 231 236
phone 0.0121 41 223 77 283
phone 0.0120 72 87 140 143
phone 0.0119 118 100 155 160
phone 0.0119 97 289 107 302
phone 0.0119 55 314 156 399
phone 0.0119 216 17 293 135
phone 0.0118 179 240 216 298
phone 0.0117 201 233 218 266
phone 0.0116 20 299 100 399
phone 0.0116 107 77 166 153
phone 0.0115 152 63 280 223
phone 0.0114 194 267 225 293
phone 0.0114 105 243 114 256
phone 0.0113 193 162 265 221
phone 0.0112 149 302 184 358
phone 0.0112 156 14 231 146
phone 0.0111 12 185 77 260
phone 0.0111 162 238 203 299
phone 0.0111 195 132 263 190
phone 0.0110 105 259 114 271
phone 0.0109 175 328 252 399
phone 0.0109 70 191 141 254
phone 0.0109 44 261 136 398
phone 0.0109 131 328 204 394
phone 0.0109 162 115 203 176
phone 0.0108 186 13 263 142
phone 0.0108 112 246 192 323
phone 0.0108 105 282 114 294
phone 0.0107 117 269 155 330
phone 0.0107 118 330 154 391
phone 0.0107 90 69 121 129
phone 0.0106 11 158 77 225
phone 0.0106 41 193 78 253
phone 0.0106 192 193 265 252
phone 0.0106 116 129 156 193
phone 0.0105 201 263 218 297
phone 0.0104 117 238 156 299
phone 0.0104 94 260 125 285
phone 0.0104 111 41 193 189
phone 0.0103 94 213 125 239
phone 0.0103 6 255 83 374
phone 0.0103 69 223 142 283
phone 0.0102 110 193 194 283
phone 0.0102 205 243 214 256
phone 0.0102 0 183 58 348
phone 0.0101 4 170 199 399
phone 0.0100 71 161 141 223
phone 0.0100 27 178 61 236
phone 0.0099 0 330 1 399
phone 0.0098 214 179 274 266
phone 0.0097 228 234 291 304
phone 0.0097 56 194 93 252
phone 0.0097 175 256 319 383
phone 0.0097 103 98 139 162
phone 0.0096 183 364 243 399
phone 0.0096 228 200 291 276
phone 0.0096 213 116 245 175
phone 0.0096 26 281 93 349
phone 0.0095 54 207 127 269
phone 0.0095 198 103 260 158
phone 0.0095 40 155 109 228
phone 0.0095 212 178 245 236
phone 0.0094 101 256 118 289
phone 0.0094 94 61 148 138
phone 0.0094 147 115 187 176
phone 0.0094 101 210 118 243
phone 0.0093 194 282 224 309
phone 0.0093 195 209 231 266
phone 0.0093 133 286 170 344
phone 0.0093 133 175 163 201
phone 0.0093 71 116 140 176
phone 0.0093 39 250 111 319
phone 0.0092 212 147 245 205
phone 0.0092 101 205 141 270
phone 0.0092 146 283 219 347
phone 0.0092 116 160 157 223
phone 0.0091 149 270 185 329
phone 0.0091 94 229 125 255
phone 0.0091 101 128 140 194
phone 0.0091 215 240 274 327
phone 0.0091 205 274 214 286
phone 0.0091 205 220 214 232
phone 0.0091 70 254 142 314
phone 0.0090 10 218 78 289
phone 0.0090 150 333 184 389
phone 0.0089 89 209 122 267
phone 0.0089 215 134 273 219
phone 0.0089 118 345 186 399
phone 0.0089 150 354 215 399
phone 0.0089 71 361 140 399
phone 0.0088 89 178 122 236
phone 0.0088 68 299 143 362
phone 0.0088 113 143 190 241
phone 0.0088 139 171 157 204
phone 0.0087 61 74 119 125
phone 0.0087 165 271 200 328
phone 0.0087 116 207 157 269
phone 0.0086 89 101 122 159
phone 0.0086 28 146 60 206
phone 0.0086 201 279 218 313
phone 0.0085 177 161 219 222
phone 0.0085 42 255 77 313
phone 0.0085 243 254 276 313
phone 0.0085 26 347 94 399
phone 0.0085 177 192 219 253
phone 0.0085 53 346 128 399
phone 0.0085 195 148 231 205
phone 0.0084 44 111 136 241
phone 0.0083 145 206 189 270
phone 0.0083 216 276 273 353
phone 0.0083 105 266 114 279
phone 0.0082 55 176 125 239
phone 0.0082 230 170 289 244
phone 0.0082 193 223 265 284
phone 0.0082 101 225 118 259
phone 0.0082 105 220 114 233
phone 0.0082 166 301 199 359
phone 0.0081 217 106 271 185
phone 0.0081 164 329 194 355
phone 0.0081 27 209 61 267
phone 0.0081 213 85 244 144
phone 0.0081 43 285 76 344
phone 0.0080 94 144 125 170
phone 0.0080 71 282 101 309
phone 0.0080 181 347 214 399
phone 0.0080 89 240 122 297
phone 0.0080 89 271 122 328
phone 0.0080 43 331 76 390
phone 0.0080 242 223 276 283
phone 0.0079 89 147 122 205
phone 0.0079 103 317 138 374
phone 0.0079 140 306 171 332
phone 0.0079 101 175 141 239
phone 0.0079 105 274 114 286
phone 0.0079 193 253 264 315
phone 0.0078 242 193 277 252
phone 0.0078 216 307 249 330
phone 0.0078 86 345 156 399
phone 0.0078 212 209 245 267
phone 0.0078 194 190 224 217
phone 0.0077 143 182 153 194
phone 0.0077 0 147 61 266
phone 0.0077 0 46 19 163
phone 0.0077 217 83 272 147
phone 0.0077 105 228 114 240
phone 0.0077 0 239 64 298
phone 0.0076 180 298 246 362
phone 0.0076 225 303 240 334
phone 0.0076 165 331 199 390
phone 0.0075 102 282 140 347
phone 0.0075 120 70 153 129
phone 0.0075 78 278 95 313
phone 0.0075 152 76 213 154
phone 0.0074 170 325 188 359
phone 0.0074 246 106 304 154
phone 0.0074 135 362 168 399
phone 0.0074 209 329 298 399
phone 0.0074 94 299 125 323
phone 0.0074 40 326 110 396
phone 0.0074 41 295 109 365
phone 0.0073 228 312 237 325
phone 0.0073 59 1 260 219
phone 0.0073 105 212 114 225
phone 0.0073 246 258 304 310
phone 0.0073 0 199 45 246
phone 0.0073 28 270 60 328
phone 0.0073 147 302 164 336
phone 0.0073 88 302 122 358
phone 0.0073 205 290 214 302
phone 0.0072 180 270 215 329
phone 0.0072 101 140 118 174
phone 0.0072 204 34 308 182
phone 0.0072 43 362 76 399
phone 0.0072 12 305 77 356
phone 0.0072 226 207 261 268
phone 0.0072 201 186 218 220
phone 0.0072 226 176 262 238
phone 0.0072 105 236 114 248
phone 0.0071 205 251 214 263
phone 0.0071 72 209 107 266
phone 0.0071 260 100 290 159
phone 0.0071 43 108 106 183
phone 0.0071 89 348 122 399
phone 0.0071 0 138 61 184
phone 0.0071 0 290 60 399
phone 0.0070 244 209 305 267
phone 0.0070 30 99 89 161
phone 0.0070 198 347 229 399
phone 0.0070 0 323 60 369
phone 0.0070 196 317 230 374
phone 0.0070 0 177 29 236
phone 0.0070 76 58 136 110
phone 0.0070 12 208 45 267
phone 0.0070 73 317 107 374
phone 0.0070 0 0 1 99
phone 0.0070 178 325 195 358
phone 0.0070 205 282 214 294
phone 0.0070 87 291 117 316
phone 0.0069 194 120 225 148
phone 0.0069 102 121 132 147
phone 0.0069 212 271 245 328
phone 0.0069 94 198 125 224
phone 0.0069 101 295 118 327
phone 0.0069 0 168 45 215
phone 0.0069 95 328 124 355
phone 0.0068 133 102 170 159
phone 0.0068 73 348 107 399
phone 0.0068 0 274 61 325
phone 0.0068 122 59 182 109
phone 0.0068 246 306 304 354
phone 0.0068 149 85 185 144
phone 0.0068 13 316 44 375
phone 0.0068 205 266 214 279
phone 0.0068 196 240 230 297
phone 0.0068 57 256 92 312
phone 0.0067 260 255 290 313
phone 0.0067 104 348 137 399
phone 0.0067 13 131 44 190
phone 0.0067 243 271 307 388
phone 0.0067 231 289 288 340
phone 0.0067 245 75 305 124
phone 0.0067 57 163 93 220
phone 0.0067 54 285 127 345
phone 0.0066 0 88 60 202
phone 0.0066 194 205 225 232
phone 0.0066 212 240 245 297
phone 0.0066 0 260 44 308
phone 0.0066 260 300 290 360
phone 0.0066 261 275 319 324
phone 0.0066 58 362 92 399
phone 0.0065 273 174 319 286
phone 0.0065 200 73 258 126
phone 0.0065 242 162 276 221
phone 0.0065 226 268 262 330
phone 0.0065 46 85 103 144
phone 0.0065 136 55 168 112
phone 0.0065 215 59 274 109
phone 0.0065 261 153 319 200
phone 0.0065 29 300 60 360
phone 0.0065 258 240 319 358
phone 0.0065 174 336 184 348
phone 0.0065 13 91 76 139
phone 0.0065 246 180 304 234
phone 0.0064 0 207 29 268
phone 0.0064 180 86 215 144
phone 0.0064 108 117 126 151
phone 0.0064 258 118 319 234
phone 0.0064 260 70 290 129
phone 0.0064 132 239 172 298
phone 0.0064 73 179 107 236
phone 0.0064 13 119 76 172
phone 0.0064 13 177 45 237
phone 0.0064 105 305 114 317
phone 0.0064 75 55 106 113
phone 0.0064 194 251 225 278
phone 0.0064 201 117 218 151
phone 0.0063 119 362 153 399
phone 0.0063 228 95 293 226
phone 0.0063 122 29 182 77
phone 0.0063 105 151 114 163
phone 0.0063 133 121 163 147
phone 0.0063 56 145 125 208
phone 0.0063 0 259 44 370
phone 0.0063 245 285 275 344
phone 0.0063 151 313 160 325
phone 0.0063 276 270 306 329
phone 0.0063 259 194 291 251
phone 0.0063 101 325 118 359
phone 0.0063 117 282 148 309
phone 0.0063 0 338 44 385
phone 0.0063 229 69 260 129
phone 0.0063 291 367 319 399
phone 0.0063 276 199 319 246
phone 0.0063 91 44 151 93
phone 0.0063 0 292 44 338
phone 0.0062 0 107 15 227
phone 0.0062 81 290 91 302
phone 0.0062 102 291 133 316
phone 0.0062 231 119 288 172
phone 0.0062 101 194 118 228
phone 0.0062 275 147 306 205
phone 0.0062 275 300 306 359
phone 0.0062 194 97 224 124
phone 0.0062 0 229 45 278
phone 0.0062 28 361 60 399
phone 0.0062 29 115 60 176
phone 0.0062 13 336 75 386
phone 0.0062 276 337 319 385
phone 0.0061 276 137 319 185
phone 0.0061 231 90 289 140
phone 0.0061 245 337 305 385
phone 0.0061 184 59 243 110
phone 0.0061 0 245 29 292
phone 0.0061 196 117 230 174
phone 0.0061 232 144 287 208
phone 0.0061 259 225 291 282
phone 0.0061 306 362 319 399
phone 0.0061 13 269 44 329
phone 0.0061 137 45 198 93
phone 0.0061 153 29 213 77
phone 0.0061 261 122 319 170
phone 0.0061 29 85 59 144
phone 0.0061 260 322 319 369
phone 0.0061 58 332 92 390
phone 0.0061 57 301 92 359
phone 0.0061 72 266 101 294
phone 0.0061 0 367 29 399
phone 0.0061 182 336 191 348
phone 0.0061 201 201 218 236
phone 0.0060 201 335 257 386
phone 0.0060 0 269 29 329
phone 0.0060 276 168 319 216
phone 0.0060 137 23 167 82
phone 0.0060 244 131 275 190
phone 0.0060 28 330 60 391
phone 0.0060 193 353 226 376
phone 0.0060 205 197 214 209
phone 0.0060 0 119 45 233
phone 0.0060 0 106 60 154
phone 0.0060 202 350 217 380
phone 0.0060 153 23 182 83
phone 0.0060 276 260 319 308
phone 0.0060 0 55 0 174
phone 0.0060 106 39 137 98
phone 0.0060 275 88 319 202
phone 0.0059 57 132 92 189
phone 0.0059 0 224 13 282
phone 0.0059 180 316 215 375
phone 0.0059 155 301 172 336
phone 0.0059 276 291 319 338
phone 0.0059 261 91 319 139
phone 0.0059 245 85 275 144
phone 0.0059 276 229 319 277
phone 0.0059 0 313 23 399
phone 0.0059 15 0 74 30
phone 0.0059 0 363 14 399
phone 0.0059 0 9 0 128
phone 0.0059 291 208 319 267
phone 0.0059 139 117 157 151
phone 0.0059 122 23 152 82
phone 0.0059 228 99 261 161
phone 0.0059 194 298 264 399
phone 0.0059 274 289 319 399
phone 0.0059 124 279 141 312
phone 0.0059 259 57 319 172
phone 0.0059 276 106 319 154
phone 0.0058 45 0 105 30
phone 0.0058 291 178 319 236
phone 0.0058 262 243 318 294
phone 0.0058 164 85 200 144
phone 0.0058 159 144 206 209
phone 0.0058 0 270 1 390
phone 0.0058 260 331 290 390
phone 0.0058 0 101 1 220
phone 0.0058 201 248 218 282
phone 0.0058 245 331 275 390
phone 0.0058 29 0 90 64
phone 0.0058 0 146 29 206
phone 0.0058 168 23 198 83
phone 0.0058 105 0 168 95
phone 0.0058 276 116 305 175
phone 0.0058 205 358 214 371
phone 0.0058 28 75 91 123
phone 0.0058 291 147 319 205
phone 0.0058 0 76 59 123
phone 0.0058 276 0 319 30
phone 0.0058 72 235 101 263
phone 0.0057 184 0 243 30
phone 0.0057 260 353 319 399
phone 0.0057 197 70 230 128
phone 0.0057 276 239 305 298
phone 0.0057 14 72 75 188
phone 0.0057 0 167 10 289
phone 0.0057 291 116 319 175
phone 0.0057 201 94 218 128
phone 0.0057 0 122 28 169
phone 0.0057 196 286 230 343
phone 0.0057 14 100 44 159
phone 0.0057 245 45 305 93
phone 0.0057 0 42 60 156
phone 0.0057 60 0 121 64
phone 0.0057 214 331 244 390
phone 0.0057 59 45 121 93
phone 0.0057 74 0 138 95
phone 0.0057 59 11 122 126
phone 0.0057 0 91 44 139
phone 0.0057 275 363 306 399
phone 0.0057 306 331 319 390
phone 0.0057 215 0 274 30
phone 0.0057 198 0 259 64
phone 0.0057 71 83 102 109
phone 0.0057 59 69 91 129
phone 0.0057 291 270 319 328
phone 0.0057 291 316 319 375
phone 0.0057 76 0 135 30
phone 0.0057 245 0 305 30
phone 0.0057 167 0 229 64
phone 0.0057 291 239 319 298
phone 0.0057 260 0 319 64
phone 0.0057 14 60 74 108
phone 0.0057 30 0 59 37
phone 0.0057 153 0 212 30
phone 0.0057 97 297 107 310
phone 0.0056 229 29 290 77
phone 0.0056 182 0 245 95
phone 0.0056 276 85 305 144
phone 0.0056 45 0 74 37
phone 0.0056 205 297 214 309
phone 0.0056 0 147 1 267
phone 0.0056 150 362 184 399
phone 0.0056 29 26 91 141
phone 0.0056 0 73 29 187
phone 0.0056 78 263 95 298
phone 0.0056 61 0 90 37
phone 0.0056 72 212 101 240
phone 0.0056 229 0 290 64
phone 0.0056 229 39 260 98
phone 0.0056 13 362 45 399
phone 0.0056 87 182 117 209
phone 0.0056 91 14 151 62
phone 0.0056 228 320 237 333
phone 0.0056 0 0 59 64
phone 0.0056 0 254 13 313
phone 0.0056 260 60 319 108
phone 0.0056 276 76 319 123
phone 0.0056 87 206 117 232
phone 0.0056 137 14 197 62
phone 0.0056 0 107 13 154
phone 0.0056 52 241 128 296
phone 0.0056 198 39 229 97
phone 0.0056 108 325 126 359
phone 0.0056 0 224 1 344
phone 0.0056 112 128 122 140
phone 0.0055 306 146 319 206
phone 0.0055 107 0 166 30
phone 0.0055 64 190 94 217
phone 0.0055 244 0 306 110
phone 0.0055 0 331 13 390
phone 0.0055 213 0 276 95
phone 0.0055 29 45 90 93
phone 0.0055 73 287 107 343
phone 0.0055 76 0 105 37
phone 0.0055 306 177 319 236
phone 0.0055 306 0 319 64
phone 0.0055 0 60 44 108
phone 0.0055 0 76 13 123
phone 0.0055 199 0 228 37
phone 0.0055 244 367 306 399
phone 0.0055 214 0 244 37
phone 0.0055 14 70 44 129
phone 0.0055 307 0 319 30
phone 0.0055 0 193 13 252
phone 0.0055 260 29 319 77
phone 0.0055 306 115 319 175
phone 0.0055 177 272 250 327
phone 0.0055 14 29 74 77
phone 0.0055 131 131 172 191
phone 0.0055 121 0 183 64
phone 0.0055 230 353 290 399
phone 0.0055 184 0 213 37
phone 0.0055 0 137 13 185
phone 0.0055 78 80 95 111
phone 0.0055 214 367 274 399
phone 0.0055 274 26 319 141
phone 0.0054 230 0 259 37
phone 0.0054 0 353 60 399
phone 0.0054 276 45 319 93
phone 0.0054 91 0 121 37
phone 0.0054 0 162 13 221
phone 0.0054 261 0 290 37
phone 0.0054 260 39 290 98
phone 0.0054 291 85 319 144
phone 0.0054 245 0 274 37
phone 0.0054 13 0 76 110
phone 0.0054 45 70 75 128
phone 0.0054 168 0 197 37
phone 0.0054 105 205 114 217
phone 0.0054 72 251 101 279
phone 0.0054 183 23 213 82
phone 0.0054 152 55 183 112
phone 0.0054 14 0 44 37
phone 0.0054 205 205 214 217
phone 0.0054 0 45 13 92
phone 0.0054 185 369 218 392
phone 0.0054 30 54 59 113
phone 0.0054 0 197 8 323
phone 0.0054 205 128 214 140
phone 0.0054 231 321 288 370
phone 0.0054 259 163 291 220
phone 0.0054 43 0 107 95
phone 0.0054 245 23 275 82
phone 0.0054 0 45 59 93
phone 0.0054 0 300 29 360
phone 0.0054 87 275 117 301
phone 0.0054 107 0 136 37
phone 0.0054 194 365 209 395
phone 0.0054 0 27 29 141
phone 0.0054 212 301 245 359
phone 0.0054 259 363 291 399
phone 0.0054 290 0 319 110
phone 0.0054 64 205 94 232
phone 0.0054 152 59 213 109
phone 0.0054 153 0 182 37
phone 0.0053 105 336 114 348
phone 0.0053 228 363 260 399
phone 0.0053 0 12 14 125
phone 0.0053 0 0 12 30
phone 0.0053 87 236 117 263
phone 0.0053 306 85 319 144
phone 0.0053 246 136 304 186
phone 0.0053 0 29 44 77
phone 0.0053 112 297 122 310
phone 0.0053 122 0 151 37
phone 0.0053 106 8 137 67
phone 0.0053 137 0 167 37
phone 0.0053 148 313 178 340
phone 0.0053 78 232 95 267
phone 0.0053 276 54 305 113
phone 0.0053 306 300 319 359
phone 0.0053 139 69 196 130
phone 0.0053 0 0 13 64
phone 0.0053 0 307 13 354
phone 0.0053 171 321 201 347
phone 0.0053 306 208 319 267
phone 0.0053 202 228 232 255
phone 0.0053 81 282 91 294
phone 0.0053 197 374 207 387
phone 0.0053 0 0 45 110
phone 0.0053 199 29 259 77
phone 0.0052 245 14 305 62
phone 0.0052 275 178 306 236
phone 0.0052 45 39 75 98
phone 0.0052 71 54 102 76
phone 0.0052 82 59 91 71
phone 0.0052 276 23 305 82
phone 0.0052 0 274 14 386
phone 0.0052 70 194 87 228
phone 0.0052 90 8 121 67
phone 0.0052 306 270 319 329
phone 0.0052 30 23 59 82
phone 0.0052 306 54 319 113
phone 0.0052 70 179 87 212
phone 0.0052 260 131 290 190
phone 0.0052 78 209 95 244
phone 0.0052 306 239 319 298
phone 0.0052 102 251 132 278
phone 0.0051 205 136 214 148
phone 0.0051 213 8 244 67
phone 0.0051 87 167 117 193
phone 0.0051 201 346 234 368
phone 0.0051 216 84 249 108
phone 0.0051 244 363 276 399
phone 0.0051 198 8 229 67
phone 0.0051 102 274 132 301
phone 0.0051 14 39 44 98
phone 0.0051 205 213 214 225
phone 0.0051 64 259 94 286
phone 0.0051 151 320 160 332
phone 0.0051 167 55 198 113
phone 0.0051 229 331 259 390
phone 0.0051 212 351 222 364
phone 0.0051 209 342 225 372
phone 0.0051 229 8 260 67
phone 0.0051 110 328 140 355
phone 0.0051 143 128 153 140
phone 0.0050 205 366 214 379
phone 0.0050 171 275 202 301
phone 0.0050 159 313 168 325
phone 0.0050 75 8 106 67
phone 0.0050 171 291 202 316
phone 0.0050 128 289 137 302
