phone 0.8428 110 125 207 319
phone 0.0967 128 155 207 261
phone 0.0823 112 205 193 362
phone 0.0738 88 88 275 314
phone 0.0710 142 116 308 289
phone 0.0597 2 52 133 288
phone 0.0577 124 111 238 246
phone 0.0563 229 40 319 176
phone 0.0519 28 45 236 294
phone 0.0488 25 141 170 315
phone 0.0479 77 98 196 255
phone 0.0473 117 181 187 295
phone 0.0469 118 177 240 325
phone 0.0459 177 36 319 303
phone 0.0458 38 94 150 247
phone 0.0409 0 138 104 319
phone 0.0373 169 182 274 325
phone 0.0307 109 269 141 292
phone 0.0304 0 29 89 188
phone 0.0297 117 265 133 296
phone 0.0296 100 55 224 235
phone 0.0292 197 144 292 301
phone 0.0287 120 274 130 287
phone 0.0265 39 36 155 188
phone 0.0259 128 226 206 312
phone 0.0244 128 170 176 244
phone 0.0221 95 143 179 271
phone 0.0215 225 187 319 330
phone 0.0206 117 264 187 335
phone 0.0203 171 70 289 213
phone 0.0196 109 150 319 362
phone 0.0193 25 208 112 364
phone 0.0188 120 282 130 294
phone 0.0180 140 197 225 280
phone 0.0174 132 251 172 317
phone 0.0173 165 144 262 269
phone 0.0171 182 2 273 155
phone 0.0166 87 244 117 270
phone 0.0162 90 258 183 373
phone 0.0162 0 90 70 254
phone 0.0161 142 156 192 227
phone 0.0160 158 144 238 210
phone 0.0159 191 221 297 347
phone 0.0158 117 287 199 399
phone 0.0157 129 218 175 288
phone 0.0155 93 241 110 274
phone 0.0151 0 220 85 354
phone 0.0149 274 8 319 145
phone 0.0147 107 206 166 300
phone 0.0144 45 191 135 316
phone 0.0143 35 207 114 269
phone 0.0140 56 217 124 290
phone 0.0140 195 264 263 335
phone 0.0139 207 200 281 276
phone 0.0138 32 289 104 399
phone 0.0136 87 12 179 147
phone 0.0135 154 0 319 193
phone 0.0135 97 251 107 263
phone 0.0133 5 1 192 217
phone 0.0133 195 265 293 395
phone 0.0132 303 143 319 264
phone 0.0130 151 250 245 379
phone 0.0130 200 167 257 278
phone 0.0130 176 174 251 240
phone 0.0129 184 238 243 330
phone 0.0129 122 121 182 232
phone 0.0129 255 69 319 208
phone 0.0126 210 64 278 135
phone 0.0125 189 98 269 254
phone 0.0123 118 176 154 238
phone 0.0121 56 266 155 393
phone 0.0121 197 224 261 313
phone 0.0121 0 171 47 292
phone 0.0120 0 48 48 168
phone 0.0120 239 81 311 149
phone 0.0120 51 188 129 258
phone 0.0120 205 237 283 300
phone 0.0120 25 9 114 151
phone 0.0119 304 35 319 183
phone 0.0118 146 237 188 300
phone 0.0118 124 265 141 296
phone 0.0117 3 85 116 205
phone 0.0116 180 200 247 275
phone 0.0116 58 121 122 201
phone 0.0114 77 221 166 346
phone 0.0113 9 220 79 287
phone 0.0111 208 164 281 251
phone 0.0110 178 129 249 193
phone 0.0110 217 0 294 108
phone 0.0109 128 274 137 287
phone 0.0109 260 217 319 350
phone 0.0108 105 136 168 217
phone 0.0107 95 79 178 212
phone 0.0105 67 159 252 399
phone 0.0105 179 144 209 170
phone 0.0105 227 70 261 128
phone 0.0105 177 324 250 399
phone 0.0105 285 160 319 285
phone 0.0105 136 42 248 183
phone 0.0105 39 236 111 301
phone 0.0104 209 86 309 235
phone 0.0104 55 153 125 231
phone 0.0104 57 210 92 266
phone 0.0104 211 269 246 329
phone 0.0103 97 243 107 255
phone 0.0103 76 313 167 399
phone 0.0101 49 323 131 399
phone 0.0101 194 206 225 231
phone 0.0101 118 222 155 285
phone 0.0101 133 117 201 205
phone 0.0100 179 148 216 205
phone 0.0100 157 243 238 294
phone 0.0100 310 213 319 313
phone 0.0100 204 287 285 343
phone 0.0099 0 80 62 150
phone 0.0098 196 193 230 252
phone 0.0098 229 46 290 122
phone 0.0098 292 194 319 250
phone 0.0098 135 286 168 344
phone 0.0097 185 140 203 174
phone 0.0097 0 143 63 209
phone 0.0097 108 263 126 297
phone 0.0097 0 330 1 399
phone 0.0097 0 110 62 181
phone 0.0097 70 207 141 269
phone 0.0096 72 224 108 282
phone 0.0095 83 195 159 250
phone 0.0094 209 315 279 376
phone 0.0094 142 324 224 399
phone 0.0094 251 129 319 275
phone 0.0093 235 250 316 379
phone 0.0093 268 87 319 143
phone 0.0093 163 114 233 177
phone 0.0093 70 115 142 176
phone 0.0092 221 100 298 161
phone 0.0092 27 224 61 282
phone 0.0092 69 1 143 136
phone 0.0092 12 33 76 104
phone 0.0092 257 87 292 143
phone 0.0092 242 71 276 128
phone 0.0092 82 134 160 188
phone 0.0092 254 69 319 130
phone 0.0092 164 241 201 297
phone 0.0091 184 361 242 399
phone 0.0091 84 226 158 280
phone 0.0091 195 252 231 315
phone 0.0090 201 202 218 235
phone 0.0090 104 111 170 180
phone 0.0090 161 285 235 345
phone 0.0090 226 224 262 282
phone 0.0090 82 165 160 219
phone 0.0089 159 175 205 239
phone 0.0089 0 240 63 297
phone 0.0089 119 147 153 206
phone 0.0089 235 220 314 287
phone 0.0089 196 163 231 221
phone 0.0089 82 103 161 157
phone 0.0088 38 170 111 245
phone 0.0088 9 300 80 360
phone 0.0088 272 128 319 194
phone 0.0088 272 269 319 330
phone 0.0087 306 178 319 236
phone 0.0087 196 132 230 190
phone 0.0087 171 197 201 224
phone 0.0087 149 271 185 328
phone 0.0087 120 3 206 156
phone 0.0087 67 302 144 359
phone 0.0086 286 50 319 179
phone 0.0086 58 240 92 297
phone 0.0086 196 223 230 283
phone 0.0085 161 208 203 268
phone 0.0085 113 274 122 287
phone 0.0085 0 210 63 265
phone 0.0085 68 176 143 239
phone 0.0084 57 94 124 166
phone 0.0084 85 269 158 330
phone 0.0084 152 195 244 250
phone 0.0084 187 267 217 293
phone 0.0084 0 230 45 276
phone 0.0084 72 131 108 191
phone 0.0084 69 347 142 399
phone 0.0083 227 256 261 312
phone 0.0083 44 360 106 399
phone 0.0083 242 280 308 349
phone 0.0083 12 85 45 144
phone 0.0083 189 151 199 163
phone 0.0083 195 296 263 364
phone 0.0082 5 132 84 190
phone 0.0082 23 316 97 375
phone 0.0082 178 194 195 228
phone 0.0082 293 165 319 218
phone 0.0082 198 105 260 186
phone 0.0082 291 81 319 148
phone 0.0082 22 254 97 315
phone 0.0081 10 63 79 135
phone 0.0081 0 178 65 236
phone 0.0081 164 282 194 309
phone 0.0081 0 166 47 218
phone 0.0081 269 238 319 299
phone 0.0081 118 252 155 316
phone 0.0081 227 317 261 374
phone 0.0081 130 281 204 349
phone 0.0081 67 85 144 145
phone 0.0081 205 212 214 225
phone 0.0080 227 287 261 342
phone 0.0080 9 267 80 332
phone 0.0080 181 241 214 296
phone 0.0080 12 116 45 175
phone 0.0079 140 256 225 313
phone 0.0079 0 11 44 126
phone 0.0079 17 119 102 173
phone 0.0079 0 46 13 166
phone 0.0079 119 359 185 399
phone 0.0079 181 287 214 343
phone 0.0079 27 39 61 98
phone 0.0079 0 131 29 190
phone 0.0079 24 185 95 260
phone 0.0079 161 314 235 377
phone 0.0078 8 159 80 224
phone 0.0078 305 210 319 266
phone 0.0078 40 264 110 335
phone 0.0078 110 47 194 182
phone 0.0078 117 276 148 300
phone 0.0078 0 198 44 246
phone 0.0078 119 117 153 174
phone 0.0078 150 359 215 399
phone 0.0077 104 194 137 251
phone 0.0077 0 45 45 92
phone 0.0077 194 191 225 216
phone 0.0077 69 144 142 209
phone 0.0077 42 225 76 281
phone 0.0077 148 97 217 163
phone 0.0077 0 208 29 268
phone 0.0077 170 279 187 312
phone 0.0077 172 182 201 209
phone 0.0077 58 246 123 322
phone 0.0077 104 225 137 282
phone 0.0077 72 194 108 251
phone 0.0076 305 70 319 128
phone 0.0076 179 98 248 163
phone 0.0076 187 283 217 308
phone 0.0076 0 172 9 286
phone 0.0076 152 66 213 133
phone 0.0076 74 37 137 101
phone 0.0075 0 238 29 298
phone 0.0075 148 298 217 363
phone 0.0075 120 63 184 136
phone 0.0075 266 210 319 266
phone 0.0075 22 283 97 346
phone 0.0075 0 107 30 154
phone 0.0075 104 118 137 173
phone 0.0075 13 208 44 268
phone 0.0075 0 74 45 124
phone 0.0075 181 347 214 399
phone 0.0075 121 92 183 169
phone 0.0075 211 117 277 205
phone 0.0075 273 101 307 159
phone 0.0075 242 102 276 158
phone 0.0074 104 271 137 327
phone 0.0074 193 263 211 297
phone 0.0074 278 102 319 243
phone 0.0074 110 237 140 262
phone 0.0074 88 117 122 174
phone 0.0074 212 332 245 390
phone 0.0074 102 344 171 399
phone 0.0074 5 100 84 161
phone 0.0073 226 297 294 364
phone 0.0073 0 146 13 206
phone 0.0073 290 224 319 283
phone 0.0073 197 77 261 153
phone 0.0073 285 237 319 361
phone 0.0073 288 117 319 174
phone 0.0073 198 347 229 399
phone 0.0073 97 259 107 271
phone 0.0073 104 164 137 220
phone 0.0073 0 115 13 175
phone 0.0072 35 84 115 146
phone 0.0072 22 145 97 208
phone 0.0072 180 117 215 174
phone 0.0072 288 256 319 312
phone 0.0072 208 190 249 255
phone 0.0072 224 193 263 252
phone 0.0072 0 226 44 341
phone 0.0072 128 282 137 294
phone 0.0072 178 179 195 212
phone 0.0072 258 285 291 344
phone 0.0071 0 44 25 70
phone 0.0071 202 152 232 178
phone 0.0071 0 75 10 199
phone 0.0071 88 302 122 358
phone 0.0071 12 254 45 313
phone 0.0071 110 313 140 339
phone 0.0071 28 0 92 100
phone 0.0070 252 252 319 316
phone 0.0070 205 205 214 217
phone 0.0070 166 22 231 146
phone 0.0070 0 289 44 399
phone 0.0070 269 177 319 237
phone 0.0070 0 54 29 114
phone 0.0070 122 43 181 94
phone 0.0070 0 177 29 237
phone 0.0070 53 67 128 133
phone 0.0070 179 180 216 235
phone 0.0070 304 101 319 159
phone 0.0070 306 270 319 329
phone 0.0070 88 194 123 251
phone 0.0069 0 322 44 369
phone 0.0069 71 163 108 221
phone 0.0069 89 362 122 399
phone 0.0069 27 286 61 344
phone 0.0069 211 301 245 359
phone 0.0069 43 33 107 105
phone 0.0069 209 221 248 285
phone 0.0069 73 101 107 159
phone 0.0069 130 314 205 378
phone 0.0069 101 82 173 148
phone 0.0069 169 58 227 110
phone 0.0069 107 48 166 120
phone 0.0069 54 281 126 349
phone 0.0069 125 136 155 163
phone 0.0068 201 186 219 220
phone 0.0068 181 205 191 217
phone 0.0068 43 317 76 374
phone 0.0068 0 0 1 98
phone 0.0068 193 279 211 313
phone 0.0068 89 333 122 389
phone 0.0068 133 79 202 151
phone 0.0068 166 55 199 113
phone 0.0068 27 255 61 313
phone 0.0068 0 20 16 131
phone 0.0068 131 144 173 209
phone 0.0068 227 101 261 159
phone 0.0067 82 68 160 131
phone 0.0067 43 8 76 67
phone 0.0067 0 23 29 83
phone 0.0067 136 39 168 97
phone 0.0067 200 350 258 399
phone 0.0067 276 56 319 112
phone 0.0067 42 256 76 312
phone 0.0067 262 41 319 97
phone 0.0067 42 40 77 97
phone 0.0067 244 0 306 140
phone 0.0066 249 191 319 254
phone 0.0066 104 333 138 389
phone 0.0066 27 70 61 128
phone 0.0066 62 26 119 81
phone 0.0066 116 233 134 266
phone 0.0066 15 11 73 65
phone 0.0066 135 317 168 374
phone 0.0066 104 363 138 399
phone 0.0066 116 310 134 343
phone 0.0066 58 132 92 190
phone 0.0066 257 226 292 281
phone 0.0066 151 54 184 113
phone 0.0065 110 252 140 278
phone 0.0065 0 137 7 260
phone 0.0065 232 336 287 386
phone 0.0065 232 334 248 365
phone 0.0065 250 145 319 208
phone 0.0065 293 290 319 340
phone 0.0065 211 116 246 175
phone 0.0065 27 133 61 189
phone 0.0065 104 302 138 358
phone 0.0065 120 39 153 97
phone 0.0065 197 274 207 286
phone 0.0065 224 337 256 362
phone 0.0065 174 289 184 302
phone 0.0065 166 347 199 399
phone 0.0065 178 140 195 174
phone 0.0065 0 300 29 360
phone 0.0065 194 159 225 186
phone 0.0065 221 266 298 333
phone 0.0065 205 220 214 233
phone 0.0065 27 163 61 220
phone 0.0065 134 70 169 128
phone 0.0065 216 186 302 260
phone 0.0065 181 317 215 374
phone 0.0065 87 228 117 255
phone 0.0065 46 13 104 63
phone 0.0065 213 29 276 77
phone 0.0065 0 274 44 324
phone 0.0064 236 113 314 178
phone 0.0064 274 286 306 343
phone 0.0064 0 332 30 399
phone 0.0064 57 271 92 328
phone 0.0064 42 133 76 188
phone 0.0064 245 28 305 78
phone 0.0064 309 134 319 187
phone 0.0064 208 148 226 182
phone 0.0064 59 347 91 399
phone 0.0064 196 101 230 159
phone 0.0064 120 266 130 279
phone 0.0064 59 8 91 67
phone 0.0064 28 316 60 375
phone 0.0064 181 70 215 128
phone 0.0064 150 348 184 399
phone 0.0064 102 295 171 365
phone 0.0064 135 100 169 160
phone 0.0064 23 48 95 120
phone 0.0063 165 301 199 359
phone 0.0063 242 301 276 359
phone 0.0063 88 87 122 143
phone 0.0063 0 368 29 399
phone 0.0063 132 133 149 166
phone 0.0063 88 225 122 282
phone 0.0063 92 28 151 79
phone 0.0063 277 306 319 354
phone 0.0063 165 102 199 159
phone 0.0063 276 337 319 385
phone 0.0063 14 331 75 399
phone 0.0063 27 193 61 252
phone 0.0062 309 83 319 146
phone 0.0062 73 332 107 389
phone 0.0062 211 85 246 144
phone 0.0062 180 211 215 265
phone 0.0062 197 282 207 294
phone 0.0062 119 285 153 345
phone 0.0062 305 240 319 297
phone 0.0062 260 24 291 82
phone 0.0062 198 55 229 113
phone 0.0061 42 286 76 343
phone 0.0061 0 362 14 399
phone 0.0061 0 338 59 384
phone 0.0061 119 71 153 128
phone 0.0061 229 24 259 82
phone 0.0061 257 55 292 113
phone 0.0061 260 353 319 399
phone 0.0061 56 178 93 236
phone 0.0061 291 367 319 399
phone 0.0061 245 331 275 391
phone 0.0060 5 51 14 63
phone 0.0060 245 24 275 82
phone 0.0060 289 288 319 399
phone 0.0060 205 197 214 210
phone 0.0060 247 320 303 371
phone 0.0060 105 24 137 82
phone 0.0060 236 343 245 356
phone 0.0060 194 175 225 201
phone 0.0060 147 131 187 191
phone 0.0060 0 24 0 144
phone 0.0060 198 45 260 93
phone 0.0060 58 102 92 158
phone 0.0060 0 14 44 62
phone 0.0060 13 331 44 391
phone 0.0060 28 362 60 399
phone 0.0060 197 289 207 302
phone 0.0060 119 332 153 390
phone 0.0060 109 283 140 308
phone 0.0060 181 189 191 202
phone 0.0060 88 148 123 204
phone 0.0060 208 160 249 224
phone 0.0059 104 87 138 143
phone 0.0059 88 56 123 112
phone 0.0059 181 197 191 209
phone 0.0059 306 368 319 399
phone 0.0059 58 302 91 359
phone 0.0059 149 101 184 159
phone 0.0059 93 224 111 259
phone 0.0059 12 54 45 114
phone 0.0059 0 39 13 98
phone 0.0059 42 103 76 158
phone 0.0059 194 221 225 247
phone 0.0059 0 223 13 283
phone 0.0059 275 24 306 82
phone 0.0059 305 332 319 399
phone 0.0059 104 55 138 112
phone 0.0059 0 192 13 252
phone 0.0059 186 298 217 324
phone 0.0059 272 225 307 281
phone 0.0059 116 248 134 282
phone 0.0059 87 259 117 286
phone 0.0059 15 0 74 31
phone 0.0059 0 232 8 348
phone 0.0059 120 243 130 256
phone 0.0058 57 40 92 97
phone 0.0058 72 255 108 313
phone 0.0058 305 147 319 205
phone 0.0058 0 76 13 123
phone 0.0058 187 252 217 278
phone 0.0058 275 347 306 399
phone 0.0058 243 332 307 399
phone 0.0058 163 132 202 190
phone 0.0058 294 121 319 147
phone 0.0057 120 320 130 333
phone 0.0057 27 102 61 158
phone 0.0057 201 155 219 190
phone 0.0057 105 0 168 95
phone 0.0057 185 66 241 133
phone 0.0057 73 302 107 359
phone 0.0057 172 166 201 194
phone 0.0057 292 322 319 369
phone 0.0057 214 39 244 97
phone 0.0057 42 194 77 251
phone 0.0057 0 255 1 374
phone 0.0057 0 0 59 47
phone 0.0057 210 160 240 185
phone 0.0057 44 346 75 399
phone 0.0056 0 254 13 313
phone 0.0056 150 302 184 359
phone 0.0056 0 285 13 344
phone 0.0056 242 226 276 280
phone 0.0056 260 315 290 376
phone 0.0056 163 53 194 77
phone 0.0056 163 15 194 38
phone 0.0056 255 315 287 338
phone 0.0056 213 159 222 171
phone 0.0056 116 279 133 312
phone 0.0056 181 213 191 225
phone 0.0056 75 9 106 66
phone 0.0056 289 0 319 95
phone 0.0056 230 367 290 399
phone 0.0056 245 0 304 31
phone 0.0056 122 14 181 62
phone 0.0055 259 0 319 64
phone 0.0055 107 0 166 31
phone 0.0055 0 147 1 267
phone 0.0055 273 256 307 312
phone 0.0055 182 151 191 163
phone 0.0055 0 208 1 328
phone 0.0055 197 266 207 279
phone 0.0055 136 143 145 156
phone 0.0055 170 51 187 79
phone 0.0055 164 244 194 271
phone 0.0055 230 14 290 62
phone 0.0055 13 362 45 399
phone 0.0055 263 311 279 342
phone 0.0055 156 0 231 100
phone 0.0055 0 101 1 221
phone 0.0055 0 337 13 385
phone 0.0054 170 12 187 41
phone 0.0054 29 0 59 37
phone 0.0054 306 0 319 64
phone 0.0054 266 320 276 333
phone 0.0054 93 263 111 297
phone 0.0054 230 346 259 399
phone 0.0054 221 136 298 217
phone 0.0054 95 159 124 186
phone 0.0054 12 285 45 344
phone 0.0054 73 71 107 127
phone 0.0054 197 297 207 310
phone 0.0054 193 294 210 328
phone 0.0054 12 23 45 83
phone 0.0054 124 132 142 167
phone 0.0054 216 156 234 189
phone 0.0054 117 144 148 170
phone 0.0054 121 8 152 67
phone 0.0054 174 20 183 32
phone 0.0053 244 363 276 399
phone 0.0053 215 0 274 30
phone 0.0053 137 29 197 77
phone 0.0053 205 189 214 202
phone 0.0053 276 0 319 31
phone 0.0053 201 171 219 205
phone 0.0053 0 8 14 67
phone 0.0053 201 217 218 251
phone 0.0053 304 256 319 373
phone 0.0053 174 13 183 25
phone 0.0053 261 0 290 37
phone 0.0053 117 128 148 155
phone 0.0053 307 0 319 31
phone 0.0053 260 346 290 399
phone 0.0053 174 59 183 71
phone 0.0053 178 163 195 198
phone 0.0052 137 8 168 67
phone 0.0052 122 0 151 37
phone 0.0052 306 322 319 369
phone 0.0052 152 45 213 93
phone 0.0052 102 275 132 301
phone 0.0052 164 259 194 286
phone 0.0052 194 144 224 170
phone 0.0052 294 105 319 132
phone 0.0052 245 0 274 37
phone 0.0052 76 14 135 62
phone 0.0052 240 322 271 346
phone 0.0052 242 271 276 327
phone 0.0052 120 259 130 271
phone 0.0052 120 289 130 302
phone 0.0052 163 30 194 53
phone 0.0052 170 240 187 274
phone 0.0052 42 163 76 220
phone 0.0052 196 317 230 374
phone 0.0051 42 71 76 127
phone 0.0051 152 23 183 82
phone 0.0051 275 0 306 51
phone 0.0051 257 117 292 174
phone 0.0051 124 309 141 343
phone 0.0051 308 197 319 248
phone 0.0051 273 149 307 204
phone 0.0051 14 0 44 37
phone 0.0051 193 247 211 282
phone 0.0051 230 0 259 37
phone 0.0051 120 251 130 263
phone 0.0051 45 0 75 37
phone 0.0051 137 0 167 37
phone 0.0051 0 0 12 31
phone 0.0051 90 9 121 66
phone 0.0051 57 72 92 127
phone 0.0050 225 131 263 191
phone 0.0050 174 28 183 40
phone 0.0050 94 143 124 171
phone 0.0050 170 28 187 56
phone 0.0050 181 182 191 194
