phone 0.9466 39 234 231 364
phone 0.1985 34 195 155 373
phone 0.0981 29 227 131 317
phone 0.0487 100 277 212 354
phone 0.0392 63 290 203 389
phone 0.0369 116 258 254 376
phone 0.0362 59 78 212 269
phone 0.0331 47 75 163 209
phone 0.0322 24 253 134 399
phone 0.0303 139 295 244 399
phone 0.0290 6 78 140 269
phone 0.0288 0 214 96 321
phone 0.0277 86 54 248 228
phone 0.0245 0 130 87 278
phone 0.0216 144 106 250 235
phone 0.0206 50 155 222 332
phone 0.0198 60 266 160 365
phone 0.0197 44 331 145 399
phone 0.0195 138 283 234 347
phone 0.0184 81 36 190 186
phone 0.0182 4 328 93 399
phone 0.0176 37 306 110 399
phone 0.0171 0 162 54 305
phone 0.0169 91 329 190 399
phone 0.0165 58 0 155 162
phone 0.0164 152 300 190 360
phone 0.0163 23 29 125 189
phone 0.0161 0 68 90 214
phone 0.0161 167 235 266 355
phone 0.0160 56 359 133 399
phone 0.0159 105 104 266 302
phone 0.0159 36 151 123 324
phone 0.0152 87 359 164 399
phone 0.0151 57 236 101 301
phone 0.0145 25 360 102 399
phone 0.0140 132 282 180 348
phone 0.0139 0 93 52 250
phone 0.0139 151 43 245 171
phone 0.0133 207 199 266 321
phone 0.0131 0 285 47 399
phone 0.0130 163 301 242 360
phone 0.0129 180 163 266 301
phone 0.0128 0 260 93 383
phone 0.0127 169 302 204 358
phone 0.0125 38 107 173 308
phone 0.0124 187 115 266 221
phone 0.0123 80 143 186 275
phone 0.0123 172 325 263 399
phone 0.0122 0 218 54 367
phone 0.0119 119 359 193 399
phone 0.0117 0 241 24 357
phone 0.0116 86 186 266 353
phone 0.0116 3 0 203 238
phone 0.0113 45 240 82 298
phone 0.0108 0 301 20 399
phone 0.0108 77 363 112 399
phone 0.0107 149 315 225 376
phone 0.0107 124 0 210 155
phone 0.0105 92 363 127 399
phone 0.0105 31 348 65 399
phone 0.0104 62 363 96 399
phone 0.0103 185 303 219 358
phone 0.0103 108 363 142 399
phone 0.0102 0 315 39 376
phone 0.0102 46 363 81 399
phone 0.0101 0 356 67 399
phone 0.0100 95 95 187 226
phone 0.0099 0 129 52 193
phone 0.0099 0 217 35 290
phone 0.0099 151 358 222 399
phone 0.0098 16 77 81 152
phone 0.0098 0 97 67 163
phone 0.0098 0 159 51 224
phone 0.0097 123 308 202 399
phone 0.0096 184 280 252 349
phone 0.0095 123 363 158 399
phone 0.0094 0 271 22 328
phone 0.0094 0 175 20 289
phone 0.0093 182 358 253 399
phone 0.0093 23 291 104 370
phone 0.0092 86 102 164 159
phone 0.0092 0 240 21 297
phone 0.0091 16 347 50 399
phone 0.0091 49 129 140 254
phone 0.0090 199 271 266 371
phone 0.0090 114 125 198 258
phone 0.0090 32 63 96 136
phone 0.0090 0 278 36 351
phone 0.0089 130 147 213 298
phone 0.0088 133 61 211 199
phone 0.0087 139 363 173 399
phone 0.0087 103 85 178 145
phone 0.0086 219 363 266 399
phone 0.0085 45 260 75 285
phone 0.0084 31 85 65 144
phone 0.0084 1 147 34 205
phone 0.0084 16 101 49 159
phone 0.0083 0 178 34 236
phone 0.0083 28 202 100 274
phone 0.0082 0 254 3 313
phone 0.0082 123 144 190 209
phone 0.0082 1 348 34 399
phone 0.0082 0 294 71 367
phone 0.0082 124 94 188 166
phone 0.0082 51 256 69 289
phone 0.0081 143 164 200 219
phone 0.0081 105 159 176 224
phone 0.0081 0 238 74 299
phone 0.0081 154 363 188 399
phone 0.0081 0 246 35 322
phone 0.0081 0 285 3 344
phone 0.0080 184 251 251 317
phone 0.0080 44 256 61 289
phone 0.0080 123 67 190 132
phone 0.0079 123 173 189 241
phone 0.0079 31 241 65 296
phone 0.0078 0 145 37 268
phone 0.0078 186 307 250 384
phone 0.0078 72 114 148 177
phone 0.0078 90 128 161 194
phone 0.0078 200 286 234 344
phone 0.0078 46 70 81 128
phone 0.0078 73 82 147 148
phone 0.0078 26 130 102 192
phone 0.0077 78 49 141 119
phone 0.0077 105 113 177 178
phone 0.0077 174 195 231 250
phone 0.0077 57 146 132 207
phone 0.0076 169 363 204 399
phone 0.0075 0 365 17 399
phone 0.0075 105 15 177 153
phone 0.0075 30 175 98 239
phone 0.0075 108 102 142 158
phone 0.0075 73 161 147 223
phone 0.0075 40 115 118 176
phone 0.0074 63 181 126 264
phone 0.0074 0 118 13 223
phone 0.0074 155 272 248 328
phone 0.0074 88 67 162 132
phone 0.0074 0 183 19 231
phone 0.0073 12 145 85 208
phone 0.0073 0 289 2 399
phone 0.0073 141 112 202 179
phone 0.0073 89 175 161 240
phone 0.0073 140 79 203 150
phone 0.0073 0 212 2 325
phone 0.0073 56 98 133 162
phone 0.0073 13 188 84 257
phone 0.0072 124 87 157 143
phone 0.0072 155 179 188 235
phone 0.0072 0 177 2 237
phone 0.0072 0 361 3 399
phone 0.0072 0 322 3 369
phone 0.0072 139 101 173 159
phone 0.0072 0 246 3 292
phone 0.0071 55 266 65 279
phone 0.0071 0 201 69 274
phone 0.0071 0 223 3 283
phone 0.0071 188 221 247 286
phone 0.0071 200 363 235 399
phone 0.0071 139 148 173 205
phone 0.0071 47 266 57 279
phone 0.0071 169 332 204 389
phone 0.0071 216 348 249 399
phone 0.0071 26 98 101 163
phone 0.0070 214 312 266 399
phone 0.0069 0 152 19 200
phone 0.0069 12 112 85 179
phone 0.0069 0 85 33 205
phone 0.0069 0 212 19 264
phone 0.0069 59 63 129 136
phone 0.0069 158 180 215 234
phone 0.0069 1 100 34 160
phone 0.0069 139 71 173 128
phone 0.0069 61 71 96 128
phone 0.0069 0 276 3 323
phone 0.0068 185 363 219 399
phone 0.0068 93 55 127 113
phone 0.0068 123 163 157 220
phone 0.0067 44 160 115 223
phone 0.0067 0 146 2 206
phone 0.0067 95 29 156 78
phone 0.0067 139 178 173 236
phone 0.0067 154 101 188 159
phone 0.0067 0 115 18 175
phone 0.0067 200 316 235 375
phone 0.0067 40 83 118 147
phone 0.0067 15 317 50 374
phone 0.0067 0 75 49 123
phone 0.0067 0 265 71 334
phone 0.0067 200 255 234 313
phone 0.0066 0 42 49 156
phone 0.0066 94 0 157 112
phone 0.0066 233 347 264 399
phone 0.0066 26 253 101 346
phone 0.0066 33 44 95 93
phone 0.0066 123 117 157 174
phone 0.0066 156 147 187 205
phone 0.0066 169 147 236 266
phone 0.0066 108 132 142 189
phone 0.0065 111 50 171 118
phone 0.0065 202 209 234 267
phone 0.0065 53 313 82 340
phone 0.0065 16 226 50 281
phone 0.0065 2 60 64 108
phone 0.0064 65 247 124 322
phone 0.0064 47 179 80 235
phone 0.0064 108 55 142 113
phone 0.0064 93 102 127 158
phone 0.0064 187 178 218 236
phone 0.0064 110 24 141 82
phone 0.0063 31 163 65 220
phone 0.0063 127 43 185 95
phone 0.0063 77 148 111 205
phone 0.0063 155 0 219 95
phone 0.0063 47 148 80 205
phone 0.0063 185 332 219 390
phone 0.0063 108 163 142 220
phone 0.0063 139 185 204 260
phone 0.0062 95 24 125 82
phone 0.0062 49 39 79 97
phone 0.0062 78 178 111 236
phone 0.0062 204 213 262 263
phone 0.0062 93 163 126 220
phone 0.0062 161 237 243 301
phone 0.0062 49 8 110 129
phone 0.0062 62 178 96 236
phone 0.0062 93 133 127 189
phone 0.0062 0 180 35 348
phone 0.0062 173 29 232 77
phone 0.0062 62 148 96 205
phone 0.0062 216 317 250 374
phone 0.0061 158 119 215 172
phone 0.0061 0 85 18 144
phone 0.0061 76 236 106 263
phone 0.0061 126 24 156 82
phone 0.0061 155 70 188 128
phone 0.0061 0 116 2 175
phone 0.0061 18 54 48 113
phone 0.0061 187 0 249 110
phone 0.0061 210 134 266 265
phone 0.0061 249 214 266 262
phone 0.0061 218 122 266 169
phone 0.0061 234 137 266 185
phone 0.0061 47 117 80 174
phone 0.0060 234 199 266 246
phone 0.0060 203 45 263 93
phone 0.0060 16 148 50 205
phone 0.0060 59 309 76 343
phone 0.0060 64 29 125 77
phone 0.0060 248 180 266 295
phone 0.0060 233 104 266 218
phone 0.0060 234 168 266 216
phone 0.0060 64 39 95 97
phone 0.0060 233 165 266 279
phone 0.0060 45 210 82 266
phone 0.0060 218 208 249 267
phone 0.0060 142 29 201 77
phone 0.0060 249 183 266 231
phone 0.0060 18 11 80 126
phone 0.0060 143 55 200 113
phone 0.0059 263 332 266 399
phone 0.0059 264 367 266 399
phone 0.0059 31 132 65 189
phone 0.0059 33 54 64 113
phone 0.0059 0 60 17 108
phone 0.0059 249 152 266 200
phone 0.0059 218 153 266 200
phone 0.0059 219 75 266 123
phone 0.0059 217 73 266 187
phone 0.0059 248 134 266 248
phone 0.0059 62 117 96 174
phone 0.0059 0 295 7 327
phone 0.0059 234 106 266 154
phone 0.0059 172 131 202 191
phone 0.0059 188 23 217 83
phone 0.0059 77 55 111 113
phone 0.0059 186 20 266 197
phone 0.0059 0 0 1 30
phone 0.0059 0 45 48 93
phone 0.0058 203 23 233 83
phone 0.0058 18 29 79 77
phone 0.0058 217 27 266 141
phone 0.0058 265 229 266 277
phone 0.0058 156 39 187 97
phone 0.0058 0 0 2 64
phone 0.0058 185 210 219 266
phone 0.0058 219 229 266 278
phone 0.0058 106 183 175 262
phone 0.0058 0 75 2 123
phone 0.0058 265 337 266 385
phone 0.0058 0 11 34 126
phone 0.0058 218 183 266 231
phone 0.0058 0 330 3 391
phone 0.0058 249 122 266 169
phone 0.0058 265 199 266 246
phone 0.0058 218 29 266 77
phone 0.0058 216 285 250 345
phone 0.0058 263 196 266 310
phone 0.0058 3 54 33 113
phone 0.0058 0 300 15 323
phone 0.0058 249 91 266 139
phone 0.0058 77 118 111 173
phone 0.0057 233 316 264 374
phone 0.0057 0 29 32 77
phone 0.0057 265 322 266 369
phone 0.0057 111 14 171 62
phone 0.0057 0 42 3 156
phone 0.0057 265 168 266 216
phone 0.0057 234 60 266 108
phone 0.0057 82 232 99 266
phone 0.0057 219 39 248 98
phone 0.0057 249 245 266 292
phone 0.0057 248 88 266 202
phone 0.0057 58 300 100 361
phone 0.0057 265 260 266 308
phone 0.0057 172 23 202 83
phone 0.0057 0 0 17 30
phone 0.0057 15 178 50 236
phone 0.0057 80 24 110 82
phone 0.0057 141 24 171 82
phone 0.0057 263 150 266 264
phone 0.0057 248 42 266 156
phone 0.0057 173 168 232 215
phone 0.0057 100 282 150 347
phone 0.0057 30 210 66 266
phone 0.0057 188 137 248 184
phone 0.0056 249 306 266 354
phone 0.0056 234 0 266 30
phone 0.0056 265 291 266 339
phone 0.0056 250 337 266 385
phone 0.0056 80 14 140 62
phone 0.0056 249 29 266 77
phone 0.0056 77 87 111 143
phone 0.0056 263 273 266 387
phone 0.0056 70 282 119 348
phone 0.0056 37 305 67 332
phone 0.0056 265 137 266 185
phone 0.0056 233 0 266 110
phone 0.0056 68 228 98 255
phone 0.0056 34 23 64 82
phone 0.0056 0 45 2 93
phone 0.0056 141 0 202 64
phone 0.0056 247 273 266 387
phone 0.0056 0 0 33 64
phone 0.0056 30 287 66 343
phone 0.0056 1 0 65 95
phone 0.0056 0 305 3 317
phone 0.0055 265 91 266 139
phone 0.0055 188 91 247 139
phone 0.0055 150 203 223 273
phone 0.0055 263 104 266 218
phone 0.0055 265 29 266 77
phone 0.0055 248 0 266 64
phone 0.0055 265 60 266 108
phone 0.0055 263 57 266 171
phone 0.0055 0 84 15 195
phone 0.0055 157 0 217 30
phone 0.0055 15 287 50 343
phone 0.0055 248 363 266 399
phone 0.0055 0 23 17 82
phone 0.0055 159 151 215 201
phone 0.0055 218 0 266 64
phone 0.0054 18 23 48 82
phone 0.0054 80 0 140 30
phone 0.0054 50 14 109 62
phone 0.0054 263 0 266 110
phone 0.0054 156 8 187 67
phone 0.0054 188 14 247 62
phone 0.0054 127 0 186 30
phone 0.0054 248 227 266 340
phone 0.0054 154 333 188 389
phone 0.0054 203 131 233 190
phone 0.0054 188 60 247 108
phone 0.0054 64 0 125 64
phone 0.0054 264 301 266 359
phone 0.0054 265 0 266 30
phone 0.0054 171 0 233 64
phone 0.0053 264 0 266 64
phone 0.0053 265 353 266 399
phone 0.0053 0 0 47 30
phone 0.0053 218 100 248 159
phone 0.0053 249 276 266 323
phone 0.0053 203 85 233 144
phone 0.0053 188 183 247 231
phone 0.0053 218 131 248 190
phone 0.0053 51 309 69 343
phone 0.0053 95 0 156 46
phone 0.0053 220 303 266 358
phone 0.0053 141 0 171 51
phone 0.0053 44 302 83 359
phone 0.0053 0 88 3 202
phone 0.0053 218 162 248 221
phone 0.0052 188 0 247 30
phone 0.0052 126 0 156 51
phone 0.0052 184 273 219 326
phone 0.0052 157 0 186 37
phone 0.0052 15 256 50 312
phone 0.0052 50 0 109 30
phone 0.0052 110 0 141 51
phone 0.0052 173 0 202 37
phone 0.0052 33 0 95 64
phone 0.0052 187 131 218 190
phone 0.0052 44 302 61 336
phone 0.0052 96 0 125 37
phone 0.0051 19 0 78 30
phone 0.0051 203 54 233 113
phone 0.0051 55 266 103 333
phone 0.0051 203 162 233 221
phone 0.0051 0 313 3 325
phone 0.0051 219 0 248 37
phone 0.0051 64 8 95 67
phone 0.0051 74 225 92 259
phone 0.0051 264 270 266 328
phone 0.0051 80 0 109 37
phone 0.0050 172 162 202 221
phone 0.0050 63 320 73 332
phone 0.0050 48 8 80 67
phone 0.0050 188 0 217 37
