phone 0.9573 97 55 349 267
phone 0.0964 68 8 217 206
phone 0.0563 57 62 165 205
phone 0.0504 121 173 224 266
phone 0.0487 335 0 399 153
phone 0.0477 126 6 226 153
phone 0.0469 225 81 338 249
phone 0.0373 16 35 137 169
phone 0.0372 276 95 359 231
phone 0.0346 108 123 245 258
phone 0.0338 83 98 205 237
phone 0.0336 130 29 273 202
phone 0.0323 44 6 176 150
phone 0.0313 145 151 319 267
phone 0.0278 123 51 199 140
phone 0.0241 138 37 214 123
phone 0.0231 72 138 152 250
phone 0.0230 0 36 62 171
phone 0.0230 173 103 302 240
phone 0.0205 6 67 85 195
phone 0.0197 285 56 376 195
phone 0.0193 260 138 339 207
phone 0.0191 146 166 237 240
phone 0.0186 0 0 100 118
phone 0.0179 104 0 187 137
phone 0.0179 189 45 317 206
phone 0.0174 245 153 323 222
phone 0.0168 285 0 372 110
phone 0.0165 83 159 178 267
phone 0.0164 109 67 183 154
phone 0.0163 37 101 121 227
phone 0.0162 184 24 386 251
phone 0.0159 343 59 399 207
phone 0.0155 197 170 278 236
phone 0.0152 163 0 251 138
phone 0.0150 271 27 359 163
phone 0.0148 316 0 397 85
phone 0.0148 15 45 206 267
phone 0.0144 251 0 338 110
phone 0.0144 82 115 147 199
phone 0.0141 235 17 333 173
phone 0.0137 230 169 307 236
phone 0.0134 214 0 293 164
phone 0.0133 212 153 295 222
phone 0.0133 251 140 348 265
phone 0.0133 93 101 167 182
phone 0.0132 227 135 310 209
phone 0.0132 279 89 350 163
phone 0.0132 294 107 366 175
phone 0.0131 161 189 253 248
phone 0.0129 127 21 195 108
phone 0.0128 314 99 393 224
phone 0.0127 218 183 288 254
phone 0.0126 94 146 166 229
phone 0.0125 244 118 324 196
phone 0.0125 50 170 149 267
phone 0.0121 139 63 183 127
phone 0.0118 0 97 57 231
phone 0.0118 105 186 186 250
phone 0.0117 0 127 107 247
phone 0.0114 280 143 318 201
phone 0.0113 357 28 399 100
phone 0.0112 157 23 226 106
phone 0.0111 0 169 70 267
phone 0.0109 155 49 197 111
phone 0.0109 281 63 349 127
phone 0.0108 278 155 352 219
phone 0.0108 348 120 399 254
phone 0.0107 294 140 367 204
phone 0.0107 265 158 302 217
phone 0.0106 225 201 313 267
phone 0.0106 260 103 338 180
phone 0.0106 297 77 363 144
phone 0.0105 235 174 271 231
phone 0.0105 66 103 133 179
phone 0.0105 296 127 333 186
phone 0.0104 329 20 362 77
phone 0.0104 66 136 134 208
phone 0.0104 191 199 272 267
phone 0.0103 191 131 284 214
phone 0.0103 113 189 147 247
phone 0.0102 146 202 238 267
phone 0.0102 250 158 287 216
phone 0.0101 173 190 210 247
phone 0.0101 220 175 256 231
phone 0.0100 227 55 257 81
phone 0.0100 314 45 399 175
phone 0.0100 358 106 399 177
phone 0.0099 158 189 194 247
phone 0.0099 126 49 165 110
phone 0.0099 359 58 399 132
phone 0.0099 361 169 399 236
phone 0.0098 262 172 337 234
phone 0.0098 302 138 390 267
phone 0.0097 357 137 399 207
phone 0.0096 116 11 175 87
phone 0.0096 96 126 133 187
phone 0.0096 81 85 149 166
phone 0.0096 312 97 348 155
phone 0.0094 67 0 332 174
phone 0.0094 179 20 236 78
phone 0.0094 297 82 332 139
phone 0.0093 233 51 250 85
phone 0.0093 47 79 121 142
phone 0.0093 309 125 382 188
phone 0.0092 97 55 164 135
phone 0.0092 97 174 132 232
phone 0.0092 28 66 110 125
phone 0.0092 341 46 399 113
phone 0.0092 0 0 39 1
phone 0.0091 346 0 399 28
phone 0.0091 75 204 155 263
phone 0.0090 65 62 134 128
phone 0.0089 5 0 71 69
phone 0.0089 308 33 383 96
phone 0.0089 144 190 178 246
phone 0.0089 313 128 347 185
phone 0.0089 298 159 332 215
phone 0.0088 246 188 322 248
phone 0.0088 0 263 41 267
phone 0.0088 32 156 105 218
phone 0.0088 30 96 107 156
phone 0.0088 38 0 124 99
phone 0.0087 234 234 304 267
phone 0.0087 96 29 165 100
phone 0.0087 82 127 116 186
phone 0.0087 374 50 399 109
phone 0.0086 14 80 93 141
phone 0.0086 124 93 198 190
phone 0.0086 16 173 91 233
phone 0.0085 46 126 122 187
phone 0.0085 128 190 162 246
phone 0.0085 170 236 245 267
phone 0.0085 80 47 150 112
phone 0.0084 189 191 224 245
phone 0.0084 28 187 111 267
phone 0.0083 125 79 166 141
phone 0.0083 205 191 239 245
phone 0.0083 48 219 121 267
phone 0.0083 340 156 399 219
phone 0.0082 146 12 207 86
phone 0.0082 253 44 315 115
phone 0.0082 109 217 182 267
phone 0.0082 266 199 333 267
phone 0.0082 343 4 379 62
phone 0.0081 0 158 78 217
phone 0.0081 282 174 316 231
phone 0.0081 193 31 252 97
phone 0.0080 282 183 348 253
phone 0.0080 237 62 247 74
phone 0.0080 42 51 126 109
phone 0.0080 250 70 280 97
phone 0.0080 374 128 399 185
phone 0.0080 142 253 157 267
phone 0.0079 311 170 381 235
phone 0.0079 161 254 223 267
phone 0.0079 113 50 147 109
phone 0.0079 13 143 94 201
phone 0.0079 259 73 339 148
phone 0.0079 15 110 91 173
phone 0.0079 374 97 399 155
phone 0.0079 126 233 196 267
phone 0.0079 134 256 166 267
phone 0.0079 68 237 131 267
phone 0.0079 96 235 165 267
phone 0.0079 6 4 39 62
phone 0.0078 21 4 55 62
phone 0.0078 111 232 142 258
phone 0.0078 251 190 285 246
phone 0.0078 150 91 233 192
phone 0.0078 82 81 116 139
phone 0.0078 206 96 300 188
phone 0.0078 171 50 212 110
phone 0.0078 224 0 305 78
phone 0.0077 222 36 284 124
phone 0.0077 120 143 202 232
phone 0.0077 313 158 347 216
phone 0.0077 313 66 347 124
phone 0.0077 16 44 90 115
phone 0.0077 328 128 362 185
phone 0.0077 325 64 398 126
phone 0.0076 111 111 149 171
phone 0.0076 141 34 180 94
phone 0.0076 296 46 364 113
phone 0.0076 191 0 281 97
phone 0.0076 82 159 116 216
phone 0.0076 67 82 101 138
phone 0.0076 325 94 397 157
phone 0.0076 1 61 75 129
phone 0.0075 221 204 255 262
phone 0.0075 126 248 157 267
phone 0.0075 1 93 75 159
phone 0.0075 118 228 135 262
phone 0.0074 2 122 74 191
phone 0.0074 111 158 149 217
phone 0.0074 0 0 48 101
phone 0.0074 359 0 394 47
phone 0.0074 145 262 154 267
phone 0.0074 203 232 273 267
phone 0.0074 133 244 150 267
phone 0.0074 82 205 116 262
phone 0.0074 223 254 284 267
phone 0.0074 344 36 377 92
phone 0.0074 52 159 85 215
phone 0.0073 256 67 274 100
phone 0.0073 348 194 399 242
phone 0.0073 113 220 147 267
phone 0.0073 97 66 132 124
phone 0.0073 267 205 301 262
phone 0.0073 0 219 56 267
phone 0.0073 98 205 131 261
phone 0.0072 51 83 85 138
phone 0.0072 282 204 316 262
phone 0.0072 67 158 101 216
phone 0.0072 377 187 399 249
phone 0.0072 36 174 70 231
phone 0.0072 236 204 270 262
phone 0.0072 67 113 101 169
phone 0.0071 319 101 349 127
phone 0.0071 374 158 399 216
phone 0.0071 21 205 54 262
phone 0.0071 59 34 140 94
phone 0.0071 190 236 224 267
phone 0.0071 374 21 399 77
phone 0.0071 192 253 254 267
phone 0.0071 189 35 225 93
phone 0.0071 264 128 303 186
phone 0.0070 177 249 207 267
phone 0.0070 0 139 44 205
phone 0.0070 131 253 192 267
phone 0.0070 298 189 332 247
phone 0.0070 96 216 126 243
phone 0.0070 67 220 100 267
phone 0.0070 0 171 45 234
phone 0.0070 251 221 285 267
phone 0.0069 84 234 115 267
phone 0.0069 5 205 39 262
phone 0.0069 129 220 162 267
phone 0.0069 104 224 134 250
phone 0.0069 96 170 126 197
phone 0.0069 314 0 377 27
phone 0.0069 81 14 148 83
phone 0.0069 82 52 116 107
phone 0.0069 313 35 347 93
phone 0.0068 51 113 85 169
phone 0.0068 0 109 44 174
phone 0.0068 344 112 378 170
phone 0.0068 113 20 147 78
phone 0.0068 0 79 45 142
phone 0.0068 36 67 70 123
phone 0.0068 21 174 54 231
phone 0.0068 144 235 177 267
phone 0.0068 318 209 374 258
phone 0.0068 362 208 399 259
phone 0.0067 313 189 347 247
phone 0.0067 329 174 362 231
phone 0.0067 161 249 192 267
phone 0.0067 329 97 362 154
phone 0.0067 149 252 165 267
phone 0.0067 0 49 45 111
phone 0.0067 21 219 86 267
phone 0.0067 36 4 70 62
phone 0.0067 4 28 72 100
phone 0.0067 344 174 377 231
phone 0.0066 282 50 316 109
phone 0.0066 133 4 189 63
phone 0.0066 137 262 147 267
phone 0.0066 0 0 125 266
phone 0.0066 162 8 221 59
phone 0.0066 240 35 297 94
phone 0.0066 238 249 269 267
phone 0.0066 70 0 129 44
phone 0.0066 96 96 133 155
phone 0.0066 256 255 313 267
phone 0.0066 331 0 361 31
phone 0.0065 325 97 343 131
phone 0.0065 23 0 84 27
phone 0.0065 329 50 362 108
phone 0.0065 223 249 253 267
phone 0.0065 125 228 143 262
phone 0.0065 344 66 378 123
phone 0.0065 0 0 41 33
phone 0.0065 110 220 127 254
phone 0.0065 280 112 318 170
phone 0.0064 122 239 131 251
phone 0.0064 102 213 120 247
phone 0.0064 102 167 120 200
phone 0.0064 175 220 208 267
phone 0.0064 137 254 147 267
phone 0.0064 36 205 70 262
phone 0.0064 111 81 149 140
phone 0.0064 206 236 239 267
phone 0.0064 260 77 270 90
phone 0.0063 36 98 70 154
phone 0.0063 83 266 148 267
phone 0.0063 300 7 361 60
phone 0.0063 331 203 361 264
phone 0.0063 51 52 86 107
phone 0.0063 316 0 376 11
phone 0.0062 316 240 375 267
phone 0.0062 232 45 305 145
phone 0.0062 51 189 85 247
phone 0.0062 38 0 69 31
phone 0.0062 23 0 53 31
phone 0.0061 114 266 178 267
phone 0.0061 20 10 87 88
phone 0.0061 330 266 393 267
phone 0.0061 152 262 162 267
phone 0.0061 314 3 346 63
phone 0.0061 263 0 399 210
phone 0.0061 36 144 70 199
phone 0.0061 21 112 55 170
phone 0.0061 98 36 132 92
phone 0.0061 144 266 209 267
phone 0.0061 21 82 55 139
phone 0.0061 284 238 346 267
phone 0.0061 54 0 84 31
phone 0.0061 191 266 255 267
phone 0.0061 254 249 284 267
phone 0.0061 8 0 68 11
phone 0.0060 82 4 116 62
phone 0.0060 21 144 55 200
phone 0.0060 67 189 101 247
phone 0.0060 270 249 299 267
phone 0.0060 283 0 347 29
phone 0.0060 67 52 101 107
phone 0.0060 330 191 393 267
phone 0.0060 331 234 361 267
phone 0.0060 85 0 145 11
phone 0.0059 159 220 193 267
phone 0.0059 114 0 178 29
phone 0.0059 5 159 39 216
phone 0.0059 302 224 358 267
phone 0.0059 300 4 330 62
phone 0.0059 147 0 206 11
phone 0.0059 54 0 114 27
phone 0.0059 83 0 147 29
phone 0.0059 253 0 316 29
phone 0.0059 145 0 208 29
phone 0.0059 346 0 376 17
phone 0.0059 53 266 116 267
phone 0.0059 225 51 243 85
phone 0.0059 116 0 176 11
phone 0.0058 222 0 285 29
phone 0.0058 298 50 331 109
phone 0.0058 176 0 239 29
phone 0.0058 301 256 360 267
phone 0.0058 285 0 345 11
phone 0.0058 5 35 39 93
phone 0.0058 269 9 330 57
phone 0.0058 221 266 286 267
phone 0.0058 362 239 399 267
phone 0.0058 361 0 399 12
phone 0.0058 54 0 114 11
phone 0.0058 192 4 223 62
phone 0.0058 344 143 378 201
phone 0.0058 41 0 97 49
phone 0.0058 99 0 161 44
phone 0.0058 270 38 329 91
phone 0.0057 316 0 345 17
phone 0.0057 375 0 399 32
phone 0.0057 101 254 160 267
phone 0.0057 296 93 326 120
phone 0.0057 0 220 23 267
phone 0.0057 0 128 24 185
phone 0.0057 177 0 237 11
phone 0.0057 346 219 376 267
phone 0.0057 329 108 339 120
phone 0.0057 254 0 314 11
phone 0.0057 5 66 39 124
phone 0.0057 300 265 330 267
phone 0.0057 22 266 85 267
phone 0.0057 331 256 391 267
phone 0.0057 20 51 55 108
phone 0.0057 100 0 130 17
phone 0.0057 5 97 39 154
phone 0.0056 163 264 238 267
phone 0.0056 95 213 112 247
phone 0.0056 162 0 191 17
phone 0.0056 376 0 399 2
phone 0.0056 224 0 283 11
phone 0.0056 129 239 139 251
phone 0.0056 147 0 176 17
phone 0.0056 315 250 346 267
phone 0.0056 316 219 345 267
phone 0.0056 69 0 99 31
phone 0.0056 85 0 115 17
phone 0.0056 299 266 362 267
phone 0.0056 238 0 300 44
phone 0.0056 106 177 116 190
phone 0.0056 98 4 132 62
phone 0.0056 192 0 254 44
phone 0.0056 131 0 161 17
phone 0.0056 346 265 376 267
phone 0.0056 116 0 145 17
phone 0.0055 177 0 207 17
phone 0.0055 300 0 330 17
phone 0.0055 51 4 86 62
phone 0.0055 285 3 315 63
phone 0.0055 125 111 166 171
phone 0.0055 114 231 124 243
phone 0.0055 106 223 116 236
phone 0.0055 67 5 101 62
phone 0.0055 360 255 399 267
phone 0.0055 264 66 281 101
phone 0.0055 250 50 287 109
phone 0.0055 254 25 315 73
phone 0.0055 346 250 376 267
phone 0.0055 0 238 37 267
phone 0.0055 364 262 399 267
phone 0.0054 285 0 315 17
phone 0.0054 193 0 222 17
phone 0.0054 285 234 315 267
phone 0.0054 0 189 24 247
phone 0.0054 270 0 299 17
phone 0.0054 254 0 284 17
phone 0.0054 208 0 238 17
phone 0.0054 0 0 36 12
phone 0.0053 239 0 268 17
phone 0.0053 9 240 67 267
phone 0.0053 223 0 253 17
phone 0.0053 7 266 70 267
phone 0.0053 207 0 269 60
phone 0.0053 331 265 361 267
phone 0.0053 110 167 127 200
phone 0.0053 315 265 346 267
phone 0.0053 111 249 142 267
phone 0.0053 376 264 399 267
phone 0.0053 118 245 135 267
phone 0.0053 254 20 284 77
phone 0.0053 100 265 130 267
phone 0.0053 234 50 272 109
phone 0.0053 265 78 295 104
phone 0.0052 270 0 299 47
phone 0.0052 302 89 320 124
phone 0.0052 0 0 23 2
phone 0.0052 254 0 284 47
phone 0.0052 269 19 299 77
phone 0.0052 239 0 268 47
phone 0.0052 139 95 182 157
phone 0.0052 172 18 204 42
phone 0.0052 252 266 317 267
phone 0.0052 284 266 347 267
phone 0.0052 0 0 22 17
phone 0.0052 37 254 100 267
phone 0.0051 281 85 311 112
phone 0.0051 315 0 346 1
phone 0.0051 224 0 253 47
phone 0.0051 280 83 318 138
phone 0.0051 300 0 331 1
phone 0.0051 376 218 399 267
phone 0.0051 284 23 346 74
phone 0.0051 101 265 179 267
phone 0.0051 330 0 361 1
phone 0.0051 146 0 177 46
phone 0.0051 146 0 177 1
phone 0.0051 0 20 24 77
phone 0.0051 284 0 315 1
phone 0.0051 106 231 116 244
phone 0.0051 130 0 161 1
phone 0.0051 376 249 399 267
phone 0.0051 23 265 53 267
phone 0.0050 238 20 269 77
phone 0.0050 223 20 254 77
phone 0.0050 242 41 273 65
phone 0.0050 229 62 239 74
phone 0.0050 161 0 192 1
phone 0.0050 269 0 300 1
phone 0.0050 69 0 100 1
phone 0.0050 233 143 273 200
phone 0.0050 23 0 54 1
phone 0.0050 115 0 146 1
phone 0.0050 84 0 115 1
phone 0.0050 268 266 332 267
phone 0.0050 54 250 84 267
phone 0.0050 54 0 84 1
phone 0.0050 300 234 330 267
phone 0.0050 253 0 285 1
phone 0.0050 100 0 131 1
