phone 0.9494 145 37 251 248
phone 0.0685 133 109 229 256
phone 0.0395 77 69 212 251
phone 0.0373 128 22 226 137
phone 0.0350 109 67 290 264
phone 0.0324 208 122 301 254
phone 0.0322 137 160 255 264
phone 0.0316 164 118 250 224
phone 0.0299 203 71 304 208
phone 0.0289 88 0 265 225
phone 0.0273 85 29 196 181
phone 0.0269 70 62 159 217
phone 0.0264 198 14 324 138
phone 0.0258 175 25 274 134
phone 0.0215 229 77 348 250
phone 0.0214 265 101 377 223
phone 0.0210 154 0 230 173
phone 0.0202 126 150 196 221
phone 0.0201 153 87 231 193
phone 0.0197 216 118 290 192
phone 0.0193 238 145 299 227
phone 0.0180 123 119 199 192
phone 0.0170 166 56 248 163
phone 0.0167 214 15 370 194
phone 0.0162 108 136 183 205
phone 0.0160 34 79 131 241
phone 0.0157 229 34 309 183
phone 0.0153 238 148 330 264
phone 0.0151 216 88 290 161
phone 0.0148 143 157 178 215
phone 0.0147 108 103 183 177
phone 0.0147 237 100 301 180
phone 0.0146 264 41 382 165
phone 0.0144 218 166 289 237
phone 0.0143 159 229 236 264
phone 0.0142 193 102 282 178
phone 0.0138 94 0 187 113
phone 0.0138 79 103 151 176
phone 0.0135 123 90 199 159
phone 0.0135 144 153 208 249
phone 0.0135 67 120 153 258
phone 0.0133 191 138 284 204
phone 0.0130 235 156 271 216
phone 0.0130 0 121 82 250
phone 0.0129 180 164 265 239
phone 0.0128 217 62 290 126
phone 0.0128 247 0 343 102
phone 0.0127 35 1 128 146
phone 0.0126 94 163 187 264
phone 0.0125 250 140 287 201
phone 0.0122 72 185 159 264
phone 0.0121 77 137 152 204
phone 0.0121 234 125 272 185
phone 0.0121 247 155 321 217
phone 0.0120 4 8 93 135
phone 0.0118 189 184 287 264
phone 0.0117 4 92 102 217
phone 0.0117 154 198 229 264
phone 0.0116 21 45 116 172
phone 0.0116 195 70 281 149
phone 0.0116 80 71 149 147
phone 0.0115 250 131 397 256
phone 0.0114 142 126 179 184
phone 0.0113 237 70 300 148
phone 0.0113 0 89 53 240
phone 0.0112 125 49 197 108
phone 0.0112 0 40 63 177
phone 0.0110 127 123 157 149
phone 0.0110 91 86 169 162
phone 0.0109 248 185 320 248
phone 0.0108 127 142 163 199
phone 0.0106 108 75 183 143
phone 0.0105 250 215 318 264
phone 0.0105 249 123 319 187
phone 0.0105 168 152 215 219
phone 0.0104 133 119 150 152
phone 0.0104 89 120 171 190
phone 0.0104 134 231 208 264
phone 0.0102 0 0 54 100
phone 0.0099 95 235 166 264
phone 0.0099 3 154 74 218
phone 0.0099 250 109 287 170
phone 0.0098 128 179 195 254
phone 0.0098 78 168 152 234
phone 0.0097 144 58 209 160
phone 0.0097 242 139 272 164
phone 0.0097 0 167 56 235
phone 0.0096 165 27 219 99
phone 0.0096 235 95 272 153
phone 0.0096 179 216 267 264
phone 0.0096 267 157 301 214
phone 0.0095 236 65 270 122
phone 0.0094 97 126 132 184
phone 0.0094 143 96 179 153
phone 0.0093 127 111 164 169
phone 0.0093 144 49 177 107
phone 0.0093 85 40 145 117
phone 0.0093 66 221 134 264
phone 0.0093 95 55 166 132
phone 0.0093 167 121 216 189
phone 0.0091 226 0 304 82
phone 0.0091 97 95 133 154
phone 0.0091 181 135 233 206
phone 0.0091 50 61 118 126
phone 0.0091 267 188 301 245
phone 0.0090 0 74 55 143
phone 0.0090 113 201 210 264
phone 0.0090 287 0 368 124
phone 0.0090 132 0 214 86
phone 0.0090 137 130 147 142
phone 0.0089 202 232 274 264
phone 0.0089 249 135 266 168
phone 0.0089 64 0 161 159
phone 0.0088 0 262 41 264
phone 0.0088 89 155 171 217
phone 0.0087 28 139 110 262
phone 0.0087 29 127 108 183
phone 0.0087 65 150 134 222
phone 0.0087 191 0 279 98
phone 0.0086 0 130 36 180
phone 0.0086 156 248 228 264
phone 0.0086 220 159 255 213
phone 0.0086 15 110 92 169
phone 0.0085 240 46 298 110
phone 0.0085 224 36 283 90
phone 0.0085 144 187 178 245
phone 0.0084 114 234 147 264
phone 0.0084 174 203 209 261
phone 0.0083 21 157 54 214
phone 0.0083 6 156 39 215
phone 0.0083 218 127 257 184
phone 0.0083 267 126 301 184
phone 0.0083 165 255 238 264
phone 0.0082 97 48 132 107
phone 0.0082 83 203 115 261
phone 0.0082 16 142 91 199
phone 0.0082 31 79 106 139
phone 0.0081 160 32 193 93
phone 0.0081 98 218 131 264
phone 0.0081 97 157 132 214
phone 0.0081 4 123 72 187
phone 0.0081 251 78 286 139
phone 0.0080 135 254 207 264
phone 0.0080 240 188 298 264
phone 0.0080 74 241 141 264
phone 0.0080 67 64 100 122
phone 0.0079 252 145 262 157
phone 0.0079 0 31 166 264
phone 0.0079 157 170 196 232
phone 0.0079 187 249 258 264
phone 0.0079 234 154 265 179
phone 0.0079 48 170 120 232
phone 0.0079 0 140 23 200
phone 0.0079 116 35 175 91
phone 0.0078 127 81 163 137
phone 0.0077 219 49 256 107
phone 0.0077 256 134 274 168
phone 0.0077 269 166 331 236
phone 0.0076 169 76 215 142
phone 0.0076 114 252 177 264
phone 0.0076 252 90 316 159
phone 0.0075 221 234 255 264
phone 0.0075 236 188 270 245
phone 0.0075 8 54 68 103
phone 0.0075 193 22 253 73
phone 0.0075 67 114 133 196
phone 0.0075 219 214 288 264
phone 0.0074 6 64 39 122
phone 0.0074 22 173 85 229
phone 0.0074 98 188 132 245
phone 0.0074 0 111 58 168
phone 0.0073 53 207 116 257
phone 0.0073 53 38 115 87
phone 0.0073 175 249 208 264
phone 0.0073 31 156 107 216
phone 0.0073 52 127 85 183
phone 0.0072 203 172 242 230
phone 0.0072 112 143 148 198
phone 0.0072 23 49 54 107
phone 0.0072 207 18 239 76
phone 0.0072 279 176 363 264
phone 0.0072 185 170 229 233
phone 0.0071 128 174 162 229
phone 0.0071 111 80 148 138
phone 0.0071 129 234 162 264
phone 0.0071 241 150 258 183
phone 0.0070 195 259 269 264
phone 0.0070 82 157 116 215
phone 0.0070 190 249 224 264
phone 0.0070 176 0 239 109
phone 0.0070 176 18 208 76
phone 0.0070 6 95 39 153
phone 0.0069 36 157 70 214
phone 0.0069 69 33 100 91
phone 0.0069 49 104 119 175
phone 0.0069 36 126 70 183
phone 0.0069 155 139 198 202
phone 0.0069 36 80 70 138
phone 0.0068 131 0 390 154
phone 0.0068 0 0 41 31
phone 0.0068 128 204 162 259
phone 0.0068 69 201 99 262
phone 0.0068 21 125 54 184
phone 0.0068 268 233 300 264
phone 0.0068 84 23 146 71
phone 0.0067 70 8 130 56
phone 0.0067 206 249 239 264
phone 0.0067 52 81 85 137
phone 0.0067 39 8 99 56
phone 0.0067 260 145 270 157
phone 0.0067 237 228 301 264
phone 0.0067 68 0 131 104
phone 0.0066 83 33 116 92
phone 0.0066 68 172 100 230
phone 0.0066 54 33 84 92
phone 0.0066 160 249 192 264
phone 0.0066 23 23 84 71
phone 0.0066 50 134 119 207
phone 0.0066 112 49 148 107
phone 0.0066 236 219 270 264
phone 0.0065 220 247 298 264
phone 0.0065 159 202 194 262
phone 0.0065 4 87 72 161
phone 0.0065 271 136 328 205
phone 0.0065 70 255 130 264
phone 0.0064 85 248 115 264
phone 0.0064 146 21 207 73
phone 0.0064 189 205 224 259
phone 0.0064 85 2 115 61
phone 0.0064 69 2 99 61
phone 0.0064 0 247 64 264
phone 0.0064 100 18 130 76
phone 0.0064 111 111 149 168
phone 0.0064 127 145 157 172
phone 0.0064 54 2 84 61
phone 0.0064 54 0 114 40
phone 0.0064 38 49 69 106
phone 0.0063 162 0 222 40
phone 0.0063 226 263 258 264
phone 0.0063 69 81 130 167
phone 0.0063 39 2 68 61
phone 0.0063 191 18 223 76
phone 0.0062 221 189 254 244
phone 0.0062 362 237 399 264
phone 0.0062 234 259 250 264
phone 0.0062 23 0 83 41
phone 0.0062 245 160 254 173
phone 0.0062 13 0 207 200
phone 0.0062 102 258 177 264
phone 0.0062 85 0 145 40
phone 0.0062 131 0 191 25
phone 0.0062 127 169 157 195
phone 0.0062 271 237 328 264
phone 0.0062 250 146 280 172
phone 0.0062 256 254 312 264
phone 0.0062 217 80 258 138
phone 0.0062 282 188 316 245
phone 0.0062 54 240 115 264
phone 0.0061 282 156 317 215
phone 0.0061 113 204 147 260
phone 0.0061 363 191 399 264
phone 0.0061 115 0 177 58
phone 0.0061 52 157 85 214
phone 0.0061 131 0 191 10
phone 0.0061 38 53 99 104
phone 0.0060 267 200 332 264
phone 0.0060 222 18 254 76
phone 0.0060 316 8 376 56
phone 0.0060 133 142 151 176
phone 0.0060 100 0 161 25
phone 0.0060 7 0 70 28
phone 0.0060 253 33 284 92
phone 0.0060 316 224 376 264
phone 0.0060 193 0 253 40
phone 0.0060 8 8 68 56
phone 0.0060 177 0 207 46
phone 0.0060 157 62 196 125
phone 0.0060 360 254 399 264
phone 0.0059 363 22 399 134
phone 0.0059 256 62 312 125
phone 0.0059 0 193 27 217
phone 0.0059 100 0 160 10
phone 0.0059 300 0 360 41
phone 0.0059 67 111 101 168
phone 0.0059 360 54 399 103
phone 0.0059 130 18 161 75
phone 0.0059 100 0 130 46
phone 0.0059 270 54 329 102
phone 0.0059 331 23 391 71
phone 0.0059 361 84 399 133
phone 0.0059 254 0 314 40
phone 0.0059 146 0 176 30
phone 0.0059 8 0 68 10
phone 0.0059 0 183 40 250
phone 0.0059 70 0 130 25
phone 0.0059 162 0 192 46
phone 0.0059 252 233 285 264
phone 0.0059 144 234 178 264
phone 0.0059 193 0 222 46
phone 0.0058 162 0 222 10
phone 0.0058 224 261 303 264
phone 0.0058 361 177 399 226
phone 0.0058 285 0 345 10
phone 0.0058 268 0 332 28
phone 0.0058 330 0 393 104
phone 0.0058 363 68 399 180
phone 0.0058 177 0 237 25
phone 0.0058 131 0 161 30
phone 0.0058 267 19 333 137
phone 0.0058 360 23 399 72
phone 0.0058 284 0 346 73
phone 0.0058 172 48 212 109
phone 0.0058 39 0 99 25
phone 0.0058 113 174 147 229
phone 0.0058 254 0 314 10
phone 0.0058 237 0 301 28
phone 0.0058 115 18 146 76
phone 0.0058 223 0 283 40
phone 0.0058 331 0 391 41
phone 0.0058 0 141 54 199
phone 0.0058 208 0 268 25
phone 0.0058 39 0 99 10
phone 0.0058 301 239 360 264
phone 0.0058 361 115 399 164
phone 0.0058 177 8 238 56
phone 0.0057 223 0 284 10
phone 0.0057 331 2 361 61
phone 0.0057 133 165 151 199
phone 0.0057 363 129 399 241
phone 0.0057 69 0 130 10
phone 0.0057 116 0 145 46
phone 0.0057 316 193 375 240
phone 0.0057 300 23 360 71
phone 0.0057 25 64 81 124
phone 0.0057 252 153 262 165
phone 0.0057 377 263 399 264
phone 0.0057 22 191 85 264
phone 0.0057 316 39 376 87
phone 0.0057 66 250 150 264
phone 0.0057 193 0 253 10
phone 0.0057 208 0 238 46
phone 0.0057 346 2 376 61
phone 0.0057 331 218 361 264
phone 0.0057 162 0 192 15
phone 0.0057 205 204 240 260
phone 0.0057 23 2 53 61
phone 0.0057 207 0 269 58
phone 0.0057 316 0 376 10
phone 0.0057 285 233 315 264
phone 0.0057 361 0 399 41
phone 0.0057 316 0 376 25
phone 0.0057 361 146 399 195
phone 0.0057 3 189 20 221
phone 0.0057 192 263 222 264
phone 0.0057 6 22 16 34
phone 0.0057 255 38 314 87
phone 0.0056 314 159 378 264
phone 0.0056 285 49 315 107
phone 0.0056 270 8 330 56
phone 0.0056 116 0 145 15
phone 0.0056 301 254 360 264
phone 0.0056 0 17 27 39
phone 0.0056 316 0 345 46
phone 0.0056 0 110 23 169
phone 0.0056 0 172 24 230
phone 0.0056 267 79 301 138
phone 0.0056 270 0 299 46
phone 0.0056 185 62 229 125
phone 0.0056 364 260 399 264
phone 0.0056 208 263 238 264
phone 0.0056 223 0 253 46
phone 0.0056 300 0 330 46
phone 0.0056 24 0 53 15
phone 0.0056 377 217 399 264
phone 0.0056 177 0 207 15
phone 0.0056 82 125 117 185
phone 0.0056 203 39 234 63
phone 0.0056 286 70 344 117
phone 0.0055 6 37 16 50
phone 0.0055 300 0 330 15
phone 0.0055 361 0 399 10
phone 0.0055 100 0 130 15
phone 0.0055 285 39 345 87
phone 0.0055 285 0 315 15
phone 0.0055 0 32 27 55
phone 0.0055 39 0 68 15
phone 0.0055 285 0 315 46
phone 0.0055 3 13 19 43
phone 0.0055 0 0 36 10
phone 0.0055 6 30 16 42
phone 0.0055 254 0 284 46
phone 0.0055 0 109 27 132
phone 0.0055 270 0 299 15
phone 0.0055 67 141 101 199
phone 0.0055 316 0 345 15
phone 0.0055 254 0 284 15
phone 0.0055 347 33 376 92
phone 0.0055 0 0 23 0
phone 0.0055 239 0 268 30
phone 0.0055 0 12 42 144
phone 0.0055 377 247 399 264
phone 0.0055 377 186 399 247
phone 0.0055 38 217 69 264
phone 0.0055 181 105 233 174
phone 0.0055 6 114 16 127
phone 0.0055 54 0 84 15
phone 0.0055 331 187 361 246
phone 0.0055 377 63 399 123
phone 0.0055 0 63 27 86
phone 0.0055 316 233 345 264
phone 0.0054 85 0 115 15
phone 0.0054 69 0 99 15
phone 0.0054 193 0 222 15
phone 0.0054 3 105 19 135
phone 0.0054 377 32 399 93
phone 0.0054 0 80 24 138
phone 0.0054 223 0 253 15
phone 0.0054 316 17 345 77
phone 0.0054 269 33 300 92
phone 0.0054 331 254 391 264
phone 0.0054 331 54 391 102
phone 0.0054 331 33 361 92
phone 0.0054 208 0 238 15
phone 0.0054 3 28 19 59
phone 0.0054 238 18 269 76
phone 0.0054 331 0 361 15
phone 0.0054 300 17 330 77
phone 0.0054 155 108 198 171
phone 0.0054 377 94 399 154
phone 0.0054 0 0 22 15
phone 0.0054 376 1 399 62
phone 0.0054 346 0 376 15
phone 0.0054 0 207 51 256
phone 0.0054 346 8 399 56
phone 0.0054 315 21 377 135
phone 0.0054 6 199 16 211
phone 0.0053 331 239 391 264
phone 0.0053 39 192 99 241
phone 0.0053 21 95 55 153
phone 0.0053 300 64 330 122
phone 0.0053 219 137 249 165
phone 0.0053 219 222 249 249
phone 0.0053 116 263 145 264
phone 0.0053 300 54 360 102
phone 0.0053 331 208 391 256
phone 0.0053 218 262 250 264
phone 0.0053 234 231 264 256
phone 0.0053 287 247 320 264
phone 0.0053 300 202 330 261
phone 0.0053 39 224 99 264
phone 0.0053 296 244 311 264
phone 0.0053 377 155 399 216
phone 0.0053 316 162 376 210
phone 0.0053 54 202 84 261
phone 0.0052 127 199 157 226
phone 0.0052 377 124 399 185
phone 0.0052 301 116 360 164
phone 0.0052 346 39 399 87
phone 0.0052 346 248 376 264
phone 0.0052 39 254 99 264
phone 0.0052 331 248 361 264
phone 0.0052 3 59 19 90
phone 0.0052 23 233 53 264
phone 0.0052 226 258 242 264
phone 0.0052 347 263 376 264
phone 0.0052 265 74 335 205
phone 0.0052 299 252 308 264
phone 0.0052 82 94 117 154
phone 0.0052 245 153 254 165
phone 0.0052 346 217 376 264
phone 0.0052 298 82 363 197
phone 0.0052 287 221 343 264
phone 0.0051 376 0 399 16
phone 0.0051 316 70 376 117
phone 0.0051 177 263 207 264
phone 0.0051 249 55 281 79
phone 0.0051 137 153 147 165
phone 0.0051 6 45 16 58
phone 0.0051 331 177 391 225
phone 0.0051 203 262 234 264
phone 0.0051 285 17 315 76
phone 0.0051 346 0 399 25
phone 0.0051 210 35 228 67
phone 0.0051 250 130 280 157
phone 0.0051 239 8 299 56
phone 0.0051 272 227 289 260
phone 0.0051 130 0 161 0
phone 0.0051 6 68 16 81
phone 0.0051 211 215 241 241
phone 0.0051 146 0 177 0
phone 0.0051 115 0 146 0
phone 0.0051 330 128 393 242
phone 0.0051 9 191 67 242
phone 0.0051 242 31 273 56
phone 0.0051 331 146 391 194
phone 0.0051 39 186 68 247
phone 0.0051 145 18 177 76
phone 0.0051 316 48 345 107
phone 0.0051 271 109 328 170
phone 0.0051 284 0 315 0
phone 0.0050 9 223 67 264
phone 0.0050 6 14 16 27
phone 0.0050 269 0 300 0
phone 0.0050 300 0 331 0
phone 0.0050 100 0 131 0
phone 0.0050 253 0 284 0
phone 0.0050 316 131 376 179
phone 0.0050 54 263 84 264
phone 0.0050 315 125 346 184
phone 0.0050 142 200 173 226
phone 0.0050 161 0 192 0
phone 0.0050 301 146 359 194
phone 0.0050 238 0 269 0
phone 0.0050 362 33 392 92
phone 0.0050 283 125 316 184
phone 0.0050 330 36 393 150
phone 0.0050 346 193 399 240
phone 0.0050 315 0 346 0
phone 0.0050 331 156 361 215
phone 0.0050 299 36 362 150
phone 0.0050 210 258 227 264
phone 0.0050 8 202 38 262
phone 0.0050 24 239 83 264
