phone 0.9209 198 105 282 282
phone 0.0959 165 79 319 315
phone 0.0865 214 148 275 236
phone 0.0623 201 134 315 250
phone 0.0432 184 82 274 217
phone 0.0376 186 200 267 302
phone 0.0330 158 122 246 276
phone 0.0310 34 67 170 274
phone 0.0298 0 112 141 286
phone 0.0232 150 79 242 206
phone 0.0215 151 209 239 299
phone 0.0212 110 205 208 309
phone 0.0212 2 130 33 154
phone 0.0210 204 139 254 213
phone 0.0208 49 149 155 305
phone 0.0206 9 127 25 157
phone 0.0204 202 167 256 247
phone 0.0204 258 97 319 251
phone 0.0202 12 136 22 148
phone 0.0195 219 185 269 260
phone 0.0195 295 59 319 225
phone 0.0192 82 52 179 229
phone 0.0189 81 193 179 322
phone 0.0184 264 156 319 298
phone 0.0183 194 237 225 262
phone 0.0175 201 234 218 265
phone 0.0175 118 199 185 277
phone 0.0172 120 155 214 289
phone 0.0171 176 160 251 223
phone 0.0165 205 243 214 256
phone 0.0161 197 175 296 324
phone 0.0151 116 70 209 210
phone 0.0147 125 83 156 108
phone 0.0147 0 159 76 300
phone 0.0145 32 130 64 154
phone 0.0143 89 138 184 276
phone 0.0141 132 79 149 112
phone 0.0141 40 126 56 157
phone 0.0140 29 180 110 340
phone 0.0139 228 80 319 214
phone 0.0138 207 221 281 286
phone 0.0136 197 163 230 221
phone 0.0135 278 201 319 335
phone 0.0131 43 136 53 148
phone 0.0130 178 189 248 256
phone 0.0126 135 89 145 102
phone 0.0125 317 167 319 309
phone 0.0125 277 144 319 239
phone 0.0123 99 190 173 255
phone 0.0123 318 152 319 293
phone 0.0122 154 110 211 181
phone 0.0122 290 125 319 277
phone 0.0119 133 208 170 267
phone 0.0118 50 94 132 227
phone 0.0118 46 223 136 345
phone 0.0118 132 188 203 257
phone 0.0117 315 182 319 324
phone 0.0117 132 220 233 347
phone 0.0116 117 171 186 244
phone 0.0115 67 79 256 312
phone 0.0114 222 162 319 222
phone 0.0113 9 84 40 108
phone 0.0113 177 128 250 194
phone 0.0110 199 237 289 361
phone 0.0109 227 225 261 282
phone 0.0109 197 193 230 252
phone 0.0109 152 8 238 150
phone 0.0109 56 129 87 154
phone 0.0109 33 83 63 108
phone 0.0108 17 80 33 111
phone 0.0108 220 127 268 196
phone 0.0107 233 157 286 227
phone 0.0107 318 122 319 261
phone 0.0107 171 190 202 216
phone 0.0106 166 176 229 238
phone 0.0105 220 202 299 274
phone 0.0105 26 194 93 252
phone 0.0105 63 126 80 158
phone 0.0104 251 147 319 206
phone 0.0104 145 110 220 243
phone 0.0104 20 89 30 102
phone 0.0104 40 79 56 112
phone 0.0104 258 114 319 177
phone 0.0103 68 62 144 198
phone 0.0103 304 29 319 193
phone 0.0102 245 218 319 349
phone 0.0102 32 126 49 158
phone 0.0101 286 238 319 300
phone 0.0101 209 233 226 265
phone 0.0101 74 239 169 359
phone 0.0101 119 210 153 266
phone 0.0100 55 126 72 158
phone 0.0100 47 126 64 158
phone 0.0100 179 236 209 262
phone 0.0099 152 142 212 211
phone 0.0098 288 130 319 192
phone 0.0098 207 54 294 175
phone 0.0098 0 330 0 399
phone 0.0098 178 186 195 220
phone 0.0097 317 218 319 350
phone 0.0097 304 197 319 323
phone 0.0097 56 83 86 108
phone 0.0096 181 193 215 252
phone 0.0096 57 126 124 195
phone 0.0096 18 69 119 213
phone 0.0096 0 206 61 270
phone 0.0095 43 89 53 102
phone 0.0095 134 159 200 225
phone 0.0094 35 136 45 148
phone 0.0094 66 136 76 148
phone 0.0094 109 107 194 245
phone 0.0094 197 132 230 189
phone 0.0094 171 206 202 232
phone 0.0094 208 204 249 271
phone 0.0094 99 220 173 287
phone 0.0093 285 209 319 267
phone 0.0093 58 135 68 148
phone 0.0092 54 254 127 314
phone 0.0092 185 233 203 266
phone 0.0092 63 79 80 112
phone 0.0092 51 135 60 148
phone 0.0092 212 243 222 256
phone 0.0090 165 130 200 191
phone 0.0089 178 233 195 266
phone 0.0089 55 160 87 185
phone 0.0088 130 270 204 329
phone 0.0088 253 176 319 238
phone 0.0088 208 270 280 329
phone 0.0088 63 157 79 188
phone 0.0087 79 83 109 108
phone 0.0087 74 95 138 166
phone 0.0087 304 148 319 205
phone 0.0087 271 198 302 224
phone 0.0087 0 106 25 131
phone 0.0087 271 183 302 208
phone 0.0086 124 79 141 112
phone 0.0086 178 202 195 236
phone 0.0086 82 208 160 268
phone 0.0086 55 175 126 239
phone 0.0086 304 255 319 313
phone 0.0085 182 197 191 209
phone 0.0085 99 158 173 226
phone 0.0084 274 45 319 180
phone 0.0084 169 103 227 158
phone 0.0084 84 174 158 240
phone 0.0084 69 271 143 328
phone 0.0083 241 269 309 330
phone 0.0083 66 89 76 102
phone 0.0083 66 166 76 179
phone 0.0083 86 79 103 112
phone 0.0083 181 162 214 221
phone 0.0082 144 255 222 314
phone 0.0082 182 189 191 202
phone 0.0082 87 129 117 155
phone 0.0082 149 194 185 251
phone 0.0082 150 117 183 174
phone 0.0081 119 129 184 193
phone 0.0081 73 132 107 190
phone 0.0081 133 178 170 236
phone 0.0080 40 144 111 269
phone 0.0080 238 192 280 253
phone 0.0080 189 243 199 256
phone 0.0080 201 89 256 172
phone 0.0080 301 175 319 239
phone 0.0080 273 163 307 220
phone 0.0079 102 160 133 185
phone 0.0079 304 209 319 266
phone 0.0079 179 268 248 331
phone 0.0079 136 101 198 159
phone 0.0079 24 223 96 283
phone 0.0079 274 101 306 159
phone 0.0078 150 148 184 205
phone 0.0078 171 167 201 193
phone 0.0078 256 221 319 285
phone 0.0078 171 144 201 170
phone 0.0078 136 97 145 110
phone 0.0078 171 221 201 247
phone 0.0078 182 243 191 256
phone 0.0078 119 179 153 235
phone 0.0078 85 125 103 158
phone 0.0078 128 89 137 102
phone 0.0078 12 143 22 156
phone 0.0078 55 205 126 271
phone 0.0078 12 192 45 252
phone 0.0078 93 125 111 158
phone 0.0078 74 255 107 313
phone 0.0077 109 156 126 189
phone 0.0077 273 132 307 190
phone 0.0077 278 194 295 228
phone 0.0077 130 223 204 284
phone 0.0077 278 179 295 213
phone 0.0077 83 254 159 315
phone 0.0077 255 252 319 316
phone 0.0077 297 221 319 347
phone 0.0077 256 236 286 263
phone 0.0076 121 4 205 153
phone 0.0076 165 194 199 251
phone 0.0076 5 112 14 125
phone 0.0076 241 238 309 299
phone 0.0076 196 224 230 282
phone 0.0076 102 83 132 108
phone 0.0076 88 101 122 159
phone 0.0075 181 132 214 190
phone 0.0075 28 107 91 154
phone 0.0075 101 111 172 180
phone 0.0075 292 274 319 324
phone 0.0074 308 275 319 323
phone 0.0074 182 213 191 225
phone 0.0074 227 271 260 328
phone 0.0074 99 269 174 330
phone 0.0074 89 89 99 102
phone 0.0074 71 187 140 258
phone 0.0074 199 289 259 340
phone 0.0074 0 137 20 257
phone 0.0074 197 100 230 160
phone 0.0074 84 143 158 210
phone 0.0074 0 164 13 291
phone 0.0073 101 125 118 158
phone 0.0073 150 271 184 328
phone 0.0073 29 137 91 185
phone 0.0073 181 0 272 166
phone 0.0073 73 178 107 236
phone 0.0073 13 104 76 217
phone 0.0073 25 253 56 277
phone 0.0072 104 194 138 251
phone 0.0072 13 122 75 169
phone 0.0072 146 252 219 377
phone 0.0072 274 194 306 251
phone 0.0072 44 91 106 139
phone 0.0072 70 157 87 188
phone 0.0072 44 101 75 159
phone 0.0072 271 167 302 193
phone 0.0072 180 232 247 305
phone 0.0072 44 56 106 172
phone 0.0072 59 75 121 123
phone 0.0072 109 79 126 112
phone 0.0072 113 253 192 376
phone 0.0072 178 140 195 174
phone 0.0072 178 163 195 197
phone 0.0071 32 250 49 279
phone 0.0071 178 217 195 251
phone 0.0071 71 156 140 227
phone 0.0071 262 232 280 267
phone 0.0071 44 131 75 191
phone 0.0071 59 41 122 157
phone 0.0071 293 102 319 158
phone 0.0071 276 88 319 141
phone 0.0070 89 270 122 328
phone 0.0070 256 259 286 286
phone 0.0070 182 205 191 217
phone 0.0070 102 129 133 154
phone 0.0070 42 235 109 302
phone 0.0070 181 223 215 283
phone 0.0070 168 288 228 341
phone 0.0070 89 288 153 341
phone 0.0070 29 131 60 190
phone 0.0070 307 131 319 191
phone 0.0070 108 80 165 150
phone 0.0070 216 86 273 144
phone 0.0069 0 183 59 232
phone 0.0069 59 255 91 313
phone 0.0069 43 225 76 282
phone 0.0069 32 260 64 285
phone 0.0069 192 252 266 316
phone 0.0069 165 271 199 328
phone 0.0069 60 85 90 144
phone 0.0069 197 270 230 328
phone 0.0068 165 241 199 296
phone 0.0068 40 106 71 131
phone 0.0068 282 205 291 217
phone 0.0068 90 70 121 128
phone 0.0068 39 258 57 287
phone 0.0068 282 197 291 210
phone 0.0068 112 166 122 179
phone 0.0068 282 189 291 202
phone 0.0068 75 70 106 128
phone 0.0068 97 136 107 148
phone 0.0067 29 243 90 355
phone 0.0067 109 107 141 131
phone 0.0067 104 101 138 159
phone 0.0067 201 221 233 247
phone 0.0067 223 252 297 316
phone 0.0067 89 136 99 148
phone 0.0067 109 125 126 158
phone 0.0067 90 60 152 108
phone 0.0067 262 256 280 289
phone 0.0067 73 209 107 266
phone 0.0066 134 148 169 205
phone 0.0066 58 177 91 237
phone 0.0066 212 271 245 328
phone 0.0066 13 153 75 200
phone 0.0066 74 166 84 179
phone 0.0066 36 259 45 271
phone 0.0066 198 75 260 123
phone 0.0066 30 276 90 322
phone 0.0066 90 26 153 141
phone 0.0066 27 224 60 282
phone 0.0066 68 237 143 301
phone 0.0066 104 271 137 328
phone 0.0066 135 117 168 174
phone 0.0066 229 289 290 341
phone 0.0066 47 102 64 135
phone 0.0066 29 100 60 159
phone 0.0066 209 218 225 250
phone 0.0066 73 100 107 160
phone 0.0065 255 233 272 266
phone 0.0065 117 102 133 135
phone 0.0065 258 101 291 159
phone 0.0065 61 0 120 30
phone 0.0065 45 269 75 329
phone 0.0065 119 286 185 343
phone 0.0065 0 0 1 98
phone 0.0065 48 191 79 216
phone 0.0065 171 128 201 155
phone 0.0065 105 136 114 148
phone 0.0065 104 225 138 282
phone 0.0064 58 115 91 176
phone 0.0064 75 0 136 64
phone 0.0064 242 226 277 281
phone 0.0064 44 0 105 64
phone 0.0064 151 86 184 143
phone 0.0064 13 91 75 138
phone 0.0064 193 232 211 266
phone 0.0064 44 259 106 370
phone 0.0063 30 0 89 30
phone 0.0063 0 107 60 154
phone 0.0063 179 182 209 209
phone 0.0063 278 163 296 197
phone 0.0063 106 54 136 113
phone 0.0063 259 289 319 399
phone 0.0063 183 284 213 345
phone 0.0063 112 90 122 102
phone 0.0063 201 284 233 307
phone 0.0063 214 70 244 128
phone 0.0063 13 58 76 171
phone 0.0063 0 213 44 324
phone 0.0063 209 280 225 311
phone 0.0063 92 0 151 30
phone 0.0063 29 119 90 233
phone 0.0063 76 0 105 37
phone 0.0062 17 106 48 131
phone 0.0062 14 116 44 175
phone 0.0062 226 100 262 160
phone 0.0062 43 266 53 279
phone 0.0062 247 13 319 145
phone 0.0062 89 178 122 236
phone 0.0062 91 0 121 37
phone 0.0062 70 125 87 158
phone 0.0062 45 292 105 338
phone 0.0062 119 240 153 297
phone 0.0062 0 138 59 184
phone 0.0062 182 220 191 232
phone 0.0062 246 89 304 141
phone 0.0062 60 285 90 345
phone 0.0062 0 245 43 292
phone 0.0062 214 60 274 108
phone 0.0062 0 149 45 265
phone 0.0062 182 151 191 163
phone 0.0062 61 0 90 37
phone 0.0062 14 0 75 64
phone 0.0062 255 165 293 219
phone 0.0062 104 163 138 220
phone 0.0062 119 148 153 204
phone 0.0062 182 174 191 186
phone 0.0061 183 60 244 108
phone 0.0061 182 228 191 240
phone 0.0061 29 163 60 220
phone 0.0061 43 143 53 156
phone 0.0061 213 26 275 141
phone 0.0061 119 117 153 174
phone 0.0061 150 225 184 281
phone 0.0061 45 0 74 37
phone 0.0061 29 76 90 123
phone 0.0061 0 168 28 216
phone 0.0061 229 70 259 128
phone 0.0061 260 322 319 369
phone 0.0061 0 0 58 30
phone 0.0061 119 271 153 328
phone 0.0060 306 367 319 399
phone 0.0060 291 70 319 128
phone 0.0060 245 45 305 93
phone 0.0060 63 114 94 139
phone 0.0060 0 332 45 399
phone 0.0060 291 367 319 399
phone 0.0060 138 0 197 30
phone 0.0060 107 0 136 37
phone 0.0060 213 289 222 302
phone 0.0060 45 60 105 108
phone 0.0060 40 91 71 116
phone 0.0060 305 332 319 399
phone 0.0060 277 291 319 338
phone 0.0060 106 0 167 64
phone 0.0060 28 42 91 156
phone 0.0060 14 244 74 293
phone 0.0060 135 85 169 144
phone 0.0060 113 136 122 148
phone 0.0060 70 110 87 142
phone 0.0060 24 102 41 135
phone 0.0060 282 182 291 194
phone 0.0060 55 187 72 220
phone 0.0060 71 129 102 155
phone 0.0060 199 45 259 93
phone 0.0060 30 0 59 37
phone 0.0059 181 255 215 313
phone 0.0059 120 112 130 125
phone 0.0059 45 337 105 385
phone 0.0059 76 45 136 93
phone 0.0059 120 0 319 228
phone 0.0059 271 244 301 270
phone 0.0059 152 0 213 64
phone 0.0059 0 0 12 30
phone 0.0059 290 273 319 387
phone 0.0059 266 243 276 255
phone 0.0059 0 367 29 399
phone 0.0059 171 244 201 270
phone 0.0059 136 304 199 399
phone 0.0059 168 45 228 93
phone 0.0059 0 0 29 64
phone 0.0059 228 11 291 126
phone 0.0059 212 228 222 240
phone 0.0059 215 0 274 30
phone 0.0059 276 45 319 93
phone 0.0059 178 125 195 159
phone 0.0059 47 88 64 119
phone 0.0059 245 284 275 345
phone 0.0059 0 101 0 220
phone 0.0059 74 11 137 126
phone 0.0059 11 206 77 330
phone 0.0059 168 0 228 30
phone 0.0059 153 29 213 77
phone 0.0059 135 271 168 328
phone 0.0058 229 367 290 399
phone 0.0058 0 198 29 246
phone 0.0058 260 29 319 77
phone 0.0058 29 322 90 369
phone 0.0058 244 332 307 399
phone 0.0058 51 113 60 125
phone 0.0058 198 0 259 64
phone 0.0058 0 55 0 174
phone 0.0058 275 316 306 375
phone 0.0058 229 0 290 64
phone 0.0058 13 332 76 399
phone 0.0058 44 367 106 399
phone 0.0058 120 70 153 128
phone 0.0058 199 54 228 113
phone 0.0058 0 162 13 221
phone 0.0058 213 332 276 399
phone 0.0058 24 80 41 111
phone 0.0058 59 332 122 399
phone 0.0058 14 0 44 37
phone 0.0058 275 0 319 110
phone 0.0058 58 208 92 267
phone 0.0058 122 0 151 37
phone 0.0058 167 304 230 399
phone 0.0058 185 178 203 213
phone 0.0058 14 307 74 354
phone 0.0058 260 60 319 108
phone 0.0058 153 0 182 37
phone 0.0058 43 149 107 204
phone 0.0058 0 291 59 339
phone 0.0058 245 0 305 30
phone 0.0058 45 70 75 128
phone 0.0058 0 363 14 399
phone 0.0058 260 284 290 345
phone 0.0058 0 9 0 128
phone 0.0058 28 288 91 399
phone 0.0058 0 119 29 233
phone 0.0058 75 367 136 399
phone 0.0057 13 363 45 399
phone 0.0057 28 168 91 216
phone 0.0057 168 0 197 37
phone 0.0057 276 0 319 30
phone 0.0057 14 146 44 206
phone 0.0057 228 94 291 166
phone 0.0057 260 39 290 98
phone 0.0057 1 114 33 138
phone 0.0057 198 367 260 399
phone 0.0057 308 105 319 156
phone 0.0057 138 0 167 37
phone 0.0057 276 337 319 385
phone 0.0057 182 166 191 179
phone 0.0057 106 29 167 77
phone 0.0057 183 29 244 77
phone 0.0057 60 54 90 113
phone 0.0057 260 70 290 128
phone 0.0057 266 266 276 279
phone 0.0057 14 85 44 144
phone 0.0057 90 332 153 399
phone 0.0057 0 303 29 399
phone 0.0057 182 332 245 399
phone 0.0057 290 0 319 64
phone 0.0057 228 304 291 399
phone 0.0057 292 307 319 354
phone 0.0057 230 29 290 77
phone 0.0057 244 363 275 399
phone 0.0057 0 76 59 123
phone 0.0057 259 363 291 399
phone 0.0057 86 114 117 139
phone 0.0057 245 39 275 98
phone 0.0057 0 89 45 202
phone 0.0057 151 332 215 399
phone 0.0057 167 367 229 399
phone 0.0057 0 258 61 371
phone 0.0057 230 0 259 37
phone 0.0057 0 276 28 323
phone 0.0057 106 367 167 399
phone 0.0057 137 367 198 399
phone 0.0057 59 363 91 399
phone 0.0057 29 363 60 399
phone 0.0057 88 209 122 267
phone 0.0057 29 353 90 399
phone 0.0057 104 133 138 189
phone 0.0057 9 111 25 142
phone 0.0057 60 331 90 390
phone 0.0057 78 125 95 159
phone 0.0057 44 363 75 399
phone 0.0057 0 270 0 390
phone 0.0057 229 363 260 399
phone 0.0056 214 0 244 37
phone 0.0056 75 363 106 399
phone 0.0056 121 332 184 399
phone 0.0056 214 39 244 98
phone 0.0056 91 39 121 98
phone 0.0056 35 251 45 263
phone 0.0056 44 162 75 221
phone 0.0056 245 0 274 37
phone 0.0056 275 363 306 399
phone 0.0056 260 353 319 399
phone 0.0056 202 280 217 311
phone 0.0056 230 39 259 98
phone 0.0056 116 79 134 112
phone 0.0056 183 39 213 98
phone 0.0056 184 0 213 37
phone 0.0056 75 331 106 390
phone 0.0056 211 239 245 298
phone 0.0056 259 243 268 256
phone 0.0056 136 0 199 95
phone 0.0056 90 363 122 399
phone 0.0056 182 143 191 156
phone 0.0056 88 147 122 205
phone 0.0056 199 0 228 37
phone 0.0056 197 304 261 399
phone 0.0056 29 70 59 129
phone 0.0056 14 60 74 108
phone 0.0056 45 316 75 375
phone 0.0056 213 363 245 399
phone 0.0056 0 242 29 356
phone 0.0056 271 229 301 255
phone 0.0056 256 220 286 248
phone 0.0056 182 236 191 248
phone 0.0056 76 337 136 385
phone 0.0056 307 0 319 30
phone 0.0056 168 23 198 82
phone 0.0056 276 23 305 82
phone 0.0056 306 300 319 359
phone 0.0056 0 137 13 185
phone 0.0055 198 363 229 399
phone 0.0055 105 363 137 399
phone 0.0055 60 275 121 385
phone 0.0055 0 337 13 385
phone 0.0055 282 174 291 186
phone 0.0055 242 256 276 312
phone 0.0055 0 147 0 267
phone 0.0055 70 79 88 112
phone 0.0055 93 110 110 143
phone 0.0055 307 23 319 83
phone 0.0055 197 243 207 256
phone 0.0055 261 0 290 37
phone 0.0055 182 363 214 399
phone 0.0055 167 363 198 399
phone 0.0055 121 60 182 108
phone 0.0055 152 363 183 399
phone 0.0055 121 363 152 399
phone 0.0055 194 280 210 312
phone 0.0055 0 193 13 252
phone 0.0055 29 300 59 360
phone 0.0055 14 285 44 344
phone 0.0055 186 284 218 308
phone 0.0055 105 11 168 126
phone 0.0055 59 197 68 209
phone 0.0055 0 100 29 159
phone 0.0055 179 197 209 225
phone 0.0055 0 104 14 217
phone 0.0055 136 363 168 399
phone 0.0055 182 53 246 176
phone 0.0055 0 224 0 343
phone 0.0055 116 125 134 158
phone 0.0055 44 11 106 126
phone 0.0055 184 322 243 369
phone 0.0055 276 54 305 113
phone 0.0055 153 23 182 82
phone 0.0055 51 97 60 110
phone 0.0055 29 331 59 390
phone 0.0054 75 300 106 360
phone 0.0054 312 229 319 353
phone 0.0054 74 120 84 133
phone 0.0054 134 240 169 297
phone 0.0054 61 307 120 353
phone 0.0054 307 60 319 108
phone 0.0054 29 270 59 329
phone 0.0054 60 29 120 77
phone 0.0054 122 23 152 82
phone 0.0054 17 111 33 142
phone 0.0054 199 23 228 82
phone 0.0054 198 316 229 375
phone 0.0054 179 213 209 240
phone 0.0054 76 39 105 98
phone 0.0054 148 159 178 186
phone 0.0054 12 120 22 133
phone 0.0054 0 322 59 369
phone 0.0054 74 136 84 148
phone 0.0054 260 316 290 375
phone 0.0054 122 14 182 62
phone 0.0054 0 27 60 141
phone 0.0054 29 45 90 93
phone 0.0054 0 269 13 329
phone 0.0054 137 23 167 82
phone 0.0054 106 23 136 82
phone 0.0054 13 223 45 283
phone 0.0054 0 307 13 354
phone 0.0054 0 289 14 399
phone 0.0054 91 14 151 62
phone 0.0054 0 76 13 123
phone 0.0053 91 331 121 390
phone 0.0053 87 152 300 364
phone 0.0053 88 240 122 297
phone 0.0053 48 114 79 139
phone 0.0053 153 60 213 108
phone 0.0053 182 182 191 194
phone 0.0053 152 331 183 390
phone 0.0053 183 88 244 141
phone 0.0053 105 305 168 399
phone 0.0053 248 182 278 209
phone 0.0053 245 14 305 62
phone 0.0053 125 114 156 139
phone 0.0053 0 107 13 154
phone 0.0053 168 14 228 62
phone 0.0053 183 316 213 375
phone 0.0053 278 240 295 274
phone 0.0053 100 269 154 376
phone 0.0053 28 89 37 102
phone 0.0053 189 264 249 380
phone 0.0053 205 289 214 302
phone 0.0053 167 85 199 144
phone 0.0053 1 126 17 157
phone 0.0053 101 114 133 139
phone 0.0053 0 306 44 354
phone 0.0053 66 97 76 110
phone 0.0053 185 140 203 174
phone 0.0053 229 75 290 124
phone 0.0053 137 331 167 390
phone 0.0053 0 60 28 108
phone 0.0053 0 42 14 156
phone 0.0053 167 331 198 390
phone 0.0053 214 331 244 390
phone 0.0053 244 331 275 390
phone 0.0053 214 14 274 62
phone 0.0053 229 331 260 390
phone 0.0053 185 217 203 251
phone 0.0053 55 111 72 142
phone 0.0052 136 55 167 113
phone 0.0052 182 159 191 171
phone 0.0052 132 110 149 142
phone 0.0052 28 113 37 125
phone 0.0052 0 45 59 93
phone 0.0052 78 161 110 185
phone 0.0052 47 261 79 284
phone 0.0052 156 144 186 171
phone 0.0052 109 110 125 142
phone 0.0052 14 121 184 399
phone 0.0052 179 136 209 163
phone 0.0052 14 29 74 77
phone 0.0052 59 146 91 206
phone 0.0052 14 54 44 113
phone 0.0052 282 212 291 225
phone 0.0052 121 331 152 390
phone 0.0052 0 29 28 77
phone 0.0052 5 135 14 148
phone 0.0052 230 197 319 249
phone 0.0052 56 257 71 288
phone 0.0052 0 193 9 326
phone 0.0052 86 157 102 188
phone 0.0052 262 217 280 251
phone 0.0052 0 222 29 284
phone 0.0052 0 45 13 92
phone 0.0052 106 331 137 390
phone 0.0052 256 205 286 233
phone 0.0052 14 316 44 375
phone 0.0051 154 322 212 369
phone 0.0051 20 97 30 110
phone 0.0051 101 110 118 143
phone 0.0051 0 245 13 292
phone 0.0051 214 322 274 369
phone 0.0051 30 14 89 62
phone 0.0051 168 54 198 113
phone 0.0051 45 39 75 98
phone 0.0051 20 120 30 133
phone 0.0051 245 70 275 128
phone 0.0051 197 289 206 302
phone 0.0051 123 322 181 369
phone 0.0051 0 11 29 126
phone 0.0051 14 254 44 314
phone 0.0051 60 23 90 82
phone 0.0051 185 201 203 236
phone 0.0051 0 261 58 307
phone 0.0050 260 8 291 67
phone 0.0050 182 136 191 148
phone 0.0050 0 14 59 62
phone 0.0050 183 8 214 67
phone 0.0050 138 74 197 125
phone 0.0050 91 8 121 67
phone 0.0050 255 180 272 212
phone 0.0050 0 0 14 109
phone 0.0050 30 39 59 98
phone 0.0050 244 8 275 67
phone 0.0050 43 97 53 110
phone 0.0050 0 75 20 195
