phone 0.9440 98 95 205 327
phone 0.0435 0 133 109 328
phone 0.0359 94 193 181 344
phone 0.0343 128 181 230 326
phone 0.0312 177 93 320 312
phone 0.0301 40 118 176 343
phone 0.0296 27 186 123 320
phone 0.0284 94 284 126 308
phone 0.0270 102 280 118 311
phone 0.0267 113 89 247 266
phone 0.0258 105 289 115 302
phone 0.0251 30 220 105 354
phone 0.0250 96 74 179 248
phone 0.0227 38 216 112 291
phone 0.0219 54 87 151 198
phone 0.0212 57 230 151 342
phone 0.0210 24 200 96 276
phone 0.0207 112 157 193 258
phone 0.0198 168 226 273 348
phone 0.0196 198 178 302 344
phone 0.0194 105 297 115 310
phone 0.0193 112 207 193 300
phone 0.0193 82 169 163 307
phone 0.0190 143 148 222 237
phone 0.0190 38 183 112 263
phone 0.0189 23 86 98 236
phone 0.0184 41 160 139 285
phone 0.0181 92 222 151 315
phone 0.0181 26 119 124 264
phone 0.0179 111 265 207 366
phone 0.0175 140 162 255 282
phone 0.0175 202 66 307 214
phone 0.0170 144 51 239 173
phone 0.0166 24 170 96 244
phone 0.0165 25 233 95 304
phone 0.0165 143 230 222 308
phone 0.0160 59 127 153 255
phone 0.0146 87 51 181 173
phone 0.0144 53 204 128 272
phone 0.0142 229 171 320 287
phone 0.0138 92 113 151 209
phone 0.0137 0 156 56 304
phone 0.0137 169 126 259 257
phone 0.0136 28 122 92 200
phone 0.0135 22 36 118 184
phone 0.0135 74 137 295 372
phone 0.0133 56 224 94 283
phone 0.0130 54 175 128 240
phone 0.0129 42 223 78 283
phone 0.0127 94 92 149 169
phone 0.0126 0 123 70 260
phone 0.0125 68 194 144 251
phone 0.0124 44 267 137 393
phone 0.0123 39 154 112 230
phone 0.0122 204 247 286 382
phone 0.0122 67 226 145 281
phone 0.0120 176 81 253 209
phone 0.0120 103 237 140 300
phone 0.0120 120 293 198 399
phone 0.0118 41 193 79 253
phone 0.0115 153 281 244 399
phone 0.0113 200 194 259 282
phone 0.0112 156 175 240 240
phone 0.0112 132 236 233 362
phone 0.0111 213 93 278 228
phone 0.0111 103 261 171 338
phone 0.0110 201 135 288 279
phone 0.0110 69 164 143 220
phone 0.0110 145 122 221 201
phone 0.0110 4 239 86 359
phone 0.0109 42 131 77 190
phone 0.0109 234 106 320 231
phone 0.0108 156 207 241 269
phone 0.0108 56 31 262 254
phone 0.0107 125 246 210 322
phone 0.0107 110 280 126 311
phone 0.0106 74 102 139 158
phone 0.0106 55 193 95 252
phone 0.0105 181 131 247 191
phone 0.0105 38 250 112 319
phone 0.0104 8 54 197 286
phone 0.0104 62 0 145 170
phone 0.0104 0 208 72 328
phone 0.0104 123 0 208 170
phone 0.0102 179 161 249 223
phone 0.0101 217 131 273 191
phone 0.0100 89 210 123 266
phone 0.0100 178 191 250 254
phone 0.0100 26 283 95 347
phone 0.0099 113 289 122 302
phone 0.0099 211 282 278 347
phone 0.0099 104 114 139 177
phone 0.0098 89 179 122 235
phone 0.0098 34 299 102 399
phone 0.0097 0 0 0 67
phone 0.0096 72 209 109 267
phone 0.0095 12 138 78 215
phone 0.0094 70 132 142 190
phone 0.0094 54 302 128 359
phone 0.0094 159 146 237 207
phone 0.0094 0 173 48 241
phone 0.0094 0 330 1 399
phone 0.0093 163 239 202 298
phone 0.0093 177 223 250 284
phone 0.0093 116 50 189 211
phone 0.0092 182 9 267 144
phone 0.0092 102 206 141 270
phone 0.0092 198 116 230 175
phone 0.0092 200 147 259 236
phone 0.0091 73 179 108 236
phone 0.0090 107 96 167 196
phone 0.0090 145 266 221 333
phone 0.0090 116 237 157 301
phone 0.0089 163 315 234 377
phone 0.0089 43 255 77 313
phone 0.0088 97 301 166 397
phone 0.0088 103 145 140 208
phone 0.0088 103 175 140 239
phone 0.0088 9 270 81 328
phone 0.0087 197 147 230 205
phone 0.0087 151 324 216 399
phone 0.0087 161 161 204 223
phone 0.0086 44 108 107 183
phone 0.0086 211 249 278 319
phone 0.0086 12 163 46 221
phone 0.0086 210 219 279 288
phone 0.0086 89 240 122 297
phone 0.0085 70 284 143 346
phone 0.0085 228 286 261 344
phone 0.0085 89 148 122 205
phone 0.0085 69 256 143 312
phone 0.0085 0 209 51 267
phone 0.0085 119 100 154 160
phone 0.0085 43 285 76 344
phone 0.0084 180 113 210 140
phone 0.0084 52 240 130 298
phone 0.0084 157 264 291 371
phone 0.0084 202 119 257 203
phone 0.0084 8 220 82 287
phone 0.0083 197 178 230 236
phone 0.0083 238 244 320 338
phone 0.0083 210 188 279 257
phone 0.0083 89 117 122 174
phone 0.0083 135 272 169 327
phone 0.0082 179 268 249 331
phone 0.0082 197 209 230 266
phone 0.0082 0 240 66 297
phone 0.0082 118 333 187 388
phone 0.0081 0 48 17 162
phone 0.0081 211 207 247 269
phone 0.0081 229 116 260 175
phone 0.0080 0 109 14 229
phone 0.0080 27 147 62 205
phone 0.0080 199 272 260 357
phone 0.0080 119 270 154 329
phone 0.0080 231 122 289 170
phone 0.0079 74 302 107 359
phone 0.0079 41 163 78 221
phone 0.0079 155 363 212 399
phone 0.0078 7 188 82 257
phone 0.0078 228 147 261 206
phone 0.0078 130 221 175 286
phone 0.0078 186 109 203 143
phone 0.0077 245 116 275 175
phone 0.0077 0 62 56 220
phone 0.0077 225 206 295 270
phone 0.0077 56 163 94 221
phone 0.0076 0 162 30 221
phone 0.0076 89 271 122 328
phone 0.0076 202 97 257 163
phone 0.0076 225 237 295 301
phone 0.0076 168 349 229 399
phone 0.0076 130 315 206 376
phone 0.0076 0 44 80 175
phone 0.0075 181 317 215 374
phone 0.0075 57 255 93 313
phone 0.0075 29 270 61 328
phone 0.0075 59 301 92 359
phone 0.0075 0 193 30 251
phone 0.0075 179 296 249 364
phone 0.0075 45 319 106 371
phone 0.0075 115 205 159 271
phone 0.0074 94 299 126 323
phone 0.0074 197 271 230 328
phone 0.0073 120 316 153 375
phone 0.0073 128 174 176 241
phone 0.0073 197 240 230 297
phone 0.0072 105 282 115 294
phone 0.0072 93 279 111 313
phone 0.0072 227 255 261 313
phone 0.0072 180 210 216 266
phone 0.0071 104 268 139 330
phone 0.0071 151 332 184 390
phone 0.0071 58 117 92 174
phone 0.0071 0 261 44 307
phone 0.0071 179 179 217 235
phone 0.0070 227 224 261 282
phone 0.0070 103 113 133 139
phone 0.0070 147 298 219 363
phone 0.0070 102 295 118 327
phone 0.0070 14 269 45 330
phone 0.0070 136 331 168 390
phone 0.0070 83 251 162 378
phone 0.0070 108 87 166 143
phone 0.0070 86 330 118 353
phone 0.0069 211 176 247 238
phone 0.0069 94 326 110 357
phone 0.0069 198 312 261 379
phone 0.0069 160 192 205 254
phone 0.0069 0 137 45 185
phone 0.0069 211 237 247 300
phone 0.0069 226 176 294 238
phone 0.0069 116 160 158 224
phone 0.0068 0 224 29 283
phone 0.0068 182 323 247 399
phone 0.0068 12 224 46 282
phone 0.0068 232 305 288 355
phone 0.0068 167 103 230 158
phone 0.0068 90 85 122 144
phone 0.0068 14 272 76 387
phone 0.0068 166 332 200 390
phone 0.0068 214 84 245 144
phone 0.0068 105 84 138 144
phone 0.0068 180 148 216 204
phone 0.0068 150 272 185 327
phone 0.0067 0 244 44 354
phone 0.0067 64 323 136 399
phone 0.0067 0 0 1 98
phone 0.0067 28 225 61 282
phone 0.0067 55 144 127 208
phone 0.0067 99 57 320 221
phone 0.0067 154 192 320 390
phone 0.0067 0 122 61 169
phone 0.0067 216 105 274 155
phone 0.0066 105 305 115 317
phone 0.0066 98 335 107 348
phone 0.0066 165 271 200 327
phone 0.0066 227 193 262 251
phone 0.0066 162 287 235 343
phone 0.0066 14 306 75 354
phone 0.0066 185 89 243 141
phone 0.0066 190 120 200 132
phone 0.0066 239 42 320 171
phone 0.0065 230 91 290 139
phone 0.0065 197 301 231 359
phone 0.0065 122 91 182 169
phone 0.0065 0 292 60 338
phone 0.0064 0 269 29 329
phone 0.0064 195 183 225 209
phone 0.0064 163 132 202 190
phone 0.0064 13 332 77 399
phone 0.0064 0 239 14 298
phone 0.0064 247 257 304 311
phone 0.0064 243 225 277 282
phone 0.0064 109 109 127 143
phone 0.0064 247 194 304 251
phone 0.0063 0 166 208 399
phone 0.0063 202 114 234 139
phone 0.0063 168 75 229 124
phone 0.0063 245 301 275 360
phone 0.0063 261 322 320 369
phone 0.0063 95 229 125 255
phone 0.0063 14 116 44 175
phone 0.0063 246 137 305 185
phone 0.0063 29 299 60 361
phone 0.0063 199 346 229 399
phone 0.0063 244 148 276 205
phone 0.0063 246 106 305 154
phone 0.0063 14 367 75 399
phone 0.0063 212 114 246 177
phone 0.0063 277 214 320 262
phone 0.0063 135 302 169 358
phone 0.0062 276 137 320 185
phone 0.0062 245 85 275 144
phone 0.0062 259 289 320 399
phone 0.0062 98 289 107 302
phone 0.0062 102 326 118 357
phone 0.0062 227 269 293 330
phone 0.0062 274 180 320 295
phone 0.0062 14 300 45 360
phone 0.0062 261 122 320 169
phone 0.0062 133 121 164 147
phone 0.0062 275 104 320 218
phone 0.0062 243 256 277 312
phone 0.0062 95 206 125 232
phone 0.0061 73 241 108 297
phone 0.0061 307 367 320 399
phone 0.0061 199 85 229 144
phone 0.0061 199 76 259 123
phone 0.0061 29 115 60 175
phone 0.0061 152 0 215 95
phone 0.0061 246 337 305 385
phone 0.0061 0 138 10 264
phone 0.0061 276 337 320 385
phone 0.0061 276 168 320 216
phone 0.0061 246 76 306 123
phone 0.0061 305 332 320 399
phone 0.0061 261 91 320 139
phone 0.0061 248 289 303 340
phone 0.0061 276 291 320 339
phone 0.0061 137 351 198 399
phone 0.0061 0 177 14 237
phone 0.0061 62 88 120 142
phone 0.0061 182 0 246 95
phone 0.0061 212 145 247 208
phone 0.0060 121 0 184 95
phone 0.0060 138 29 198 77
phone 0.0060 27 194 61 251
phone 0.0060 29 362 61 399
phone 0.0060 186 363 242 399
phone 0.0060 184 70 214 128
phone 0.0060 105 316 138 375
phone 0.0060 260 132 291 190
phone 0.0060 116 130 157 192
phone 0.0060 210 318 289 385
phone 0.0060 169 29 228 77
phone 0.0060 276 316 306 375
phone 0.0060 213 0 277 95
phone 0.0060 275 258 320 371
phone 0.0060 0 195 5 328
phone 0.0060 277 260 320 308
phone 0.0060 30 338 90 384
phone 0.0060 230 29 290 77
phone 0.0060 180 290 209 317
phone 0.0060 14 91 76 139
phone 0.0060 105 335 115 348
phone 0.0060 0 0 13 30
phone 0.0060 31 101 90 159
phone 0.0059 0 0 30 96
phone 0.0059 0 207 14 268
phone 0.0059 210 110 226 142
phone 0.0059 45 331 75 391
phone 0.0059 130 145 174 208
phone 0.0059 95 267 125 293
phone 0.0059 261 100 291 159
phone 0.0059 276 106 320 154
phone 0.0059 199 29 259 77
phone 0.0059 261 60 320 108
phone 0.0059 0 29 59 77
phone 0.0059 230 60 290 108
phone 0.0059 0 0 14 64
phone 0.0059 90 0 154 95
phone 0.0059 132 101 203 191
phone 0.0059 0 337 44 385
phone 0.0059 260 331 291 390
phone 0.0059 261 285 290 345
phone 0.0059 123 367 182 399
phone 0.0059 291 224 320 282
phone 0.0059 245 45 306 93
phone 0.0059 291 193 320 251
phone 0.0059 107 29 167 77
phone 0.0059 0 367 45 399
phone 0.0059 244 0 307 110
phone 0.0059 44 362 76 399
phone 0.0059 276 367 320 399
phone 0.0059 261 153 320 200
phone 0.0059 260 178 291 236
phone 0.0059 292 116 320 175
phone 0.0059 0 0 61 110
phone 0.0058 276 116 306 175
phone 0.0058 229 27 291 141
phone 0.0058 28 0 92 95
phone 0.0058 87 327 103 357
phone 0.0058 291 147 320 205
phone 0.0058 0 45 44 93
phone 0.0058 195 159 225 186
phone 0.0058 137 362 168 399
phone 0.0058 261 29 320 77
phone 0.0058 106 11 168 125
phone 0.0058 59 0 123 95
phone 0.0058 261 69 291 129
phone 0.0058 0 60 59 108
phone 0.0058 45 368 106 399
phone 0.0058 276 76 320 123
phone 0.0058 168 23 198 83
phone 0.0058 290 304 320 399
phone 0.0058 90 316 122 375
phone 0.0058 212 300 246 360
phone 0.0058 243 179 277 235
phone 0.0058 133 99 164 123
phone 0.0058 153 23 183 83
phone 0.0058 276 85 306 144
phone 0.0058 15 45 75 93
phone 0.0058 110 283 141 308
phone 0.0058 166 302 200 359
phone 0.0058 117 279 134 312
phone 0.0057 0 75 44 123
phone 0.0057 194 92 226 115
phone 0.0057 72 205 102 232
phone 0.0057 0 88 30 202
phone 0.0057 90 336 99 348
phone 0.0057 184 23 214 83
phone 0.0057 0 306 29 354
phone 0.0057 0 26 45 141
phone 0.0057 291 270 320 328
phone 0.0057 76 29 136 77
phone 0.0057 72 282 102 309
phone 0.0057 46 29 105 77
phone 0.0057 158 258 239 311
phone 0.0057 140 117 157 151
phone 0.0057 138 23 167 83
phone 0.0057 277 0 320 30
phone 0.0057 245 23 275 82
phone 0.0057 138 60 198 108
phone 0.0057 230 23 260 82
phone 0.0057 190 128 200 140
phone 0.0057 0 106 29 154
phone 0.0057 201 178 219 213
phone 0.0057 167 11 230 126
phone 0.0057 0 208 1 329
phone 0.0057 276 45 320 93
phone 0.0057 275 27 320 141
phone 0.0057 91 368 152 399
phone 0.0056 150 302 184 358
phone 0.0056 30 85 60 144
phone 0.0056 215 23 244 83
phone 0.0056 199 23 229 83
phone 0.0056 15 23 44 83
phone 0.0056 230 316 260 375
phone 0.0056 261 23 291 82
phone 0.0056 291 0 320 64
phone 0.0056 0 288 30 399
phone 0.0056 276 54 306 113
phone 0.0056 245 54 275 113
phone 0.0056 122 23 152 83
phone 0.0056 276 147 306 205
phone 0.0056 195 275 225 301
phone 0.0056 30 23 60 82
phone 0.0056 101 225 119 259
phone 0.0056 30 60 90 108
phone 0.0056 0 70 1 190
phone 0.0056 307 146 320 206
phone 0.0056 213 120 223 133
phone 0.0056 95 244 125 270
phone 0.0056 195 213 225 240
phone 0.0056 102 291 133 315
phone 0.0056 12 194 46 251
phone 0.0056 0 363 14 399
phone 0.0056 307 177 320 236
phone 0.0056 292 85 320 144
phone 0.0056 106 363 138 399
phone 0.0056 113 120 123 133
phone 0.0055 0 137 14 185
phone 0.0055 230 85 260 144
phone 0.0055 107 23 137 83
phone 0.0055 210 183 241 208
phone 0.0055 45 23 75 83
phone 0.0055 59 362 92 399
phone 0.0055 0 304 61 399
phone 0.0055 195 198 225 224
phone 0.0055 186 286 203 320
phone 0.0055 276 23 306 82
phone 0.0055 15 54 44 113
phone 0.0055 213 42 276 157
phone 0.0055 91 75 152 124
phone 0.0055 0 54 29 113
phone 0.0055 307 0 320 30
phone 0.0055 307 116 320 175
phone 0.0055 0 300 14 360
phone 0.0055 30 54 60 113
phone 0.0055 92 23 121 83
phone 0.0055 0 24 1 144
phone 0.0055 307 214 320 262
phone 0.0055 230 54 260 113
phone 0.0054 0 255 1 375
phone 0.0054 121 362 153 399
phone 0.0054 61 23 91 83
phone 0.0054 0 337 13 385
phone 0.0054 76 23 106 83
phone 0.0054 101 201 119 236
phone 0.0054 95 144 125 170
phone 0.0054 30 331 60 391
phone 0.0054 0 353 29 399
phone 0.0054 292 54 320 113
phone 0.0054 247 164 303 219
phone 0.0054 246 14 305 62
phone 0.0054 307 316 320 375
phone 0.0054 181 241 215 296
phone 0.0054 186 330 219 353
phone 0.0054 0 30 13 77
phone 0.0054 153 54 183 113
phone 0.0054 306 181 320 294
phone 0.0054 60 85 91 144
phone 0.0054 44 11 107 126
phone 0.0054 15 85 44 144
phone 0.0054 246 0 305 30
phone 0.0054 0 100 14 159
phone 0.0054 140 95 157 127
phone 0.0054 0 69 14 129
phone 0.0054 307 85 320 144
phone 0.0054 195 326 210 357
phone 0.0054 0 116 1 236
phone 0.0054 90 362 122 399
phone 0.0054 133 326 149 358
phone 0.0054 307 245 320 292
phone 0.0054 195 298 225 324
phone 0.0054 172 282 202 309
phone 0.0053 15 14 74 62
phone 0.0053 146 238 189 299
phone 0.0053 195 229 225 255
phone 0.0053 15 346 45 399
phone 0.0053 0 276 13 323
phone 0.0053 75 362 107 399
phone 0.0053 78 201 96 236
phone 0.0053 180 182 209 209
phone 0.0053 138 54 167 113
phone 0.0053 117 109 134 143
phone 0.0053 125 330 157 354
phone 0.0053 262 275 319 324
phone 0.0053 307 23 320 83
phone 0.0053 45 54 75 113
phone 0.0053 307 54 320 113
phone 0.0053 147 117 165 151
phone 0.0053 95 121 125 147
phone 0.0053 217 179 234 212
phone 0.0053 0 163 2 282
phone 0.0053 307 270 320 329
phone 0.0053 0 12 14 125
phone 0.0053 78 278 96 313
phone 0.0053 148 99 179 123
phone 0.0053 0 14 44 62
phone 0.0053 0 0 44 30
phone 0.0053 201 88 219 119
phone 0.0053 101 263 119 297
phone 0.0053 0 243 15 355
phone 0.0053 229 0 291 64
phone 0.0052 122 75 183 124
phone 0.0052 107 60 167 108
phone 0.0052 215 54 244 113
phone 0.0052 172 166 202 194
phone 0.0052 198 335 207 348
phone 0.0052 150 101 185 159
phone 0.0052 132 117 150 151
phone 0.0052 227 283 293 399
phone 0.0052 215 0 274 30
phone 0.0052 184 60 244 108
phone 0.0052 73 148 108 204
phone 0.0052 198 0 260 64
phone 0.0052 138 0 198 46
phone 0.0052 169 54 198 113
phone 0.0052 168 0 229 64
phone 0.0052 276 347 306 399
phone 0.0052 230 367 290 399
phone 0.0052 139 88 197 142
phone 0.0052 184 0 244 30
phone 0.0052 195 244 225 270
phone 0.0052 30 0 90 30
phone 0.0052 205 97 215 110
phone 0.0051 276 270 306 328
phone 0.0051 72 251 102 279
phone 0.0051 261 0 290 37
phone 0.0051 76 70 106 128
phone 0.0051 95 190 125 216
phone 0.0051 44 0 106 64
phone 0.0051 201 155 219 190
phone 0.0051 107 0 167 46
phone 0.0051 121 289 130 302
phone 0.0051 113 297 122 310
phone 0.0051 154 0 213 30
phone 0.0051 144 105 153 117
phone 0.0051 61 60 121 108
phone 0.0051 201 351 258 399
phone 0.0051 178 279 196 312
phone 0.0051 153 0 183 51
phone 0.0051 73 117 107 174
phone 0.0050 180 197 209 225
phone 0.0050 137 0 168 51
phone 0.0050 75 0 137 64
phone 0.0050 168 0 198 51
phone 0.0050 52 272 129 327
phone 0.0050 61 0 121 30
phone 0.0050 122 70 152 128
phone 0.0050 260 240 291 297
phone 0.0050 123 0 182 30
phone 0.0050 45 75 106 124
phone 0.0050 246 0 275 37
phone 0.0050 183 0 214 51
phone 0.0050 259 209 291 266
phone 0.0050 92 0 151 30
phone 0.0050 122 0 152 51
