phone 0.9240 273 204 327 312
phone 0.1605 156 230 242 399
phone 0.1121 97 204 189 321
phone 0.0992 185 206 288 316
phone 0.0937 118 220 234 366
phone 0.0903 80 87 268 252
phone 0.0871 156 215 314 366
phone 0.0797 226 195 336 331
phone 0.0747 267 199 316 277
phone 0.0712 141 279 266 399
phone 0.0649 52 193 119 323
phone 0.0585 175 134 297 273
phone 0.0518 182 263 352 399
phone 0.0515 164 177 265 330
phone 0.0514 254 128 330 317
phone 0.0486 162 66 314 215
phone 0.0476 69 162 170 304
phone 0.0475 233 220 319 288
phone 0.0433 195 114 351 295
phone 0.0423 149 262 219 369
phone 0.0421 193 24 342 199
phone 0.0398 10 152 102 308
phone 0.0396 84 158 262 306
phone 0.0390 86 124 208 278
phone 0.0379 138 0 282 185
phone 0.0347 260 224 352 313
phone 0.0347 271 280 352 399
phone 0.0334 62 208 175 366
phone 0.0330 117 167 352 350
phone 0.0299 257 109 352 236
phone 0.0297 280 198 352 279
phone 0.0287 56 91 179 246
phone 0.0284 27 45 208 288
phone 0.0275 191 199 268 278
phone 0.0270 191 244 268 325
phone 0.0263 298 165 352 303
phone 0.0259 164 227 234 311
phone 0.0233 87 231 157 306
phone 0.0231 38 120 128 281
phone 0.0229 302 223 352 353
phone 0.0224 9 95 102 239
phone 0.0221 219 310 322 399
phone 0.0221 94 241 200 389
phone 0.0215 30 62 143 216
phone 0.0214 176 213 253 294
phone 0.0211 207 187 283 258
phone 0.0209 175 280 223 350
phone 0.0208 45 215 107 292
phone 0.0206 208 177 312 299
phone 0.0203 107 238 168 330
phone 0.0188 175 251 254 349
phone 0.0181 318 290 352 399
phone 0.0176 73 223 109 283
phone 0.0170 318 260 349 285
phone 0.0170 162 320 236 399
phone 0.0170 150 121 248 262
phone 0.0170 130 79 237 212
phone 0.0168 298 222 345 285
phone 0.0167 36 0 262 215
phone 0.0165 321 189 352 256
phone 0.0164 294 70 352 216
phone 0.0163 130 251 207 317
phone 0.0161 87 197 157 279
phone 0.0161 242 183 310 262
phone 0.0159 257 206 295 270
phone 0.0158 104 239 140 299
phone 0.0156 198 241 292 389
phone 0.0155 329 164 352 311
phone 0.0155 177 251 221 317
phone 0.0155 27 146 209 373
phone 0.0154 226 239 264 299
phone 0.0154 325 256 343 289
phone 0.0152 246 10 352 155
phone 0.0152 102 317 204 399
phone 0.0151 315 138 352 276
phone 0.0151 226 208 264 268
phone 0.0151 148 215 219 291
phone 0.0148 58 223 94 284
phone 0.0147 197 0 282 130
phone 0.0146 324 224 352 313
phone 0.0145 209 237 250 300
phone 0.0145 234 144 318 209
phone 0.0144 34 263 143 399
phone 0.0144 161 265 206 334
phone 0.0143 256 214 329 384
phone 0.0143 131 280 206 350
phone 0.0141 18 251 104 378
phone 0.0140 318 245 349 270
phone 0.0139 210 261 280 339
phone 0.0138 185 315 274 377
phone 0.0138 329 266 338 279
phone 0.0137 117 221 157 285
phone 0.0137 41 0 132 162
phone 0.0137 70 53 174 177
phone 0.0137 204 101 286 191
phone 0.0137 326 252 352 278
phone 0.0136 209 207 250 269
phone 0.0135 134 239 171 298
phone 0.0134 177 184 252 261
phone 0.0133 71 192 142 253
phone 0.0133 329 259 338 271
phone 0.0131 332 317 352 399
phone 0.0130 3 30 106 190
phone 0.0130 164 238 203 300
phone 0.0129 268 141 345 212
phone 0.0128 192 168 267 247
phone 0.0127 228 0 316 132
phone 0.0125 222 177 299 238
phone 0.0125 325 240 343 274
phone 0.0124 118 252 156 316
phone 0.0124 291 241 352 297
phone 0.0123 226 283 257 308
phone 0.0123 337 184 352 261
phone 0.0123 44 189 108 256
phone 0.0122 160 295 207 365
phone 0.0121 175 347 254 399
phone 0.0119 161 123 237 199
phone 0.0118 170 0 248 125
phone 0.0118 332 245 352 384
phone 0.0117 207 327 284 395
phone 0.0117 119 266 187 333
phone 0.0116 233 279 250 312
phone 0.0116 333 240 350 274
phone 0.0115 333 122 352 261
phone 0.0115 150 256 186 312
phone 0.0115 89 225 123 282
phone 0.0115 249 252 280 278
phone 0.0115 339 136 352 217
phone 0.0115 339 290 352 371
phone 0.0114 267 344 346 399
phone 0.0113 237 346 315 399
phone 0.0113 282 248 331 320
phone 0.0113 243 195 277 250
phone 0.0113 326 236 352 262
phone 0.0113 320 163 352 220
phone 0.0113 205 156 285 228
phone 0.0113 333 256 350 289
phone 0.0111 336 212 352 295
phone 0.0111 329 251 338 263
phone 0.0111 329 274 338 286
phone 0.0111 337 259 346 271
phone 0.0111 106 60 200 200
phone 0.0111 119 294 187 367
phone 0.0110 144 109 223 182
phone 0.0110 0 174 59 288
phone 0.0109 145 10 223 158
phone 0.0109 144 157 223 227
phone 0.0108 105 275 170 355
phone 0.0108 326 267 352 293
phone 0.0108 18 245 49 270
phone 0.0108 190 136 269 217
phone 0.0107 129 346 208 399
phone 0.0107 313 333 352 389
phone 0.0107 25 287 96 343
phone 0.0106 74 284 161 399
phone 0.0106 302 177 352 237
phone 0.0106 194 222 235 284
phone 0.0106 84 83 160 147
phone 0.0105 339 104 352 187
phone 0.0105 256 248 273 282
phone 0.0104 337 245 352 323
phone 0.0104 25 242 42 272
phone 0.0103 129 128 208 194
phone 0.0102 237 289 246 302
phone 0.0102 232 10 289 66
phone 0.0102 26 129 96 193
phone 0.0102 73 253 109 314
phone 0.0101 313 134 352 188
phone 0.0101 337 251 346 263
phone 0.0101 247 126 336 197
phone 0.0100 103 208 141 268
phone 0.0100 105 177 171 268
phone 0.0100 67 99 147 161
phone 0.0100 30 208 92 268
phone 0.0100 99 346 176 399
phone 0.0100 149 267 180 293
phone 0.0098 337 266 346 279
phone 0.0098 150 286 186 344
phone 0.0097 72 268 142 331
phone 0.0097 209 292 281 369
phone 0.0097 182 347 216 399
phone 0.0097 42 249 110 319
phone 0.0096 334 62 352 198
phone 0.0096 134 306 164 332
phone 0.0096 258 148 293 204
phone 0.0095 0 181 80 349
phone 0.0095 176 313 222 379
phone 0.0095 14 228 77 279
phone 0.0095 0 329 17 399
phone 0.0095 53 82 130 147
phone 0.0095 71 331 143 391
phone 0.0095 304 361 352 399
phone 0.0094 0 0 16 68
phone 0.0094 116 170 190 244
phone 0.0094 296 205 325 232
phone 0.0094 249 282 280 309
phone 0.0094 197 348 231 399
phone 0.0094 45 61 107 137
phone 0.0094 289 333 324 389
phone 0.0094 44 224 77 282
phone 0.0093 26 98 96 162
phone 0.0093 257 155 326 229
phone 0.0093 103 92 172 168
phone 0.0092 285 159 352 224
phone 0.0092 89 0 212 163
phone 0.0092 135 286 170 343
phone 0.0092 29 251 39 263
phone 0.0091 351 192 352 253
phone 0.0091 227 317 263 374
phone 0.0091 338 350 352 399
phone 0.0091 226 270 263 329
phone 0.0090 44 286 77 344
phone 0.0090 39 300 113 360
phone 0.0090 156 263 173 297
phone 0.0090 260 259 269 271
phone 0.0090 211 318 247 373
phone 0.0090 333 225 350 259
phone 0.0090 337 243 346 256
phone 0.0090 25 238 96 299
phone 0.0090 213 349 246 399
phone 0.0090 339 77 352 153
phone 0.0090 319 275 349 301
phone 0.0089 249 228 280 255
phone 0.0089 140 302 158 335
phone 0.0089 162 200 236 276
phone 0.0089 319 229 349 255
phone 0.0089 289 148 324 205
phone 0.0088 59 174 124 240
phone 0.0088 243 225 277 282
phone 0.0088 136 348 169 399
phone 0.0088 259 348 292 399
phone 0.0088 89 170 155 244
phone 0.0087 199 3 260 73
phone 0.0087 29 223 61 283
phone 0.0087 351 284 352 345
phone 0.0087 180 224 218 283
phone 0.0087 263 24 320 82
phone 0.0087 337 274 346 286
phone 0.0087 302 202 319 236
phone 0.0087 249 205 280 232
phone 0.0087 350 300 352 361
phone 0.0087 48 317 122 399
phone 0.0087 25 160 96 223
phone 0.0086 249 267 280 293
phone 0.0086 177 152 252 232
phone 0.0086 163 168 235 247
phone 0.0086 350 207 352 269
phone 0.0086 146 185 221 260
phone 0.0086 256 279 273 313
phone 0.0085 321 278 352 351
phone 0.0085 351 145 352 207
phone 0.0085 329 243 338 256
phone 0.0085 44 132 77 190
phone 0.0085 254 361 329 399
phone 0.0085 151 348 185 399
phone 0.0084 351 345 352 399
phone 0.0084 90 271 123 328
phone 0.0084 270 50 343 118
phone 0.0084 274 148 308 204
phone 0.0084 260 266 269 279
phone 0.0083 243 331 278 391
phone 0.0083 106 347 138 399
phone 0.0083 116 142 190 211
phone 0.0083 351 161 352 222
phone 0.0083 84 112 160 179
phone 0.0083 90 179 123 235
phone 0.0083 209 270 250 329
phone 0.0082 0 0 12 32
phone 0.0082 71 63 143 136
phone 0.0082 256 236 295 301
phone 0.0082 316 102 352 159
phone 0.0082 59 70 93 129
phone 0.0082 243 164 278 220
phone 0.0082 229 277 292 353
phone 0.0081 104 63 171 136
phone 0.0081 14 253 77 315
phone 0.0081 338 0 352 34
phone 0.0081 256 225 273 259
phone 0.0081 325 271 343 305
phone 0.0081 260 251 269 263
phone 0.0081 105 102 139 158
phone 0.0081 149 282 180 309
phone 0.0080 195 193 233 252
phone 0.0080 326 213 352 240
phone 0.0080 166 348 200 399
phone 0.0080 264 283 295 308
phone 0.0080 294 202 312 235
phone 0.0080 117 108 189 183
phone 0.0080 228 348 262 399
phone 0.0079 130 93 206 168
phone 0.0079 0 366 13 399
phone 0.0079 59 255 93 313
phone 0.0079 121 348 154 399
phone 0.0079 258 178 293 236
phone 0.0079 333 271 350 305
phone 0.0079 256 202 273 236
phone 0.0079 90 332 123 390
phone 0.0079 256 263 273 297
phone 0.0079 44 101 77 159
phone 0.0079 325 225 343 259
phone 0.0078 160 274 169 286
phone 0.0078 350 115 352 176
phone 0.0078 337 236 346 248
phone 0.0078 351 100 352 161
phone 0.0078 350 238 352 299
phone 0.0078 119 285 155 345
phone 0.0078 39 113 113 178
phone 0.0077 350 254 352 314
phone 0.0077 144 313 154 325
phone 0.0077 32 36 90 162
phone 0.0077 191 267 237 332
phone 0.0077 89 88 124 142
phone 0.0077 297 300 352 361
phone 0.0077 168 18 230 89
phone 0.0076 0 111 57 228
phone 0.0076 158 92 239 169
phone 0.0076 289 363 324 399
phone 0.0076 103 155 172 229
phone 0.0076 294 38 351 99
phone 0.0076 59 301 92 359
phone 0.0075 319 290 349 316
phone 0.0075 272 206 303 232
phone 0.0075 69 162 145 221
phone 0.0075 151 133 185 189
phone 0.0075 39 145 113 208
phone 0.0074 120 86 155 143
phone 0.0074 224 255 297 313
phone 0.0074 135 317 170 374
phone 0.0074 351 84 352 145
phone 0.0074 76 363 137 399
phone 0.0074 85 144 159 209
phone 0.0074 260 289 269 302
phone 0.0074 271 279 288 312
phone 0.0074 210 178 249 236
phone 0.0074 180 147 217 205
phone 0.0074 156 279 173 313
phone 0.0073 306 213 316 225
phone 0.0073 165 163 201 220
phone 0.0073 69 130 145 193
phone 0.0073 0 195 27 325
phone 0.0073 316 33 352 165
phone 0.0073 0 50 36 159
phone 0.0073 44 163 77 220
phone 0.0073 172 107 256 184
phone 0.0073 0 362 0 399
phone 0.0073 326 83 352 108
phone 0.0073 102 125 173 197
phone 0.0072 75 316 108 374
phone 0.0072 74 87 108 143
phone 0.0072 326 282 352 309
phone 0.0072 283 189 330 256
phone 0.0071 166 55 201 113
phone 0.0071 60 278 123 352
phone 0.0071 329 282 338 294
phone 0.0071 29 259 39 271
phone 0.0071 150 164 186 220
phone 0.0071 13 147 78 205
phone 0.0071 126 203 210 273
phone 0.0071 181 39 216 98
phone 0.0071 172 244 203 270
phone 0.0071 192 31 267 107
phone 0.0070 44 69 77 129
phone 0.0070 89 301 124 359
phone 0.0070 163 279 181 313
phone 0.0070 165 133 202 189
phone 0.0070 226 163 263 220
phone 0.0070 105 178 139 236
phone 0.0070 221 56 300 143
phone 0.0070 200 0 260 32
phone 0.0069 260 236 269 248
phone 0.0069 295 116 352 176
phone 0.0069 243 270 277 328
phone 0.0069 329 236 338 248
phone 0.0069 325 286 343 320
phone 0.0069 161 60 237 139
phone 0.0068 298 213 308 225
phone 0.0068 307 29 352 77
phone 0.0068 242 288 310 372
phone 0.0068 274 349 308 399
phone 0.0068 337 282 346 294
phone 0.0068 279 202 296 236
phone 0.0068 183 7 216 67
phone 0.0068 44 193 77 252
phone 0.0068 260 282 269 294
phone 0.0068 243 361 278 399
phone 0.0068 333 72 350 104
phone 0.0068 260 213 269 225
phone 0.0067 287 202 304 235
phone 0.0067 260 274 269 286
phone 0.0067 260 243 269 255
phone 0.0067 197 24 232 82
phone 0.0067 154 26 214 81
phone 0.0067 157 290 187 316
phone 0.0067 119 317 155 374
phone 0.0067 305 0 352 112
phone 0.0067 304 149 339 204
phone 0.0067 213 0 247 51
phone 0.0066 59 101 93 159
phone 0.0066 118 76 188 154
phone 0.0066 133 209 172 267
phone 0.0066 31 305 91 399
phone 0.0066 0 137 27 261
phone 0.0066 333 202 350 236
phone 0.0066 275 289 285 302
phone 0.0066 340 6 352 130
phone 0.0066 138 0 199 111
phone 0.0066 135 163 170 220
phone 0.0066 324 44 352 94
phone 0.0066 29 270 61 329
phone 0.0066 179 240 196 274
phone 0.0066 149 317 187 374
phone 0.0066 302 194 342 252
phone 0.0066 242 25 278 82
phone 0.0065 279 279 296 312
phone 0.0065 229 0 262 51
phone 0.0065 289 56 324 112
phone 0.0065 337 89 346 102
phone 0.0065 323 69 352 130
phone 0.0065 304 286 339 343
phone 0.0065 338 27 352 80
phone 0.0065 150 226 186 281
phone 0.0064 0 137 62 184
phone 0.0064 211 282 241 309
phone 0.0064 273 40 309 98
phone 0.0064 295 282 326 309
phone 0.0064 120 117 155 174
phone 0.0064 46 331 76 391
phone 0.0064 198 0 231 51
phone 0.0064 351 69 352 129
phone 0.0064 160 289 169 302
phone 0.0064 260 220 269 232
phone 0.0064 192 299 236 361
phone 0.0064 29 162 61 221
phone 0.0063 89 117 124 174
phone 0.0063 196 274 226 301
phone 0.0063 337 220 346 232
phone 0.0063 104 71 140 128
phone 0.0063 169 0 229 31
phone 0.0063 46 368 106 399
phone 0.0063 42 244 72 270
phone 0.0063 165 209 201 267
phone 0.0062 59 163 93 220
phone 0.0062 295 267 326 293
phone 0.0062 224 131 266 191
phone 0.0062 286 267 352 332
phone 0.0062 59 132 93 189
phone 0.0062 29 131 61 191
phone 0.0062 0 316 41 399
phone 0.0062 190 60 269 139
phone 0.0062 0 245 46 292
phone 0.0062 104 286 139 344
phone 0.0062 15 322 76 369
phone 0.0062 260 228 269 240
phone 0.0062 61 362 92 399
phone 0.0062 319 206 349 232
phone 0.0061 74 285 108 344
phone 0.0061 30 315 60 375
phone 0.0061 337 228 346 240
phone 0.0061 227 25 263 82
phone 0.0061 287 241 304 273
phone 0.0061 300 83 352 147
phone 0.0061 272 52 303 78
phone 0.0061 337 82 346 94
phone 0.0061 0 227 46 340
phone 0.0061 302 279 319 312
phone 0.0061 15 131 45 190
phone 0.0061 279 244 311 270
phone 0.0061 64 327 80 357
phone 0.0061 74 117 108 174
phone 0.0061 226 267 256 293
phone 0.0061 118 192 157 253
phone 0.0061 305 55 339 113
phone 0.0061 350 360 352 399
phone 0.0060 56 330 88 353
phone 0.0060 181 178 217 236
phone 0.0060 14 60 77 108
phone 0.0060 167 289 177 302
phone 0.0060 74 163 108 221
phone 0.0060 329 297 339 309
phone 0.0060 302 264 319 296
phone 0.0060 47 337 106 385
phone 0.0060 188 259 218 286
phone 0.0060 105 148 139 205
phone 0.0060 105 317 139 374
phone 0.0060 329 289 338 302
phone 0.0060 15 26 76 141
phone 0.0059 283 289 292 302
phone 0.0059 325 209 343 244
phone 0.0059 135 57 202 142
phone 0.0059 210 147 249 206
phone 0.0059 14 223 46 283
phone 0.0059 18 269 49 292
phone 0.0059 135 117 170 174
phone 0.0059 90 148 123 204
phone 0.0059 185 0 214 37
phone 0.0059 283 212 292 225
phone 0.0059 257 317 294 374
phone 0.0059 25 266 42 295
phone 0.0059 292 0 352 64
phone 0.0059 45 362 76 399
phone 0.0059 68 335 77 348
phone 0.0059 180 117 218 174
phone 0.0059 151 54 185 113
phone 0.0059 0 254 30 313
phone 0.0059 290 212 300 225
phone 0.0058 45 44 107 93
phone 0.0058 217 278 235 313
phone 0.0058 180 206 210 232
phone 0.0058 202 271 219 305
phone 0.0058 277 0 336 30
phone 0.0058 120 163 155 221
phone 0.0058 16 72 76 188
phone 0.0058 48 240 66 274
phone 0.0058 272 177 310 237
phone 0.0058 168 8 199 67
phone 0.0058 337 55 352 113
phone 0.0057 57 327 73 356
phone 0.0057 259 271 292 328
phone 0.0057 60 336 69 348
phone 0.0057 271 201 289 236
phone 0.0057 0 166 61 217
phone 0.0057 0 214 61 262
phone 0.0057 29 274 38 286
phone 0.0057 337 289 346 302
phone 0.0057 14 119 77 172
phone 0.0057 257 40 294 98
phone 0.0057 31 54 60 113
phone 0.0057 14 90 77 140
phone 0.0057 337 213 346 225
phone 0.0057 29 0 93 95
phone 0.0056 0 276 45 323
phone 0.0056 61 330 91 391
phone 0.0056 15 29 75 77
phone 0.0056 0 274 60 385
phone 0.0056 183 251 192 263
phone 0.0056 279 48 296 82
phone 0.0056 237 282 246 294
phone 0.0056 61 29 122 77
phone 0.0056 169 0 199 37
phone 0.0056 14 178 77 236
phone 0.0056 122 0 184 64
phone 0.0056 138 14 199 62
phone 0.0056 296 252 326 278
phone 0.0056 0 224 30 282
phone 0.0056 124 42 182 95
phone 0.0056 233 263 250 297
phone 0.0056 187 202 204 235
phone 0.0055 173 76 255 154
phone 0.0055 15 367 76 399
phone 0.0055 61 39 91 97
phone 0.0055 308 0 337 37
phone 0.0055 303 318 340 374
phone 0.0055 75 0 138 95
phone 0.0055 14 161 45 222
phone 0.0055 135 70 170 128
phone 0.0055 91 0 153 64
phone 0.0055 0 307 61 353
phone 0.0055 293 0 322 37
phone 0.0055 0 45 60 93
phone 0.0055 153 0 215 46
phone 0.0055 107 29 168 77
phone 0.0055 108 0 167 31
phone 0.0055 209 116 250 175
phone 0.0055 0 8 17 128
phone 0.0054 194 255 212 290
phone 0.0054 134 282 164 309
phone 0.0054 242 300 279 360
phone 0.0054 0 11 61 125
phone 0.0054 61 0 122 64
phone 0.0054 139 0 198 31
phone 0.0054 30 84 61 145
phone 0.0054 77 0 136 30
phone 0.0054 0 30 45 77
phone 0.0054 15 300 45 360
phone 0.0054 30 362 61 399
phone 0.0054 46 39 76 98
phone 0.0054 0 60 45 108
phone 0.0054 280 29 311 54
phone 0.0054 0 153 45 200
phone 0.0054 106 0 169 111
phone 0.0054 0 162 18 283
phone 0.0054 31 23 60 82
phone 0.0054 195 163 233 221
phone 0.0054 302 256 341 312
phone 0.0053 153 8 184 67
phone 0.0053 322 8 352 67
phone 0.0053 254 56 328 143
phone 0.0053 93 49 151 120
phone 0.0053 29 266 38 279
phone 0.0053 150 102 186 159
phone 0.0053 77 23 107 82
phone 0.0053 0 75 61 123
phone 0.0053 47 0 106 30
phone 0.0053 211 24 248 82
phone 0.0053 290 259 300 271
phone 0.0053 47 14 106 62
phone 0.0053 329 305 339 317
phone 0.0053 290 251 300 263
phone 0.0053 302 249 319 280
phone 0.0053 231 0 290 31
phone 0.0053 15 39 45 98
phone 0.0052 167 297 177 309
phone 0.0052 160 282 169 294
phone 0.0052 0 39 30 98
phone 0.0052 139 0 168 37
phone 0.0052 0 29 12 78
phone 0.0052 123 24 153 82
phone 0.0052 0 54 17 175
phone 0.0052 123 0 152 37
phone 0.0052 107 24 137 82
phone 0.0052 165 129 195 155
phone 0.0052 248 201 266 236
phone 0.0052 0 184 46 231
phone 0.0052 15 192 45 252
phone 0.0052 249 298 279 324
phone 0.0052 323 0 352 31
phone 0.0052 108 0 137 37
phone 0.0052 138 24 168 82
phone 0.0052 154 0 183 37
phone 0.0052 0 239 15 298
phone 0.0052 165 102 202 158
phone 0.0052 0 337 60 385
phone 0.0052 306 289 316 302
phone 0.0052 329 220 338 233
phone 0.0051 92 0 122 37
phone 0.0051 333 286 350 320
phone 0.0051 29 192 61 252
phone 0.0051 194 202 212 235
phone 0.0051 0 223 18 344
phone 0.0051 0 60 12 108
phone 0.0051 120 54 155 113
phone 0.0051 77 0 106 37
phone 0.0051 0 106 61 154
phone 0.0051 16 0 75 30
phone 0.0051 92 24 122 82
phone 0.0051 310 53 342 77
phone 0.0051 0 285 30 344
phone 0.0051 42 228 72 255
phone 0.0051 0 199 30 246
phone 0.0051 306 274 316 286
phone 0.0051 0 131 30 190
phone 0.0051 0 116 17 236
phone 0.0051 0 162 30 221
phone 0.0051 306 266 316 279
phone 0.0051 14 363 46 399
phone 0.0051 18 243 34 271
phone 0.0051 15 70 45 128
phone 0.0051 224 100 266 160
phone 0.0051 326 197 352 224
phone 0.0051 277 14 337 62
phone 0.0051 140 278 158 313
phone 0.0050 21 251 31 263
phone 0.0050 62 0 91 37
phone 0.0050 246 0 276 37
phone 0.0050 89 55 124 113
phone 0.0050 171 125 189 158
phone 0.0050 0 70 30 128
