phone 0.8059 74 52 314 218
phone 0.0449 147 97 292 220
phone 0.0302 116 86 236 226
phone 0.0247 93 67 198 215
phone 0.0240 245 17 343 190
phone 0.0216 207 138 309 238
phone 0.0191 139 27 244 193
phone 0.0187 192 6 326 209
phone 0.0173 107 129 215 245
phone 0.0170 195 141 280 204
phone 0.0167 237 102 345 223
phone 0.0155 272 78 376 189
phone 0.0154 63 64 167 187
phone 0.0154 35 40 118 166
phone 0.0150 107 138 184 206
phone 0.0144 168 125 277 249
phone 0.0144 166 49 278 202
phone 0.0142 37 41 252 267
phone 0.0141 148 116 236 198
phone 0.0141 82 110 179 233
phone 0.0137 135 136 218 208
phone 0.0137 108 17 214 173
phone 0.0130 120 157 202 218
phone 0.0127 92 87 168 165
phone 0.0123 63 7 157 147
phone 0.0121 165 137 249 207
phone 0.0120 107 99 184 184
phone 0.0119 120 172 203 267
phone 0.0117 58 94 142 218
phone 0.0115 214 121 292 193
phone 0.0114 172 3 243 155
phone 0.0108 220 144 255 200
phone 0.0108 190 172 286 267
phone 0.0106 75 109 154 173
phone 0.0103 235 144 271 200
phone 0.0103 241 136 328 267
phone 0.0102 128 144 163 200
phone 0.0101 20 66 131 207
phone 0.0100 76 76 154 145
phone 0.0099 180 158 264 217
phone 0.0099 0 264 40 267
phone 0.0097 0 0 39 1
phone 0.0097 215 39 292 182
phone 0.0096 183 0 287 122
phone 0.0096 144 160 178 215
phone 0.0096 154 152 229 222
phone 0.0095 81 142 149 263
phone 0.0094 64 126 135 187
phone 0.0094 275 142 367 245
phone 0.0093 110 189 182 247
phone 0.0093 94 174 167 232
phone 0.0093 145 140 240 265
phone 0.0092 79 158 151 216
phone 0.0091 248 141 320 203
phone 0.0090 49 93 119 158
phone 0.0090 204 144 240 199
phone 0.0089 52 60 116 130
phone 0.0088 138 170 215 235
phone 0.0086 98 98 132 153
phone 0.0085 250 186 318 250
phone 0.0085 112 128 148 185
phone 0.0085 197 99 278 184
phone 0.0085 232 108 305 175
phone 0.0083 194 50 251 109
phone 0.0083 251 144 286 200
phone 0.0083 159 159 193 215
phone 0.0083 145 204 177 263
phone 0.0080 240 84 297 137
phone 0.0080 281 0 368 151
phone 0.0080 167 187 248 267
phone 0.0079 140 203 214 263
phone 0.0079 129 189 162 247
phone 0.0079 83 127 116 186
phone 0.0079 161 42 222 118
phone 0.0078 114 173 146 232
phone 0.0078 99 158 131 216
phone 0.0078 67 65 101 124
phone 0.0077 143 0 210 137
phone 0.0077 153 62 230 159
phone 0.0077 173 143 210 201
phone 0.0076 224 69 282 121
phone 0.0076 219 203 288 264
phone 0.0076 111 97 149 155
phone 0.0075 68 112 100 170
phone 0.0075 98 128 131 185
phone 0.0075 267 143 301 200
phone 0.0075 39 83 100 198
phone 0.0075 83 97 116 154
phone 0.0075 170 169 244 236
phone 0.0074 267 189 301 247
phone 0.0073 188 144 225 200
phone 0.0073 69 40 130 119
phone 0.0073 178 39 237 90
phone 0.0073 269 155 331 219
phone 0.0072 54 148 115 196
phone 0.0071 205 18 271 140
phone 0.0071 190 219 256 267
phone 0.0071 5 18 84 128
phone 0.0071 38 116 100 166
phone 0.0070 192 35 223 92
phone 0.0070 91 56 169 134
phone 0.0070 221 205 254 262
phone 0.0069 84 157 115 217
phone 0.0069 69 141 99 202
phone 0.0069 0 0 41 33
phone 0.0069 68 24 131 73
phone 0.0068 0 0 53 97
phone 0.0068 115 9 176 58
phone 0.0068 122 55 200 136
phone 0.0068 54 111 84 171
phone 0.0068 175 35 208 93
phone 0.0067 271 209 328 258
phone 0.0067 54 131 115 242
phone 0.0067 86 0 145 111
phone 0.0067 159 220 226 267
phone 0.0067 221 66 255 123
phone 0.0067 316 71 376 119
phone 0.0066 252 189 285 247
phone 0.0066 160 205 193 262
phone 0.0066 316 179 376 226
phone 0.0066 256 98 312 154
phone 0.0066 314 37 377 152
phone 0.0066 237 205 270 262
phone 0.0066 99 19 131 78
phone 0.0065 84 19 115 78
phone 0.0065 131 223 192 267
phone 0.0065 283 143 316 200
phone 0.0065 314 146 378 259
phone 0.0065 205 205 239 262
phone 0.0065 240 224 297 267
phone 0.0065 131 4 161 62
phone 0.0064 115 4 146 62
phone 0.0064 251 113 286 169
phone 0.0064 54 142 84 202
phone 0.0064 23 69 84 182
phone 0.0064 92 0 192 134
phone 0.0064 84 9 146 57
phone 0.0063 205 174 239 231
phone 0.0063 331 87 391 134
phone 0.0063 22 102 85 149
phone 0.0063 53 0 115 106
phone 0.0063 208 35 238 93
phone 0.0063 133 21 189 77
phone 0.0063 38 40 100 88
phone 0.0063 331 65 361 124
phone 0.0063 82 50 117 109
phone 0.0063 285 203 315 263
phone 0.0063 331 158 361 216
phone 0.0063 37 83 101 138
phone 0.0063 331 56 391 103
phone 0.0063 300 56 360 103
phone 0.0063 316 40 376 88
phone 0.0062 330 53 393 167
phone 0.0062 236 174 270 231
phone 0.0062 131 0 191 42
phone 0.0062 125 112 166 171
phone 0.0062 148 31 205 97
phone 0.0062 269 81 300 139
phone 0.0062 221 175 255 230
phone 0.0062 316 148 376 196
phone 0.0062 69 179 130 226
phone 0.0062 300 225 360 267
phone 0.0062 254 66 284 124
phone 0.0062 162 0 222 42
phone 0.0061 100 25 160 104
phone 0.0061 330 266 393 267
phone 0.0061 100 0 161 42
phone 0.0061 316 65 345 124
phone 0.0061 190 205 224 262
phone 0.0061 174 174 209 231
phone 0.0061 155 127 197 186
phone 0.0061 346 65 376 124
phone 0.0061 331 164 391 211
phone 0.0061 69 19 99 78
phone 0.0061 146 4 176 62
phone 0.0061 54 9 114 57
phone 0.0061 300 87 361 134
phone 0.0061 100 194 161 267
phone 0.0060 38 96 69 155
phone 0.0060 330 7 393 121
phone 0.0060 316 102 376 149
phone 0.0060 85 211 145 256
phone 0.0060 21 0 199 221
phone 0.0060 85 188 115 248
phone 0.0060 54 34 84 93
phone 0.0060 175 205 208 262
phone 0.0060 330 130 393 243
phone 0.0060 315 241 376 267
phone 0.0060 285 241 345 267
phone 0.0060 254 218 284 267
phone 0.0060 177 10 237 57
phone 0.0060 299 53 362 167
phone 0.0060 299 176 362 267
phone 0.0059 331 34 361 93
phone 0.0059 161 0 223 90
phone 0.0059 362 8 399 120
phone 0.0059 285 71 345 119
phone 0.0059 331 25 391 73
phone 0.0059 361 40 399 89
phone 0.0059 84 266 147 267
phone 0.0059 300 25 360 73
phone 0.0059 147 9 207 57
phone 0.0059 100 203 130 263
phone 0.0059 314 207 377 267
phone 0.0059 53 80 84 140
phone 0.0059 316 256 376 267
phone 0.0059 315 219 346 267
phone 0.0059 362 54 399 166
phone 0.0059 147 0 207 27
phone 0.0059 360 70 399 119
phone 0.0059 190 174 224 231
phone 0.0059 162 0 192 47
phone 0.0059 7 266 70 267
phone 0.0059 115 219 146 267
phone 0.0059 70 0 130 42
phone 0.0059 116 0 176 27
phone 0.0059 53 266 116 267
phone 0.0059 331 188 361 247
phone 0.0059 141 127 181 186
phone 0.0059 331 118 391 165
phone 0.0059 22 266 85 267
phone 0.0059 99 238 162 267
phone 0.0059 346 96 376 155
phone 0.0059 316 10 376 57
phone 0.0059 131 0 191 11
phone 0.0059 314 100 378 213
phone 0.0058 186 66 259 155
phone 0.0058 177 0 207 47
phone 0.0058 346 34 376 94
phone 0.0058 192 0 254 90
phone 0.0058 0 235 40 267
phone 0.0058 346 157 376 217
phone 0.0058 361 9 399 58
phone 0.0058 361 101 399 150
phone 0.0058 208 25 268 73
phone 0.0058 362 239 399 267
phone 0.0058 314 266 378 267
phone 0.0058 109 39 182 120
phone 0.0058 100 0 160 11
phone 0.0058 331 195 391 242
phone 0.0058 39 0 99 42
phone 0.0058 300 235 330 267
phone 0.0058 362 116 399 227
phone 0.0058 8 0 68 42
phone 0.0058 24 9 83 57
phone 0.0058 331 225 391 267
phone 0.0058 316 34 345 93
phone 0.0057 360 147 399 196
phone 0.0057 331 96 361 155
phone 0.0057 162 0 222 11
phone 0.0057 115 209 177 267
phone 0.0057 114 266 178 267
phone 0.0057 23 133 84 180
phone 0.0057 68 237 131 267
phone 0.0057 331 234 361 267
phone 0.0057 360 178 399 227
phone 0.0057 100 0 130 47
phone 0.0057 285 40 345 88
phone 0.0057 346 265 376 267
phone 0.0057 287 176 343 229
phone 0.0057 84 253 146 267
phone 0.0057 270 126 329 187
phone 0.0057 85 0 145 27
phone 0.0057 39 164 99 211
phone 0.0057 8 148 68 196
phone 0.0057 331 127 361 185
phone 0.0057 0 142 40 262
phone 0.0057 193 3 222 63
phone 0.0057 224 9 283 57
phone 0.0057 116 265 146 267
phone 0.0057 331 265 361 267
phone 0.0057 362 162 399 267
phone 0.0057 209 240 267 267
phone 0.0056 285 9 345 57
phone 0.0056 69 173 99 232
phone 0.0056 269 56 330 103
phone 0.0056 208 0 268 42
phone 0.0056 100 265 130 267
phone 0.0056 193 0 253 11
phone 0.0056 300 203 330 263
phone 0.0056 177 0 237 27
phone 0.0056 300 65 330 124
phone 0.0056 22 71 85 119
phone 0.0056 22 115 85 228
phone 0.0056 146 0 176 32
phone 0.0056 239 40 299 88
phone 0.0056 208 3 238 63
phone 0.0056 346 127 376 186
phone 0.0056 70 0 130 11
phone 0.0056 130 266 193 267
phone 0.0056 284 234 315 267
phone 0.0056 131 234 161 267
phone 0.0056 85 0 115 47
phone 0.0056 8 0 68 11
phone 0.0056 346 3 376 63
phone 0.0056 8 25 68 73
phone 0.0056 346 250 376 267
phone 0.0056 114 254 177 267
phone 0.0056 131 0 161 32
phone 0.0056 331 0 391 42
phone 0.0056 54 3 84 63
phone 0.0056 331 3 361 63
phone 0.0056 268 22 331 136
phone 0.0056 346 188 376 247
phone 0.0056 0 0 36 12
phone 0.0056 54 0 114 27
phone 0.0056 7 99 69 213
phone 0.0056 88 129 104 161
phone 0.0056 361 0 399 27
phone 0.0055 239 0 299 42
phone 0.0055 364 262 399 267
phone 0.0055 238 7 300 121
phone 0.0055 315 188 346 247
phone 0.0055 223 0 284 11
phone 0.0055 39 126 69 186
phone 0.0055 254 71 314 119
phone 0.0055 285 102 345 150
phone 0.0055 346 219 376 267
phone 0.0055 254 9 314 57
phone 0.0055 145 266 209 267
phone 0.0055 23 179 84 226
phone 0.0055 39 0 99 11
phone 0.0055 270 219 299 267
phone 0.0055 162 0 192 16
phone 0.0055 223 19 253 78
phone 0.0055 0 265 22 267
phone 0.0055 131 265 161 267
phone 0.0055 70 0 99 47
phone 0.0055 116 0 145 16
phone 0.0055 160 266 224 267
phone 0.0055 284 266 347 267
phone 0.0055 223 0 284 27
phone 0.0055 361 0 399 12
phone 0.0055 360 209 399 258
phone 0.0055 23 0 83 27
phone 0.0055 0 66 40 185
phone 0.0055 85 265 115 267
phone 0.0055 360 255 399 267
phone 0.0055 191 266 255 267
phone 0.0055 0 0 23 2
phone 0.0055 270 0 330 42
phone 0.0055 316 3 345 63
phone 0.0055 8 194 68 242
phone 0.0055 39 3 68 63
phone 0.0055 254 256 314 267
phone 0.0055 0 255 36 267
phone 0.0055 252 37 316 152
phone 0.0055 300 0 360 42
phone 0.0055 54 256 114 267
phone 0.0055 80 134 112 157
phone 0.0055 24 0 53 47
phone 0.0055 8 117 68 165
phone 0.0055 177 0 207 16
phone 0.0055 376 34 399 94
phone 0.0054 283 174 316 231
phone 0.0054 270 25 329 73
phone 0.0054 239 19 268 78
phone 0.0054 100 0 130 16
phone 0.0054 315 265 346 267
phone 0.0054 158 51 195 108
phone 0.0054 254 0 314 11
phone 0.0054 222 266 286 267
phone 0.0054 7 161 69 267
phone 0.0054 39 194 99 242
phone 0.0054 300 34 330 93
phone 0.0054 376 64 399 125
phone 0.0054 39 157 69 217
phone 0.0054 0 0 22 17
phone 0.0054 23 142 53 201
phone 0.0054 254 0 314 27
phone 0.0054 253 266 316 267
phone 0.0054 331 0 391 11
phone 0.0054 53 222 116 267
phone 0.0054 0 19 41 139
phone 0.0054 315 250 346 267
phone 0.0054 0 209 36 258
phone 0.0054 193 0 222 16
phone 0.0054 377 3 399 63
phone 0.0054 300 3 330 63
phone 0.0054 39 240 99 267
phone 0.0054 223 0 253 47
phone 0.0054 208 0 238 16
phone 0.0054 0 178 36 227
phone 0.0054 300 96 331 154
phone 0.0054 301 118 360 165
phone 0.0054 100 250 130 267
phone 0.0053 23 210 84 257
phone 0.0053 285 256 345 267
phone 0.0053 85 0 115 16
phone 0.0053 285 50 315 109
phone 0.0053 254 34 284 93
phone 0.0053 316 0 376 27
phone 0.0053 0 249 22 267
phone 0.0053 39 65 69 124
phone 0.0053 0 266 55 267
phone 0.0053 345 85 399 197
phone 0.0053 254 3 284 63
phone 0.0053 176 239 239 267
phone 0.0053 37 161 101 267
phone 0.0053 267 112 301 170
phone 0.0053 145 254 208 267
phone 0.0053 223 0 253 16
phone 0.0053 239 0 268 47
phone 0.0053 300 0 360 11
phone 0.0053 376 95 399 156
phone 0.0053 39 34 68 93
phone 0.0053 362 80 392 140
phone 0.0053 376 264 399 267
phone 0.0053 0 133 53 180
phone 0.0053 23 0 53 17
phone 0.0053 346 133 399 180
phone 0.0053 8 225 68 267
phone 0.0053 24 19 53 78
phone 0.0053 362 49 392 109
phone 0.0053 285 0 345 27
phone 0.0053 270 50 299 109
phone 0.0053 285 3 315 63
phone 0.0053 254 250 284 267
phone 0.0053 8 56 68 103
phone 0.0053 69 0 99 16
phone 0.0053 70 265 99 267
phone 0.0053 270 3 299 63
phone 0.0053 238 50 269 108
phone 0.0053 239 0 269 16
phone 0.0053 269 250 300 267
phone 0.0053 207 265 238 267
phone 0.0053 376 141 399 202
phone 0.0053 54 0 84 32
phone 0.0053 91 139 100 151
phone 0.0053 85 250 115 267
phone 0.0053 315 96 346 155
phone 0.0053 269 87 330 134
phone 0.0052 0 102 53 149
phone 0.0052 7 253 69 267
phone 0.0052 362 19 392 78
phone 0.0052 39 0 68 32
phone 0.0052 376 172 399 233
phone 0.0052 115 250 146 267
phone 0.0052 241 210 273 234
phone 0.0052 23 111 53 171
phone 0.0052 0 188 23 247
phone 0.0052 192 265 223 267
phone 0.0052 0 86 36 135
phone 0.0052 0 219 23 267
phone 0.0052 223 234 253 267
phone 0.0052 0 117 36 165
phone 0.0052 0 0 22 47
phone 0.0052 23 188 53 247
phone 0.0052 254 0 284 16
phone 0.0052 361 157 392 217
phone 0.0052 146 265 177 267
phone 0.0052 361 111 392 170
phone 0.0052 300 265 330 267
phone 0.0052 70 250 99 267
phone 0.0052 54 188 84 247
phone 0.0052 235 97 271 154
phone 0.0052 346 0 376 17
phone 0.0052 0 9 36 58
phone 0.0052 0 164 53 211
phone 0.0052 39 188 69 247
phone 0.0052 249 206 265 237
phone 0.0052 253 238 316 267
phone 0.0052 0 148 36 196
phone 0.0052 270 0 299 16
phone 0.0052 112 35 148 93
phone 0.0051 68 192 131 267
phone 0.0051 223 265 254 267
phone 0.0051 0 55 36 104
phone 0.0051 0 71 53 119
phone 0.0051 69 219 99 267
phone 0.0051 0 157 23 217
phone 0.0051 331 0 361 16
phone 0.0051 376 0 399 17
phone 0.0051 0 96 22 155
phone 0.0051 54 234 84 267
phone 0.0051 285 0 315 16
phone 0.0051 177 265 207 267
phone 0.0051 54 265 84 267
phone 0.0051 361 188 392 247
phone 0.0051 284 265 315 267
phone 0.0051 163 257 221 267
phone 0.0051 362 265 392 267
phone 0.0051 177 250 207 267
phone 0.0051 8 86 68 134
phone 0.0051 238 265 269 267
phone 0.0051 0 65 22 124
phone 0.0051 376 249 399 267
phone 0.0051 161 265 192 267
phone 0.0051 316 0 345 16
phone 0.0051 376 203 399 263
phone 0.0051 300 0 330 16
phone 0.0051 39 219 69 267
phone 0.0051 130 0 161 1
phone 0.0051 146 0 177 1
phone 0.0050 8 127 38 185
phone 0.0050 253 216 262 228
phone 0.0050 208 234 238 267
phone 0.0050 8 19 38 78
phone 0.0050 115 0 146 1
phone 0.0050 23 50 53 109
phone 0.0050 23 219 53 267
phone 0.0050 7 53 69 167
phone 0.0050 161 0 192 1
phone 0.0050 85 219 115 267
phone 0.0050 284 81 315 139
phone 0.0050 146 234 176 267
