phone 0.9052 69 122 190 315
phone 0.1358 15 306 123 397
phone 0.1186 34 143 127 313
phone 0.0968 90 114 218 247
phone 0.0724 32 69 233 284
phone 0.0587 4 136 88 320
phone 0.0562 16 204 196 368
phone 0.0561 37 200 91 307
phone 0.0513 0 262 98 394
phone 0.0434 31 330 67 392
phone 0.0427 20 111 133 241
phone 0.0367 82 170 170 276
phone 0.0365 0 100 162 353
phone 0.0359 62 88 160 264
phone 0.0352 36 160 92 255
phone 0.0337 41 135 267 375
phone 0.0335 45 331 83 391
phone 0.0300 0 211 58 373
phone 0.0290 89 181 216 322
phone 0.0286 42 216 117 291
phone 0.0279 0 100 63 245
phone 0.0275 118 122 254 280
phone 0.0275 79 90 185 212
phone 0.0269 0 313 73 378
phone 0.0267 26 200 103 368
phone 0.0236 73 261 190 375
phone 0.0229 81 211 171 357
phone 0.0226 13 235 85 303
phone 0.0221 58 317 145 399
phone 0.0213 43 181 116 264
phone 0.0211 14 288 83 373
phone 0.0209 65 183 157 324
phone 0.0209 0 77 91 208
phone 0.0205 70 217 250 351
phone 0.0200 12 190 86 255
phone 0.0188 0 132 32 267
phone 0.0175 16 316 51 375
phone 0.0172 28 42 120 181
phone 0.0171 0 195 27 326
phone 0.0171 146 154 228 230
phone 0.0166 31 239 66 298
phone 0.0164 14 157 83 227
phone 0.0160 61 239 98 298
phone 0.0159 31 338 98 399
phone 0.0158 141 80 249 214
phone 0.0158 43 152 116 231
phone 0.0155 61 333 97 389
phone 0.0152 0 267 21 378
phone 0.0149 147 189 227 257
phone 0.0148 33 139 95 213
phone 0.0148 130 184 267 333
phone 0.0147 32 193 66 252
phone 0.0146 131 137 213 217
phone 0.0144 169 169 236 245
phone 0.0141 46 128 113 194
phone 0.0140 123 168 220 247
phone 0.0138 0 81 23 200
phone 0.0137 53 165 137 250
phone 0.0136 38 266 151 394
phone 0.0136 143 263 246 371
phone 0.0135 0 280 45 399
phone 0.0131 52 201 138 275
phone 0.0131 114 69 199 222
phone 0.0126 90 245 161 323
phone 0.0123 0 220 35 287
phone 0.0122 186 235 267 363
phone 0.0121 31 163 66 221
phone 0.0119 168 140 237 213
phone 0.0119 43 245 116 323
phone 0.0118 63 132 96 190
phone 0.0117 38 336 68 362
phone 0.0117 119 236 224 362
phone 0.0116 46 147 81 206
phone 0.0115 59 192 99 253
phone 0.0115 74 127 147 226
phone 0.0114 29 300 68 361
phone 0.0114 39 293 120 368
phone 0.0113 0 189 35 256
phone 0.0111 44 333 61 366
phone 0.0109 161 172 245 304
phone 0.0108 99 269 183 330
phone 0.0108 184 162 221 221
phone 0.0107 103 325 179 399
phone 0.0104 123 283 221 399
phone 0.0103 185 112 267 240
phone 0.0102 0 158 35 225
phone 0.0102 0 329 36 393
phone 0.0102 169 194 205 251
phone 0.0101 30 329 60 355
phone 0.0101 153 122 222 200
phone 0.0100 0 208 19 267
phone 0.0100 99 187 152 259
phone 0.0100 14 329 45 355
phone 0.0099 158 299 248 399
phone 0.0099 0 141 50 212
phone 0.0098 0 173 51 241
phone 0.0098 49 240 141 297
phone 0.0098 125 207 218 269
phone 0.0097 84 286 167 343
phone 0.0097 37 206 68 231
phone 0.0097 48 343 58 356
phone 0.0096 185 193 220 252
phone 0.0095 0 267 36 331
phone 0.0095 109 271 142 328
phone 0.0095 206 82 267 198
phone 0.0095 0 178 19 236
phone 0.0095 78 333 112 389
phone 0.0095 21 325 38 358
phone 0.0095 60 162 99 222
phone 0.0094 128 365 185 399
phone 0.0094 170 200 235 276
phone 0.0094 197 208 267 314
phone 0.0093 0 347 55 399
phone 0.0093 0 28 61 190
phone 0.0093 63 115 127 207
phone 0.0092 36 325 54 359
phone 0.0092 148 271 227 328
phone 0.0092 0 239 19 298
phone 0.0090 216 280 267 361
phone 0.0090 196 269 267 329
phone 0.0089 44 202 61 235
phone 0.0089 167 163 207 221
phone 0.0088 48 355 111 399
phone 0.0088 170 110 235 181
phone 0.0088 29 325 46 359
phone 0.0086 149 223 226 284
phone 0.0086 0 347 19 399
phone 0.0086 0 239 56 298
phone 0.0086 16 164 50 220
phone 0.0084 118 283 195 346
phone 0.0084 106 238 145 299
phone 0.0083 7 0 84 159
phone 0.0082 140 114 204 178
phone 0.0082 129 240 215 298
phone 0.0082 174 364 232 399
phone 0.0082 199 312 267 379
phone 0.0082 25 336 35 348
phone 0.0081 100 228 182 310
phone 0.0081 141 329 204 399
phone 0.0081 94 359 158 399
phone 0.0080 128 101 185 160
phone 0.0080 40 336 50 348
phone 0.0080 0 146 19 206
phone 0.0080 48 212 58 225
phone 0.0079 38 383 68 399
phone 0.0079 90 315 162 377
phone 0.0079 115 251 197 318
phone 0.0079 184 187 252 258
phone 0.0079 104 299 179 361
phone 0.0079 135 299 209 362
phone 0.0079 184 281 253 348
phone 0.0078 182 330 254 392
phone 0.0078 124 272 158 327
phone 0.0078 0 205 52 271
phone 0.0078 126 0 215 165
phone 0.0078 0 275 67 355
phone 0.0078 157 362 187 399
phone 0.0077 170 247 235 321
phone 0.0077 0 304 2 399
phone 0.0077 121 313 192 378
phone 0.0077 111 90 172 139
phone 0.0076 196 145 267 207
phone 0.0076 109 55 174 174
phone 0.0076 93 332 127 389
phone 0.0076 18 358 80 399
phone 0.0076 198 174 267 240
phone 0.0076 151 314 224 377
phone 0.0076 170 271 204 327
phone 0.0076 77 226 113 281
phone 0.0076 0 338 4 384
phone 0.0076 33 336 42 348
phone 0.0076 96 51 156 209
phone 0.0075 186 116 219 175
phone 0.0075 1 302 35 358
phone 0.0075 172 362 203 399
phone 0.0075 216 253 267 315
phone 0.0075 54 283 136 347
phone 0.0075 202 362 234 399
phone 0.0075 1 362 35 399
phone 0.0075 185 233 252 304
phone 0.0075 64 0 153 169
phone 0.0075 151 147 192 206
phone 0.0074 74 193 115 252
phone 0.0074 16 255 50 313
phone 0.0074 125 347 157 399
phone 0.0074 126 86 157 143
phone 0.0074 69 302 152 359
phone 0.0074 48 336 58 348
phone 0.0074 109 347 142 399
phone 0.0073 91 238 129 299
phone 0.0073 44 379 62 399
phone 0.0073 205 364 262 399
phone 0.0073 52 202 69 235
phone 0.0072 20 126 77 196
phone 0.0072 201 178 235 236
phone 0.0071 217 100 250 159
phone 0.0071 80 101 141 190
phone 0.0070 0 257 3 371
phone 0.0070 170 225 204 281
phone 0.0070 217 332 250 390
phone 0.0069 111 86 141 143
phone 0.0069 216 240 250 297
phone 0.0069 186 332 219 390
phone 0.0069 188 97 248 164
phone 0.0069 0 291 4 338
phone 0.0069 13 325 31 358
phone 0.0069 68 144 99 170
phone 0.0068 142 346 172 399
phone 0.0068 0 131 32 191
phone 0.0068 113 213 199 294
phone 0.0068 0 196 3 309
phone 0.0068 216 222 267 285
phone 0.0068 152 195 191 250
phone 0.0068 179 130 257 192
phone 0.0067 169 131 205 190
phone 0.0067 0 230 4 277
phone 0.0067 155 332 188 390
phone 0.0067 201 286 235 344
phone 0.0067 109 317 142 374
phone 0.0067 171 332 204 390
phone 0.0067 0 361 3 399
phone 0.0067 155 287 189 343
phone 0.0067 61 270 98 329
phone 0.0067 0 226 71 280
phone 0.0067 139 301 173 359
phone 0.0066 186 255 220 313
phone 0.0066 77 303 112 358
phone 0.0066 0 261 4 308
phone 0.0066 78 115 112 175
phone 0.0066 201 332 235 390
phone 0.0066 124 301 158 359
phone 0.0066 158 351 217 399
phone 0.0066 232 132 265 190
phone 0.0065 17 363 50 399
phone 0.0065 79 91 142 139
phone 0.0065 60 302 98 359
phone 0.0065 204 88 263 141
phone 0.0065 0 35 187 242
phone 0.0065 216 178 250 236
phone 0.0064 156 5 239 147
phone 0.0064 186 224 220 282
phone 0.0064 0 127 5 277
phone 0.0064 216 148 250 205
phone 0.0064 139 272 173 327
phone 0.0064 186 36 267 179
phone 0.0064 233 101 265 159
phone 0.0064 201 255 235 313
phone 0.0064 113 361 146 384
phone 0.0064 48 389 58 399
phone 0.0064 78 362 112 399
phone 0.0063 154 226 189 280
phone 0.0063 170 301 204 359
phone 0.0063 251 321 267 370
phone 0.0063 202 85 234 144
phone 0.0063 229 97 267 225
phone 0.0063 96 76 156 123
phone 0.0063 247 285 267 399
phone 0.0063 0 300 3 360
phone 0.0063 122 357 137 388
phone 0.0063 56 213 65 225
phone 0.0063 75 140 92 174
phone 0.0062 141 86 172 143
phone 0.0062 33 0 96 95
phone 0.0062 95 86 126 143
phone 0.0062 0 199 4 246
phone 0.0062 0 357 7 388
phone 0.0062 125 366 134 379
phone 0.0062 157 75 218 123
phone 0.0062 0 98 1 245
phone 0.0062 2 0 66 95
phone 0.0062 0 361 14 385
phone 0.0061 111 60 171 108
phone 0.0061 230 189 267 317
phone 0.0061 154 257 189 311
phone 0.0061 36 118 93 173
phone 0.0061 40 343 50 356
phone 0.0061 142 60 202 108
phone 0.0061 95 5 179 151
phone 0.0061 44 301 84 360
phone 0.0061 265 316 267 375
phone 0.0061 77 44 267 238
phone 0.0060 220 158 267 226
phone 0.0060 172 89 233 141
phone 0.0060 216 209 250 266
phone 0.0060 211 153 267 291
phone 0.0060 234 346 264 399
phone 0.0060 80 60 141 108
phone 0.0060 19 29 79 77
phone 0.0060 29 268 61 293
phone 0.0060 201 209 235 267
phone 0.0060 0 0 4 96
phone 0.0060 50 29 110 77
phone 0.0060 64 0 127 95
phone 0.0060 250 76 267 123
phone 0.0059 106 369 138 392
phone 0.0059 156 55 219 174
phone 0.0059 201 117 235 174
phone 0.0059 37 260 68 285
phone 0.0059 65 76 125 123
phone 0.0059 4 91 64 139
phone 0.0059 73 261 148 338
phone 0.0059 186 286 219 343
phone 0.0059 0 30 48 77
phone 0.0059 77 257 112 311
phone 0.0059 96 45 156 93
phone 0.0059 81 29 140 77
phone 0.0059 249 27 267 141
phone 0.0059 17 336 27 348
phone 0.0059 232 240 265 297
phone 0.0059 87 159 134 225
phone 0.0059 228 266 267 394
phone 0.0059 0 29 17 77
phone 0.0058 126 75 187 123
phone 0.0058 235 60 267 108
phone 0.0058 114 365 130 396
phone 0.0058 0 0 34 110
phone 0.0058 44 256 61 289
phone 0.0058 265 75 267 123
phone 0.0058 0 168 3 215
phone 0.0058 0 76 48 123
phone 0.0058 265 337 267 385
phone 0.0058 173 70 203 128
phone 0.0058 36 379 54 399
phone 0.0058 45 174 76 201
phone 0.0058 187 85 219 143
phone 0.0058 127 45 187 93
phone 0.0058 233 42 267 156
phone 0.0058 264 42 267 156
phone 0.0058 98 95 154 165
phone 0.0058 250 45 267 93
phone 0.0057 236 211 267 265
phone 0.0057 234 29 267 77
phone 0.0057 19 23 49 82
phone 0.0057 217 0 267 95
phone 0.0057 0 45 33 93
phone 0.0057 0 106 49 154
phone 0.0057 127 54 156 113
phone 0.0057 264 304 267 399
phone 0.0057 0 42 34 156
phone 0.0057 0 11 19 126
phone 0.0057 249 224 267 282
phone 0.0057 34 23 64 82
phone 0.0057 152 114 184 138
phone 0.0057 266 306 267 354
phone 0.0057 111 54 141 113
phone 0.0057 142 54 172 113
phone 0.0057 48 205 58 217
phone 0.0057 0 366 4 379
phone 0.0057 168 213 199 240
phone 0.0057 37 264 53 296
phone 0.0057 188 75 249 124
phone 0.0057 65 23 95 83
phone 0.0057 0 60 17 108
phone 0.0057 265 54 267 113
phone 0.0057 250 106 267 154
phone 0.0057 81 23 110 83
phone 0.0057 50 23 79 82
phone 0.0057 96 54 126 113
phone 0.0056 91 283 122 309
phone 0.0056 80 69 110 129
phone 0.0056 16 194 50 251
phone 0.0056 50 60 110 108
phone 0.0056 158 54 187 113
phone 0.0056 173 60 233 108
phone 0.0056 232 317 265 374
phone 0.0056 117 374 127 387
phone 0.0056 187 0 250 95
phone 0.0056 247 72 267 188
phone 0.0056 0 29 2 77
phone 0.0056 110 0 173 95
phone 0.0056 93 302 127 358
phone 0.0056 265 29 267 77
phone 0.0056 96 23 125 83
phone 0.0056 0 0 2 30
phone 0.0056 19 85 49 144
phone 0.0056 265 367 267 399
phone 0.0056 49 26 111 141
phone 0.0056 52 332 69 366
phone 0.0056 98 279 115 312
phone 0.0056 74 146 115 207
phone 0.0056 201 148 235 204
phone 0.0056 219 75 267 123
phone 0.0055 0 122 19 170
phone 0.0055 264 0 267 110
phone 0.0055 219 189 267 256
phone 0.0055 140 0 204 95
phone 0.0055 0 85 18 144
phone 0.0055 15 285 51 344
phone 0.0055 0 14 33 62
phone 0.0055 111 23 141 83
phone 0.0055 141 91 203 139
phone 0.0054 161 175 191 201
phone 0.0054 4 85 33 144
phone 0.0054 235 0 267 30
phone 0.0054 16 225 50 281
phone 0.0054 265 101 267 159
phone 0.0054 0 119 3 233
phone 0.0054 84 351 114 378
phone 0.0054 45 328 75 355
phone 0.0054 79 151 88 163
phone 0.0054 251 152 267 201
phone 0.0054 65 103 125 157
phone 0.0054 4 60 63 108
phone 0.0054 18 0 80 64
phone 0.0054 0 54 2 113
phone 0.0054 249 255 267 313
phone 0.0054 266 168 267 216
phone 0.0054 158 45 217 93
phone 0.0054 52 171 69 205
phone 0.0054 45 190 76 217
phone 0.0054 246 116 267 236
phone 0.0054 65 54 95 113
phone 0.0053 49 0 111 64
phone 0.0053 263 257 267 372
phone 0.0053 127 23 156 83
phone 0.0053 0 167 30 193
phone 0.0053 35 75 94 123
phone 0.0053 35 0 94 30
phone 0.0053 80 0 141 64
phone 0.0053 0 0 17 30
phone 0.0053 45 213 76 240
phone 0.0053 250 367 267 399
phone 0.0053 4 0 63 30
phone 0.0053 263 134 267 248
phone 0.0053 249 0 267 64
phone 0.0053 92 115 129 175
phone 0.0053 171 100 204 159
phone 0.0053 0 26 3 141
phone 0.0053 0 116 3 174
phone 0.0053 66 0 125 30
phone 0.0053 29 269 68 330
phone 0.0053 188 54 218 113
phone 0.0052 252 261 267 284
phone 0.0052 159 110 177 142
phone 0.0052 0 91 2 139
phone 0.0052 96 14 155 62
phone 0.0052 175 209 192 243
phone 0.0052 204 45 263 93
phone 0.0052 172 0 234 64
phone 0.0052 204 14 263 62
phone 0.0052 126 0 188 64
phone 0.0052 142 23 172 83
phone 0.0052 265 0 267 30
phone 0.0052 96 0 155 30
phone 0.0052 48 274 58 286
phone 0.0052 265 147 267 205
phone 0.0052 48 266 58 279
phone 0.0052 219 23 249 83
phone 0.0052 189 0 248 30
phone 0.0052 173 29 233 77
phone 0.0052 236 270 267 328
phone 0.0052 0 0 49 46
phone 0.0052 266 137 267 185
phone 0.0051 263 266 267 279
phone 0.0051 34 85 64 144
phone 0.0051 265 229 267 277
phone 0.0051 19 54 49 113
phone 0.0051 157 86 187 143
phone 0.0051 15 205 45 232
phone 0.0051 219 54 248 113
phone 0.0051 40 274 50 287
phone 0.0051 0 72 3 187
phone 0.0051 49 101 80 159
phone 0.0051 158 0 217 30
phone 0.0051 237 191 267 216
phone 0.0051 204 54 233 113
phone 0.0051 0 137 3 185
phone 0.0051 34 0 64 51
phone 0.0051 49 91 110 139
phone 0.0051 50 54 79 113
phone 0.0051 158 23 187 83
phone 0.0051 16 132 50 190
phone 0.0051 264 88 267 202
phone 0.0051 6 163 23 197
phone 0.0051 263 196 267 310
phone 0.0051 266 276 267 323
phone 0.0051 260 257 267 288
phone 0.0051 50 0 79 37
phone 0.0051 173 38 202 98
phone 0.0050 65 0 95 37
phone 0.0050 219 0 248 37
phone 0.0050 18 106 80 154
phone 0.0050 34 54 64 113
phone 0.0050 81 0 110 37
