phone 0.8523 87 58 320 220
phone 0.0608 109 138 231 235
phone 0.0475 91 110 201 222
phone 0.0271 73 104 150 228
phone 0.0220 67 28 156 188
phone 0.0209 104 41 218 209
phone 0.0208 180 74 321 193
phone 0.0193 45 16 244 247
phone 0.0187 239 64 345 201
phone 0.0186 143 116 270 226
phone 0.0185 146 28 268 191
phone 0.0174 122 6 391 205
phone 0.0161 40 100 114 228
phone 0.0143 161 141 253 202
phone 0.0143 273 39 377 165
phone 0.0124 96 0 187 157
phone 0.0123 104 99 187 183
phone 0.0122 55 154 144 266
phone 0.0119 38 35 120 174
phone 0.0119 130 112 223 201
phone 0.0117 90 139 170 204
phone 0.0116 107 154 185 220
phone 0.0115 249 0 342 146
phone 0.0115 147 157 236 217
phone 0.0114 126 167 208 266
phone 0.0113 157 155 257 266
phone 0.0111 174 125 271 187
phone 0.0109 192 123 284 250
phone 0.0105 50 123 119 189
phone 0.0104 225 92 313 220
phone 0.0102 105 161 174 266
phone 0.0101 189 110 286 172
phone 0.0099 50 154 118 219
phone 0.0099 228 137 310 266
phone 0.0098 211 0 318 123
phone 0.0097 0 263 40 266
phone 0.0097 0 0 39 0
phone 0.0097 83 56 147 133
phone 0.0096 188 0 287 163
phone 0.0096 68 72 131 147
phone 0.0094 64 188 136 247
phone 0.0089 198 142 278 201
phone 0.0089 206 96 300 155
phone 0.0089 214 127 293 185
phone 0.0088 248 94 320 156
phone 0.0087 67 127 100 185
phone 0.0087 128 159 162 215
phone 0.0087 135 0 218 143
phone 0.0086 78 204 152 261
phone 0.0086 189 144 225 199
phone 0.0086 168 173 247 232
phone 0.0086 53 70 115 119
phone 0.0086 260 106 339 236
phone 0.0086 73 158 157 216
phone 0.0085 167 0 248 146
phone 0.0085 158 159 194 215
phone 0.0085 60 141 139 202
phone 0.0085 52 93 117 158
phone 0.0085 155 204 229 262
phone 0.0085 146 8 207 58
phone 0.0084 59 0 164 126
phone 0.0084 236 171 302 233
phone 0.0084 68 64 100 124
phone 0.0084 67 157 101 216
phone 0.0083 99 39 162 119
phone 0.0083 113 143 147 199
phone 0.0083 160 0 224 93
phone 0.0082 82 80 116 139
phone 0.0082 220 186 287 248
phone 0.0082 69 53 130 106
phone 0.0081 37 144 102 260
phone 0.0081 130 0 193 92
phone 0.0081 177 8 237 58
phone 0.0081 161 4 192 61
phone 0.0081 97 65 132 123
phone 0.0080 83 49 116 109
phone 0.0080 267 75 332 144
phone 0.0080 176 4 208 61
phone 0.0080 188 185 258 250
phone 0.0080 37 86 101 133
phone 0.0078 252 156 317 217
phone 0.0078 204 169 272 236
phone 0.0078 235 137 303 205
phone 0.0078 174 160 209 214
phone 0.0078 146 4 177 62
phone 0.0078 141 142 181 201
phone 0.0078 219 153 288 221
phone 0.0078 115 9 177 57
phone 0.0077 53 80 84 139
phone 0.0077 192 4 223 61
phone 0.0077 144 220 209 266
phone 0.0077 251 121 317 191
phone 0.0077 36 145 102 198
phone 0.0076 98 144 131 199
phone 0.0076 268 141 331 201
phone 0.0076 125 126 166 186
phone 0.0076 65 103 134 179
phone 0.0076 191 0 255 92
phone 0.0075 84 24 146 73
phone 0.0075 23 99 85 212
phone 0.0075 267 97 301 153
phone 0.0074 205 159 239 215
phone 0.0074 68 188 100 247
phone 0.0074 283 106 347 175
phone 0.0074 22 102 85 149
phone 0.0074 22 133 85 179
phone 0.0073 99 34 131 93
phone 0.0073 130 4 161 62
phone 0.0073 251 112 285 169
phone 0.0073 113 219 179 266
phone 0.0073 207 204 269 262
phone 0.0073 98 204 131 262
phone 0.0073 83 203 115 262
phone 0.0073 208 8 268 58
phone 0.0073 207 4 238 62
phone 0.0073 22 164 85 210
phone 0.0073 53 156 84 217
phone 0.0072 221 158 255 215
phone 0.0072 91 87 169 164
phone 0.0072 236 143 270 200
phone 0.0072 38 56 100 103
phone 0.0072 190 204 224 261
phone 0.0071 38 126 69 185
phone 0.0071 240 208 297 257
phone 0.0071 53 40 115 87
phone 0.0071 177 222 237 266
phone 0.0071 283 81 316 139
phone 0.0071 38 96 69 154
phone 0.0071 38 157 69 216
phone 0.0071 107 69 184 151
phone 0.0071 93 186 168 249
phone 0.0070 175 204 208 261
phone 0.0070 53 126 84 186
phone 0.0070 36 177 102 228
phone 0.0070 4 142 85 250
phone 0.0070 99 0 162 90
phone 0.0070 190 174 224 230
phone 0.0070 226 81 311 139
phone 0.0070 116 25 176 103
phone 0.0069 248 65 320 124
phone 0.0069 112 50 148 108
phone 0.0069 223 4 254 62
phone 0.0069 82 173 116 231
phone 0.0069 114 19 146 77
phone 0.0069 0 0 41 32
phone 0.0068 54 49 84 108
phone 0.0068 37 115 101 166
phone 0.0068 205 189 239 246
phone 0.0068 221 0 286 91
phone 0.0068 69 34 100 93
phone 0.0068 252 142 285 200
phone 0.0068 192 0 253 41
phone 0.0068 179 63 266 158
phone 0.0067 162 0 222 41
phone 0.0067 239 23 298 74
phone 0.0067 82 128 116 184
phone 0.0067 267 127 301 185
phone 0.0067 254 203 284 263
phone 0.0067 131 0 192 41
phone 0.0066 223 0 284 41
phone 0.0066 282 127 316 185
phone 0.0066 302 130 358 181
phone 0.0066 239 203 269 263
phone 0.0066 22 195 84 241
phone 0.0066 0 0 56 96
phone 0.0065 269 9 330 57
phone 0.0065 204 129 240 183
phone 0.0065 237 19 270 77
phone 0.0065 22 53 85 166
phone 0.0065 144 174 178 230
phone 0.0065 236 114 270 168
phone 0.0065 300 25 360 72
phone 0.0065 331 133 391 180
phone 0.0065 69 9 130 57
phone 0.0064 100 0 161 41
phone 0.0064 159 204 193 261
phone 0.0064 254 0 314 41
phone 0.0064 208 218 238 266
phone 0.0064 253 19 285 77
phone 0.0064 253 0 316 90
phone 0.0064 220 129 255 183
phone 0.0064 299 0 362 105
phone 0.0064 329 99 393 212
phone 0.0063 316 163 376 210
phone 0.0063 297 92 364 219
phone 0.0063 300 179 360 226
phone 0.0063 38 188 69 247
phone 0.0063 53 0 116 105
phone 0.0063 100 3 130 62
phone 0.0063 123 53 199 136
phone 0.0063 129 204 162 262
phone 0.0063 84 19 115 77
phone 0.0063 113 174 147 230
phone 0.0063 314 130 377 243
phone 0.0063 299 146 362 258
phone 0.0063 239 0 269 47
phone 0.0063 208 0 268 26
phone 0.0062 316 9 376 57
phone 0.0062 23 71 84 118
phone 0.0062 285 194 345 241
phone 0.0062 177 0 237 26
phone 0.0062 346 126 376 185
phone 0.0062 316 126 345 186
phone 0.0062 316 40 376 87
phone 0.0062 144 204 178 261
phone 0.0062 39 9 99 57
phone 0.0062 285 3 315 62
phone 0.0062 285 0 345 41
phone 0.0062 269 3 299 62
phone 0.0061 315 19 346 77
phone 0.0061 254 0 284 47
phone 0.0061 332 102 390 149
phone 0.0061 146 0 207 26
phone 0.0061 331 157 361 216
phone 0.0061 300 3 330 62
phone 0.0061 116 0 145 47
phone 0.0061 331 56 391 103
phone 0.0061 315 173 346 231
phone 0.0061 54 0 114 41
phone 0.0061 331 25 391 72
phone 0.0061 116 0 176 26
phone 0.0061 330 7 393 120
phone 0.0061 331 19 361 77
phone 0.0061 128 34 163 92
phone 0.0061 239 0 299 26
phone 0.0060 224 218 253 266
phone 0.0060 298 96 332 155
phone 0.0060 23 0 83 42
phone 0.0060 38 65 69 123
phone 0.0060 256 192 312 242
phone 0.0060 69 3 99 62
phone 0.0060 193 0 253 11
phone 0.0060 97 112 132 169
phone 0.0060 53 187 84 248
phone 0.0060 300 188 330 247
phone 0.0060 98 174 131 230
phone 0.0060 22 0 85 90
phone 0.0060 38 226 99 266
phone 0.0060 208 0 238 31
phone 0.0060 346 95 377 154
phone 0.0059 223 0 253 31
phone 0.0059 162 0 222 11
phone 0.0059 85 0 145 26
phone 0.0059 193 256 253 266
phone 0.0059 193 0 222 31
phone 0.0059 346 34 376 93
phone 0.0059 315 265 378 266
phone 0.0059 54 3 84 62
phone 0.0059 239 240 299 266
phone 0.0059 8 25 68 72
phone 0.0059 6 69 70 181
phone 0.0059 8 0 68 26
phone 0.0059 223 0 284 11
phone 0.0059 131 0 191 11
phone 0.0059 269 225 330 266
phone 0.0059 54 218 84 266
phone 0.0059 0 234 40 266
phone 0.0059 85 0 115 47
phone 0.0059 299 126 331 185
phone 0.0058 54 208 115 258
phone 0.0058 177 0 207 31
phone 0.0058 8 117 69 164
phone 0.0058 146 0 176 31
phone 0.0058 162 0 192 31
phone 0.0058 270 0 330 26
phone 0.0058 100 0 160 11
phone 0.0058 313 22 378 136
phone 0.0058 131 0 161 31
phone 0.0058 207 249 238 266
phone 0.0058 328 53 394 167
phone 0.0058 207 238 270 266
phone 0.0058 363 238 399 266
phone 0.0058 267 66 301 122
phone 0.0058 23 95 53 154
phone 0.0057 39 3 69 62
phone 0.0057 316 0 345 47
phone 0.0057 8 87 68 133
phone 0.0057 364 262 399 266
phone 0.0057 270 188 299 247
phone 0.0057 39 0 99 26
phone 0.0057 8 0 68 11
phone 0.0057 53 238 116 266
phone 0.0057 254 0 314 11
phone 0.0057 254 234 284 266
phone 0.0057 346 3 376 62
phone 0.0057 287 162 343 211
phone 0.0057 222 253 285 266
phone 0.0057 253 253 315 266
phone 0.0057 331 126 361 185
phone 0.0057 362 0 399 88
phone 0.0057 346 65 377 123
phone 0.0057 331 0 391 42
phone 0.0057 38 34 69 93
phone 0.0057 70 0 130 11
phone 0.0056 284 237 346 266
phone 0.0056 8 179 69 226
phone 0.0056 316 71 375 118
phone 0.0056 7 237 69 266
phone 0.0056 100 0 130 31
phone 0.0056 362 38 399 150
phone 0.0056 254 265 284 266
phone 0.0056 270 0 299 31
phone 0.0056 284 219 315 266
phone 0.0056 361 254 399 266
phone 0.0056 361 70 399 119
phone 0.0056 7 148 69 195
phone 0.0056 331 49 361 108
phone 0.0056 269 218 300 266
phone 0.0056 269 265 300 266
phone 0.0056 238 265 269 266
phone 0.0056 23 0 53 47
phone 0.0056 39 0 99 11
phone 0.0056 268 176 332 266
phone 0.0056 284 253 346 266
phone 0.0056 23 19 53 77
phone 0.0056 7 253 69 266
phone 0.0056 222 223 285 266
phone 0.0056 0 0 36 11
phone 0.0056 361 0 399 42
phone 0.0056 239 0 269 16
phone 0.0056 38 253 100 266
phone 0.0056 223 265 253 266
phone 0.0056 54 264 84 266
phone 0.0056 84 253 146 266
phone 0.0056 23 126 54 185
phone 0.0056 360 101 399 150
phone 0.0056 361 0 399 11
phone 0.0056 300 0 360 26
phone 0.0055 315 194 376 241
phone 0.0055 331 0 361 47
phone 0.0055 362 85 399 196
phone 0.0055 69 264 100 266
phone 0.0055 285 265 315 266
phone 0.0055 160 238 224 266
phone 0.0055 285 0 345 11
phone 0.0055 300 209 361 257
phone 0.0055 285 0 315 31
phone 0.0055 223 249 254 266
phone 0.0055 346 40 399 87
phone 0.0055 300 157 330 217
phone 0.0055 285 39 345 88
phone 0.0055 116 0 145 16
phone 0.0055 23 157 53 216
phone 0.0055 0 0 23 1
phone 0.0055 254 0 284 16
phone 0.0055 362 192 399 266
phone 0.0055 130 238 193 266
phone 0.0055 331 179 391 226
phone 0.0055 330 237 393 266
phone 0.0055 331 0 391 11
phone 0.0055 70 0 99 31
phone 0.0054 360 132 399 180
phone 0.0054 207 265 238 266
phone 0.0054 23 264 53 266
phone 0.0054 111 113 148 168
phone 0.0054 0 0 22 16
phone 0.0054 23 0 53 16
phone 0.0054 300 265 330 266
phone 0.0054 330 145 393 258
phone 0.0054 39 264 69 266
phone 0.0054 269 250 300 266
phone 0.0054 316 225 376 266
phone 0.0054 300 0 330 31
phone 0.0054 315 253 377 266
phone 0.0054 362 131 399 242
phone 0.0054 161 254 223 266
phone 0.0054 85 0 115 16
phone 0.0054 84 234 115 266
phone 0.0054 331 209 391 257
phone 0.0054 206 26 270 102
phone 0.0054 0 264 23 266
phone 0.0054 346 9 399 57
phone 0.0054 285 188 315 247
phone 0.0054 360 162 399 211
phone 0.0053 346 157 377 216
phone 0.0053 114 254 177 266
phone 0.0053 377 264 399 266
phone 0.0053 23 65 54 123
phone 0.0053 285 249 315 266
phone 0.0053 8 56 68 103
phone 0.0053 54 0 84 16
phone 0.0053 39 0 69 16
phone 0.0053 84 264 115 266
phone 0.0053 331 188 361 247
phone 0.0053 300 34 331 93
phone 0.0053 346 264 376 266
phone 0.0053 238 249 269 266
phone 0.0053 0 102 53 225
phone 0.0053 146 265 177 266
phone 0.0053 131 249 161 266
phone 0.0053 362 49 392 108
phone 0.0053 346 117 399 164
phone 0.0053 6 22 71 135
phone 0.0053 315 203 346 262
phone 0.0053 161 265 192 266
phone 0.0053 54 249 84 266
phone 0.0053 316 265 345 266
phone 0.0052 376 2 399 63
phone 0.0052 377 248 399 266
phone 0.0052 346 0 376 16
phone 0.0052 192 249 223 266
phone 0.0052 346 188 376 247
phone 0.0052 300 249 330 266
phone 0.0052 300 219 330 266
phone 0.0052 192 265 223 266
phone 0.0052 318 115 374 166
phone 0.0052 38 249 69 266
phone 0.0052 69 234 100 266
phone 0.0052 83 238 147 266
phone 0.0052 376 33 399 94
phone 0.0052 8 210 68 256
phone 0.0052 216 42 290 117
phone 0.0052 176 265 207 266
phone 0.0052 331 265 361 266
phone 0.0052 23 188 53 247
phone 0.0052 316 0 345 16
phone 0.0052 130 265 161 266
phone 0.0052 331 0 361 16
phone 0.0052 376 0 399 17
phone 0.0052 376 64 399 124
phone 0.0052 8 4 38 62
phone 0.0051 161 249 192 266
phone 0.0051 331 218 361 266
phone 0.0051 0 255 36 266
phone 0.0051 346 148 399 195
phone 0.0051 251 83 286 137
phone 0.0051 23 249 53 266
phone 0.0051 0 188 41 266
phone 0.0051 376 95 399 155
phone 0.0051 146 249 176 266
phone 0.0051 316 249 345 266
phone 0.0051 207 0 238 1
phone 0.0051 346 0 399 26
phone 0.0051 362 264 392 266
phone 0.0051 192 0 223 1
phone 0.0051 346 249 376 266
phone 0.0051 142 34 179 93
phone 0.0051 302 81 358 139
phone 0.0051 361 111 392 170
phone 0.0051 346 86 399 133
phone 0.0051 177 249 207 266
phone 0.0051 223 0 254 0
phone 0.0051 176 0 208 1
phone 0.0051 346 218 376 266
phone 0.0051 100 265 130 266
phone 0.0051 376 218 399 266
phone 0.0051 161 0 192 1
phone 0.0051 0 0 23 47
phone 0.0050 283 69 292 82
phone 0.0050 180 221 196 252
phone 0.0050 238 0 269 0
phone 0.0050 146 0 177 1
phone 0.0050 314 96 346 154
phone 0.0050 331 249 361 266
phone 0.0050 130 0 161 1
phone 0.0050 154 37 229 121
phone 0.0050 253 0 284 0
phone 0.0050 115 265 146 266
phone 0.0050 68 223 131 266
phone 0.0050 376 125 399 186
phone 0.0050 0 249 23 266
