phone 0.8330 101 48 284 252
phone 0.1140 187 235 339 356
phone 0.1060 137 118 313 277
phone 0.0873 121 264 219 378
phone 0.0859 170 140 347 327
phone 0.0561 105 171 298 349
phone 0.0521 34 87 135 245
phone 0.0521 70 292 155 399
phone 0.0513 91 215 246 373
phone 0.0432 199 84 377 262
phone 0.0431 45 116 172 273
phone 0.0358 82 191 196 334
phone 0.0322 140 31 243 199
phone 0.0322 6 136 83 261
phone 0.0313 46 130 232 388
phone 0.0284 16 81 263 307
phone 0.0271 223 266 314 334
phone 0.0270 112 175 234 280
phone 0.0265 149 301 249 388
phone 0.0263 62 214 160 368
phone 0.0255 223 12 363 212
phone 0.0255 206 286 319 399
phone 0.0245 94 131 197 253
phone 0.0238 64 167 154 286
phone 0.0238 259 255 375 379
phone 0.0233 0 159 59 296
phone 0.0219 83 91 178 231
phone 0.0214 0 97 63 242
phone 0.0212 248 207 385 328
phone 0.0207 178 85 296 237
phone 0.0197 61 313 138 378
phone 0.0195 168 158 276 286
phone 0.0195 134 222 165 246
phone 0.0187 38 283 126 399
phone 0.0183 201 263 275 336
phone 0.0183 141 218 158 250
phone 0.0180 190 189 286 348
phone 0.0180 106 158 185 225
phone 0.0173 239 245 329 324
phone 0.0170 30 181 133 332
phone 0.0170 190 8 274 157
phone 0.0169 85 31 209 200
phone 0.0167 145 228 154 240
phone 0.0166 210 286 296 344
phone 0.0160 203 42 303 187
phone 0.0159 125 171 197 243
phone 0.0159 158 301 194 360
phone 0.0157 253 0 339 157
phone 0.0153 149 218 166 250
phone 0.0143 255 130 384 277
phone 0.0143 244 282 324 348
phone 0.0141 94 311 166 380
phone 0.0141 6 171 100 304
phone 0.0141 272 252 357 316
phone 0.0139 94 120 166 203
phone 0.0139 149 235 265 364
phone 0.0138 234 270 272 329
phone 0.0137 152 228 162 240
phone 0.0136 261 70 380 216
phone 0.0135 50 62 149 198
phone 0.0134 82 317 117 374
phone 0.0134 205 148 331 266
phone 0.0134 165 173 249 242
phone 0.0133 182 188 263 257
phone 0.0132 212 153 294 231
phone 0.0131 160 43 224 126
phone 0.0129 249 270 288 329
phone 0.0129 165 78 249 184
phone 0.0129 108 191 183 254
phone 0.0127 136 154 216 230
phone 0.0127 112 240 179 328
phone 0.0127 77 111 153 181
phone 0.0127 101 302 190 359
phone 0.0125 20 178 55 237
phone 0.0124 204 167 399 356
phone 0.0123 128 179 162 235
phone 0.0123 127 256 195 343
phone 0.0123 142 301 179 360
phone 0.0121 266 166 363 309
phone 0.0121 0 84 107 207
phone 0.0119 145 220 154 233
phone 0.0119 166 270 280 389
phone 0.0117 264 270 304 329
phone 0.0117 94 234 167 303
phone 0.0116 139 189 213 257
phone 0.0116 79 174 150 240
phone 0.0116 236 109 332 243
phone 0.0116 348 200 399 337
phone 0.0115 249 326 320 399
phone 0.0115 349 139 399 266
phone 0.0115 128 191 225 346
phone 0.0114 220 270 256 329
phone 0.0114 130 25 215 145
phone 0.0113 92 279 168 351
phone 0.0112 64 276 134 354
phone 0.0112 65 126 134 196
phone 0.0112 97 316 133 375
phone 0.0111 24 326 113 399
phone 0.0111 150 279 233 351
phone 0.0110 6 281 93 399
phone 0.0109 304 176 399 295
phone 0.0109 38 0 250 223
phone 0.0108 143 178 178 236
phone 0.0108 1 235 105 363
phone 0.0108 51 109 118 182
phone 0.0107 258 228 340 310
phone 0.0106 104 322 187 399
phone 0.0105 0 321 50 399
phone 0.0105 162 185 252 321
phone 0.0105 170 205 244 271
phone 0.0104 194 325 282 399
phone 0.0104 15 216 202 399
phone 0.0103 256 363 313 399
phone 0.0103 14 194 92 252
phone 0.0103 310 104 398 240
phone 0.0102 353 76 399 215
phone 0.0102 112 317 147 375
phone 0.0102 216 185 290 260
phone 0.0102 0 40 169 234
phone 0.0101 78 141 152 211
phone 0.0101 72 28 159 170
phone 0.0100 106 6 186 162
phone 0.0100 276 305 364 394
phone 0.0099 169 0 239 116
phone 0.0099 0 46 81 183
phone 0.0099 66 64 133 135
phone 0.0098 296 15 366 153
phone 0.0098 225 141 312 212
phone 0.0097 202 197 274 279
phone 0.0097 190 195 224 251
phone 0.0097 0 218 56 349
phone 0.0097 5 178 39 236
phone 0.0096 211 119 295 204
phone 0.0096 357 233 399 304
phone 0.0096 248 157 320 227
phone 0.0096 111 216 180 291
phone 0.0096 0 0 39 67
phone 0.0095 97 132 132 189
phone 0.0095 62 97 137 163
phone 0.0095 216 82 290 148
phone 0.0094 235 346 303 399
phone 0.0093 63 347 137 399
phone 0.0093 98 194 132 251
phone 0.0092 16 161 90 223
phone 0.0092 158 178 194 236
phone 0.0092 113 240 147 297
phone 0.0092 282 51 348 117
phone 0.0092 173 55 210 113
phone 0.0091 361 250 399 379
phone 0.0091 296 256 332 312
phone 0.0091 279 281 351 348
phone 0.0090 81 202 148 274
phone 0.0090 34 359 103 399
phone 0.0089 360 140 399 212
phone 0.0089 71 148 129 235
phone 0.0089 18 222 89 284
phone 0.0089 191 33 254 105
phone 0.0089 291 269 370 330
phone 0.0089 82 132 116 190
phone 0.0088 128 303 162 357
phone 0.0088 99 356 162 399
phone 0.0088 202 53 274 115
phone 0.0088 300 233 399 349
phone 0.0088 264 314 335 377
phone 0.0088 29 133 109 189
phone 0.0088 29 299 108 362
phone 0.0087 204 195 240 251
phone 0.0087 106 102 185 189
phone 0.0087 186 217 259 290
phone 0.0087 49 28 120 171
phone 0.0086 165 269 249 330
phone 0.0086 119 118 203 204
phone 0.0086 358 202 399 274
phone 0.0085 0 0 36 32
phone 0.0085 175 194 209 251
phone 0.0085 32 179 106 235
phone 0.0085 64 236 135 302
phone 0.0085 142 327 211 395
phone 0.0085 276 218 354 289
phone 0.0085 196 89 279 173
phone 0.0085 67 116 101 175
phone 0.0085 31 207 106 269
phone 0.0084 79 250 151 318
phone 0.0084 312 112 380 179
phone 0.0084 7 198 69 277
phone 0.0084 223 179 314 235
phone 0.0084 111 132 149 190
phone 0.0084 119 0 342 204
phone 0.0084 127 239 163 298
phone 0.0083 160 358 224 399
phone 0.0083 280 271 318 328
phone 0.0083 82 71 116 128
phone 0.0083 93 90 167 171
phone 0.0083 232 0 302 119
phone 0.0083 12 117 94 174
phone 0.0083 201 227 275 310
phone 0.0082 345 111 399 180
phone 0.0082 36 194 70 250
phone 0.0082 340 253 399 315
phone 0.0082 190 302 224 358
phone 0.0082 174 303 209 358
phone 0.0082 0 160 45 223
phone 0.0082 342 219 399 287
phone 0.0081 204 360 272 399
phone 0.0081 111 205 141 232
phone 0.0081 279 176 351 239
phone 0.0081 303 48 388 181
phone 0.0081 126 267 157 293
phone 0.0081 230 299 308 362
phone 0.0081 3 127 73 195
phone 0.0080 302 42 359 95
phone 0.0080 180 301 265 359
phone 0.0080 129 359 193 399
phone 0.0080 121 86 201 175
phone 0.0079 185 247 260 321
phone 0.0079 246 128 322 195
phone 0.0079 83 348 116 399
phone 0.0079 128 333 162 389
phone 0.0079 100 44 161 124
phone 0.0079 362 0 399 34
phone 0.0079 66 318 101 373
phone 0.0079 97 163 132 221
phone 0.0079 287 240 373 297
phone 0.0079 50 142 119 210
phone 0.0079 312 273 391 369
phone 0.0079 19 79 87 151
phone 0.0079 23 59 84 109
phone 0.0078 345 159 399 224
phone 0.0078 133 264 150 297
phone 0.0078 219 313 288 378
phone 0.0078 295 98 366 163
phone 0.0078 126 147 164 206
phone 0.0078 103 83 134 108
phone 0.0077 34 95 104 165
phone 0.0077 134 206 165 232
phone 0.0077 2 345 75 399
phone 0.0077 0 358 40 399
phone 0.0077 261 146 338 207
phone 0.0077 14 255 93 314
phone 0.0077 1 99 75 162
phone 0.0077 236 301 270 359
phone 0.0077 127 199 196 276
phone 0.0077 140 219 213 288
phone 0.0076 205 39 239 98
phone 0.0076 30 269 108 330
phone 0.0076 72 183 103 208
phone 0.0076 147 111 236 212
phone 0.0075 118 202 135 236
phone 0.0075 110 79 127 112
phone 0.0075 67 363 101 399
phone 0.0075 113 347 147 399
phone 0.0075 329 172 393 242
phone 0.0075 81 285 118 344
phone 0.0075 175 332 208 389
phone 0.0075 234 178 272 236
phone 0.0075 38 55 69 113
phone 0.0075 52 186 117 259
phone 0.0074 313 286 347 343
phone 0.0074 124 231 198 307
phone 0.0074 128 209 163 266
phone 0.0074 267 163 301 220
phone 0.0074 236 71 270 127
phone 0.0074 326 315 358 338
phone 0.0074 374 255 399 313
phone 0.0074 282 317 316 374
phone 0.0074 1 312 75 379
phone 0.0074 78 78 151 152
phone 0.0074 36 225 70 282
phone 0.0074 100 28 161 78
phone 0.0074 51 194 85 250
phone 0.0074 298 299 363 361
phone 0.0074 262 83 337 146
phone 0.0074 329 266 394 332
phone 0.0073 112 286 148 344
phone 0.0073 291 193 370 252
phone 0.0073 277 115 353 177
phone 0.0073 330 40 362 97
phone 0.0073 374 116 399 174
phone 0.0073 326 145 396 208
phone 0.0073 334 311 349 341
phone 0.0073 80 179 96 212
phone 0.0073 331 97 391 163
phone 0.0073 297 286 332 343
phone 0.0073 159 332 193 390
phone 0.0073 374 225 399 282
phone 0.0073 52 348 85 399
phone 0.0073 51 318 86 374
phone 0.0073 0 111 44 180
phone 0.0073 251 33 318 104
phone 0.0073 36 164 70 220
phone 0.0073 50 229 80 255
phone 0.0073 269 346 299 399
phone 0.0072 292 161 368 222
phone 0.0072 82 161 117 222
phone 0.0072 52 133 85 189
phone 0.0072 141 269 180 329
phone 0.0072 159 209 193 266
phone 0.0072 250 65 318 134
phone 0.0072 294 128 366 194
phone 0.0072 3 279 73 350
phone 0.0072 337 320 347 333
phone 0.0072 154 247 229 321
phone 0.0072 311 249 381 319
phone 0.0072 142 213 172 239
phone 0.0072 50 248 118 320
phone 0.0071 225 10 282 66
phone 0.0071 112 163 148 220
phone 0.0071 82 102 117 158
phone 0.0071 267 301 301 359
phone 0.0071 328 117 362 174
phone 0.0071 84 0 146 111
phone 0.0071 220 56 255 112
phone 0.0071 211 75 242 101
phone 0.0071 29 238 108 299
phone 0.0071 248 187 320 258
phone 0.0071 21 208 55 268
phone 0.0070 82 240 116 297
phone 0.0070 170 233 244 304
phone 0.0070 318 53 374 116
phone 0.0070 53 45 115 93
phone 0.0070 218 72 235 104
phone 0.0070 313 257 347 311
phone 0.0070 115 24 146 82
phone 0.0070 0 78 54 152
phone 0.0070 149 36 204 102
phone 0.0070 360 18 399 149
phone 0.0070 207 0 271 102
phone 0.0070 308 222 383 285
phone 0.0069 141 202 159 236
phone 0.0069 65 137 96 162
phone 0.0069 348 290 399 339
phone 0.0069 190 348 224 399
phone 0.0069 374 162 399 221
phone 0.0069 52 163 85 220
phone 0.0069 23 55 54 112
phone 0.0069 98 240 131 297
phone 0.0069 113 54 147 113
phone 0.0068 67 147 101 205
phone 0.0068 100 24 130 82
phone 0.0068 137 274 147 286
phone 0.0068 313 82 379 147
phone 0.0068 221 348 254 399
phone 0.0068 256 11 313 65
phone 0.0068 190 224 224 282
phone 0.0067 51 217 118 289
phone 0.0067 36 86 70 143
phone 0.0067 218 193 257 252
phone 0.0067 0 238 44 299
phone 0.0067 36 133 70 189
phone 0.0067 6 209 39 267
phone 0.0067 313 71 347 128
phone 0.0067 0 21 41 147
phone 0.0067 330 304 393 399
phone 0.0067 36 302 70 358
phone 0.0067 376 284 399 346
phone 0.0067 330 29 392 77
phone 0.0067 21 117 55 174
phone 0.0067 82 209 116 267
phone 0.0067 232 200 305 276
phone 0.0067 69 39 99 97
phone 0.0067 218 36 289 101
phone 0.0066 297 178 332 236
phone 0.0066 83 189 93 202
phone 0.0066 330 0 392 110
phone 0.0066 362 96 399 165
phone 0.0066 5 147 40 205
phone 0.0066 231 106 306 186
phone 0.0066 0 268 45 331
phone 0.0066 114 89 123 102
phone 0.0066 56 225 74 259
phone 0.0066 72 133 89 166
phone 0.0066 207 0 269 46
phone 0.0066 67 178 101 236
phone 0.0066 250 165 286 219
phone 0.0066 51 287 85 342
phone 0.0065 158 55 195 113
phone 0.0065 131 28 191 79
phone 0.0065 69 29 131 77
phone 0.0065 112 209 147 266
phone 0.0065 130 24 161 82
phone 0.0065 252 302 285 358
phone 0.0065 344 178 378 236
phone 0.0065 359 178 393 236
phone 0.0065 236 332 270 390
phone 0.0065 22 11 85 126
phone 0.0065 98 55 132 113
phone 0.0065 217 209 289 297
phone 0.0065 0 299 45 361
phone 0.0065 313 117 347 174
phone 0.0065 333 307 366 330
phone 0.0065 130 0 193 113
phone 0.0065 272 351 327 399
phone 0.0065 205 332 239 390
phone 0.0065 67 70 101 128
phone 0.0065 21 347 54 399
phone 0.0064 342 304 357 334
phone 0.0064 205 225 240 282
phone 0.0064 362 304 399 356
phone 0.0064 348 56 399 112
phone 0.0064 36 362 70 399
phone 0.0064 9 70 67 130
phone 0.0064 252 24 285 82
phone 0.0064 252 332 285 389
phone 0.0064 282 178 316 236
phone 0.0064 345 312 354 325
phone 0.0064 66 285 102 344
phone 0.0064 297 71 332 128
phone 0.0064 8 45 68 93
phone 0.0064 346 24 376 82
phone 0.0064 122 213 131 225
phone 0.0064 52 102 85 159
phone 0.0064 126 270 165 329
phone 0.0064 165 275 196 301
phone 0.0064 97 102 133 159
phone 0.0064 53 55 85 113
phone 0.0063 313 179 347 235
phone 0.0063 222 0 254 51
phone 0.0063 267 24 301 82
phone 0.0063 39 29 99 77
phone 0.0063 144 347 177 399
phone 0.0063 53 0 116 110
phone 0.0063 238 0 269 51
phone 0.0063 172 272 189 304
phone 0.0063 205 303 239 358
phone 0.0063 41 64 97 135
phone 0.0063 146 24 177 82
phone 0.0063 363 38 399 100
phone 0.0063 329 285 362 344
phone 0.0063 207 0 238 51
phone 0.0063 51 225 85 281
phone 0.0062 184 58 261 142
phone 0.0062 36 332 70 389
phone 0.0062 85 24 115 82
phone 0.0062 344 147 378 205
phone 0.0062 205 272 239 327
phone 0.0062 251 195 286 250
phone 0.0062 346 331 376 390
phone 0.0062 271 21 328 86
phone 0.0062 281 0 349 97
phone 0.0062 249 94 320 166
phone 0.0061 374 194 399 251
phone 0.0061 242 190 272 217
phone 0.0061 221 301 255 359
phone 0.0061 117 37 174 101
phone 0.0061 315 24 346 82
phone 0.0061 0 347 24 399
phone 0.0061 267 70 301 129
phone 0.0061 222 82 231 94
phone 0.0061 36 256 70 312
phone 0.0061 360 270 392 329
phone 0.0061 67 208 101 267
phone 0.0061 176 0 238 46
phone 0.0061 282 71 316 128
phone 0.0061 172 163 211 221
phone 0.0061 299 24 331 82
phone 0.0061 313 148 347 205
phone 0.0061 238 0 299 46
phone 0.0061 189 272 224 327
phone 0.0060 285 346 315 399
phone 0.0060 54 23 84 83
phone 0.0060 20 148 55 205
phone 0.0060 282 148 316 204
phone 0.0060 85 14 145 62
phone 0.0060 329 163 362 221
phone 0.0060 96 286 133 344
phone 0.0060 39 23 68 83
phone 0.0060 145 212 154 225
phone 0.0060 328 255 362 313
phone 0.0060 346 368 399 399
phone 0.0060 42 159 73 186
phone 0.0060 232 147 274 206
phone 0.0060 282 40 316 97
phone 0.0060 21 317 55 374
phone 0.0060 283 8 316 67
phone 0.0060 298 102 332 158
phone 0.0060 316 353 376 399
phone 0.0060 0 194 46 251
phone 0.0060 193 12 252 64
phone 0.0059 286 14 344 62
phone 0.0059 23 23 53 83
phone 0.0059 116 14 176 62
phone 0.0059 67 255 101 313
phone 0.0059 7 55 38 112
phone 0.0059 193 0 252 31
phone 0.0059 282 102 316 158
phone 0.0059 196 53 227 77
phone 0.0059 298 316 331 375
phone 0.0059 346 285 376 345
phone 0.0059 298 148 332 204
phone 0.0059 265 167 296 193
phone 0.0059 192 0 223 51
phone 0.0059 190 39 224 98
phone 0.0059 96 136 126 163
phone 0.0059 236 24 270 82
phone 0.0059 344 240 378 297
phone 0.0059 375 53 399 114
phone 0.0059 266 194 334 282
phone 0.0058 203 49 220 80
phone 0.0058 48 156 66 189
phone 0.0058 5 317 39 374
phone 0.0058 51 256 85 312
phone 0.0058 21 286 55 343
phone 0.0058 272 164 289 197
phone 0.0058 76 143 85 156
phone 0.0058 331 331 361 391
phone 0.0058 318 323 350 346
phone 0.0058 286 335 343 386
phone 0.0058 267 194 301 251
phone 0.0058 5 286 39 343
phone 0.0058 361 24 392 82
phone 0.0058 326 319 342 349
phone 0.0058 266 133 301 189
phone 0.0058 128 55 163 113
phone 0.0057 268 0 300 51
phone 0.0057 328 194 362 251
phone 0.0057 177 0 207 51
phone 0.0057 221 24 255 82
phone 0.0057 376 23 399 83
phone 0.0057 361 337 399 385
phone 0.0057 234 209 272 267
phone 0.0057 141 147 180 205
phone 0.0057 344 209 378 267
phone 0.0057 297 209 332 266
phone 0.0057 252 70 285 128
phone 0.0057 161 24 192 82
phone 0.0057 174 225 209 282
phone 0.0057 329 328 339 341
phone 0.0057 26 229 57 255
phone 0.0057 54 14 114 62
phone 0.0057 60 236 70 248
phone 0.0056 146 0 208 78
phone 0.0056 152 220 162 233
phone 0.0056 328 225 362 281
phone 0.0056 248 186 266 220
phone 0.0056 65 290 96 316
phone 0.0056 345 85 377 144
phone 0.0056 0 30 53 77
phone 0.0056 143 208 179 267
phone 0.0056 33 225 51 258
phone 0.0056 313 210 347 266
phone 0.0056 5 255 39 313
phone 0.0055 316 14 376 62
phone 0.0055 0 87 134 369
phone 0.0055 0 179 24 235
phone 0.0055 8 14 68 62
phone 0.0055 161 0 192 51
phone 0.0055 234 102 272 159
phone 0.0055 0 86 24 144
phone 0.0055 131 0 191 46
phone 0.0055 0 55 23 113
phone 0.0055 0 132 25 190
phone 0.0055 21 255 55 313
phone 0.0055 176 282 185 294
phone 0.0055 116 0 175 30
phone 0.0055 102 132 120 166
phone 0.0055 99 0 161 64
phone 0.0055 122 205 131 217
phone 0.0055 8 0 68 30
phone 0.0055 206 59 216 71
phone 0.0054 224 0 283 31
phone 0.0054 64 225 81 259
phone 0.0054 57 236 88 262
phone 0.0054 146 0 176 51
phone 0.0054 255 0 314 31
phone 0.0054 0 0 22 52
phone 0.0054 162 0 222 31
phone 0.0054 376 315 399 375
phone 0.0054 279 240 320 298
phone 0.0054 0 44 36 93
phone 0.0054 361 13 399 62
phone 0.0053 330 8 362 67
phone 0.0053 328 70 362 128
phone 0.0053 285 367 345 399
phone 0.0053 72 286 89 320
phone 0.0053 8 24 38 82
phone 0.0053 131 0 161 51
phone 0.0053 55 0 114 30
phone 0.0053 161 14 223 62
phone 0.0053 69 8 100 67
phone 0.0053 115 0 146 51
phone 0.0053 0 225 24 282
phone 0.0053 85 0 145 30
phone 0.0052 332 67 390 132
phone 0.0052 69 0 130 64
phone 0.0052 24 0 53 37
phone 0.0052 38 0 100 64
phone 0.0052 318 321 373 370
phone 0.0052 100 0 130 51
phone 0.0052 41 225 58 259
phone 0.0052 219 240 257 298
phone 0.0052 376 361 399 399
phone 0.0051 246 210 322 297
phone 0.0051 0 23 22 83
phone 0.0051 142 240 179 297
phone 0.0051 316 331 345 391
phone 0.0051 331 0 392 46
phone 0.0051 111 101 149 159
phone 0.0051 169 83 214 146
phone 0.0051 70 0 99 37
phone 0.0050 304 213 334 239
phone 0.0050 222 89 231 102
phone 0.0050 54 0 84 37
phone 0.0050 314 363 347 399
