phone 0.8704 121 111 257 261
phone 0.0602 130 157 223 249
phone 0.0335 143 71 250 222
phone 0.0319 91 93 205 248
phone 0.0292 95 162 197 266
phone 0.0249 68 73 154 201
phone 0.0238 160 146 223 228
phone 0.0225 144 147 304 266
phone 0.0212 156 162 258 243
phone 0.0198 65 123 164 251
phone 0.0177 96 33 186 181
phone 0.0174 151 167 202 238
phone 0.0169 240 135 341 255
phone 0.0166 66 0 155 144
phone 0.0166 43 37 116 169
phone 0.0164 152 21 232 260
phone 0.0162 177 95 298 217
phone 0.0159 90 67 355 266
phone 0.0149 178 189 277 266
phone 0.0146 251 72 339 197
phone 0.0144 105 136 185 207
phone 0.0141 76 155 154 218
phone 0.0129 223 126 284 186
phone 0.0125 37 136 119 253
phone 0.0123 196 155 279 219
phone 0.0122 75 185 141 266
phone 0.0120 14 0 83 148
phone 0.0118 215 115 292 258
phone 0.0116 141 202 242 266
phone 0.0116 74 236 142 266
phone 0.0114 82 202 178 266
phone 0.0113 90 171 170 234
phone 0.0112 172 188 211 247
phone 0.0110 124 55 198 195
phone 0.0108 189 50 257 200
phone 0.0108 65 168 134 236
phone 0.0104 98 159 131 215
phone 0.0104 142 187 180 248
phone 0.0101 0 13 56 145
phone 0.0099 103 232 173 266
phone 0.0099 132 237 204 266
phone 0.0097 178 135 236 208
phone 0.0096 189 190 224 245
phone 0.0095 0 0 39 0
phone 0.0095 236 141 270 201
phone 0.0093 0 263 41 266
phone 0.0092 183 0 287 156
phone 0.0092 91 120 169 193
phone 0.0091 49 159 120 215
phone 0.0091 118 0 228 166
phone 0.0091 100 0 185 120
phone 0.0090 204 175 240 230
phone 0.0090 112 159 147 214
phone 0.0089 202 232 274 266
phone 0.0089 220 160 255 214
phone 0.0089 131 93 191 158
phone 0.0089 127 143 164 200
phone 0.0088 217 38 310 169
phone 0.0088 83 173 116 232
phone 0.0088 215 205 300 266
phone 0.0087 221 77 287 203
phone 0.0087 151 136 202 207
phone 0.0086 66 132 133 211
phone 0.0086 0 0 53 66
phone 0.0085 110 102 180 180
phone 0.0084 52 93 118 218
phone 0.0084 159 204 193 261
phone 0.0082 184 171 229 233
phone 0.0080 157 5 249 142
phone 0.0080 19 30 87 97
phone 0.0079 83 204 116 262
phone 0.0079 3 47 73 111
phone 0.0079 52 192 117 243
phone 0.0079 105 254 176 266
phone 0.0078 238 111 269 170
phone 0.0078 68 157 100 216
phone 0.0078 164 87 220 164
phone 0.0077 220 181 287 254
phone 0.0077 209 98 267 152
phone 0.0077 128 190 162 245
phone 0.0076 98 189 131 246
phone 0.0076 6 12 70 85
phone 0.0076 177 85 238 135
phone 0.0075 27 184 126 266
phone 0.0075 144 250 209 266
phone 0.0075 45 7 237 258
phone 0.0074 126 213 197 266
phone 0.0074 113 190 147 245
phone 0.0074 221 235 254 266
phone 0.0074 68 254 149 266
phone 0.0073 192 81 223 138
phone 0.0073 69 187 100 247
phone 0.0073 82 126 117 185
phone 0.0072 26 4 81 62
phone 0.0072 9 0 68 43
phone 0.0072 170 232 245 266
phone 0.0071 203 102 234 126
phone 0.0071 113 235 147 266
phone 0.0071 98 219 131 266
phone 0.0071 0 63 42 126
phone 0.0070 0 0 41 32
phone 0.0070 54 188 84 247
phone 0.0069 236 204 270 261
phone 0.0069 175 236 208 266
phone 0.0068 205 204 239 262
phone 0.0068 165 260 237 266
phone 0.0068 207 251 269 266
phone 0.0068 38 210 100 256
phone 0.0068 21 50 54 108
phone 0.0067 36 35 70 92
phone 0.0067 68 126 100 185
phone 0.0067 144 91 209 190
phone 0.0067 36 0 102 94
phone 0.0067 37 132 101 180
phone 0.0067 38 179 100 225
phone 0.0067 142 112 179 169
phone 0.0066 21 19 55 77
phone 0.0066 241 138 296 205
phone 0.0066 69 99 130 152
phone 0.0066 146 9 207 57
phone 0.0066 210 98 227 130
phone 0.0066 160 249 192 266
phone 0.0065 174 250 241 266
phone 0.0065 240 116 298 166
phone 0.0065 5 19 39 77
phone 0.0065 100 249 130 266
phone 0.0065 53 114 115 167
phone 0.0065 0 33 44 95
phone 0.0065 100 83 161 136
phone 0.0065 131 0 191 41
phone 0.0064 188 123 218 150
phone 0.0064 53 126 84 185
phone 0.0064 84 234 115 266
phone 0.0064 84 51 146 167
phone 0.0064 38 0 69 46
phone 0.0063 53 224 116 266
phone 0.0063 256 18 332 126
phone 0.0063 25 69 82 120
phone 0.0063 220 188 255 247
phone 0.0063 190 220 224 266
phone 0.0063 9 142 79 252
phone 0.0062 69 96 100 154
phone 0.0062 54 86 114 133
phone 0.0062 38 102 100 149
phone 0.0062 162 3 192 62
phone 0.0062 38 84 100 197
phone 0.0062 241 238 297 266
phone 0.0062 116 0 176 26
phone 0.0062 85 264 115 266
phone 0.0062 214 108 223 120
phone 0.0062 8 0 68 11
phone 0.0062 145 81 178 138
phone 0.0061 69 218 100 266
phone 0.0061 235 172 271 232
phone 0.0061 129 80 162 139
phone 0.0061 99 81 131 138
phone 0.0061 146 0 176 47
phone 0.0061 115 0 177 59
phone 0.0061 161 0 223 90
phone 0.0061 116 0 176 11
phone 0.0061 253 219 284 266
phone 0.0061 54 256 115 266
phone 0.0061 144 219 178 266
phone 0.0061 254 111 284 170
phone 0.0061 84 81 115 138
phone 0.0061 140 141 182 202
phone 0.0061 129 235 162 266
phone 0.0061 145 249 177 266
phone 0.0061 176 81 208 138
phone 0.0061 207 81 238 138
phone 0.0060 130 0 193 89
phone 0.0060 12 82 80 185
phone 0.0060 39 0 99 11
phone 0.0060 162 0 222 41
phone 0.0060 204 131 234 158
phone 0.0060 53 96 84 154
phone 0.0060 39 0 99 26
phone 0.0060 270 240 329 266
phone 0.0060 147 0 207 26
phone 0.0060 69 249 99 266
phone 0.0060 53 156 84 217
phone 0.0059 85 9 145 57
phone 0.0059 269 265 299 266
phone 0.0059 111 128 148 184
phone 0.0059 70 0 130 41
phone 0.0059 195 120 212 154
phone 0.0059 53 0 115 59
phone 0.0059 270 255 330 266
phone 0.0059 54 218 84 266
phone 0.0059 127 112 164 169
phone 0.0059 177 9 237 57
phone 0.0059 99 0 162 43
phone 0.0059 268 207 331 266
phone 0.0059 131 0 161 31
phone 0.0059 177 3 207 62
phone 0.0059 85 0 145 11
phone 0.0059 70 25 129 72
phone 0.0058 270 163 329 211
phone 0.0058 205 235 239 266
phone 0.0058 23 0 53 16
phone 0.0058 239 249 268 266
phone 0.0058 39 64 68 125
phone 0.0058 0 246 63 266
phone 0.0058 299 253 361 266
phone 0.0058 0 50 24 108
phone 0.0058 299 237 362 266
phone 0.0058 39 0 68 16
phone 0.0058 96 111 133 170
phone 0.0058 146 40 207 87
phone 0.0058 363 238 399 266
phone 0.0058 177 40 237 88
phone 0.0058 70 71 130 118
phone 0.0058 83 0 147 28
phone 0.0057 147 0 207 11
phone 0.0057 54 0 84 16
phone 0.0057 145 6 208 120
phone 0.0057 100 24 160 72
phone 0.0057 363 0 399 73
phone 0.0057 223 24 283 72
phone 0.0057 364 262 399 266
phone 0.0057 70 0 99 31
phone 0.0057 193 24 253 72
phone 0.0057 254 24 314 72
phone 0.0057 270 40 330 88
phone 0.0057 116 0 145 16
phone 0.0057 285 234 315 266
phone 0.0057 146 0 176 16
phone 0.0057 100 3 130 62
phone 0.0057 162 55 222 103
phone 0.0057 177 34 207 93
phone 0.0056 208 9 268 57
phone 0.0056 191 249 223 266
phone 0.0056 222 0 285 105
phone 0.0056 85 0 115 47
phone 0.0056 361 254 399 266
phone 0.0056 0 0 36 11
phone 0.0056 23 225 84 266
phone 0.0056 52 19 85 77
phone 0.0056 192 0 254 105
phone 0.0056 115 55 176 103
phone 0.0056 193 3 222 62
phone 0.0056 361 0 399 27
phone 0.0056 330 237 393 266
phone 0.0056 252 221 316 266
phone 0.0056 300 55 360 103
phone 0.0056 85 19 115 77
phone 0.0056 362 38 399 150
phone 0.0056 361 0 399 11
phone 0.0056 362 84 399 196
phone 0.0056 0 234 40 266
phone 0.0056 362 130 399 242
phone 0.0056 116 3 145 62
phone 0.0056 8 133 68 180
phone 0.0056 316 86 376 134
phone 0.0056 285 157 315 216
phone 0.0056 284 222 346 266
phone 0.0056 115 65 146 123
phone 0.0056 361 70 399 119
phone 0.0056 100 0 130 16
phone 0.0056 361 116 399 165
phone 0.0056 361 147 399 196
phone 0.0056 300 265 330 266
phone 0.0056 269 234 299 266
phone 0.0056 284 6 346 121
phone 0.0056 361 39 399 88
phone 0.0056 23 117 84 164
phone 0.0056 210 127 228 161
phone 0.0056 361 178 399 227
phone 0.0056 0 0 23 1
phone 0.0056 316 117 376 165
phone 0.0056 256 195 289 218
phone 0.0056 362 192 399 266
phone 0.0056 0 164 27 187
phone 0.0056 316 265 345 266
phone 0.0056 239 9 299 57
phone 0.0056 331 101 391 149
phone 0.0055 331 132 391 180
phone 0.0055 299 22 362 136
phone 0.0055 330 253 393 266
phone 0.0055 316 147 376 195
phone 0.0055 85 0 115 16
phone 0.0055 0 73 48 195
phone 0.0055 331 71 391 118
phone 0.0055 315 52 377 167
phone 0.0055 331 163 391 211
phone 0.0055 38 240 99 266
phone 0.0055 239 40 299 88
phone 0.0055 54 0 84 46
phone 0.0055 316 178 376 226
phone 0.0055 161 34 192 93
phone 0.0055 265 191 280 221
phone 0.0055 315 98 377 213
phone 0.0055 220 112 256 169
phone 0.0055 193 34 222 93
phone 0.0055 300 101 360 149
phone 0.0055 330 68 393 182
phone 0.0055 285 24 345 72
phone 0.0055 6 169 16 182
phone 0.0055 193 0 253 42
phone 0.0055 330 114 393 228
phone 0.0055 270 193 329 242
phone 0.0055 162 0 192 16
phone 0.0055 316 40 376 88
phone 0.0055 285 265 315 266
phone 0.0054 146 19 176 77
phone 0.0054 3 160 19 190
phone 0.0054 331 194 391 241
phone 0.0054 346 264 376 266
phone 0.0054 315 145 377 259
phone 0.0054 85 55 145 103
phone 0.0054 0 0 22 16
phone 0.0054 331 265 361 266
phone 0.0054 316 209 376 257
phone 0.0054 239 18 268 78
phone 0.0054 218 127 235 162
phone 0.0054 299 68 362 182
phone 0.0054 330 22 393 136
phone 0.0054 208 40 268 88
phone 0.0054 254 18 284 78
phone 0.0054 23 126 54 185
phone 0.0054 208 18 238 78
phone 0.0054 69 3 100 62
phone 0.0054 10 85 66 134
phone 0.0054 177 0 237 26
phone 0.0054 39 218 69 266
phone 0.0054 285 34 315 93
phone 0.0054 314 6 377 121
phone 0.0054 270 18 299 78
phone 0.0054 38 111 69 169
phone 0.0054 177 0 237 11
phone 0.0054 285 70 345 118
phone 0.0054 193 55 253 103
phone 0.0054 238 254 300 266
phone 0.0054 331 24 391 72
phone 0.0054 270 9 330 57
phone 0.0054 223 3 253 62
phone 0.0054 301 132 360 180
phone 0.0054 223 0 284 42
phone 0.0054 23 255 84 266
phone 0.0054 300 249 330 266
phone 0.0054 301 163 360 211
phone 0.0054 377 264 399 266
phone 0.0054 268 200 277 212
phone 0.0053 300 34 330 93
phone 0.0053 39 264 69 266
phone 0.0053 131 71 192 118
phone 0.0053 69 264 100 266
phone 0.0053 285 203 315 262
phone 0.0053 8 209 68 257
phone 0.0053 146 84 207 136
phone 0.0053 316 49 345 108
phone 0.0053 23 194 84 241
phone 0.0053 131 49 161 108
phone 0.0053 346 95 376 155
phone 0.0053 23 264 53 266
phone 0.0053 346 126 376 185
phone 0.0053 299 191 362 266
phone 0.0053 331 80 361 139
phone 0.0053 316 249 345 266
phone 0.0053 131 18 161 77
phone 0.0053 377 0 399 48
phone 0.0053 346 157 376 216
phone 0.0053 116 34 145 93
phone 0.0053 267 113 332 229
phone 0.0053 346 64 376 124
phone 0.0053 331 111 361 170
phone 0.0053 299 129 362 244
phone 0.0053 331 0 391 11
phone 0.0053 40 51 97 106
phone 0.0053 208 0 268 11
phone 0.0053 54 264 84 266
phone 0.0053 316 80 345 139
phone 0.0053 331 141 361 201
phone 0.0053 177 0 207 16
phone 0.0053 208 0 268 26
phone 0.0053 331 49 361 108
phone 0.0053 23 148 84 195
phone 0.0052 254 55 314 103
phone 0.0052 146 49 176 108
phone 0.0052 377 248 399 266
phone 0.0052 0 4 24 62
phone 0.0052 173 123 203 150
phone 0.0052 331 172 361 231
phone 0.0052 251 170 317 266
phone 0.0052 207 22 269 136
phone 0.0052 224 55 283 103
phone 0.0052 346 34 376 93
phone 0.0052 330 0 393 44
phone 0.0052 376 0 399 17
phone 0.0052 254 0 314 42
phone 0.0052 346 9 399 57
phone 0.0052 346 188 376 247
phone 0.0052 316 9 376 57
phone 0.0052 208 0 238 47
phone 0.0052 22 115 85 227
phone 0.0052 8 163 68 210
phone 0.0052 377 18 399 78
phone 0.0052 346 249 376 266
phone 0.0052 377 48 399 109
phone 0.0052 314 0 378 28
phone 0.0052 248 218 281 240
phone 0.0052 239 0 299 11
phone 0.0052 377 79 399 140
phone 0.0052 331 249 361 266
phone 0.0052 38 188 69 247
phone 0.0052 377 110 399 171
phone 0.0052 377 141 399 201
phone 0.0052 223 34 253 93
phone 0.0052 54 249 84 266
phone 0.0052 377 172 399 232
phone 0.0052 6 161 16 174
phone 0.0052 100 49 130 108
phone 0.0052 39 249 69 266
phone 0.0051 239 0 299 26
phone 0.0051 362 264 392 266
phone 0.0051 0 264 22 266
phone 0.0051 23 0 54 1
phone 0.0051 331 203 361 262
phone 0.0051 316 111 345 170
phone 0.0051 346 86 399 134
phone 0.0051 377 218 399 266
phone 0.0051 238 22 300 136
phone 0.0051 346 55 399 103
phone 0.0051 257 214 272 244
phone 0.0051 284 52 346 167
phone 0.0051 300 64 330 124
phone 0.0051 193 0 222 16
phone 0.0051 119 193 149 219
phone 0.0051 345 222 399 266
phone 0.0051 316 218 345 266
phone 0.0051 208 49 238 109
phone 0.0051 285 3 315 62
phone 0.0051 85 49 115 108
phone 0.0051 23 234 53 266
phone 0.0051 239 0 268 47
phone 0.0051 0 161 59 266
phone 0.0051 130 0 161 1
phone 0.0051 23 80 53 140
phone 0.0051 223 80 253 139
phone 0.0051 270 0 330 11
phone 0.0051 115 0 146 1
phone 0.0051 316 18 345 77
phone 0.0051 316 141 345 201
phone 0.0051 300 219 330 266
phone 0.0051 316 172 345 231
phone 0.0051 268 0 332 28
phone 0.0051 260 223 270 236
phone 0.0051 331 18 361 77
phone 0.0051 54 64 84 124
phone 0.0051 346 0 376 16
phone 0.0051 100 0 131 1
phone 0.0051 285 0 345 42
phone 0.0051 208 0 238 16
phone 0.0051 347 3 376 62
phone 0.0051 300 0 360 11
phone 0.0050 270 203 299 262
phone 0.0050 23 157 53 216
phone 0.0050 146 0 177 0
phone 0.0050 38 142 69 201
phone 0.0050 254 0 284 47
phone 0.0050 0 255 36 266
phone 0.0050 53 0 85 1
phone 0.0050 223 0 253 16
phone 0.0050 200 142 244 201
