phone 0.9275 96 58 294 247
phone 0.0362 93 136 194 242
phone 0.0360 114 26 242 205
phone 0.0299 173 78 301 203
phone 0.0283 116 171 224 265
phone 0.0254 74 134 149 248
phone 0.0252 69 56 157 218
phone 0.0239 155 115 288 228
phone 0.0232 93 35 195 186
phone 0.0208 243 62 339 204
phone 0.0180 189 124 286 189
phone 0.0168 208 109 298 173
phone 0.0159 204 51 309 166
phone 0.0155 174 140 271 203
phone 0.0144 77 121 153 191
phone 0.0139 178 166 277 266
phone 0.0138 38 133 115 252
phone 0.0137 57 0 163 172
phone 0.0130 36 61 120 209
phone 0.0128 224 90 314 221
phone 0.0126 67 103 132 179
phone 0.0125 160 156 254 218
phone 0.0125 120 105 202 208
phone 0.0122 91 102 170 179
phone 0.0119 81 85 149 166
phone 0.0113 62 139 137 203
phone 0.0112 132 148 221 226
phone 0.0111 269 75 375 188
phone 0.0109 149 170 234 234
phone 0.0109 229 95 308 155
phone 0.0108 217 138 289 205
phone 0.0108 59 172 141 266
phone 0.0106 249 130 329 256
phone 0.0106 97 143 132 199
phone 0.0104 211 121 303 256
phone 0.0104 234 121 303 192
phone 0.0104 86 188 176 266
phone 0.0102 82 127 116 185
phone 0.0101 97 68 164 152
phone 0.0100 234 113 271 169
phone 0.0099 164 7 250 182
phone 0.0098 247 10 342 135
phone 0.0097 280 14 370 129
phone 0.0097 0 0 39 0
phone 0.0096 89 0 194 123
phone 0.0095 218 128 257 185
phone 0.0094 0 263 41 266
phone 0.0094 251 113 286 168
phone 0.0091 196 12 280 177
phone 0.0091 169 205 245 261
phone 0.0090 252 104 316 178
phone 0.0089 236 143 270 199
phone 0.0088 251 154 318 220
phone 0.0087 68 126 100 185
phone 0.0086 107 82 184 168
phone 0.0085 96 96 133 154
phone 0.0084 203 143 241 200
phone 0.0082 80 220 150 266
phone 0.0082 235 169 303 236
phone 0.0082 221 159 255 215
phone 0.0082 251 80 317 140
phone 0.0080 128 174 162 230
phone 0.0080 110 218 182 266
phone 0.0080 115 56 176 134
phone 0.0079 267 96 301 154
phone 0.0078 205 175 239 230
phone 0.0078 83 188 116 247
phone 0.0078 49 156 119 217
phone 0.0077 143 175 178 230
phone 0.0076 251 142 286 201
phone 0.0075 190 205 224 261
phone 0.0075 267 158 301 216
phone 0.0075 159 220 225 266
phone 0.0075 82 95 116 155
phone 0.0075 158 175 194 230
phone 0.0074 189 159 225 215
phone 0.0074 174 175 209 230
phone 0.0074 221 184 286 251
phone 0.0073 50 191 119 244
phone 0.0073 209 223 267 266
phone 0.0071 266 126 301 186
phone 0.0071 111 81 149 139
phone 0.0071 99 219 131 266
phone 0.0070 31 0 191 266
phone 0.0070 85 65 145 123
phone 0.0070 238 63 299 126
phone 0.0070 38 177 99 266
phone 0.0070 111 112 149 170
phone 0.0070 252 173 285 231
phone 0.0070 237 207 300 266
phone 0.0069 87 30 144 159
phone 0.0069 69 82 130 138
phone 0.0069 144 51 208 138
phone 0.0069 6 144 82 246
phone 0.0068 84 218 115 266
phone 0.0068 137 73 215 178
phone 0.0068 206 204 239 262
phone 0.0068 98 174 131 230
phone 0.0068 129 219 162 266
phone 0.0068 131 7 192 150
phone 0.0068 256 193 312 242
phone 0.0068 239 240 299 266
phone 0.0068 101 17 160 141
phone 0.0068 112 158 148 216
phone 0.0067 0 0 41 32
phone 0.0067 71 47 129 172
phone 0.0067 54 203 84 263
phone 0.0067 100 52 161 106
phone 0.0067 223 218 253 266
phone 0.0066 0 10 58 129
phone 0.0066 54 209 115 266
phone 0.0066 144 219 177 266
phone 0.0066 68 157 100 216
phone 0.0065 54 241 115 266
phone 0.0065 100 238 161 266
phone 0.0065 76 246 140 266
phone 0.0065 237 188 270 247
phone 0.0065 65 254 152 266
phone 0.0064 132 238 190 266
phone 0.0064 208 39 268 89
phone 0.0064 254 234 284 266
phone 0.0064 69 234 99 266
phone 0.0064 100 261 180 266
phone 0.0064 68 188 100 247
phone 0.0063 103 229 119 260
phone 0.0063 175 205 208 261
phone 0.0063 95 233 127 256
phone 0.0063 270 187 299 247
phone 0.0063 272 177 327 227
phone 0.0063 254 203 284 263
phone 0.0063 127 65 164 124
phone 0.0063 191 3 255 123
phone 0.0062 106 238 116 251
phone 0.0062 224 24 283 72
phone 0.0062 115 40 177 88
phone 0.0062 100 49 130 108
phone 0.0061 53 172 84 232
phone 0.0061 222 0 285 105
phone 0.0061 128 201 194 266
phone 0.0061 223 34 254 92
phone 0.0061 37 117 101 164
phone 0.0061 22 163 85 210
phone 0.0061 270 225 330 266
phone 0.0061 159 205 193 261
phone 0.0061 192 24 253 72
phone 0.0060 207 35 238 92
phone 0.0060 53 100 116 150
phone 0.0060 177 38 238 89
phone 0.0060 113 205 147 261
phone 0.0059 285 172 315 232
phone 0.0059 363 23 399 135
phone 0.0059 208 256 268 266
phone 0.0059 111 229 127 260
phone 0.0059 361 54 399 104
phone 0.0059 7 77 81 192
phone 0.0059 131 34 161 92
phone 0.0059 0 246 61 266
phone 0.0059 285 209 345 257
phone 0.0059 133 48 189 110
phone 0.0059 239 18 269 77
phone 0.0059 208 9 268 57
phone 0.0059 162 24 222 72
phone 0.0059 239 9 299 57
phone 0.0058 361 24 399 73
phone 0.0058 177 9 237 57
phone 0.0058 69 55 130 103
phone 0.0058 301 178 360 226
phone 0.0058 299 237 362 266
phone 0.0058 131 264 210 266
phone 0.0058 53 126 84 186
phone 0.0058 269 255 330 266
phone 0.0058 361 85 399 134
phone 0.0058 115 233 146 266
phone 0.0058 85 40 145 88
phone 0.0058 299 253 361 266
phone 0.0058 38 157 69 216
phone 0.0058 363 69 399 181
phone 0.0058 284 219 315 266
phone 0.0058 161 0 223 105
phone 0.0058 254 24 314 72
phone 0.0058 301 116 360 165
phone 0.0058 269 142 329 201
phone 0.0058 362 115 399 227
phone 0.0058 361 131 399 180
phone 0.0057 47 0 294 194
phone 0.0057 131 24 191 72
phone 0.0057 223 249 253 266
phone 0.0057 361 0 399 42
phone 0.0057 362 238 399 266
phone 0.0057 282 142 348 261
phone 0.0057 192 34 223 92
phone 0.0057 360 162 399 211
phone 0.0057 330 237 393 266
phone 0.0057 147 9 206 57
phone 0.0057 23 240 84 266
phone 0.0057 69 95 100 155
phone 0.0057 253 0 315 105
phone 0.0057 54 95 84 154
phone 0.0057 116 34 145 93
phone 0.0057 23 132 84 180
phone 0.0057 316 9 376 57
phone 0.0057 269 234 300 266
phone 0.0057 254 18 284 78
phone 0.0057 53 70 115 118
phone 0.0057 270 9 329 57
phone 0.0057 0 0 40 77
phone 0.0057 253 50 285 107
phone 0.0057 100 24 160 72
phone 0.0056 364 262 399 266
phone 0.0056 39 256 99 266
phone 0.0056 39 24 99 72
phone 0.0056 331 24 391 72
phone 0.0056 23 194 84 241
phone 0.0056 204 77 234 104
phone 0.0056 146 39 207 89
phone 0.0056 362 161 399 266
phone 0.0056 300 203 330 262
phone 0.0056 330 253 393 266
phone 0.0056 116 9 176 57
phone 0.0056 53 37 115 151
phone 0.0056 239 256 299 266
phone 0.0056 360 193 399 242
phone 0.0056 316 265 345 266
phone 0.0056 38 0 100 105
phone 0.0056 315 0 377 105
phone 0.0056 361 0 399 11
phone 0.0056 300 265 330 266
phone 0.0056 223 3 253 62
phone 0.0056 300 172 330 231
phone 0.0056 208 3 238 62
phone 0.0056 361 254 399 266
phone 0.0055 177 18 207 77
phone 0.0055 298 129 362 243
phone 0.0055 285 24 345 72
phone 0.0055 316 111 346 170
phone 0.0055 38 86 99 134
phone 0.0055 85 49 115 108
phone 0.0055 346 264 376 266
phone 0.0055 331 265 361 266
phone 0.0055 54 40 114 88
phone 0.0055 314 221 377 266
phone 0.0055 23 40 83 88
phone 0.0055 239 218 268 266
phone 0.0055 68 6 131 120
phone 0.0055 193 3 222 62
phone 0.0055 70 24 130 72
phone 0.0055 285 249 315 266
phone 0.0055 299 191 362 266
phone 0.0055 0 234 41 266
phone 0.0055 38 146 100 197
phone 0.0055 39 55 99 103
phone 0.0055 316 172 345 231
phone 0.0055 285 265 315 266
phone 0.0055 270 3 299 62
phone 0.0055 176 238 239 266
phone 0.0055 300 249 330 266
phone 0.0055 162 18 192 77
phone 0.0055 0 0 36 11
phone 0.0055 39 234 69 266
phone 0.0055 316 194 376 241
phone 0.0055 331 163 391 211
phone 0.0055 8 24 68 72
phone 0.0055 54 9 114 57
phone 0.0055 377 48 399 109
phone 0.0055 23 9 83 57
phone 0.0055 8 225 68 266
phone 0.0055 147 18 176 77
phone 0.0055 85 9 145 57
phone 0.0055 7 0 70 29
phone 0.0054 287 161 343 212
phone 0.0054 54 249 84 266
phone 0.0054 239 40 299 88
phone 0.0054 0 102 51 226
phone 0.0054 38 188 69 247
phone 0.0054 301 147 360 196
phone 0.0054 114 238 123 251
phone 0.0054 161 265 192 266
phone 0.0054 331 0 391 42
phone 0.0054 315 145 377 259
phone 0.0054 23 71 84 118
phone 0.0054 54 264 84 266
phone 0.0054 347 3 376 62
phone 0.0054 38 126 69 185
phone 0.0054 316 249 345 266
phone 0.0054 22 22 85 136
phone 0.0054 330 129 393 243
phone 0.0054 377 2 399 63
phone 0.0054 285 18 315 78
phone 0.0054 331 3 361 62
phone 0.0054 238 250 269 266
phone 0.0054 162 233 192 266
phone 0.0054 272 92 327 158
phone 0.0054 69 65 99 124
phone 0.0054 0 0 23 1
phone 0.0054 285 0 345 42
phone 0.0054 23 101 84 149
phone 0.0054 8 55 68 103
phone 0.0054 316 40 376 88
phone 0.0054 254 0 314 42
phone 0.0054 54 18 84 78
phone 0.0054 84 249 115 266
phone 0.0054 210 74 227 107
phone 0.0054 377 79 399 140
phone 0.0054 0 9 53 57
phone 0.0053 0 0 22 16
phone 0.0053 331 209 391 257
phone 0.0053 331 0 391 11
phone 0.0053 162 0 222 42
phone 0.0053 346 9 399 57
phone 0.0053 142 65 179 123
phone 0.0053 193 0 253 42
phone 0.0053 8 86 68 134
phone 0.0053 300 3 330 62
phone 0.0053 316 3 345 62
phone 0.0053 299 0 362 75
phone 0.0053 331 249 361 266
phone 0.0053 8 0 68 11
phone 0.0053 100 18 130 78
phone 0.0053 131 3 161 62
phone 0.0053 223 0 283 42
phone 0.0053 316 219 346 266
phone 0.0053 8 255 68 266
phone 0.0053 377 110 399 171
phone 0.0053 207 249 238 266
phone 0.0053 269 265 299 266
phone 0.0053 39 18 68 78
phone 0.0053 23 264 53 266
phone 0.0053 377 141 399 201
phone 0.0053 376 264 399 266
phone 0.0053 269 50 300 107
phone 0.0053 8 117 68 164
phone 0.0053 70 18 99 78
phone 0.0053 0 0 22 47
phone 0.0053 346 249 376 266
phone 0.0053 85 18 115 78
phone 0.0053 8 179 68 226
phone 0.0053 69 264 100 266
phone 0.0053 331 132 391 180
phone 0.0052 146 265 177 266
phone 0.0052 39 264 69 266
phone 0.0052 131 0 191 42
phone 0.0052 346 157 376 216
phone 0.0052 202 225 235 249
phone 0.0052 314 0 378 28
phone 0.0052 54 49 84 108
phone 0.0052 331 203 361 262
phone 0.0052 124 111 166 170
phone 0.0052 279 164 312 187
phone 0.0052 347 34 376 93
phone 0.0052 116 3 145 62
phone 0.0052 254 265 284 266
phone 0.0052 39 0 99 42
phone 0.0052 8 148 69 195
phone 0.0052 285 70 345 119
phone 0.0052 331 172 361 231
phone 0.0052 211 221 226 252
phone 0.0052 23 234 53 266
phone 0.0052 331 55 391 103
phone 0.0052 377 172 399 232
phone 0.0052 237 50 270 108
phone 0.0052 100 0 160 42
phone 0.0052 345 0 399 105
phone 0.0052 70 0 130 42
phone 0.0052 39 49 68 108
phone 0.0052 300 0 360 11
phone 0.0052 376 0 399 17
phone 0.0052 288 160 303 190
phone 0.0052 24 18 53 78
phone 0.0052 316 101 376 149
phone 0.0052 316 142 345 200
phone 0.0052 176 254 239 266
phone 0.0052 346 40 399 88
phone 0.0052 39 0 99 11
phone 0.0052 270 0 330 11
phone 0.0052 176 265 207 266
phone 0.0052 376 248 399 266
phone 0.0052 346 188 376 247
phone 0.0052 0 40 53 87
phone 0.0052 287 141 320 164
phone 0.0052 268 0 332 28
phone 0.0051 330 22 393 136
phone 0.0051 238 265 269 266
phone 0.0051 53 0 116 28
phone 0.0051 39 95 69 154
phone 0.0051 223 265 254 266
phone 0.0051 272 179 304 202
phone 0.0051 83 0 147 28
phone 0.0051 70 0 130 11
phone 0.0051 237 0 301 28
phone 0.0051 346 0 376 16
phone 0.0051 331 34 361 93
phone 0.0051 315 52 377 167
phone 0.0051 285 0 315 47
phone 0.0051 239 0 299 11
phone 0.0051 362 264 392 266
phone 0.0051 346 148 399 195
phone 0.0051 24 0 53 47
phone 0.0051 100 0 160 11
phone 0.0051 377 202 399 263
phone 0.0051 346 218 376 266
phone 0.0051 296 137 311 167
phone 0.0051 114 0 178 28
phone 0.0051 131 249 204 266
phone 0.0051 23 49 53 108
phone 0.0051 254 0 284 47
phone 0.0051 316 70 376 118
phone 0.0051 206 0 270 28
phone 0.0051 280 175 296 206
phone 0.0051 346 179 399 226
phone 0.0051 330 83 393 197
phone 0.0051 331 86 391 134
phone 0.0051 177 0 207 47
phone 0.0051 145 0 208 28
phone 0.0051 0 188 41 266
phone 0.0051 346 0 399 26
phone 0.0051 174 49 240 140
phone 0.0051 176 0 239 28
phone 0.0051 23 80 53 139
phone 0.0051 23 172 53 231
phone 0.0050 131 0 191 11
phone 0.0050 84 264 115 266
phone 0.0050 0 264 23 266
phone 0.0050 239 0 268 47
phone 0.0050 208 0 268 11
phone 0.0050 23 0 53 16
phone 0.0050 23 111 53 170
phone 0.0050 162 0 192 47
phone 0.0050 301 86 360 134
phone 0.0050 315 99 377 213
phone 0.0050 346 71 399 118
phone 0.0050 347 126 376 185
phone 0.0050 162 0 222 11
phone 0.0050 207 265 238 266
phone 0.0050 23 142 53 200
phone 0.0050 291 169 301 182
phone 0.0050 331 0 361 16
phone 0.0050 214 230 224 243
phone 0.0050 0 18 22 78
phone 0.0050 192 265 223 266
phone 0.0050 346 117 399 164
