phone 0.8416 82 127 186 312
phone 0.0625 98 158 183 258
phone 0.0385 65 179 160 321
phone 0.0381 104 114 207 244
phone 0.0346 64 113 159 246
phone 0.0314 39 154 117 303
phone 0.0280 57 92 253 311
phone 0.0266 171 93 266 254
phone 0.0264 46 188 112 257
phone 0.0251 0 118 93 285
phone 0.0246 28 113 116 236
phone 0.0245 84 195 166 281
phone 0.0223 127 127 253 277
phone 0.0210 115 186 167 259
phone 0.0193 214 111 266 231
phone 0.0190 141 78 252 211
phone 0.0180 5 180 78 336
phone 0.0167 179 207 266 318
phone 0.0163 92 86 179 211
phone 0.0161 0 69 88 213
phone 0.0160 0 101 58 240
phone 0.0153 58 205 131 271
phone 0.0147 102 173 149 241
phone 0.0146 133 191 240 315
phone 0.0139 91 212 172 358
phone 0.0139 75 162 145 252
phone 0.0137 15 171 81 243
phone 0.0135 62 208 96 267
phone 0.0134 124 191 219 255
phone 0.0131 182 43 266 172
phone 0.0130 61 178 96 236
phone 0.0130 31 37 118 184
phone 0.0127 210 178 266 283
phone 0.0125 77 194 111 251
phone 0.0122 60 174 129 241
phone 0.0119 121 42 209 183
phone 0.0118 78 211 142 296
phone 0.0117 114 194 198 283
phone 0.0116 123 221 220 347
phone 0.0113 31 178 65 236
phone 0.0112 62 148 127 205
phone 0.0111 100 217 181 290
phone 0.0109 0 201 66 275
phone 0.0106 1 59 212 280
phone 0.0106 60 213 90 239
phone 0.0105 104 205 146 271
phone 0.0105 25 123 194 390
phone 0.0103 13 256 84 312
phone 0.0102 18 220 110 348
phone 0.0101 90 191 130 254
phone 0.0099 24 208 103 268
phone 0.0099 88 237 163 301
phone 0.0098 78 162 111 221
phone 0.0098 67 209 84 243
phone 0.0097 146 225 227 282
phone 0.0095 0 177 52 298
phone 0.0094 175 146 230 207
phone 0.0093 148 164 225 220
phone 0.0092 46 194 81 251
phone 0.0090 16 208 50 267
phone 0.0088 134 254 209 314
phone 0.0087 33 156 94 227
phone 0.0086 78 225 111 282
phone 0.0086 92 223 128 284
phone 0.0086 11 224 86 283
phone 0.0085 173 164 232 250
phone 0.0085 60 198 90 224
phone 0.0084 46 221 113 286
phone 0.0084 70 220 80 232
phone 0.0084 154 99 220 223
phone 0.0084 181 153 255 292
phone 0.0083 111 119 171 173
phone 0.0083 140 132 203 190
phone 0.0082 0 237 69 300
phone 0.0082 1 224 34 282
phone 0.0082 81 135 139 218
phone 0.0082 92 271 159 327
phone 0.0081 0 141 20 261
phone 0.0081 44 252 114 316
phone 0.0080 170 226 203 281
phone 0.0080 60 234 130 303
phone 0.0080 152 195 190 250
phone 0.0079 108 240 142 297
phone 0.0079 61 0 153 167
phone 0.0079 170 147 203 205
phone 0.0078 222 25 266 197
phone 0.0077 67 194 84 228
phone 0.0076 110 116 141 174
phone 0.0075 140 116 173 174
phone 0.0075 31 240 65 297
phone 0.0075 172 196 233 280
phone 0.0075 172 232 233 305
phone 0.0074 31 210 65 266
phone 0.0074 170 256 203 312
phone 0.0074 187 187 248 258
phone 0.0074 122 271 191 328
phone 0.0074 152 2 243 150
phone 0.0074 101 254 181 314
phone 0.0074 0 35 56 186
phone 0.0074 26 238 101 299
phone 0.0072 0 84 20 195
phone 0.0072 154 256 188 312
phone 0.0072 79 121 141 171
phone 0.0071 187 131 218 190
phone 0.0071 122 225 159 282
phone 0.0071 109 270 141 329
phone 0.0071 170 180 203 235
phone 0.0070 62 255 96 313
phone 0.0070 31 272 97 327
phone 0.0069 185 160 220 223
phone 0.0069 71 213 80 225
phone 0.0069 118 235 194 303
phone 0.0069 95 116 126 174
phone 0.0068 16 239 50 298
phone 0.0067 188 151 247 201
phone 0.0067 16 177 49 237
phone 0.0067 77 255 111 313
phone 0.0067 132 175 180 239
phone 0.0067 61 269 128 330
phone 0.0066 201 208 234 267
phone 0.0066 71 205 80 217
phone 0.0066 154 225 188 281
phone 0.0065 95 106 156 154
phone 0.0065 204 166 262 217
phone 0.0065 156 117 187 174
phone 0.0064 202 162 234 220
phone 0.0064 0 228 33 339
phone 0.0064 188 240 259 347
phone 0.0064 129 144 160 170
phone 0.0064 98 124 153 198
phone 0.0064 47 146 80 206
phone 0.0063 0 261 33 307
phone 0.0063 140 270 172 329
phone 0.0063 0 194 49 251
phone 0.0063 185 239 219 298
phone 0.0063 0 208 18 267
phone 0.0063 125 270 157 329
phone 0.0062 218 162 249 220
phone 0.0062 79 131 111 190
phone 0.0062 0 254 17 314
phone 0.0062 18 337 79 385
phone 0.0062 75 249 145 319
phone 0.0061 176 182 206 209
phone 0.0061 155 269 219 329
phone 0.0061 80 91 140 139
phone 0.0061 117 159 164 225
phone 0.0061 70 228 80 240
phone 0.0061 103 274 159 369
phone 0.0061 46 225 80 281
phone 0.0061 79 289 142 399
phone 0.0061 186 0 250 95
phone 0.0061 264 367 266 399
phone 0.0061 263 332 266 399
phone 0.0061 32 304 96 399
phone 0.0061 203 29 263 77
phone 0.0061 0 332 19 399
phone 0.0061 79 57 141 172
phone 0.0061 0 367 17 399
phone 0.0060 2 304 65 399
phone 0.0060 48 270 80 329
phone 0.0060 49 136 109 186
phone 0.0060 219 76 266 123
phone 0.0060 98 144 129 170
phone 0.0060 0 367 48 399
phone 0.0060 80 29 140 77
phone 0.0060 33 269 64 330
phone 0.0060 155 0 219 95
phone 0.0060 48 0 111 95
phone 0.0060 203 60 263 108
phone 0.0060 49 338 109 385
phone 0.0060 83 167 113 193
phone 0.0060 17 0 80 95
phone 0.0060 172 29 232 77
phone 0.0060 0 332 3 399
phone 0.0060 0 367 2 399
phone 0.0060 0 337 48 385
phone 0.0060 95 337 155 385
phone 0.0059 202 332 265 399
phone 0.0059 189 221 247 285
phone 0.0059 0 0 3 96
phone 0.0059 126 337 186 385
phone 0.0059 136 140 153 174
phone 0.0059 202 11 264 125
phone 0.0059 218 45 266 93
phone 0.0059 94 0 157 110
phone 0.0059 80 322 140 369
phone 0.0059 111 29 171 77
phone 0.0059 203 291 263 338
phone 0.0059 218 367 266 399
phone 0.0059 33 331 64 390
phone 0.0059 18 367 79 399
phone 0.0059 49 331 79 390
phone 0.0059 125 0 188 95
phone 0.0059 249 137 266 185
phone 0.0059 142 29 201 77
phone 0.0059 110 304 172 399
phone 0.0059 187 367 248 399
phone 0.0059 173 122 232 169
phone 0.0058 234 91 266 139
phone 0.0058 234 122 266 170
phone 0.0058 71 197 80 209
phone 0.0058 111 91 171 139
phone 0.0058 188 306 247 354
phone 0.0058 219 137 266 185
phone 0.0058 0 29 48 77
phone 0.0058 95 45 155 93
phone 0.0058 3 164 63 220
phone 0.0058 95 85 125 144
phone 0.0058 171 289 234 399
phone 0.0058 0 76 32 123
phone 0.0058 248 103 266 218
phone 0.0058 203 23 233 83
phone 0.0058 126 100 156 159
phone 0.0058 190 258 245 310
phone 0.0058 0 0 34 95
phone 0.0058 218 23 248 83
phone 0.0058 0 29 17 77
phone 0.0058 219 106 266 154
phone 0.0058 65 76 125 123
phone 0.0058 110 57 172 171
phone 0.0058 219 261 266 308
phone 0.0058 0 152 49 200
phone 0.0058 184 207 220 268
phone 0.0057 111 85 140 144
phone 0.0057 188 76 248 123
phone 0.0057 63 132 95 189
phone 0.0057 33 363 64 399
phone 0.0057 34 29 94 77
phone 0.0057 49 367 110 399
phone 0.0057 64 331 95 390
phone 0.0057 0 0 18 110
phone 0.0057 0 91 48 139
phone 0.0057 95 23 125 83
phone 0.0057 2 137 64 185
phone 0.0057 234 152 266 200
phone 0.0057 202 363 233 399
phone 0.0057 0 60 48 108
phone 0.0057 188 23 217 83
phone 0.0057 95 76 156 123
phone 0.0057 234 54 264 113
phone 0.0057 95 331 125 390
phone 0.0057 217 227 266 340
phone 0.0057 218 54 248 113
phone 0.0057 79 331 110 390
phone 0.0057 248 332 266 399
phone 0.0057 111 23 141 83
phone 0.0057 110 331 141 390
phone 0.0057 233 0 266 110
phone 0.0057 91 161 129 222
phone 0.0057 249 106 266 154
phone 0.0057 105 140 123 174
phone 0.0057 0 60 17 108
phone 0.0057 80 85 110 144
phone 0.0057 141 331 171 390
phone 0.0057 0 322 32 369
phone 0.0057 172 60 232 108
phone 0.0057 140 11 203 125
phone 0.0057 48 87 111 203
phone 0.0057 218 285 248 344
phone 0.0057 0 106 32 154
phone 0.0057 126 331 156 390
phone 0.0056 64 106 125 154
phone 0.0056 80 23 110 83
phone 0.0056 249 76 266 123
phone 0.0056 140 304 203 399
phone 0.0056 265 137 266 185
phone 0.0056 49 91 109 139
phone 0.0056 126 23 156 82
phone 0.0056 182 179 200 213
phone 0.0056 80 353 141 399
phone 0.0056 0 277 48 322
phone 0.0056 0 122 48 169
phone 0.0056 142 60 202 108
phone 0.0056 202 239 233 298
phone 0.0056 94 42 157 156
phone 0.0056 48 363 80 399
phone 0.0056 157 76 217 123
phone 0.0056 172 23 202 83
phone 0.0056 203 300 233 359
phone 0.0056 122 131 159 191
phone 0.0056 0 306 17 354
phone 0.0056 95 367 156 399
phone 0.0056 0 337 2 385
phone 0.0056 65 45 125 93
phone 0.0056 126 76 186 123
phone 0.0056 249 30 266 77
phone 0.0056 3 45 63 93
phone 0.0056 156 332 219 399
phone 0.0056 138 225 174 281
phone 0.0056 141 23 171 83
phone 0.0056 0 288 34 399
phone 0.0056 157 23 187 83
phone 0.0056 63 332 127 399
phone 0.0056 18 122 79 170
phone 0.0056 172 91 232 139
phone 0.0056 248 57 266 172
phone 0.0056 0 29 2 77
phone 0.0056 126 106 187 154
phone 0.0056 111 60 171 108
phone 0.0056 80 60 140 108
phone 0.0056 141 91 202 139
phone 0.0056 263 104 266 218
phone 0.0056 64 363 95 399
phone 0.0056 144 140 161 174
phone 0.0056 187 363 218 399
phone 0.0056 63 73 126 187
phone 0.0056 188 337 248 385
phone 0.0055 0 42 18 156
phone 0.0055 60 228 90 255
phone 0.0055 34 23 64 83
phone 0.0055 2 11 64 125
phone 0.0055 0 91 17 139
phone 0.0055 172 353 233 399
phone 0.0055 188 106 248 154
phone 0.0055 0 273 18 387
phone 0.0055 0 353 33 399
phone 0.0055 65 23 94 83
phone 0.0055 171 73 234 187
phone 0.0055 156 57 218 171
phone 0.0055 203 54 233 113
phone 0.0055 265 30 266 77
phone 0.0055 0 0 1 30
phone 0.0055 125 367 187 399
phone 0.0055 0 183 33 231
phone 0.0055 249 168 266 216
phone 0.0055 248 11 266 125
phone 0.0055 125 273 187 387
phone 0.0055 265 106 266 154
phone 0.0055 234 337 266 385
phone 0.0055 49 23 79 83
phone 0.0055 265 168 266 216
phone 0.0055 157 331 187 390
phone 0.0055 67 280 84 311
phone 0.0055 110 363 141 399
phone 0.0054 79 363 111 399
phone 0.0054 171 363 203 399
phone 0.0054 263 0 266 110
phone 0.0054 265 76 266 123
phone 0.0054 90 163 107 197
phone 0.0054 141 300 171 360
phone 0.0054 265 337 266 385
phone 0.0054 125 363 157 399
phone 0.0054 19 75 78 123
phone 0.0054 0 291 2 339
phone 0.0054 127 307 185 353
phone 0.0054 65 14 124 62
phone 0.0054 18 131 48 190
phone 0.0054 141 85 171 144
phone 0.0054 48 273 110 387
phone 0.0054 173 322 232 370
phone 0.0054 3 131 33 190
phone 0.0054 218 331 248 390
phone 0.0054 50 307 108 353
phone 0.0054 60 283 91 308
phone 0.0054 218 322 266 369
phone 0.0054 0 54 2 113
phone 0.0054 18 316 48 375
phone 0.0054 232 134 266 249
phone 0.0054 3 14 63 62
phone 0.0054 188 54 217 113
phone 0.0054 0 122 17 170
phone 0.0054 219 116 248 175
phone 0.0054 94 363 126 399
phone 0.0054 218 85 248 144
phone 0.0054 263 57 266 171
phone 0.0054 126 300 156 360
phone 0.0054 17 42 80 156
phone 0.0054 234 183 266 231
phone 0.0054 249 276 266 323
phone 0.0054 0 257 3 372
phone 0.0054 141 363 172 399
phone 0.0054 172 54 202 113
phone 0.0053 64 300 94 360
phone 0.0053 249 245 266 292
phone 0.0053 217 288 266 399
phone 0.0053 65 85 94 144
phone 0.0053 156 363 187 399
phone 0.0053 49 60 109 108
phone 0.0053 157 54 187 113
phone 0.0053 96 14 155 62
phone 0.0053 18 100 48 159
phone 0.0053 18 39 48 98
phone 0.0053 33 0 95 64
phone 0.0053 126 70 156 129
phone 0.0053 34 131 64 190
phone 0.0053 188 100 217 159
phone 0.0053 111 54 140 113
phone 0.0053 33 11 95 125
phone 0.0053 248 242 266 356
phone 0.0053 172 85 202 144
phone 0.0053 95 54 125 113
phone 0.0053 265 260 266 308
phone 0.0053 203 331 233 390
phone 0.0053 219 14 266 62
phone 0.0053 142 54 171 113
phone 0.0053 18 69 48 129
phone 0.0053 19 0 78 30
phone 0.0053 18 346 48 399
phone 0.0053 265 199 266 246
phone 0.0053 157 85 187 144
phone 0.0053 0 85 2 144
phone 0.0053 249 306 266 354
phone 0.0053 0 14 1 62
phone 0.0053 0 152 17 200
phone 0.0053 265 291 266 339
phone 0.0053 36 169 68 192
phone 0.0053 3 292 63 338
phone 0.0053 81 290 139 339
phone 0.0053 203 100 233 159
phone 0.0053 263 150 266 264
phone 0.0053 18 285 48 344
phone 0.0052 153 149 189 204
phone 0.0052 50 0 109 30
phone 0.0052 34 106 94 154
phone 0.0052 0 177 17 236
phone 0.0052 263 227 266 341
phone 0.0052 48 174 57 186
phone 0.0052 247 150 266 264
phone 0.0052 190 292 222 315
phone 0.0052 201 297 211 310
phone 0.0052 80 54 110 113
phone 0.0052 248 197 266 309
phone 0.0052 0 26 3 141
phone 0.0052 264 230 266 277
phone 0.0052 97 307 154 353
phone 0.0052 110 300 141 360
phone 0.0052 249 214 266 262
phone 0.0052 172 316 202 375
phone 0.0052 34 100 63 159
phone 0.0052 44 165 61 195
phone 0.0052 263 273 266 387
phone 0.0052 205 227 261 279
phone 0.0052 187 331 218 390
phone 0.0052 34 69 63 129
phone 0.0052 141 0 202 64
phone 0.0052 0 260 2 308
phone 0.0052 0 0 17 30
phone 0.0051 49 85 79 144
phone 0.0051 0 291 32 339
phone 0.0051 250 0 266 30
phone 0.0051 234 230 266 277
phone 0.0051 127 0 186 30
phone 0.0051 49 300 79 360
phone 0.0051 265 0 266 30
phone 0.0051 0 116 2 175
phone 0.0051 93 255 127 313
phone 0.0051 172 0 233 46
phone 0.0051 67 224 84 259
phone 0.0051 79 0 141 64
phone 0.0051 264 239 266 298
phone 0.0051 0 0 47 30
phone 0.0051 264 270 266 328
phone 0.0051 110 0 172 64
phone 0.0051 248 0 266 64
phone 0.0051 140 151 149 163
phone 0.0051 198 288 214 318
phone 0.0051 65 54 94 113
phone 0.0051 233 270 264 328
phone 0.0051 157 0 217 30
phone 0.0051 188 0 247 30
phone 0.0051 0 152 2 200
phone 0.0051 0 150 31 319
phone 0.0051 18 275 80 385
phone 0.0051 59 225 76 259
phone 0.0051 0 198 2 247
phone 0.0051 0 307 48 354
phone 0.0051 219 0 266 30
phone 0.0051 0 197 13 329
phone 0.0051 264 177 266 236
phone 0.0050 157 106 217 154
phone 0.0050 18 8 49 67
phone 0.0050 49 0 79 37
phone 0.0050 49 54 79 113
phone 0.0050 0 103 3 218
phone 0.0050 96 0 155 30
phone 0.0050 34 0 63 37
phone 0.0050 187 0 218 51
phone 0.0050 203 0 233 51
phone 0.0050 19 307 78 353
phone 0.0050 97 163 115 197
