phone 0.9135 71 60 173 270
phone 0.1310 74 24 148 144
phone 0.1153 85 93 166 200
phone 0.0596 51 0 210 241
phone 0.0569 59 138 198 301
phone 0.0509 61 33 128 105
phone 0.0456 80 14 139 93
phone 0.0436 83 142 167 243
phone 0.0430 58 194 156 314
phone 0.0347 99 130 211 254
phone 0.0336 34 10 120 148
phone 0.0328 77 22 112 84
phone 0.0314 45 229 75 254
phone 0.0306 30 162 129 294
phone 0.0291 51 226 68 258
phone 0.0287 0 151 65 305
phone 0.0276 109 195 211 315
phone 0.0262 55 236 65 248
phone 0.0255 0 13 93 201
phone 0.0242 137 198 167 224
phone 0.0241 55 243 65 256
phone 0.0234 138 158 248 295
phone 0.0231 30 90 133 255
phone 0.0230 144 195 161 227
phone 0.0229 0 75 74 264
phone 0.0213 108 100 234 221
phone 0.0205 147 205 157 217
phone 0.0201 146 50 266 230
phone 0.0200 102 181 179 264
phone 0.0199 117 170 195 245
phone 0.0190 120 203 192 273
phone 0.0179 0 24 169 307
phone 0.0175 88 212 174 359
phone 0.0167 77 53 112 115
phone 0.0162 90 51 130 117
phone 0.0161 93 7 127 68
phone 0.0161 47 200 112 276
phone 0.0154 160 244 190 270
phone 0.0154 95 11 156 66
phone 0.0154 74 180 146 265
phone 0.0153 91 0 174 126
phone 0.0151 131 162 212 222
phone 0.0149 63 161 127 253
phone 0.0148 66 10 123 66
phone 0.0143 167 240 184 274
phone 0.0142 84 199 166 278
phone 0.0142 117 52 226 177
phone 0.0141 136 191 207 254
phone 0.0140 0 222 99 346
phone 0.0139 167 116 266 282
phone 0.0137 100 156 150 227
phone 0.0135 99 52 129 78
phone 0.0134 18 47 79 121
phone 0.0134 83 36 114 63
phone 0.0132 52 236 83 262
phone 0.0130 152 236 183 262
phone 0.0129 149 17 247 136
phone 0.0127 47 157 112 227
phone 0.0127 138 209 174 267
phone 0.0126 68 237 98 262
phone 0.0125 105 48 122 81
phone 0.0125 1 78 65 151
phone 0.0125 90 33 107 66
phone 0.0124 206 111 266 225
phone 0.0124 170 251 180 263
phone 0.0123 62 208 96 268
phone 0.0123 59 233 76 266
phone 0.0122 82 98 266 297
phone 0.0122 101 96 150 165
phone 0.0121 190 185 266 321
phone 0.0121 45 253 144 376
phone 0.0119 137 236 167 263
phone 0.0119 159 233 176 266
phone 0.0119 75 233 91 266
phone 0.0119 71 237 149 300
phone 0.0118 28 193 99 252
phone 0.0116 155 138 219 215
phone 0.0115 134 223 208 284
phone 0.0113 136 178 175 237
phone 0.0112 107 24 143 83
phone 0.0112 140 203 233 333
phone 0.0111 144 233 161 266
phone 0.0110 109 59 119 71
phone 0.0110 63 61 127 138
phone 0.0109 62 23 96 83
phone 0.0109 99 36 129 63
phone 0.0108 94 43 103 55
phone 0.0108 153 164 189 220
phone 0.0108 78 243 88 256
phone 0.0108 157 92 216 169
phone 0.0108 154 210 188 266
phone 0.0107 63 243 72 256
phone 0.0107 62 163 96 221
phone 0.0107 62 119 127 203
phone 0.0107 16 85 50 144
phone 0.0106 9 210 87 266
phone 0.0106 126 132 217 191
phone 0.0106 0 209 40 328
phone 0.0105 14 145 83 208
phone 0.0105 186 8 266 146
phone 0.0105 125 8 157 67
phone 0.0104 45 130 113 192
phone 0.0104 110 250 203 379
phone 0.0104 163 243 172 256
phone 0.0103 0 188 51 257
phone 0.0103 0 252 53 316
phone 0.0102 160 160 190 185
phone 0.0101 110 93 202 169
phone 0.0101 155 170 219 244
phone 0.0101 120 192 161 253
phone 0.0101 0 69 53 190
phone 0.0101 120 0 213 114
phone 0.0101 0 167 18 294
phone 0.0099 163 251 172 263
phone 0.0099 14 112 83 179
phone 0.0099 113 48 130 82
phone 0.0098 31 70 66 129
phone 0.0098 9 256 88 312
phone 0.0098 47 210 80 266
phone 0.0098 105 32 123 66
phone 0.0097 102 218 179 289
phone 0.0097 94 51 103 63
phone 0.0096 16 174 81 240
phone 0.0096 147 243 157 256
phone 0.0095 75 207 114 269
phone 0.0094 63 92 126 169
phone 0.0094 55 228 65 240
phone 0.0093 131 88 212 143
phone 0.0093 91 224 128 282
phone 0.0093 167 156 184 189
phone 0.0092 88 112 133 179
phone 0.0092 199 223 266 283
phone 0.0091 87 142 133 211
phone 0.0091 169 203 236 273
phone 0.0090 0 271 71 327
phone 0.0090 2 122 64 200
phone 0.0090 114 36 144 62
phone 0.0090 113 32 130 66
phone 0.0090 106 44 136 70
phone 0.0090 75 176 114 238
phone 0.0089 0 161 36 283
phone 0.0089 39 203 121 334
phone 0.0089 195 195 266 250
phone 0.0089 170 259 180 271
phone 0.0088 43 285 116 345
phone 0.0088 0 161 52 222
phone 0.0088 47 179 80 235
phone 0.0086 117 59 126 71
phone 0.0086 0 240 37 298
phone 0.0085 31 148 65 205
phone 0.0085 109 43 119 56
phone 0.0085 137 267 206 332
phone 0.0084 76 75 106 101
phone 0.0084 31 210 65 265
phone 0.0084 170 243 180 255
phone 0.0084 169 146 204 207
phone 0.0083 151 237 223 300
phone 0.0083 90 192 130 253
phone 0.0083 1 178 34 236
phone 0.0082 77 116 111 175
phone 0.0081 56 254 133 314
phone 0.0081 120 33 138 66
phone 0.0081 171 166 180 179
phone 0.0081 31 256 65 312
phone 0.0081 88 253 163 315
phone 0.0081 0 221 69 286
phone 0.0081 171 125 234 197
phone 0.0081 187 232 249 305
phone 0.0080 75 267 145 332
phone 0.0080 76 146 113 207
phone 0.0080 30 219 98 287
phone 0.0080 120 283 192 346
phone 0.0080 169 155 235 228
phone 0.0080 109 51 119 63
phone 0.0080 78 85 111 144
phone 0.0080 0 209 34 267
phone 0.0079 1 116 34 175
phone 0.0079 77 239 111 298
phone 0.0079 60 175 90 201
phone 0.0079 171 174 180 186
phone 0.0079 185 209 219 267
phone 0.0078 63 236 72 248
phone 0.0078 117 43 126 56
phone 0.0078 169 177 204 237
phone 0.0078 15 286 83 343
phone 0.0078 88 266 164 394
phone 0.0077 31 117 65 174
phone 0.0077 16 116 50 175
phone 0.0077 48 0 111 99
phone 0.0077 1 147 34 205
phone 0.0077 0 111 15 229
phone 0.0077 0 252 67 377
phone 0.0077 107 225 143 281
phone 0.0077 216 210 249 266
phone 0.0077 30 264 98 334
phone 0.0077 32 36 96 102
phone 0.0077 78 236 88 248
phone 0.0077 134 146 177 207
phone 0.0076 184 173 252 241
phone 0.0076 170 84 204 145
phone 0.0076 80 0 140 47
phone 0.0076 213 142 266 271
phone 0.0075 82 71 100 105
phone 0.0075 169 114 204 177
phone 0.0075 16 271 49 328
phone 0.0075 160 60 191 85
phone 0.0075 45 275 75 301
phone 0.0074 160 175 190 201
phone 0.0074 120 234 192 304
phone 0.0074 62 286 96 343
phone 0.0074 15 209 50 267
phone 0.0073 78 287 111 343
phone 0.0073 47 23 80 82
phone 0.0073 0 199 19 246
phone 0.0073 154 87 188 142
phone 0.0073 112 110 169 182
phone 0.0073 45 244 75 270
phone 0.0073 170 225 203 281
phone 0.0073 17 54 49 114
phone 0.0073 46 149 80 204
phone 0.0073 62 117 96 174
phone 0.0073 0 100 18 160
phone 0.0072 2 270 33 329
phone 0.0072 93 255 126 312
phone 0.0072 94 297 157 363
phone 0.0072 123 226 158 281
phone 0.0072 154 271 188 328
phone 0.0072 210 46 266 167
phone 0.0072 113 141 168 212
phone 0.0072 33 303 95 357
phone 0.0072 216 179 249 235
phone 0.0072 104 267 177 331
phone 0.0072 0 75 49 124
phone 0.0071 67 171 84 205
phone 0.0071 170 255 203 313
phone 0.0071 0 91 34 138
phone 0.0071 124 43 134 56
phone 0.0071 171 159 180 171
phone 0.0071 185 178 219 236
phone 0.0071 0 192 2 252
phone 0.0071 0 88 31 258
phone 0.0071 67 233 84 266
phone 0.0070 117 51 126 63
phone 0.0070 187 141 248 212
phone 0.0070 42 104 116 157
phone 0.0070 0 227 17 340
phone 0.0070 46 255 80 313
phone 0.0069 61 301 128 359
phone 0.0069 188 91 247 139
phone 0.0069 159 68 214 131
phone 0.0069 21 298 52 324
phone 0.0069 93 286 126 343
phone 0.0069 0 260 18 308
phone 0.0068 51 271 69 305
phone 0.0068 51 240 69 274
phone 0.0068 185 55 251 174
phone 0.0068 200 239 234 298
phone 0.0068 167 56 184 89
phone 0.0068 0 26 48 141
phone 0.0068 153 133 189 189
phone 0.0068 167 171 184 205
phone 0.0068 185 131 219 191
phone 0.0068 0 45 49 92
phone 0.0068 127 14 185 62
phone 0.0067 200 193 234 252
phone 0.0067 204 106 262 154
phone 0.0067 83 51 113 78
phone 0.0067 28 295 45 327
phone 0.0067 168 167 198 193
phone 0.0067 220 243 266 294
phone 0.0067 232 179 264 235
phone 0.0067 139 286 173 343
phone 0.0067 185 240 219 298
phone 0.0067 2 0 76 101
phone 0.0066 0 254 2 314
phone 0.0066 203 85 233 144
phone 0.0066 86 82 95 94
phone 0.0066 108 255 142 312
phone 0.0066 141 8 172 67
phone 0.0066 141 56 201 112
phone 0.0065 205 259 261 308
phone 0.0065 16 240 50 297
phone 0.0065 170 249 234 318
phone 0.0065 86 89 95 102
phone 0.0065 176 252 206 278
phone 0.0065 109 0 141 51
phone 0.0065 62 239 96 298
phone 0.0064 154 240 188 297
phone 0.0064 156 304 218 399
phone 0.0064 218 101 249 159
phone 0.0064 2 54 33 113
phone 0.0064 23 0 266 169
phone 0.0064 167 106 199 131
phone 0.0064 188 306 247 354
phone 0.0064 82 32 100 66
phone 0.0064 186 273 249 386
phone 0.0064 52 23 83 46
phone 0.0064 122 236 152 263
phone 0.0063 123 286 157 343
phone 0.0063 49 300 79 360
phone 0.0063 171 66 180 79
phone 0.0063 83 326 99 357
phone 0.0063 108 285 142 344
phone 0.0063 75 330 107 354
phone 0.0063 160 205 190 232
phone 0.0063 0 367 33 399
phone 0.0062 27 84 100 146
phone 0.0062 237 229 266 254
phone 0.0062 160 144 190 170
phone 0.0062 76 44 106 70
phone 0.0062 0 332 19 399
phone 0.0062 71 182 80 194
phone 0.0062 228 15 266 204
phone 0.0062 81 320 139 371
phone 0.0062 90 48 107 82
phone 0.0062 0 332 50 399
phone 0.0062 264 367 266 399
phone 0.0062 200 162 235 221
phone 0.0062 244 225 261 258
phone 0.0062 71 243 80 256
phone 0.0062 263 332 266 399
phone 0.0061 174 163 192 197
phone 0.0061 40 57 118 111
phone 0.0061 81 54 139 176
phone 0.0061 173 322 232 370
phone 0.0061 129 311 145 342
phone 0.0061 203 76 263 123
phone 0.0061 52 282 83 309
phone 0.0061 203 300 233 359
phone 0.0061 59 20 76 49
phone 0.0061 19 27 78 80
phone 0.0061 79 0 110 51
phone 0.0061 216 223 266 345
phone 0.0060 2 14 64 62
phone 0.0060 0 362 3 399
phone 0.0060 0 30 32 77
phone 0.0060 218 254 248 314
phone 0.0060 0 332 3 399
phone 0.0060 32 333 96 399
phone 0.0060 138 240 173 297
phone 0.0060 18 368 79 399
phone 0.0060 121 314 153 339
phone 0.0060 0 0 3 96
phone 0.0060 218 91 266 139
phone 0.0060 219 275 266 324
phone 0.0060 219 137 266 185
phone 0.0060 0 70 18 129
phone 0.0060 0 0 34 110
phone 0.0060 126 36 186 102
phone 0.0060 175 102 191 135
phone 0.0060 235 153 266 200
phone 0.0059 265 214 266 262
phone 0.0059 142 29 201 77
phone 0.0059 55 251 65 263
phone 0.0059 63 28 72 40
phone 0.0059 55 282 65 294
phone 0.0059 17 363 49 399
phone 0.0059 65 0 125 31
phone 0.0059 220 163 266 221
phone 0.0059 234 254 263 314
phone 0.0059 186 100 219 159
phone 0.0059 218 367 266 399
phone 0.0059 128 232 146 266
phone 0.0059 0 45 17 93
phone 0.0059 263 180 266 295
phone 0.0059 171 182 180 194
phone 0.0059 182 248 200 282
phone 0.0059 0 168 18 215
phone 0.0059 123 255 157 312
phone 0.0059 32 305 42 317
phone 0.0058 202 332 265 399
phone 0.0058 33 363 64 399
phone 0.0058 172 331 202 390
phone 0.0058 218 70 248 129
phone 0.0058 0 228 18 278
phone 0.0058 171 59 180 71
phone 0.0058 265 199 266 247
phone 0.0058 144 53 176 77
phone 0.0058 250 183 266 231
phone 0.0058 86 335 95 348
phone 0.0058 249 367 266 399
phone 0.0058 218 60 266 108
phone 0.0058 153 251 183 278
phone 0.0058 127 321 185 370
phone 0.0058 187 316 218 375
phone 0.0057 202 257 264 372
phone 0.0057 201 132 234 190
phone 0.0057 187 367 248 399
phone 0.0057 173 74 232 125
phone 0.0057 249 337 266 385
phone 0.0057 18 24 48 82
phone 0.0057 167 202 184 236
phone 0.0057 188 337 248 385
phone 0.0057 249 137 266 185
phone 0.0057 265 229 266 277
phone 0.0057 48 363 80 399
phone 0.0057 151 194 169 228
phone 0.0057 246 148 266 265
phone 0.0057 95 315 125 376
phone 0.0057 18 289 79 399
phone 0.0057 249 270 266 328
phone 0.0057 59 279 76 312
phone 0.0057 0 29 2 77
phone 0.0057 218 322 266 369
phone 0.0057 234 69 264 129
phone 0.0057 249 30 266 77
phone 0.0057 157 24 187 82
phone 0.0057 265 337 266 385
phone 0.0057 248 104 266 218
phone 0.0057 217 148 249 204
phone 0.0057 249 60 266 108
phone 0.0056 204 291 262 339
phone 0.0056 71 174 80 186
phone 0.0056 0 162 2 221
phone 0.0056 265 153 266 200
phone 0.0056 46 118 81 173
phone 0.0056 0 223 2 283
phone 0.0056 132 320 142 333
phone 0.0056 248 0 266 110
phone 0.0056 217 288 266 399
phone 0.0056 19 323 78 368
phone 0.0056 233 285 264 344
phone 0.0056 250 245 266 293
phone 0.0056 232 209 265 266
phone 0.0056 111 315 141 376
phone 0.0056 33 316 64 375
phone 0.0056 202 363 233 399
phone 0.0056 0 54 2 113
phone 0.0056 0 304 34 399
phone 0.0056 218 29 266 77
phone 0.0056 265 30 266 77
phone 0.0056 109 332 173 399
phone 0.0056 264 178 266 236
phone 0.0056 166 140 184 174
phone 0.0056 263 119 266 233
phone 0.0056 171 332 234 399
phone 0.0056 171 0 234 95
phone 0.0055 249 91 266 139
phone 0.0055 86 43 96 56
phone 0.0055 248 42 266 156
phone 0.0055 265 183 266 231
phone 0.0055 248 288 266 399
phone 0.0055 0 337 2 385
phone 0.0055 217 0 266 110
phone 0.0055 75 229 106 255
phone 0.0055 218 331 248 390
phone 0.0055 247 211 266 325
phone 0.0055 263 0 266 110
phone 0.0055 234 331 264 390
phone 0.0055 187 70 218 128
phone 0.0055 234 122 266 169
phone 0.0055 49 367 110 399
phone 0.0055 178 112 188 125
phone 0.0055 265 122 266 169
phone 0.0055 265 60 266 108
phone 0.0055 63 332 127 399
phone 0.0055 34 0 93 31
phone 0.0055 0 85 2 144
phone 0.0055 0 0 1 30
phone 0.0055 0 322 17 369
phone 0.0055 203 45 263 93
phone 0.0055 231 189 266 317
phone 0.0055 265 91 266 139
phone 0.0054 264 131 266 190
phone 0.0054 95 0 125 37
phone 0.0054 249 306 266 354
phone 0.0054 190 275 246 324
phone 0.0054 197 130 230 153
phone 0.0054 203 331 233 390
phone 0.0054 137 182 167 209
phone 0.0054 247 235 257 248
phone 0.0054 218 285 248 344
phone 0.0054 263 42 266 156
phone 0.0054 95 353 155 399
phone 0.0054 64 0 95 51
phone 0.0054 187 363 218 399
phone 0.0054 264 254 266 313
phone 0.0054 0 175 29 356
phone 0.0054 264 39 266 98
phone 0.0054 265 245 266 292
phone 0.0054 0 26 3 141
phone 0.0054 0 306 2 354
phone 0.0054 33 14 95 63
phone 0.0054 151 49 169 81
phone 0.0054 159 248 176 282
phone 0.0054 172 54 202 113
phone 0.0053 178 66 188 79
phone 0.0053 264 70 266 128
phone 0.0053 0 307 47 353
phone 0.0053 234 39 264 98
phone 0.0053 60 229 90 255
phone 0.0053 94 59 103 71
phone 0.0053 263 212 266 325
phone 0.0053 187 0 249 64
phone 0.0053 0 273 3 387
phone 0.0053 265 0 266 30
phone 0.0053 122 197 152 224
phone 0.0053 110 347 141 399
phone 0.0053 265 306 266 354
phone 0.0053 63 363 95 399
phone 0.0053 160 190 190 217
phone 0.0053 121 311 137 342
phone 0.0053 264 223 266 282
phone 0.0053 206 126 222 157
phone 0.0053 178 174 188 186
phone 0.0053 0 131 18 191
phone 0.0052 142 315 171 376
phone 0.0052 48 305 110 399
phone 0.0052 0 292 17 338
phone 0.0052 190 116 246 174
phone 0.0052 156 367 218 399
phone 0.0052 18 0 48 51
phone 0.0052 18 316 49 375
phone 0.0052 49 0 79 37
phone 0.0052 157 45 216 93
phone 0.0052 263 273 266 387
phone 0.0052 49 331 79 390
phone 0.0052 140 332 204 399
phone 0.0052 166 92 199 115
phone 0.0052 124 285 188 399
phone 0.0052 219 39 248 98
phone 0.0052 110 367 172 399
phone 0.0052 188 29 247 77
phone 0.0052 0 14 17 62
phone 0.0052 175 88 191 118
phone 0.0052 250 0 266 30
phone 0.0052 64 331 95 391
phone 0.0052 126 315 156 376
phone 0.0052 46 56 81 112
phone 0.0052 126 353 186 399
phone 0.0052 18 0 79 46
phone 0.0051 82 225 99 259
phone 0.0051 33 8 64 67
phone 0.0051 115 65 197 134
phone 0.0051 143 179 161 213
phone 0.0051 156 0 218 64
phone 0.0051 175 57 191 88
phone 0.0051 209 135 219 148
phone 0.0051 265 276 266 323
phone 0.0051 178 97 188 110
phone 0.0051 203 0 263 31
phone 0.0051 0 273 18 386
phone 0.0051 147 251 157 263
phone 0.0051 203 269 233 329
phone 0.0051 0 73 3 187
phone 0.0051 0 0 17 30
phone 0.0051 137 311 153 342
phone 0.0051 34 0 63 37
phone 0.0051 171 363 203 399
phone 0.0051 52 306 83 331
phone 0.0051 264 285 266 344
phone 0.0051 186 259 195 271
phone 0.0051 95 346 125 399
phone 0.0051 79 367 141 399
phone 0.0051 76 59 106 86
phone 0.0050 132 243 142 256
phone 0.0050 147 213 157 225
phone 0.0050 2 0 33 51
phone 0.0050 157 331 187 390
phone 0.0050 4 0 63 30
phone 0.0050 0 122 2 170
phone 0.0050 141 347 172 399
phone 0.0050 133 116 178 175
phone 0.0050 126 347 156 399
phone 0.0050 155 59 165 71
phone 0.0050 0 150 3 264
phone 0.0050 114 52 144 78
