phone 0.8712 107 131 278 236
phone 0.0988 0 44 218 232
phone 0.0717 53 105 237 237
phone 0.0556 122 150 230 225
phone 0.0546 95 121 196 253
phone 0.0408 90 84 354 250
phone 0.0406 176 4 350 146
phone 0.0353 51 139 168 241
phone 0.0337 124 0 335 222
phone 0.0330 166 152 217 222
phone 0.0306 42 34 174 185
phone 0.0306 132 81 260 212
phone 0.0284 0 92 98 238
phone 0.0264 236 44 350 160
phone 0.0258 162 165 252 241
phone 0.0242 188 133 319 244
phone 0.0240 161 39 295 175
phone 0.0236 16 128 137 252
phone 0.0235 252 0 397 146
phone 0.0220 108 166 184 239
phone 0.0219 92 152 169 222
phone 0.0202 0 70 61 202
phone 0.0189 246 78 343 196
phone 0.0181 109 37 228 184
phone 0.0159 180 136 234 207
phone 0.0158 141 8 264 150
phone 0.0157 79 85 182 227
phone 0.0156 0 128 62 257
phone 0.0156 342 0 399 147
phone 0.0153 285 107 362 220
phone 0.0146 190 156 286 218
phone 0.0143 308 42 396 163
phone 0.0141 0 7 136 258
phone 0.0139 164 34 250 216
phone 0.0138 112 157 148 216
phone 0.0136 248 0 348 94
phone 0.0135 128 172 163 232
phone 0.0133 156 171 197 233
phone 0.0131 142 172 180 233
phone 0.0128 219 91 318 220
phone 0.0122 0 35 99 180
phone 0.0121 30 0 108 114
phone 0.0121 186 172 227 232
phone 0.0120 142 247 172 266
phone 0.0120 210 141 296 202
phone 0.0116 68 168 162 266
phone 0.0115 149 244 166 266
phone 0.0113 3 135 73 208
phone 0.0113 150 0 234 102
phone 0.0112 124 184 198 251
phone 0.0110 316 107 389 221
phone 0.0109 103 0 189 115
phone 0.0107 356 137 399 266
phone 0.0107 285 137 377 266
phone 0.0107 204 174 240 230
phone 0.0107 175 184 271 266
phone 0.0106 311 0 399 111
phone 0.0105 361 170 399 234
phone 0.0104 146 201 238 266
phone 0.0102 209 153 298 266
phone 0.0102 152 254 162 266
phone 0.0100 242 138 327 266
phone 0.0100 0 24 53 165
phone 0.0099 283 61 378 189
phone 0.0099 359 42 399 116
phone 0.0098 4 156 103 266
phone 0.0097 41 187 128 266
phone 0.0097 0 0 39 0
phone 0.0097 136 241 201 266
phone 0.0097 58 174 141 230
phone 0.0097 102 200 190 266
phone 0.0096 358 12 399 84
phone 0.0096 218 170 289 234
phone 0.0096 190 0 283 98
phone 0.0095 341 32 399 96
phone 0.0095 125 142 166 201
phone 0.0094 15 154 92 220
phone 0.0094 359 74 399 145
phone 0.0093 232 126 306 186
phone 0.0093 0 263 41 266
phone 0.0093 73 141 156 202
phone 0.0092 141 244 158 266
phone 0.0092 235 154 303 220
phone 0.0091 218 0 319 115
phone 0.0091 145 0 208 69
phone 0.0091 98 174 131 230
phone 0.0090 250 140 318 203
phone 0.0089 92 119 169 193
phone 0.0089 54 14 146 143
phone 0.0088 81 235 149 266
phone 0.0088 52 19 85 77
phone 0.0088 220 174 255 230
phone 0.0087 236 159 270 214
phone 0.0086 21 142 55 200
phone 0.0085 342 61 399 128
phone 0.0084 347 0 399 49
phone 0.0084 311 124 381 188
phone 0.0083 156 77 228 143
phone 0.0083 259 182 341 266
phone 0.0082 156 233 228 266
phone 0.0082 251 170 318 234
phone 0.0082 145 254 154 266
phone 0.0082 188 234 258 266
phone 0.0082 64 217 135 266
phone 0.0081 310 95 381 156
phone 0.0081 35 69 133 212
phone 0.0081 146 253 207 266
phone 0.0081 36 75 102 145
phone 0.0080 157 252 173 266
phone 0.0080 351 110 399 219
phone 0.0080 250 216 319 266
phone 0.0080 307 33 384 94
phone 0.0080 52 10 116 86
phone 0.0080 139 62 214 127
phone 0.0079 0 204 59 262
phone 0.0079 294 171 367 233
phone 0.0079 282 154 349 219
phone 0.0079 38 0 99 43
phone 0.0079 159 4 193 62
phone 0.0079 231 96 307 155
phone 0.0079 149 256 181 266
phone 0.0079 374 35 399 93
phone 0.0079 229 49 308 110
phone 0.0079 44 155 124 218
phone 0.0079 111 233 181 266
phone 0.0078 340 155 399 218
phone 0.0078 4 89 72 162
phone 0.0078 267 158 301 215
phone 0.0078 251 158 285 215
phone 0.0078 218 216 289 266
phone 0.0077 173 0 241 69
phone 0.0077 49 47 120 111
phone 0.0077 248 111 321 171
phone 0.0077 155 48 229 110
phone 0.0077 215 64 292 125
phone 0.0077 374 65 399 124
phone 0.0077 299 0 363 88
phone 0.0076 171 63 244 126
phone 0.0076 246 63 322 126
phone 0.0076 16 203 91 263
phone 0.0076 99 234 131 266
phone 0.0076 293 48 368 110
phone 0.0076 124 47 198 112
phone 0.0076 177 0 238 28
phone 0.0076 213 33 294 95
phone 0.0076 160 261 170 266
phone 0.0076 293 78 367 141
phone 0.0076 266 122 333 189
phone 0.0076 69 0 100 46
phone 0.0075 53 0 84 46
phone 0.0075 162 264 241 266
phone 0.0075 309 63 383 126
phone 0.0075 251 128 285 184
phone 0.0075 5 127 39 185
phone 0.0075 82 174 116 230
phone 0.0075 325 79 397 141
phone 0.0074 116 253 176 266
phone 0.0074 69 0 131 102
phone 0.0074 152 261 162 266
phone 0.0074 23 0 85 75
phone 0.0074 0 110 46 171
phone 0.0074 280 92 350 158
phone 0.0074 278 32 352 95
phone 0.0074 235 184 302 251
phone 0.0073 301 0 360 29
phone 0.0073 2 0 74 130
phone 0.0073 113 189 147 246
phone 0.0073 269 0 331 63
phone 0.0073 0 186 76 249
phone 0.0073 270 0 330 28
phone 0.0073 69 0 130 42
phone 0.0073 97 13 163 83
phone 0.0073 174 4 209 61
phone 0.0073 328 171 394 233
phone 0.0073 267 127 301 184
phone 0.0073 124 76 198 144
phone 0.0073 127 12 196 85
phone 0.0073 199 48 277 110
phone 0.0072 162 0 222 48
phone 0.0072 140 30 213 97
phone 0.0072 15 119 92 194
phone 0.0072 98 204 132 261
phone 0.0072 128 20 162 77
phone 0.0072 263 78 336 142
phone 0.0072 161 249 192 266
phone 0.0072 279 62 351 127
phone 0.0072 194 0 251 52
phone 0.0072 177 253 237 266
phone 0.0072 144 3 178 62
phone 0.0071 0 60 42 129
phone 0.0071 146 0 207 27
phone 0.0071 29 170 108 234
phone 0.0071 315 0 377 63
phone 0.0071 36 159 70 215
phone 0.0071 113 220 147 266
phone 0.0071 35 220 103 266
phone 0.0071 176 0 208 31
phone 0.0071 132 262 209 266
phone 0.0071 38 0 69 46
phone 0.0071 36 19 70 77
phone 0.0071 109 60 182 129
phone 0.0071 77 46 152 112
phone 0.0071 6 63 69 126
phone 0.0070 374 4 399 62
phone 0.0070 331 0 391 28
phone 0.0070 52 81 85 139
phone 0.0070 64 60 135 129
phone 0.0070 328 127 362 184
phone 0.0070 236 189 270 246
phone 0.0070 331 109 391 172
phone 0.0070 175 235 208 266
phone 0.0069 84 233 115 266
phone 0.0069 313 189 347 246
phone 0.0069 298 157 331 216
phone 0.0069 282 158 316 216
phone 0.0069 165 252 180 266
phone 0.0069 201 78 275 142
phone 0.0069 330 0 362 31
phone 0.0069 237 234 301 266
phone 0.0069 262 47 337 111
phone 0.0069 329 97 362 154
phone 0.0069 299 0 331 31
phone 0.0069 82 204 116 261
phone 0.0069 67 19 101 77
phone 0.0068 230 16 307 81
phone 0.0068 0 0 41 32
phone 0.0068 269 0 300 31
phone 0.0068 302 223 358 266
phone 0.0068 21 32 86 95
phone 0.0068 129 235 162 266
phone 0.0068 97 144 132 199
phone 0.0068 283 0 316 47
phone 0.0068 361 0 392 31
phone 0.0068 174 82 209 138
phone 0.0068 161 0 192 31
phone 0.0068 271 238 328 266
phone 0.0068 100 0 161 42
phone 0.0068 239 0 299 28
phone 0.0067 174 189 208 246
phone 0.0067 107 102 184 180
phone 0.0067 375 95 399 156
phone 0.0067 20 111 56 170
phone 0.0067 7 0 69 42
phone 0.0066 359 127 393 185
phone 0.0066 318 207 374 258
phone 0.0066 205 204 239 261
phone 0.0066 257 131 288 158
phone 0.0066 344 127 378 184
phone 0.0066 83 3 117 62
phone 0.0066 168 33 246 95
phone 0.0066 313 158 347 215
phone 0.0066 190 4 224 61
phone 0.0066 267 188 301 246
phone 0.0066 282 204 316 261
phone 0.0066 236 219 270 266
phone 0.0066 173 252 188 266
phone 0.0066 190 81 224 139
phone 0.0065 283 127 316 185
phone 0.0065 78 76 152 143
phone 0.0065 374 158 399 216
phone 0.0065 83 0 147 76
phone 0.0065 313 0 347 47
phone 0.0065 300 0 361 11
phone 0.0065 196 108 226 135
phone 0.0065 214 107 292 175
phone 0.0065 27 139 110 204
phone 0.0065 139 90 214 161
phone 0.0065 329 35 362 92
phone 0.0065 221 204 255 261
phone 0.0065 23 218 53 266
phone 0.0065 252 97 285 154
phone 0.0065 344 50 378 108
phone 0.0065 168 261 177 266
phone 0.0065 164 256 196 266
phone 0.0065 207 0 239 31
phone 0.0065 38 218 69 266
phone 0.0065 67 50 101 108
phone 0.0065 144 204 178 262
phone 0.0065 67 81 101 139
phone 0.0065 252 188 285 246
phone 0.0064 223 0 285 63
phone 0.0064 20 81 55 138
phone 0.0064 23 0 84 26
phone 0.0064 192 249 223 266
phone 0.0064 0 171 44 233
phone 0.0064 159 219 193 266
phone 0.0064 377 187 399 248
phone 0.0064 115 0 146 46
phone 0.0064 298 188 332 247
phone 0.0064 146 0 207 11
phone 0.0064 345 96 377 154
phone 0.0063 269 0 330 11
phone 0.0063 316 218 345 266
phone 0.0063 159 66 193 122
phone 0.0063 54 0 114 26
phone 0.0063 313 127 347 185
phone 0.0063 23 0 53 46
phone 0.0063 190 204 224 261
phone 0.0063 85 0 145 26
phone 0.0063 100 0 130 46
phone 0.0063 331 0 391 11
phone 0.0063 331 203 361 263
phone 0.0063 313 51 347 107
phone 0.0063 344 20 378 76
phone 0.0063 0 0 41 95
phone 0.0063 52 204 85 261
phone 0.0063 298 111 332 170
phone 0.0063 21 50 54 108
phone 0.0063 252 66 285 123
phone 0.0062 329 157 362 216
phone 0.0062 60 122 138 190
phone 0.0062 361 208 399 258
phone 0.0062 116 0 176 11
phone 0.0062 267 66 301 123
phone 0.0062 130 0 192 44
phone 0.0062 328 66 362 123
phone 0.0062 175 51 208 107
phone 0.0062 115 0 177 26
phone 0.0062 54 0 114 11
phone 0.0062 316 0 346 16
phone 0.0062 67 189 101 246
phone 0.0062 129 204 162 262
phone 0.0062 205 4 240 62
phone 0.0062 175 78 240 173
phone 0.0062 313 97 347 154
phone 0.0062 252 0 286 46
phone 0.0062 236 66 270 123
phone 0.0062 267 97 301 153
phone 0.0062 113 20 147 77
phone 0.0062 176 261 185 266
phone 0.0062 146 0 176 31
phone 0.0062 177 0 238 11
phone 0.0062 221 0 255 47
phone 0.0062 285 233 315 266
phone 0.0062 238 0 270 31
phone 0.0062 63 91 136 160
phone 0.0062 85 0 145 11
phone 0.0061 78 104 152 177
phone 0.0061 37 49 70 108
phone 0.0061 264 127 281 161
phone 0.0061 5 96 40 154
phone 0.0061 115 248 145 266
phone 0.0061 94 87 166 163
phone 0.0061 209 254 267 266
phone 0.0061 363 107 399 174
phone 0.0061 144 51 178 107
phone 0.0061 282 96 316 154
phone 0.0061 6 158 39 215
phone 0.0061 21 18 55 78
phone 0.0061 36 189 70 246
phone 0.0061 298 81 332 138
phone 0.0061 208 248 238 266
phone 0.0060 285 0 315 16
phone 0.0060 24 0 83 11
phone 0.0060 298 35 332 92
phone 0.0060 346 0 376 16
phone 0.0060 119 252 134 266
phone 0.0060 202 104 220 138
phone 0.0060 5 189 39 246
phone 0.0060 85 0 115 31
phone 0.0060 329 191 393 266
phone 0.0060 110 256 143 266
phone 0.0060 239 0 299 11
phone 0.0060 0 222 37 266
phone 0.0060 52 50 85 108
phone 0.0060 21 189 54 246
phone 0.0059 362 238 399 266
phone 0.0059 131 0 161 16
phone 0.0059 103 244 119 266
phone 0.0059 69 0 99 16
phone 0.0059 0 8 53 57
phone 0.0059 159 35 193 92
phone 0.0059 82 50 116 108
phone 0.0059 193 0 222 16
phone 0.0059 210 104 228 138
phone 0.0059 134 256 166 266
phone 0.0059 54 0 84 16
phone 0.0059 100 0 130 16
phone 0.0058 67 159 101 214
phone 0.0058 251 36 285 91
phone 0.0058 0 204 23 262
phone 0.0058 116 0 145 16
phone 0.0058 221 66 254 123
phone 0.0058 282 66 316 123
phone 0.0058 95 248 127 266
phone 0.0058 206 66 239 123
phone 0.0058 112 128 148 184
phone 0.0058 104 216 134 242
phone 0.0058 208 0 268 11
phone 0.0058 331 240 391 266
phone 0.0058 311 94 342 118
phone 0.0058 128 51 162 107
phone 0.0058 122 261 131 266
phone 0.0058 217 144 257 199
phone 0.0057 318 90 334 122
phone 0.0057 192 28 393 236
phone 0.0057 236 36 270 91
phone 0.0057 36 81 70 138
phone 0.0057 39 0 68 16
phone 0.0057 346 218 376 266
phone 0.0057 266 5 301 61
phone 0.0057 23 0 53 16
phone 0.0057 47 105 121 177
phone 0.0057 145 261 154 266
phone 0.0056 254 0 284 16
phone 0.0056 0 0 36 11
phone 0.0056 313 20 347 76
phone 0.0056 348 194 399 241
phone 0.0056 315 253 377 266
phone 0.0056 360 255 399 266
phone 0.0056 126 252 142 266
phone 0.0056 0 81 24 139
phone 0.0056 54 238 114 266
phone 0.0056 188 40 219 65
phone 0.0056 346 187 376 248
phone 0.0056 267 36 301 91
phone 0.0056 190 51 224 107
phone 0.0056 242 245 257 266
phone 0.0056 233 248 266 266
phone 0.0056 97 51 132 107
phone 0.0056 0 50 24 108
phone 0.0055 375 0 399 32
phone 0.0055 113 51 147 107
phone 0.0055 364 262 399 266
phone 0.0055 143 82 178 138
phone 0.0055 235 129 271 183
phone 0.0055 0 0 23 1
phone 0.0055 223 0 253 16
phone 0.0055 82 144 116 199
phone 0.0055 221 35 255 92
phone 0.0055 191 116 284 197
phone 0.0055 0 0 22 16
phone 0.0055 0 250 41 266
phone 0.0055 51 174 85 230
phone 0.0054 195 36 212 69
phone 0.0054 245 253 254 266
phone 0.0054 106 254 116 266
phone 0.0054 376 264 399 266
phone 0.0054 0 128 24 184
phone 0.0054 234 244 250 266
phone 0.0054 82 81 116 138
phone 0.0054 100 264 130 266
phone 0.0054 101 263 180 266
phone 0.0054 282 35 316 92
phone 0.0054 134 252 150 266
phone 0.0053 376 0 399 1
phone 0.0053 129 261 139 266
phone 0.0053 192 265 272 266
phone 0.0053 218 247 250 266
phone 0.0053 361 0 399 12
phone 0.0053 0 0 23 47
phone 0.0053 284 264 315 266
phone 0.0053 110 212 128 246
phone 0.0053 346 265 376 266
phone 0.0053 331 250 361 266
phone 0.0053 322 100 331 112
phone 0.0053 226 244 242 266
phone 0.0053 301 234 330 266
phone 0.0053 38 253 100 266
phone 0.0053 315 0 346 1
phone 0.0053 300 265 331 266
phone 0.0052 97 20 132 77
phone 0.0052 330 0 361 1
phone 0.0052 268 138 277 151
phone 0.0052 196 47 226 72
phone 0.0052 97 81 132 138
phone 0.0052 161 0 192 1
phone 0.0052 376 218 399 266
phone 0.0052 177 0 208 1
phone 0.0052 146 0 177 1
phone 0.0052 300 0 331 1
phone 0.0052 204 116 234 142
phone 0.0052 206 115 216 128
phone 0.0052 118 212 135 246
phone 0.0052 376 248 399 266
phone 0.0052 192 0 223 1
phone 0.0052 7 253 69 266
phone 0.0052 205 35 239 92
phone 0.0051 331 265 361 266
phone 0.0051 130 0 161 1
phone 0.0051 137 261 147 266
phone 0.0051 284 0 315 1
phone 0.0051 203 43 220 76
phone 0.0051 255 255 313 266
phone 0.0051 269 0 300 1
phone 0.0051 207 0 238 1
phone 0.0051 7 237 70 266
phone 0.0051 0 264 23 266
phone 0.0051 284 254 346 266
phone 0.0051 238 0 269 1
phone 0.0051 254 0 284 1
phone 0.0051 223 0 254 1
phone 0.0051 237 253 247 266
phone 0.0051 69 0 100 1
phone 0.0051 115 0 146 1
phone 0.0051 236 97 270 153
phone 0.0051 346 0 377 1
phone 0.0051 84 0 115 1
phone 0.0050 100 0 131 1
phone 0.0050 315 265 346 266
phone 0.0050 123 110 199 203
phone 0.0050 54 249 84 266
phone 0.0050 69 233 99 266
phone 0.0050 53 0 85 1
phone 0.0050 128 82 163 138
phone 0.0050 214 115 224 128
