phone 0.9459 167 67 234 206
phone 0.0901 135 34 226 193
phone 0.0758 293 172 399 266
phone 0.0626 101 9 297 258
phone 0.0512 13 30 132 173
phone 0.0405 0 0 105 121
phone 0.0388 171 44 265 181
phone 0.0381 204 92 313 226
phone 0.0367 153 95 288 186
phone 0.0364 183 16 344 199
phone 0.0344 175 113 350 265
phone 0.0340 158 124 238 239
phone 0.0330 101 47 186 165
phone 0.0329 159 13 245 155
phone 0.0302 226 167 362 266
phone 0.0292 116 156 228 266
phone 0.0277 180 71 235 149
phone 0.0266 128 0 218 129
phone 0.0262 48 14 161 136
phone 0.0251 97 103 187 216
phone 0.0249 3 0 210 203
phone 0.0236 0 68 102 192
phone 0.0234 329 132 399 266
phone 0.0225 240 48 399 220
phone 0.0212 136 98 217 153
phone 0.0210 227 33 311 187
phone 0.0198 96 0 191 113
phone 0.0185 191 11 284 147
phone 0.0179 290 101 399 240
phone 0.0179 0 35 70 170
phone 0.0172 231 0 358 140
phone 0.0165 25 97 126 222
phone 0.0164 340 198 399 266
phone 0.0159 48 75 166 192
phone 0.0155 223 94 284 187
phone 0.0155 60 164 158 266
phone 0.0150 267 116 363 257
phone 0.0150 165 158 295 266
phone 0.0149 160 96 193 154
phone 0.0147 118 35 174 123
phone 0.0146 341 167 399 238
phone 0.0146 226 129 312 266
phone 0.0146 328 204 363 262
phone 0.0143 275 185 355 250
phone 0.0142 71 129 205 261
phone 0.0140 66 0 153 89
phone 0.0138 43 25 125 103
phone 0.0136 83 197 197 266
phone 0.0134 219 67 288 153
phone 0.0134 359 229 399 266
phone 0.0134 164 171 196 195
phone 0.0133 232 74 336 207
phone 0.0131 281 229 364 266
phone 0.0131 313 232 386 266
phone 0.0130 172 167 188 199
phone 0.0129 339 63 399 214
phone 0.0123 362 263 399 266
phone 0.0123 127 78 164 142
phone 0.0123 175 177 185 189
phone 0.0123 276 0 377 113
phone 0.0119 294 161 366 244
phone 0.0119 0 0 63 88
phone 0.0119 239 110 299 202
phone 0.0117 102 237 175 266
phone 0.0117 31 48 249 266
phone 0.0116 201 48 274 111
phone 0.0114 219 199 319 266
phone 0.0113 234 231 265 258
phone 0.0113 60 41 138 117
phone 0.0111 129 200 271 266
phone 0.0111 256 215 343 266
phone 0.0108 312 189 348 247
phone 0.0106 241 228 258 261
phone 0.0105 95 65 166 124
phone 0.0104 129 48 193 110
phone 0.0104 341 187 380 248
phone 0.0102 24 141 114 263
phone 0.0102 96 89 164 162
phone 0.0101 232 184 305 252
phone 0.0101 357 153 399 221
phone 0.0101 311 178 342 204
phone 0.0099 163 219 252 266
phone 0.0099 309 150 382 224
phone 0.0099 155 0 250 91
phone 0.0099 44 61 124 129
phone 0.0098 200 159 276 215
phone 0.0098 0 110 71 232
phone 0.0098 94 36 167 92
phone 0.0098 237 50 301 139
phone 0.0098 297 189 332 246
phone 0.0098 46 188 123 266
phone 0.0097 67 104 163 239
phone 0.0097 235 109 272 172
phone 0.0097 227 132 257 157
phone 0.0097 0 263 41 266
phone 0.0096 358 189 395 247
phone 0.0096 14 78 93 142
phone 0.0095 189 232 269 266
phone 0.0095 278 149 351 225
phone 0.0095 113 82 147 138
phone 0.0094 217 231 304 266
phone 0.0094 0 0 39 1
phone 0.0094 245 92 323 159
phone 0.0094 133 233 205 266
phone 0.0094 343 139 399 204
phone 0.0094 221 0 314 93
phone 0.0093 271 43 359 176
phone 0.0093 318 174 335 207
phone 0.0092 310 174 327 207
phone 0.0092 247 138 321 205
phone 0.0092 139 63 214 126
phone 0.0092 185 137 229 206
phone 0.0091 245 238 254 251
phone 0.0091 180 167 196 199
phone 0.0091 249 109 288 172
phone 0.0090 265 248 334 266
phone 0.0090 221 50 254 108
phone 0.0089 94 183 167 253
phone 0.0089 343 248 399 266
phone 0.0088 307 39 398 172
phone 0.0088 203 170 234 196
phone 0.0088 343 219 378 266
phone 0.0088 192 259 272 266
phone 0.0087 247 168 321 237
phone 0.0087 113 51 147 107
phone 0.0087 95 149 165 225
phone 0.0087 96 5 165 61
phone 0.0087 13 43 93 115
phone 0.0086 233 128 251 161
phone 0.0086 221 159 254 214
phone 0.0086 197 109 247 173
phone 0.0085 137 128 216 184
phone 0.0085 200 187 276 249
phone 0.0085 63 219 137 266
phone 0.0085 210 167 227 199
phone 0.0084 185 250 260 266
phone 0.0083 164 259 239 266
phone 0.0083 342 158 379 216
phone 0.0083 37 207 101 258
phone 0.0083 183 177 193 189
phone 0.0083 252 205 285 261
phone 0.0083 301 80 359 139
phone 0.0082 233 228 250 261
phone 0.0082 374 204 399 261
phone 0.0082 235 64 271 125
phone 0.0082 295 136 366 207
phone 0.0082 127 111 164 170
phone 0.0082 32 171 105 233
phone 0.0082 178 35 236 124
phone 0.0082 217 249 290 266
phone 0.0081 128 32 163 95
phone 0.0081 322 184 331 197
phone 0.0081 223 259 301 266
phone 0.0081 314 184 324 197
phone 0.0080 227 147 257 173
phone 0.0079 375 250 399 266
phone 0.0078 280 91 350 160
phone 0.0078 144 34 178 93
phone 0.0078 222 24 285 103
phone 0.0078 227 116 257 142
phone 0.0078 16 156 91 217
phone 0.0078 142 155 211 218
phone 0.0077 78 121 152 191
phone 0.0077 282 250 316 266
phone 0.0077 297 249 364 266
phone 0.0077 112 127 148 185
phone 0.0077 374 173 399 232
phone 0.0077 257 0 339 79
phone 0.0077 282 205 316 261
phone 0.0076 79 78 150 142
phone 0.0076 237 138 247 151
phone 0.0076 96 131 126 157
phone 0.0076 0 93 76 158
phone 0.0076 187 133 289 180
phone 0.0076 247 44 320 115
phone 0.0076 30 93 108 158
phone 0.0075 236 18 270 78
phone 0.0075 173 182 241 254
phone 0.0075 118 0 173 70
phone 0.0075 204 77 233 104
phone 0.0075 162 24 222 72
phone 0.0075 249 79 288 141
phone 0.0075 0 141 60 202
phone 0.0075 281 119 349 193
phone 0.0075 159 66 193 123
phone 0.0075 68 204 100 262
phone 0.0075 114 4 146 62
phone 0.0075 267 204 301 261
phone 0.0074 15 108 91 173
phone 0.0074 0 59 58 130
phone 0.0074 23 177 84 266
phone 0.0074 184 174 261 231
phone 0.0074 53 203 84 263
phone 0.0074 179 117 297 166
phone 0.0074 64 34 104 93
phone 0.0074 284 62 345 127
phone 0.0074 223 159 284 245
phone 0.0073 129 252 193 266
phone 0.0073 296 106 365 176
phone 0.0073 214 177 224 189
phone 0.0073 218 166 235 200
phone 0.0073 84 0 145 47
phone 0.0072 226 216 257 242
phone 0.0072 144 65 177 123
phone 0.0072 102 128 120 161
phone 0.0072 177 19 207 77
phone 0.0072 268 19 301 77
phone 0.0072 350 170 380 196
phone 0.0072 111 217 180 266
phone 0.0072 237 238 247 251
phone 0.0072 313 219 347 266
phone 0.0072 326 173 365 232
phone 0.0072 329 235 362 266
phone 0.0072 157 251 227 266
phone 0.0072 233 143 251 177
phone 0.0071 83 219 116 266
phone 0.0071 36 82 70 138
phone 0.0071 252 19 286 77
phone 0.0071 38 203 69 263
phone 0.0070 133 16 189 80
phone 0.0070 160 158 193 215
phone 0.0070 328 120 394 192
phone 0.0070 221 190 255 245
phone 0.0070 210 74 227 108
phone 0.0070 80 35 118 93
phone 0.0070 180 170 211 196
phone 0.0070 237 146 247 158
phone 0.0070 96 85 126 112
phone 0.0070 254 260 332 266
phone 0.0070 237 131 247 143
phone 0.0070 46 155 123 218
phone 0.0070 107 169 184 235
phone 0.0069 187 167 204 199
phone 0.0069 39 0 100 68
phone 0.0069 206 250 239 266
phone 0.0069 266 143 301 200
phone 0.0069 113 189 147 246
phone 0.0069 122 188 200 248
phone 0.0069 46 107 122 174
phone 0.0069 266 113 301 168
phone 0.0069 240 6 298 60
phone 0.0068 95 128 112 161
phone 0.0068 233 112 251 146
phone 0.0068 66 67 102 122
phone 0.0068 164 167 181 199
phone 0.0068 81 131 111 158
phone 0.0068 174 48 209 109
phone 0.0068 160 127 193 185
phone 0.0068 233 212 250 246
phone 0.0068 52 173 85 231
phone 0.0068 223 264 253 266
phone 0.0068 191 250 223 266
phone 0.0068 21 81 55 138
phone 0.0068 0 32 45 95
phone 0.0068 236 250 270 266
phone 0.0068 252 236 285 266
phone 0.0068 286 260 361 266
phone 0.0067 350 259 399 266
phone 0.0067 114 235 147 266
phone 0.0067 191 34 224 93
phone 0.0067 356 166 374 200
phone 0.0067 0 0 41 32
phone 0.0067 31 139 107 204
phone 0.0067 311 158 349 216
phone 0.0067 134 93 165 119
phone 0.0066 102 82 120 115
phone 0.0066 313 97 347 154
phone 0.0066 20 50 55 108
phone 0.0066 237 265 269 266
phone 0.0066 0 125 45 187
phone 0.0066 77 240 139 266
phone 0.0066 222 18 254 78
phone 0.0066 283 265 347 266
phone 0.0066 23 225 84 266
phone 0.0066 104 100 134 127
phone 0.0066 332 98 390 153
phone 0.0066 22 158 54 216
phone 0.0065 222 0 285 29
phone 0.0065 296 158 333 215
phone 0.0065 284 19 315 77
phone 0.0065 191 0 255 29
phone 0.0065 160 0 224 29
phone 0.0065 129 235 162 266
phone 0.0065 190 173 224 231
phone 0.0065 38 173 69 231
phone 0.0065 180 113 196 145
phone 0.0065 81 67 117 122
phone 0.0065 133 264 207 266
phone 0.0065 172 116 204 142
phone 0.0065 38 241 99 266
phone 0.0064 119 101 149 127
phone 0.0064 239 0 299 11
phone 0.0064 87 128 104 161
phone 0.0064 110 128 127 161
phone 0.0064 207 0 269 42
phone 0.0064 364 166 381 200
phone 0.0064 361 54 399 104
phone 0.0064 146 249 177 266
phone 0.0064 8 0 68 30
phone 0.0064 253 0 316 29
phone 0.0064 297 97 332 154
phone 0.0064 70 0 129 29
phone 0.0064 363 22 399 135
phone 0.0064 208 264 238 266
phone 0.0064 208 0 268 11
phone 0.0064 5 50 39 108
phone 0.0064 130 0 193 29
phone 0.0064 299 50 331 107
phone 0.0063 195 167 212 199
phone 0.0063 110 81 127 116
phone 0.0063 157 162 188 188
phone 0.0063 251 172 286 232
phone 0.0063 79 128 97 161
phone 0.0063 162 0 222 11
phone 0.0063 270 0 330 11
phone 0.0063 191 9 254 57
phone 0.0063 65 131 95 158
phone 0.0063 7 0 69 11
phone 0.0063 237 154 247 166
phone 0.0063 141 89 158 123
phone 0.0063 208 0 269 92
phone 0.0063 112 158 148 215
phone 0.0062 268 0 331 44
phone 0.0062 270 33 329 95
phone 0.0062 60 139 139 204
phone 0.0062 5 3 40 62
phone 0.0062 176 0 238 44
phone 0.0062 316 263 390 266
phone 0.0062 266 174 301 231
phone 0.0062 180 128 196 161
phone 0.0062 298 220 332 266
phone 0.0062 172 131 204 158
phone 0.0062 106 138 116 151
phone 0.0062 361 96 392 154
phone 0.0062 160 35 193 92
phone 0.0062 97 82 132 138
phone 0.0062 168 177 177 189
phone 0.0062 145 0 208 43
phone 0.0062 252 265 317 266
phone 0.0062 110 97 127 131
phone 0.0062 97 174 132 230
phone 0.0061 266 82 302 138
phone 0.0061 40 0 98 31
phone 0.0061 254 0 284 16
phone 0.0061 222 177 231 189
phone 0.0061 270 0 299 16
phone 0.0061 128 205 162 261
phone 0.0061 38 0 99 11
phone 0.0061 99 0 131 30
phone 0.0061 239 0 268 16
phone 0.0061 176 250 208 266
phone 0.0061 257 80 342 140
phone 0.0061 158 194 226 266
phone 0.0061 221 250 255 266
phone 0.0061 250 141 287 202
phone 0.0061 223 0 253 46
phone 0.0061 55 256 114 266
phone 0.0061 284 264 315 266
phone 0.0061 99 234 131 266
phone 0.0061 349 109 399 172
phone 0.0061 22 0 85 44
phone 0.0061 223 0 253 16
phone 0.0061 191 177 200 189
phone 0.0061 238 0 269 46
phone 0.0060 62 91 137 160
phone 0.0060 205 174 239 230
phone 0.0060 69 249 99 266
phone 0.0060 100 0 160 27
phone 0.0060 259 109 340 173
phone 0.0060 205 205 239 261
phone 0.0060 300 264 330 266
phone 0.0060 97 112 132 169
phone 0.0060 7 157 38 216
phone 0.0060 208 0 238 16
phone 0.0060 316 70 375 119
phone 0.0060 177 0 207 16
phone 0.0060 193 0 222 16
phone 0.0060 285 0 315 16
phone 0.0060 96 15 126 43
phone 0.0060 237 223 247 235
phone 0.0060 315 65 346 123
phone 0.0060 23 0 53 16
phone 0.0060 236 205 270 261
phone 0.0060 237 123 247 135
phone 0.0060 161 249 192 266
phone 0.0060 205 34 239 92
phone 0.0060 360 24 399 73
phone 0.0060 67 174 101 231
phone 0.0060 162 0 192 16
phone 0.0059 374 142 399 200
phone 0.0059 208 3 238 62
phone 0.0059 72 128 89 161
phone 0.0059 97 143 132 200
phone 0.0059 297 127 332 185
phone 0.0059 300 0 361 11
phone 0.0059 285 0 345 26
phone 0.0059 130 0 162 47
phone 0.0059 143 205 178 261
phone 0.0059 8 177 68 227
phone 0.0059 162 3 192 62
phone 0.0059 131 0 191 11
phone 0.0059 36 112 70 169
phone 0.0059 377 48 399 109
phone 0.0059 331 0 391 41
phone 0.0059 214 84 224 97
phone 0.0059 190 220 224 266
phone 0.0059 301 0 360 41
phone 0.0059 39 0 69 16
phone 0.0059 51 82 86 137
phone 0.0059 99 138 108 151
phone 0.0059 21 127 55 184
phone 0.0058 97 51 132 107
phone 0.0058 193 0 222 47
phone 0.0058 54 0 84 16
phone 0.0058 177 0 207 47
phone 0.0058 267 234 301 266
phone 0.0058 5 112 39 169
phone 0.0058 5 81 39 138
phone 0.0058 315 0 377 74
phone 0.0058 360 177 370 189
phone 0.0058 327 143 363 200
phone 0.0058 125 97 143 131
phone 0.0058 300 0 330 16
phone 0.0058 53 0 116 44
phone 0.0058 361 0 399 42
phone 0.0058 220 220 255 266
phone 0.0058 82 189 116 246
phone 0.0058 0 0 36 11
phone 0.0058 235 172 271 232
phone 0.0058 36 143 70 200
phone 0.0058 375 95 399 155
phone 0.0058 254 0 284 46
phone 0.0057 300 0 330 47
phone 0.0057 98 205 131 261
phone 0.0057 316 0 376 26
phone 0.0057 331 65 361 123
phone 0.0057 100 254 160 266
phone 0.0057 174 172 209 232
phone 0.0057 331 0 391 11
phone 0.0057 285 0 315 47
phone 0.0057 359 127 393 185
phone 0.0057 250 49 287 109
phone 0.0057 115 0 146 31
phone 0.0057 235 140 271 203
phone 0.0057 343 127 378 185
phone 0.0057 35 51 71 107
phone 0.0057 346 0 376 47
phone 0.0057 204 139 234 165
phone 0.0056 96 46 126 73
phone 0.0056 102 12 120 46
phone 0.0056 146 0 176 16
phone 0.0056 96 62 126 89
phone 0.0056 316 0 345 16
phone 0.0056 361 0 399 11
phone 0.0056 67 97 101 153
phone 0.0056 8 240 68 266
phone 0.0056 183 123 193 135
phone 0.0056 183 131 193 143
phone 0.0056 253 265 285 266
phone 0.0056 266 51 301 108
phone 0.0056 69 0 99 16
phone 0.0056 331 0 361 47
phone 0.0056 316 0 345 47
phone 0.0056 128 144 163 199
phone 0.0056 106 92 116 104
phone 0.0056 0 250 41 266
phone 0.0056 361 84 399 136
phone 0.0056 220 130 255 182
phone 0.0056 22 253 85 266
phone 0.0056 316 264 345 266
phone 0.0055 0 0 23 16
phone 0.0055 199 177 208 189
phone 0.0055 328 112 363 169
phone 0.0055 331 0 361 16
phone 0.0055 7 207 70 266
phone 0.0055 332 24 391 72
phone 0.0055 39 264 69 266
phone 0.0055 3 85 34 111
phone 0.0055 281 174 317 230
phone 0.0055 119 85 149 111
phone 0.0055 114 138 124 151
phone 0.0055 253 0 285 1
phone 0.0055 377 18 399 78
phone 0.0055 238 0 269 1
phone 0.0055 91 138 101 151
phone 0.0055 238 265 300 266
phone 0.0055 346 71 399 118
phone 0.0055 368 177 377 189
phone 0.0055 286 24 344 72
phone 0.0055 346 0 376 16
phone 0.0055 346 80 376 139
phone 0.0055 223 0 254 1
phone 0.0055 330 0 392 105
phone 0.0055 51 112 86 169
phone 0.0054 269 0 300 1
phone 0.0054 159 189 193 246
phone 0.0054 207 0 238 1
phone 0.0054 0 20 24 77
phone 0.0054 10 82 27 115
phone 0.0054 85 0 145 11
phone 0.0054 0 143 24 200
phone 0.0054 192 0 223 1
phone 0.0054 0 66 24 123
phone 0.0054 23 265 53 266
phone 0.0054 146 0 177 1
phone 0.0054 83 138 93 151
phone 0.0054 176 0 208 1
phone 0.0054 210 137 227 168
phone 0.0054 20 19 56 77
phone 0.0054 282 51 317 107
phone 0.0054 183 138 193 151
phone 0.0054 161 0 192 1
phone 0.0054 269 0 299 46
phone 0.0054 0 0 24 46
phone 0.0054 23 234 53 266
phone 0.0054 145 100 154 112
phone 0.0054 268 265 300 266
phone 0.0053 284 0 315 1
phone 0.0053 97 20 132 76
phone 0.0053 0 0 23 1
phone 0.0053 102 43 120 77
phone 0.0053 96 31 126 58
phone 0.0053 39 249 69 266
phone 0.0053 347 18 376 78
phone 0.0053 128 174 163 230
phone 0.0053 102 58 120 92
phone 0.0053 119 16 149 42
phone 0.0053 51 143 85 200
phone 0.0053 116 264 145 266
phone 0.0053 54 249 84 266
phone 0.0053 130 0 161 1
phone 0.0053 0 97 24 154
phone 0.0053 362 64 392 124
phone 0.0053 144 174 178 230
phone 0.0053 174 220 209 266
phone 0.0053 54 264 84 266
phone 0.0052 346 0 399 26
phone 0.0052 331 18 361 78
phone 0.0052 376 0 399 32
phone 0.0052 296 177 326 204
phone 0.0052 312 127 348 185
phone 0.0052 114 92 124 104
phone 0.0052 300 19 330 77
phone 0.0052 297 18 364 140
phone 0.0052 301 54 359 104
phone 0.0052 0 172 41 266
phone 0.0052 300 0 331 1
phone 0.0052 100 264 130 266
phone 0.0052 124 114 199 168
phone 0.0052 23 0 54 1
phone 0.0052 165 186 196 211
phone 0.0052 159 220 193 266
phone 0.0052 85 0 115 16
phone 0.0052 346 9 399 57
phone 0.0052 67 128 101 184
phone 0.0052 122 145 200 198
phone 0.0052 134 77 165 104
phone 0.0052 316 40 376 88
phone 0.0052 114 108 124 120
phone 0.0052 315 0 346 1
phone 0.0052 82 159 116 215
phone 0.0051 50 131 80 158
phone 0.0051 133 2 166 25
phone 0.0051 331 55 391 103
phone 0.0051 53 0 85 1
phone 0.0051 146 0 177 47
phone 0.0051 0 177 35 227
phone 0.0051 325 174 343 208
phone 0.0051 0 132 26 157
phone 0.0051 330 0 361 1
phone 0.0051 183 115 193 128
phone 0.0051 38 0 69 1
phone 0.0051 131 0 161 16
phone 0.0051 69 0 100 1
phone 0.0051 64 128 81 161
phone 0.0051 168 169 177 182
phone 0.0051 76 138 85 151
phone 0.0051 282 144 316 198
phone 0.0050 115 0 146 1
phone 0.0050 172 100 204 127
phone 0.0050 129 107 139 120
phone 0.0050 376 0 399 1
phone 0.0050 111 131 141 158
