phone 0.8782 134 74 227 234
phone 0.1175 93 22 252 251
phone 0.0646 32 25 132 176
phone 0.0536 94 125 198 255
phone 0.0494 38 40 181 228
phone 0.0480 139 162 247 266
phone 0.0473 114 51 210 199
phone 0.0448 146 113 208 200
phone 0.0423 89 7 194 149
phone 0.0409 66 127 155 256
phone 0.0389 99 146 161 228
phone 0.0365 160 66 279 211
phone 0.0349 154 136 230 239
phone 0.0303 9 3 93 143
phone 0.0284 119 134 204 210
phone 0.0276 194 43 282 177
phone 0.0272 76 40 154 180
phone 0.0272 143 3 256 157
phone 0.0268 246 58 397 214
phone 0.0248 41 50 97 139
phone 0.0240 163 121 281 258
phone 0.0232 112 171 149 234
phone 0.0225 58 0 141 136
phone 0.0223 189 123 394 266
phone 0.0213 51 42 117 116
phone 0.0212 108 0 347 210
phone 0.0212 204 74 272 146
phone 0.0211 28 88 133 240
phone 0.0190 211 140 242 165
phone 0.0189 107 157 184 217
phone 0.0187 97 118 163 194
phone 0.0180 152 150 201 223
phone 0.0179 93 73 167 147
phone 0.0178 218 136 235 168
phone 0.0178 63 74 135 146
phone 0.0178 273 30 372 180
phone 0.0178 202 105 274 176
phone 0.0173 100 177 161 258
phone 0.0164 240 168 340 266
phone 0.0163 186 60 259 129
phone 0.0161 179 201 277 266
phone 0.0160 161 101 222 181
phone 0.0160 222 146 231 158
phone 0.0160 0 32 52 172
phone 0.0159 13 0 204 176
phone 0.0159 269 94 371 235
phone 0.0155 97 158 132 216
phone 0.0155 67 26 132 102
phone 0.0154 114 83 340 266
phone 0.0152 111 141 149 202
phone 0.0152 51 48 86 110
phone 0.0150 150 88 203 163
phone 0.0150 39 28 98 100
phone 0.0148 220 65 255 124
phone 0.0145 50 77 87 142
phone 0.0142 66 49 102 109
phone 0.0138 218 92 288 159
phone 0.0135 178 88 266 163
phone 0.0134 212 8 295 149
phone 0.0133 0 0 58 114
phone 0.0132 128 158 163 215
phone 0.0131 203 137 273 206
phone 0.0131 234 0 354 171
phone 0.0129 141 140 181 203
phone 0.0128 94 42 166 117
phone 0.0128 95 93 134 157
phone 0.0127 106 109 185 173
phone 0.0126 237 60 331 190
phone 0.0125 81 81 117 139
phone 0.0124 213 208 305 266
phone 0.0124 123 169 199 235
phone 0.0123 160 247 233 266
phone 0.0122 54 185 145 266
phone 0.0122 208 89 300 222
phone 0.0119 48 94 120 156
phone 0.0117 11 58 90 204
phone 0.0117 67 81 101 138
phone 0.0117 178 158 267 216
phone 0.0114 219 111 256 170
phone 0.0114 236 81 270 139
phone 0.0114 111 96 148 155
phone 0.0114 106 58 185 131
phone 0.0112 172 45 242 114
phone 0.0112 12 121 87 265
phone 0.0111 0 60 56 129
phone 0.0110 156 184 228 252
phone 0.0110 95 63 134 125
phone 0.0110 81 49 118 109
phone 0.0108 19 63 88 126
phone 0.0107 204 65 240 124
phone 0.0106 128 28 193 99
phone 0.0106 206 46 269 112
phone 0.0105 132 247 203 266
phone 0.0105 56 16 112 80
phone 0.0104 222 138 231 151
phone 0.0104 39 162 113 266
phone 0.0104 149 201 181 226
phone 0.0104 47 155 121 219
phone 0.0103 157 198 173 229
phone 0.0102 50 123 118 189
phone 0.0101 236 72 302 148
phone 0.0099 0 129 49 261
phone 0.0098 0 0 39 0
phone 0.0098 144 173 178 231
phone 0.0097 128 128 163 185
phone 0.0097 63 104 136 178
phone 0.0097 172 121 273 192
phone 0.0096 108 189 183 247
phone 0.0096 0 90 57 221
phone 0.0096 173 172 211 233
phone 0.0095 160 207 170 220
phone 0.0094 111 65 149 124
phone 0.0094 37 81 69 138
phone 0.0094 220 142 255 201
phone 0.0093 295 125 365 187
phone 0.0093 110 218 182 266
phone 0.0092 248 111 320 171
phone 0.0092 211 124 242 150
phone 0.0092 0 263 41 266
phone 0.0091 248 187 320 248
phone 0.0091 142 37 211 121
phone 0.0090 96 125 134 187
phone 0.0089 60 140 139 203
phone 0.0089 139 93 183 158
phone 0.0089 2 50 74 108
phone 0.0089 98 189 132 246
phone 0.0089 164 171 250 233
phone 0.0089 320 60 399 190
phone 0.0088 36 51 70 107
phone 0.0088 19 93 88 158
phone 0.0088 357 131 388 158
phone 0.0088 218 123 289 189
phone 0.0087 211 162 242 188
phone 0.0087 49 219 120 266
phone 0.0087 205 160 239 213
phone 0.0087 297 75 363 145
phone 0.0086 50 54 80 81
phone 0.0086 155 217 229 266
phone 0.0086 67 112 101 169
phone 0.0086 2 126 74 186
phone 0.0086 247 82 321 138
phone 0.0085 172 235 243 266
phone 0.0085 236 112 270 170
phone 0.0084 218 120 235 154
phone 0.0084 143 35 178 93
phone 0.0084 364 128 381 161
phone 0.0084 213 151 296 266
phone 0.0083 128 98 163 153
phone 0.0082 142 248 173 266
phone 0.0082 355 70 399 210
phone 0.0081 189 50 225 108
phone 0.0081 97 34 133 93
phone 0.0081 218 159 235 192
phone 0.0081 248 140 320 203
phone 0.0080 149 244 165 266
phone 0.0080 128 204 162 261
phone 0.0080 269 0 331 108
phone 0.0080 67 159 101 215
phone 0.0080 270 23 330 74
phone 0.0080 85 14 144 83
phone 0.0080 39 97 98 184
phone 0.0080 68 237 132 266
phone 0.0079 149 198 165 230
phone 0.0079 313 127 347 185
phone 0.0079 310 111 382 170
phone 0.0079 56 51 74 85
phone 0.0079 18 203 90 262
phone 0.0079 281 154 349 220
phone 0.0078 204 169 272 235
phone 0.0078 193 251 264 266
phone 0.0078 276 137 354 266
phone 0.0078 0 90 43 161
phone 0.0077 267 189 301 246
phone 0.0077 79 216 151 266
phone 0.0076 102 251 173 266
phone 0.0076 284 19 315 77
phone 0.0075 159 187 194 248
phone 0.0075 0 172 76 233
phone 0.0075 127 50 164 108
phone 0.0075 205 220 239 266
phone 0.0075 267 96 301 154
phone 0.0075 267 127 301 185
phone 0.0075 143 232 211 266
phone 0.0074 251 95 286 155
phone 0.0074 252 219 285 266
phone 0.0074 0 188 60 247
phone 0.0074 236 143 270 200
phone 0.0073 141 244 158 266
phone 0.0073 222 131 231 143
phone 0.0073 368 138 377 151
phone 0.0073 81 112 117 169
phone 0.0073 152 207 162 220
phone 0.0073 238 0 301 110
phone 0.0072 328 94 394 156
phone 0.0072 21 127 55 184
phone 0.0072 240 22 298 75
phone 0.0072 260 95 339 155
phone 0.0072 313 81 347 139
phone 0.0072 153 254 162 266
phone 0.0072 82 205 116 261
phone 0.0072 361 105 399 176
phone 0.0072 205 190 239 245
phone 0.0071 21 51 55 107
phone 0.0071 82 160 116 214
phone 0.0071 222 169 231 181
phone 0.0071 97 233 164 266
phone 0.0071 250 218 331 266
phone 0.0071 175 204 208 261
phone 0.0071 329 127 362 185
phone 0.0071 67 189 101 246
phone 0.0070 84 233 115 266
phone 0.0070 0 0 41 32
phone 0.0069 126 199 197 266
phone 0.0069 222 154 231 166
phone 0.0069 161 0 224 118
phone 0.0069 113 203 147 262
phone 0.0069 262 124 337 188
phone 0.0068 262 64 337 125
phone 0.0068 202 96 242 154
phone 0.0068 24 17 83 80
phone 0.0068 300 24 360 73
phone 0.0068 0 13 40 84
phone 0.0068 17 153 90 221
phone 0.0068 345 81 377 138
phone 0.0068 178 254 237 266
phone 0.0068 60 61 70 74
phone 0.0068 298 0 363 107
phone 0.0068 190 220 224 266
phone 0.0067 147 16 206 81
phone 0.0067 267 158 301 215
phone 0.0067 317 144 375 198
phone 0.0067 52 189 85 246
phone 0.0067 36 112 70 169
phone 0.0067 70 6 129 60
phone 0.0067 221 173 255 231
phone 0.0067 269 19 300 77
phone 0.0067 206 232 270 266
phone 0.0067 298 158 332 215
phone 0.0067 0 156 45 218
phone 0.0067 285 54 345 135
phone 0.0067 117 14 174 83
phone 0.0066 284 85 346 165
phone 0.0066 360 80 393 139
phone 0.0066 236 219 270 266
phone 0.0066 187 158 227 216
phone 0.0066 186 0 279 120
phone 0.0066 222 161 231 174
phone 0.0066 250 46 318 112
phone 0.0066 299 19 331 77
phone 0.0066 282 174 316 230
phone 0.0066 313 122 379 251
phone 0.0066 238 19 269 77
phone 0.0065 254 3 284 62
phone 0.0065 112 35 148 93
phone 0.0065 315 19 346 77
phone 0.0065 239 238 298 266
phone 0.0065 223 9 283 57
phone 0.0065 126 248 157 266
phone 0.0065 159 34 194 93
phone 0.0065 160 234 193 266
phone 0.0065 302 176 359 228
phone 0.0065 0 66 24 123
phone 0.0065 98 220 132 266
phone 0.0065 315 65 376 124
phone 0.0065 134 244 150 266
phone 0.0065 154 53 229 167
phone 0.0065 190 190 224 245
phone 0.0065 145 254 154 266
phone 0.0064 331 157 361 216
phone 0.0064 50 100 80 127
phone 0.0064 221 219 255 266
phone 0.0064 35 132 102 210
phone 0.0064 254 9 315 57
phone 0.0064 7 203 38 263
phone 0.0064 236 173 270 231
phone 0.0064 53 219 85 266
phone 0.0064 287 33 343 94
phone 0.0064 375 96 399 154
phone 0.0064 239 0 299 41
phone 0.0063 235 166 302 238
phone 0.0063 285 9 345 57
phone 0.0063 51 110 86 171
phone 0.0063 344 112 377 169
phone 0.0063 119 200 149 227
phone 0.0063 269 0 330 42
phone 0.0063 347 69 399 120
phone 0.0062 344 34 399 155
phone 0.0062 21 174 54 230
phone 0.0062 42 77 72 104
phone 0.0062 316 9 376 57
phone 0.0062 368 146 377 158
phone 0.0062 177 248 207 266
phone 0.0062 332 55 390 104
phone 0.0062 192 248 222 266
phone 0.0062 54 0 114 11
phone 0.0062 223 33 284 95
phone 0.0062 299 192 362 266
phone 0.0061 331 25 391 72
phone 0.0061 56 97 74 130
phone 0.0061 316 39 375 88
phone 0.0061 53 0 115 44
phone 0.0061 251 65 286 124
phone 0.0061 0 83 76 137
phone 0.0061 316 172 345 232
phone 0.0061 362 207 399 259
phone 0.0061 282 97 316 153
phone 0.0061 177 0 237 26
phone 0.0061 85 0 145 11
phone 0.0061 282 50 316 107
phone 0.0060 192 0 253 42
phone 0.0060 329 0 393 105
phone 0.0060 22 203 54 262
phone 0.0060 7 0 70 29
phone 0.0060 142 31 172 58
phone 0.0060 51 158 86 215
phone 0.0060 5 127 39 185
phone 0.0060 363 174 399 230
phone 0.0060 176 0 238 59
phone 0.0060 5 173 39 231
phone 0.0060 84 0 146 44
phone 0.0060 328 82 362 138
phone 0.0060 208 0 268 26
phone 0.0060 270 0 299 47
phone 0.0060 223 4 254 61
phone 0.0060 144 204 178 261
phone 0.0060 8 0 68 11
phone 0.0060 58 62 88 89
phone 0.0059 207 0 269 75
phone 0.0059 315 219 346 266
phone 0.0059 152 261 162 266
phone 0.0059 70 0 130 26
phone 0.0059 134 256 166 266
phone 0.0059 50 70 80 96
phone 0.0059 285 0 315 47
phone 0.0059 346 50 377 108
phone 0.0059 161 3 192 62
phone 0.0059 116 0 176 11
phone 0.0059 147 0 206 11
phone 0.0059 346 141 377 201
phone 0.0059 0 0 23 46
phone 0.0059 330 237 393 266
phone 0.0059 286 240 344 266
phone 0.0059 69 233 99 266
phone 0.0059 298 65 332 124
phone 0.0059 346 18 376 77
phone 0.0059 330 34 361 92
phone 0.0059 331 3 361 62
phone 0.0059 362 0 399 104
phone 0.0059 361 8 399 58
phone 0.0059 119 154 149 181
phone 0.0058 70 0 99 16
phone 0.0058 22 0 85 44
phone 0.0058 162 0 222 42
phone 0.0058 115 0 177 44
phone 0.0058 157 244 173 266
phone 0.0058 362 238 399 266
phone 0.0058 267 66 301 123
phone 0.0058 85 0 115 16
phone 0.0058 239 0 269 47
phone 0.0058 287 191 343 243
phone 0.0058 36 189 70 246
phone 0.0058 38 218 69 266
phone 0.0058 144 235 177 266
phone 0.0058 300 0 360 42
phone 0.0058 192 28 253 99
phone 0.0058 270 234 299 266
phone 0.0058 331 194 391 241
phone 0.0058 177 0 237 11
phone 0.0058 0 112 24 169
phone 0.0058 251 126 286 185
phone 0.0058 193 0 222 31
phone 0.0058 99 0 162 28
phone 0.0058 316 255 376 266
phone 0.0058 254 0 314 26
phone 0.0058 54 0 84 16
phone 0.0058 145 261 154 266
phone 0.0058 100 0 130 16
phone 0.0057 125 197 143 231
phone 0.0057 208 248 238 266
phone 0.0057 208 0 238 46
phone 0.0057 282 128 316 184
phone 0.0057 313 16 379 142
phone 0.0057 37 0 101 28
phone 0.0057 346 264 376 266
phone 0.0057 314 222 377 266
phone 0.0057 0 0 36 11
phone 0.0057 300 234 330 266
phone 0.0057 137 254 147 266
phone 0.0057 285 256 345 266
phone 0.0057 300 0 330 47
phone 0.0057 330 161 393 266
phone 0.0057 223 0 253 31
phone 0.0057 111 100 141 127
phone 0.0057 298 95 332 155
phone 0.0057 129 0 193 28
phone 0.0057 208 0 268 11
phone 0.0057 116 0 145 16
phone 0.0057 164 197 181 230
phone 0.0057 361 0 399 11
phone 0.0057 361 0 399 27
phone 0.0057 24 0 53 16
phone 0.0056 0 0 23 1
phone 0.0056 361 39 399 88
phone 0.0056 331 265 361 266
phone 0.0056 346 188 377 247
phone 0.0056 331 0 391 42
phone 0.0056 176 3 208 62
phone 0.0056 39 0 68 16
phone 0.0056 0 35 24 92
phone 0.0056 131 0 161 16
phone 0.0056 192 4 223 61
phone 0.0056 162 0 192 16
phone 0.0056 146 0 176 16
phone 0.0056 364 262 399 266
phone 0.0056 177 0 207 31
phone 0.0056 48 73 66 108
phone 0.0056 0 234 41 266
phone 0.0056 60 54 70 66
phone 0.0056 254 0 284 31
phone 0.0055 0 0 22 16
phone 0.0055 0 189 24 246
phone 0.0055 141 64 181 125
phone 0.0055 68 3 100 62
phone 0.0055 132 6 190 60
phone 0.0055 285 203 315 262
phone 0.0055 331 249 361 266
phone 0.0055 316 0 345 47
phone 0.0055 224 255 282 266
phone 0.0055 36 158 70 215
phone 0.0055 239 0 299 11
phone 0.0055 39 7 98 59
phone 0.0055 148 27 166 62
phone 0.0055 80 162 111 189
phone 0.0054 346 249 376 266
phone 0.0054 208 0 238 16
phone 0.0054 99 3 131 62
phone 0.0054 348 127 399 185
phone 0.0054 300 187 330 248
phone 0.0054 315 265 346 266
phone 0.0054 285 0 345 26
phone 0.0054 37 4 70 62
phone 0.0054 64 58 81 92
phone 0.0054 377 2 399 63
phone 0.0054 251 157 286 216
phone 0.0054 165 77 195 104
phone 0.0054 56 66 74 100
phone 0.0054 376 187 399 248
phone 0.0054 50 39 80 66
phone 0.0054 125 150 143 185
phone 0.0054 346 0 376 47
phone 0.0054 38 253 100 266
phone 0.0054 331 203 361 262
phone 0.0054 331 0 391 11
phone 0.0054 0 0 140 266
phone 0.0054 361 188 392 247
phone 0.0054 315 249 346 266
phone 0.0054 360 255 399 266
phone 0.0054 50 85 80 112
phone 0.0054 270 0 330 11
phone 0.0053 376 264 399 266
phone 0.0053 316 0 376 26
phone 0.0053 362 18 392 78
phone 0.0053 239 0 268 16
phone 0.0053 269 265 300 266
phone 0.0053 7 237 69 266
phone 0.0053 160 253 170 266
phone 0.0053 60 69 70 81
phone 0.0053 0 143 24 200
phone 0.0053 377 0 399 17
phone 0.0053 204 77 234 104
phone 0.0053 6 8 16 20
phone 0.0053 60 108 70 120
phone 0.0052 285 249 315 266
phone 0.0052 22 3 54 62
phone 0.0052 224 249 253 266
phone 0.0052 376 33 399 94
phone 0.0052 376 64 399 124
phone 0.0052 284 265 315 266
phone 0.0052 54 249 84 266
phone 0.0052 300 0 360 11
phone 0.0052 149 256 181 266
phone 0.0052 118 96 135 131
phone 0.0052 174 34 209 94
phone 0.0052 100 0 131 1
phone 0.0052 115 0 146 1
phone 0.0052 84 0 115 1
phone 0.0052 270 0 299 16
phone 0.0052 69 0 100 1
phone 0.0051 130 0 161 1
phone 0.0051 53 0 84 1
phone 0.0051 347 0 376 16
phone 0.0051 160 261 170 266
phone 0.0051 100 265 130 266
phone 0.0051 156 27 174 62
phone 0.0051 7 253 69 266
phone 0.0051 103 265 177 266
phone 0.0051 361 49 392 108
phone 0.0051 65 54 95 81
phone 0.0051 87 158 104 192
phone 0.0051 146 0 177 1
phone 0.0051 376 217 399 266
phone 0.0051 0 218 22 266
phone 0.0051 3 0 19 29
phone 0.0051 134 200 165 227
phone 0.0051 254 265 284 266
phone 0.0051 300 265 330 266
phone 0.0051 129 3 162 62
phone 0.0051 285 0 315 16
phone 0.0051 239 249 268 266
phone 0.0051 375 126 399 186
phone 0.0051 161 0 192 1
phone 0.0051 23 0 54 1
phone 0.0051 23 264 53 266
phone 0.0051 332 163 390 211
phone 0.0051 145 254 208 266
phone 0.0051 331 0 361 31
phone 0.0050 362 264 392 266
phone 0.0050 85 0 115 46
phone 0.0050 137 261 147 266
phone 0.0050 177 0 208 1
phone 0.0050 192 0 223 0
phone 0.0050 172 74 189 107
phone 0.0050 207 0 238 0
phone 0.0050 38 0 69 1
phone 0.0050 376 0 399 1
phone 0.0050 253 254 316 266
