phone 0.9562 108 136 218 364
phone 0.0896 107 232 205 397
phone 0.0473 107 307 218 383
phone 0.0467 33 209 125 359
phone 0.0393 0 136 115 327
phone 0.0382 111 100 202 283
phone 0.0349 116 200 196 308
phone 0.0337 54 188 165 341
phone 0.0331 195 256 266 385
phone 0.0329 144 193 259 314
phone 0.0322 55 75 227 332
phone 0.0283 59 229 130 309
phone 0.0270 167 299 266 396
phone 0.0269 117 270 195 360
phone 0.0268 54 266 158 372
phone 0.0267 0 213 90 366
phone 0.0267 4 134 210 381
phone 0.0260 169 154 266 291
phone 0.0258 135 132 230 288
phone 0.0252 208 179 266 327
phone 0.0246 78 165 266 399
phone 0.0232 144 242 259 356
phone 0.0223 42 244 116 325
phone 0.0223 58 262 131 337
phone 0.0221 34 287 113 399
phone 0.0217 79 235 172 363
phone 0.0211 120 156 192 259
phone 0.0195 56 123 155 288
phone 0.0193 16 70 130 274
phone 0.0177 179 219 256 288
phone 0.0174 217 215 266 292
phone 0.0172 90 280 161 350
phone 0.0166 159 267 245 333
phone 0.0165 60 199 129 277
phone 0.0162 73 220 146 287
phone 0.0161 108 282 174 378
phone 0.0160 43 214 115 293
phone 0.0158 75 238 114 299
phone 0.0158 84 113 167 239
phone 0.0156 88 234 163 304
phone 0.0156 181 188 254 257
phone 0.0150 206 244 237 270
phone 0.0147 60 70 149 215
phone 0.0145 218 188 266 257
phone 0.0144 160 171 244 244
phone 0.0143 98 83 177 207
phone 0.0143 217 261 266 338
phone 0.0143 197 123 266 260
phone 0.0141 185 78 266 204
phone 0.0140 179 253 256 315
phone 0.0136 60 313 160 399
phone 0.0135 213 240 230 274
phone 0.0134 75 270 113 329
phone 0.0134 69 253 150 316
phone 0.0134 183 160 252 223
phone 0.0133 45 185 114 260
phone 0.0130 108 286 142 344
phone 0.0127 231 208 266 268
phone 0.0123 139 317 173 374
phone 0.0122 129 263 243 397
phone 0.0121 206 260 237 285
phone 0.0121 91 146 160 207
phone 0.0120 127 228 216 342
phone 0.0120 217 251 226 263
phone 0.0118 59 253 99 315
phone 0.0118 89 203 161 273
phone 0.0118 217 259 226 271
phone 0.0115 106 268 137 293
phone 0.0115 243 276 266 369
phone 0.0115 110 164 172 282
phone 0.0113 91 240 128 297
phone 0.0112 204 146 262 207
phone 0.0111 134 282 178 347
phone 0.0111 199 224 236 282
phone 0.0109 99 323 183 399
phone 0.0109 213 256 230 289
phone 0.0109 141 326 233 399
phone 0.0109 0 297 87 399
phone 0.0108 229 325 266 399
phone 0.0107 12 142 85 272
phone 0.0107 214 237 252 300
phone 0.0105 214 207 251 269
phone 0.0105 75 209 113 267
phone 0.0105 130 218 182 289
phone 0.0105 217 243 226 256
phone 0.0105 0 202 67 274
phone 0.0104 107 239 143 298
phone 0.0104 113 264 130 297
phone 0.0103 232 177 265 237
phone 0.0103 89 176 162 238
phone 0.0103 200 178 235 237
phone 0.0101 237 235 266 353
phone 0.0101 109 147 141 206
phone 0.0101 215 176 250 238
phone 0.0100 60 171 129 243
phone 0.0100 30 169 97 245
phone 0.0099 183 271 221 328
phone 0.0099 200 256 235 313
phone 0.0098 206 275 237 301
phone 0.0097 48 153 110 231
phone 0.0096 218 292 266 368
phone 0.0096 217 266 226 279
phone 0.0095 178 287 257 343
phone 0.0094 0 211 55 326
phone 0.0094 171 94 235 227
phone 0.0094 60 223 98 283
phone 0.0094 27 266 101 333
phone 0.0094 31 360 96 399
phone 0.0093 61 193 97 252
phone 0.0092 231 285 266 345
phone 0.0092 0 254 69 314
phone 0.0092 117 274 126 286
phone 0.0092 58 346 131 399
phone 0.0092 181 239 222 298
phone 0.0091 76 361 144 399
phone 0.0090 206 198 237 224
phone 0.0090 235 362 266 399
phone 0.0090 206 290 237 316
phone 0.0090 151 32 249 184
phone 0.0090 28 329 100 393
phone 0.0089 27 297 100 364
phone 0.0089 26 235 101 303
phone 0.0089 121 298 160 362
phone 0.0088 60 284 98 345
phone 0.0088 213 271 230 305
phone 0.0088 0 23 182 317
phone 0.0087 16 209 50 267
phone 0.0087 215 284 251 346
phone 0.0087 83 22 192 194
phone 0.0087 168 360 237 399
phone 0.0087 31 194 65 251
phone 0.0087 219 161 266 222
phone 0.0086 174 133 230 189
phone 0.0086 140 80 203 211
phone 0.0086 122 360 191 399
phone 0.0086 108 208 143 267
phone 0.0086 183 251 213 278
phone 0.0085 109 178 142 236
phone 0.0085 68 303 152 358
phone 0.0085 181 208 222 267
phone 0.0085 0 287 68 342
phone 0.0084 246 313 266 393
phone 0.0084 106 252 137 278
phone 0.0083 133 174 179 240
phone 0.0082 46 178 81 236
phone 0.0082 247 224 266 282
phone 0.0082 146 291 228 370
phone 0.0082 182 179 221 236
phone 0.0081 123 131 158 190
phone 0.0081 213 194 230 228
phone 0.0081 213 286 230 320
phone 0.0081 154 318 188 373
phone 0.0080 190 248 207 282
phone 0.0080 61 162 96 221
phone 0.0080 227 157 266 288
phone 0.0080 48 347 80 399
phone 0.0080 206 175 237 201
phone 0.0079 75 162 144 222
phone 0.0079 1 320 66 371
phone 0.0079 93 348 126 399
phone 0.0079 143 118 200 174
phone 0.0078 32 316 65 374
phone 0.0078 0 228 33 339
phone 0.0078 19 164 79 220
phone 0.0078 92 209 127 267
phone 0.0078 17 270 49 329
phone 0.0078 75 191 145 254
phone 0.0078 0 242 52 295
phone 0.0077 201 287 234 343
phone 0.0077 0 261 33 307
phone 0.0077 127 119 185 203
phone 0.0077 217 282 226 294
phone 0.0076 0 274 48 386
phone 0.0076 217 274 226 286
phone 0.0076 93 147 126 205
phone 0.0076 118 266 163 333
phone 0.0076 92 272 127 327
phone 0.0075 18 330 48 391
phone 0.0075 1 208 34 267
phone 0.0075 247 256 266 312
phone 0.0075 47 271 80 328
phone 0.0075 27 203 100 273
phone 0.0075 237 236 266 263
phone 0.0075 199 358 266 399
phone 0.0075 0 254 18 314
phone 0.0075 113 248 131 282
phone 0.0075 183 297 213 324
phone 0.0075 139 347 173 399
phone 0.0075 77 348 111 399
phone 0.0075 0 307 49 353
phone 0.0074 3 180 63 234
phone 0.0074 106 290 137 316
phone 0.0074 249 347 266 399
phone 0.0073 17 300 49 360
phone 0.0073 3 316 33 375
phone 0.0073 206 213 237 239
phone 0.0073 241 141 266 262
phone 0.0073 121 160 160 223
phone 0.0073 62 317 96 374
phone 0.0073 0 196 48 249
phone 0.0072 83 267 113 294
phone 0.0072 0 161 48 283
phone 0.0072 201 363 234 399
phone 0.0072 200 333 234 389
phone 0.0072 47 302 80 359
phone 0.0072 62 347 96 399
phone 0.0072 213 171 230 205
phone 0.0071 244 233 261 266
phone 0.0071 184 148 220 205
phone 0.0071 76 179 112 236
phone 0.0071 110 106 172 154
phone 0.0071 217 205 226 217
phone 0.0071 144 202 199 274
phone 0.0070 217 297 226 309
phone 0.0070 33 137 95 185
phone 0.0070 2 285 33 345
phone 0.0070 106 368 137 393
phone 0.0070 0 338 48 384
phone 0.0070 190 294 207 328
phone 0.0070 217 289 226 302
phone 0.0070 185 348 219 399
phone 0.0070 33 103 95 218
phone 0.0069 46 241 81 297
phone 0.0069 262 208 266 329
phone 0.0069 214 167 244 193
phone 0.0069 3 367 63 399
phone 0.0069 265 244 266 294
phone 0.0068 265 229 266 278
phone 0.0068 106 221 137 247
phone 0.0068 214 236 244 263
phone 0.0068 11 220 85 287
phone 0.0068 93 318 126 373
phone 0.0068 77 317 111 374
phone 0.0067 90 263 107 297
phone 0.0067 126 101 156 159
phone 0.0067 237 205 266 232
phone 0.0067 247 193 266 252
phone 0.0067 193 259 203 271
phone 0.0067 113 286 130 320
phone 0.0067 108 317 142 374
phone 0.0067 49 131 79 190
phone 0.0067 141 101 172 159
phone 0.0066 113 364 130 397
phone 0.0066 17 362 49 399
phone 0.0066 66 144 123 209
phone 0.0066 154 363 188 399
phone 0.0066 213 209 230 243
phone 0.0066 265 214 266 262
phone 0.0065 245 189 266 317
phone 0.0065 117 259 126 271
phone 0.0065 2 152 64 200
phone 0.0065 265 259 266 309
phone 0.0065 31 285 65 344
phone 0.0065 2 119 64 233
phone 0.0065 237 182 266 209
phone 0.0064 206 229 237 255
phone 0.0064 3 178 33 236
phone 0.0064 95 91 156 139
phone 0.0064 121 368 152 393
phone 0.0063 110 57 172 172
phone 0.0063 251 241 266 296
phone 0.0063 261 164 266 280
phone 0.0063 220 163 238 197
phone 0.0063 2 362 33 399
phone 0.0063 83 251 113 278
phone 0.0063 199 298 229 324
phone 0.0063 131 250 181 318
phone 0.0063 244 202 261 236
phone 0.0062 217 182 226 194
phone 0.0062 216 316 250 375
phone 0.0062 114 298 145 324
phone 0.0062 183 321 214 347
phone 0.0062 217 213 226 225
phone 0.0062 34 131 64 190
phone 0.0062 18 147 48 205
phone 0.0062 124 35 209 182
phone 0.0062 0 193 18 251
phone 0.0062 170 348 204 399
phone 0.0062 79 106 141 154
phone 0.0062 106 183 136 209
phone 0.0062 128 364 145 397
phone 0.0062 126 91 186 139
phone 0.0062 18 122 79 169
phone 0.0061 123 331 158 390
phone 0.0061 33 346 64 399
phone 0.0061 0 168 48 216
phone 0.0061 251 272 266 327
phone 0.0061 49 122 110 170
phone 0.0061 247 243 257 256
phone 0.0061 220 232 238 267
phone 0.0061 183 236 213 263
phone 0.0061 111 100 141 159
phone 0.0061 219 0 266 30
phone 0.0061 17 88 80 202
phone 0.0061 187 117 218 174
phone 0.0061 121 364 138 397
phone 0.0061 79 57 141 172
phone 0.0061 0 223 18 283
phone 0.0061 247 110 266 227
phone 0.0061 48 88 110 203
phone 0.0060 64 131 95 190
phone 0.0060 216 347 250 399
phone 0.0060 218 91 266 139
phone 0.0060 264 239 266 298
phone 0.0060 113 217 131 251
phone 0.0060 108 348 142 399
phone 0.0060 121 295 137 327
phone 0.0060 157 91 217 139
phone 0.0060 50 0 109 30
phone 0.0060 202 0 264 64
phone 0.0060 0 332 19 399
phone 0.0060 0 367 18 399
phone 0.0060 137 131 174 191
phone 0.0060 0 0 32 30
phone 0.0060 0 332 3 399
phone 0.0060 0 367 2 399
phone 0.0060 188 0 247 30
phone 0.0060 190 318 207 350
phone 0.0060 243 179 261 213
phone 0.0060 217 57 266 172
phone 0.0059 46 210 81 266
phone 0.0059 33 0 94 64
phone 0.0059 265 290 266 339
phone 0.0059 249 106 266 154
phone 0.0059 19 0 78 30
phone 0.0059 117 266 126 279
phone 0.0059 93 179 127 235
phone 0.0059 65 91 125 139
phone 0.0059 34 106 94 154
phone 0.0059 217 132 249 190
phone 0.0059 90 248 107 282
phone 0.0059 64 0 125 64
phone 0.0059 95 100 125 159
phone 0.0059 117 297 126 310
phone 0.0059 0 0 48 64
phone 0.0058 264 270 266 328
phone 0.0058 117 374 126 387
phone 0.0058 261 255 266 374
phone 0.0058 188 91 248 139
phone 0.0058 250 0 266 30
phone 0.0058 193 305 203 317
phone 0.0058 136 364 153 397
phone 0.0058 117 305 126 317
phone 0.0058 80 0 140 30
phone 0.0058 172 0 233 64
phone 0.0058 111 75 171 123
phone 0.0058 248 0 266 64
phone 0.0058 157 0 217 30
phone 0.0058 0 291 17 339
phone 0.0058 81 134 139 188
phone 0.0058 0 0 1 30
phone 0.0058 156 101 187 159
phone 0.0058 65 0 94 37
phone 0.0058 214 182 244 209
phone 0.0057 0 0 18 64
phone 0.0057 49 0 79 37
phone 0.0057 65 100 94 159
phone 0.0057 80 100 110 159
phone 0.0057 0 0 2 64
phone 0.0057 94 42 157 157
phone 0.0057 203 0 232 37
phone 0.0057 111 0 170 30
phone 0.0057 263 363 266 399
phone 0.0057 185 317 219 374
phone 0.0057 0 337 2 385
phone 0.0057 95 0 156 64
phone 0.0057 265 106 266 154
phone 0.0057 80 0 109 37
phone 0.0057 172 85 202 144
phone 0.0057 91 182 121 209
phone 0.0057 0 137 48 185
phone 0.0057 31 240 65 297
phone 0.0057 237 221 266 247
phone 0.0057 0 322 17 370
phone 0.0057 190 232 207 267
phone 0.0057 213 224 231 259
phone 0.0057 247 251 257 263
phone 0.0057 137 368 168 393
phone 0.0057 141 0 202 64
phone 0.0057 217 220 226 233
phone 0.0057 3 146 33 205
phone 0.0057 34 0 63 37
phone 0.0057 0 162 17 221
phone 0.0056 248 57 266 172
phone 0.0056 188 0 217 37
phone 0.0056 80 75 140 123
phone 0.0056 141 75 202 123
phone 0.0056 19 0 48 37
phone 0.0056 263 73 266 187
phone 0.0056 265 0 266 37
phone 0.0056 94 274 103 286
phone 0.0056 169 318 204 373
phone 0.0056 119 189 162 255
phone 0.0056 205 294 223 328
phone 0.0056 49 100 79 159
phone 0.0056 0 260 2 308
phone 0.0056 96 0 125 37
phone 0.0056 188 85 217 144
phone 0.0056 0 273 19 387
phone 0.0056 106 206 136 232
phone 0.0056 264 0 266 64
phone 0.0056 172 106 233 154
phone 0.0055 173 0 202 37
phone 0.0055 203 85 233 144
phone 0.0055 34 36 114 184
phone 0.0055 265 137 266 185
phone 0.0055 0 285 2 344
phone 0.0055 150 136 223 217
phone 0.0055 144 364 161 397
phone 0.0055 203 75 263 123
phone 0.0055 172 75 232 123
phone 0.0055 0 227 3 341
phone 0.0055 111 0 140 37
phone 0.0055 247 236 257 248
phone 0.0055 265 183 266 231
phone 0.0055 126 70 156 129
phone 0.0055 0 103 34 218
phone 0.0055 199 313 229 340
phone 0.0055 0 168 2 216
phone 0.0055 3 106 63 154
phone 0.0055 132 374 142 387
phone 0.0055 111 70 140 129
phone 0.0055 157 0 186 37
phone 0.0055 126 0 156 37
phone 0.0055 249 76 266 123
phone 0.0055 91 197 121 225
phone 0.0055 0 229 2 277
phone 0.0055 142 0 171 37
phone 0.0055 0 122 32 170
phone 0.0055 18 116 48 175
phone 0.0055 234 100 264 159
phone 0.0054 0 199 2 246
phone 0.0054 142 70 171 129
phone 0.0054 113 178 131 213
phone 0.0054 79 132 111 190
phone 0.0054 0 134 3 249
phone 0.0054 124 305 134 317
phone 0.0054 2 73 64 187
phone 0.0054 193 251 203 263
phone 0.0054 224 174 234 186
phone 0.0054 203 106 263 154
phone 0.0054 63 42 126 156
phone 0.0054 151 364 168 397
phone 0.0054 217 305 226 317
phone 0.0054 265 337 266 385
phone 0.0054 34 100 64 159
phone 0.0054 18 91 79 139
phone 0.0054 265 76 266 123
phone 0.0054 263 332 266 399
phone 0.0054 83 228 113 255
phone 0.0054 0 273 3 387
phone 0.0054 265 306 266 355
phone 0.0054 0 137 17 185
phone 0.0054 125 374 134 387
phone 0.0054 247 213 257 225
phone 0.0054 243 217 261 251
phone 0.0054 265 29 266 77
phone 0.0054 247 220 257 232
phone 0.0053 49 75 109 123
phone 0.0053 0 137 2 185
phone 0.0053 95 70 125 129
phone 0.0053 183 266 213 294
phone 0.0053 0 180 3 295
phone 0.0053 157 70 187 129
phone 0.0053 0 91 32 139
phone 0.0053 0 29 2 77
phone 0.0053 0 29 32 77
phone 0.0053 0 106 2 154
phone 0.0053 263 0 266 110
phone 0.0053 0 106 17 154
phone 0.0053 234 70 264 129
phone 0.0053 249 29 266 77
phone 0.0053 224 182 234 194
phone 0.0053 264 116 266 175
phone 0.0053 251 211 266 264
phone 0.0053 95 60 156 108
phone 0.0053 117 228 126 240
phone 0.0053 0 88 18 203
phone 0.0053 220 178 238 213
phone 0.0053 224 243 234 256
phone 0.0052 0 88 3 202
phone 0.0052 0 75 2 123
phone 0.0052 0 57 34 172
phone 0.0052 220 194 238 228
phone 0.0052 0 75 48 123
phone 0.0052 126 60 186 108
phone 0.0052 0 60 32 108
phone 0.0052 218 70 248 129
phone 0.0052 0 0 34 110
phone 0.0052 18 29 79 77
phone 0.0052 191 243 221 271
phone 0.0052 265 153 266 200
phone 0.0052 0 75 17 123
phone 0.0052 218 60 266 108
phone 0.0052 97 178 115 213
phone 0.0052 95 120 156 171
phone 0.0052 183 174 213 202
phone 0.0052 157 60 217 108
phone 0.0052 80 70 110 129
phone 0.0052 214 205 244 232
phone 0.0052 188 60 248 108
phone 0.0052 0 42 3 156
phone 0.0052 140 374 149 387
phone 0.0052 17 42 80 156
phone 0.0052 263 119 266 233
phone 0.0052 0 45 17 93
phone 0.0052 95 29 155 77
phone 0.0052 65 60 125 108
phone 0.0052 78 0 142 95
phone 0.0052 17 0 80 110
phone 0.0052 0 45 48 93
phone 0.0051 126 29 186 77
phone 0.0051 217 189 226 202
phone 0.0051 155 0 219 95
phone 0.0051 218 100 248 159
phone 0.0051 252 303 266 357
phone 0.0051 0 42 18 156
phone 0.0051 34 60 94 108
phone 0.0051 109 0 173 95
phone 0.0051 0 26 49 141
phone 0.0051 172 29 232 77
phone 0.0051 48 0 111 95
phone 0.0051 232 0 266 95
phone 0.0051 65 29 125 77
phone 0.0051 171 26 234 141
phone 0.0051 247 189 257 202
phone 0.0051 264 208 266 267
phone 0.0051 265 352 266 399
phone 0.0051 186 0 250 95
phone 0.0051 265 321 266 370
phone 0.0051 259 338 266 361
phone 0.0051 202 26 264 141
phone 0.0051 248 11 266 126
phone 0.0051 218 29 266 77
phone 0.0051 91 220 121 248
phone 0.0051 194 328 203 340
phone 0.0051 90 225 107 258
phone 0.0051 65 70 94 129
phone 0.0051 224 251 234 263
phone 0.0051 142 45 202 93
phone 0.0050 264 301 266 359
phone 0.0050 18 85 48 144
phone 0.0050 257 191 266 340
phone 0.0050 217 197 226 209
phone 0.0050 182 318 199 350
phone 0.0050 168 367 198 393
phone 0.0050 97 193 115 228
phone 0.0050 125 11 188 126
phone 0.0050 49 70 79 129
