phone 0.2946 100 75 217 252
phone 0.0648 117 100 195 192
phone 0.0364 144 126 237 265
phone 0.0364 55 210 154 378
phone 0.0345 132 84 240 207
phone 0.0331 94 151 173 300
phone 0.0329 68 88 152 247
phone 0.0261 89 32 190 199
phone 0.0244 118 157 204 292
phone 0.0241 190 139 263 260
phone 0.0232 95 241 165 396
phone 0.0196 101 136 181 218
phone 0.0195 159 169 230 285
phone 0.0190 146 95 227 166
phone 0.0186 133 127 179 196
phone 0.0182 63 0 262 230
phone 0.0170 134 98 178 163
phone 0.0166 31 86 114 245
phone 0.0163 148 144 225 210
phone 0.0160 74 251 146 317
phone 0.0160 92 154 159 230
phone 0.0155 156 104 266 236
phone 0.0155 108 83 173 177
phone 0.0149 125 218 199 362
phone 0.0139 120 0 217 166
phone 0.0138 57 30 152 191
phone 0.0137 66 81 202 373
phone 0.0136 77 196 173 342
phone 0.0131 148 113 194 178
phone 0.0128 124 65 188 165
phone 0.0126 150 51 254 178
phone 0.0125 106 171 175 243
phone 0.0125 133 157 210 227
phone 0.0124 37 158 121 286
phone 0.0122 167 117 206 175
phone 0.0122 93 255 127 313
phone 0.0121 55 183 135 323
phone 0.0121 209 114 266 222
phone 0.0120 87 267 163 332
phone 0.0116 108 162 143 221
phone 0.0116 191 11 266 140
phone 0.0116 60 237 129 300
phone 0.0115 76 140 144 212
phone 0.0115 162 133 242 189
phone 0.0114 31 145 97 207
phone 0.0111 169 163 204 220
phone 0.0108 160 237 231 349
phone 0.0106 91 121 160 201
phone 0.0106 118 194 194 251
phone 0.0105 166 164 239 219
phone 0.0104 155 175 219 239
phone 0.0104 77 112 143 179
phone 0.0103 168 121 198 147
phone 0.0102 75 287 146 342
phone 0.0102 176 167 206 193
phone 0.0101 109 268 204 391
phone 0.0100 71 296 135 399
phone 0.0099 79 255 110 313
phone 0.0098 174 117 192 151
phone 0.0097 91 96 160 165
phone 0.0096 44 193 115 252
phone 0.0095 102 284 179 346
phone 0.0094 137 162 174 221
phone 0.0094 182 171 199 205
phone 0.0094 108 256 142 312
phone 0.0094 120 145 161 208
phone 0.0094 123 178 158 236
phone 0.0094 56 163 133 221
phone 0.0093 215 46 266 167
phone 0.0092 185 148 219 204
phone 0.0092 93 147 127 205
phone 0.0091 47 162 80 221
phone 0.0091 74 174 146 240
phone 0.0091 60 214 91 239
phone 0.0090 67 211 84 242
phone 0.0090 119 113 162 178
phone 0.0090 89 233 162 304
phone 0.0089 91 299 160 361
phone 0.0089 137 207 206 269
phone 0.0089 185 118 219 173
phone 0.0088 112 64 169 135
phone 0.0088 93 117 127 174
phone 0.0088 185 123 250 199
phone 0.0087 122 85 159 145
phone 0.0087 32 116 96 175
phone 0.0087 62 274 128 325
phone 0.0087 30 178 98 236
phone 0.0086 94 285 126 344
phone 0.0086 47 131 80 190
phone 0.0086 154 194 188 250
phone 0.0086 64 93 125 167
phone 0.0086 139 194 173 251
phone 0.0085 163 86 241 143
phone 0.0085 178 128 188 140
phone 0.0085 153 163 189 220
phone 0.0084 201 162 234 221
phone 0.0084 42 131 117 191
phone 0.0084 170 192 235 253
phone 0.0084 108 286 142 344
phone 0.0083 47 227 112 280
phone 0.0083 160 213 190 239
phone 0.0082 100 253 181 316
phone 0.0082 62 203 128 273
phone 0.0082 105 316 177 375
phone 0.0082 65 257 124 372
phone 0.0082 108 102 142 159
phone 0.0081 71 220 80 233
phone 0.0081 186 182 196 194
phone 0.0080 176 213 206 239
phone 0.0080 76 215 144 292
phone 0.0080 186 174 196 186
phone 0.0079 89 188 162 257
phone 0.0079 216 162 250 222
phone 0.0079 119 300 193 361
phone 0.0079 138 69 174 129
phone 0.0079 138 235 205 302
phone 0.0079 108 190 218 329
phone 0.0078 21 16 189 254
phone 0.0078 141 60 202 139
phone 0.0078 129 98 160 124
phone 0.0078 185 95 251 165
phone 0.0078 80 284 110 345
phone 0.0077 77 163 111 220
phone 0.0077 93 178 126 236
phone 0.0076 155 266 219 333
phone 0.0076 136 282 207 348
phone 0.0076 77 100 111 160
phone 0.0076 167 209 184 243
phone 0.0076 123 287 157 343
phone 0.0076 192 211 256 313
phone 0.0076 50 227 109 340
phone 0.0075 237 183 266 209
phone 0.0075 102 207 179 269
phone 0.0075 62 163 96 220
phone 0.0075 186 171 249 242
phone 0.0074 64 223 95 283
phone 0.0074 122 220 190 287
phone 0.0073 182 209 200 243
phone 0.0073 64 307 126 353
phone 0.0073 200 131 234 190
phone 0.0073 136 94 153 128
phone 0.0073 78 83 142 146
phone 0.0073 48 260 110 308
phone 0.0073 17 117 81 235
phone 0.0072 107 131 143 190
phone 0.0072 244 179 261 212
phone 0.0072 64 254 94 314
phone 0.0071 2 104 64 217
phone 0.0071 235 134 266 188
phone 0.0071 18 91 79 139
phone 0.0071 17 56 80 173
phone 0.0071 126 349 186 399
phone 0.0071 1 138 65 184
phone 0.0070 79 316 110 375
phone 0.0070 117 268 195 331
phone 0.0070 62 133 96 189
phone 0.0070 34 197 94 309
phone 0.0069 77 208 111 267
phone 0.0069 114 144 145 170
phone 0.0069 201 86 234 144
phone 0.0069 186 209 219 267
phone 0.0068 18 131 48 190
phone 0.0068 229 82 266 209
phone 0.0068 64 338 126 384
phone 0.0068 33 85 64 144
phone 0.0068 186 66 249 132
phone 0.0068 77 132 111 189
phone 0.0068 136 254 262 394
phone 0.0068 124 332 157 390
phone 0.0068 121 141 138 173
phone 0.0067 154 240 188 297
phone 0.0067 137 205 167 232
phone 0.0067 185 87 219 143
phone 0.0067 1 168 65 215
phone 0.0067 219 245 266 292
phone 0.0067 2 76 64 123
phone 0.0067 47 100 80 159
phone 0.0067 1 107 65 154
phone 0.0067 205 53 261 115
phone 0.0067 217 195 266 311
phone 0.0067 34 213 94 262
phone 0.0066 18 85 49 144
phone 0.0066 49 223 79 283
phone 0.0066 2 42 65 156
phone 0.0065 139 302 173 358
phone 0.0065 171 220 180 233
phone 0.0065 170 255 203 313
phone 0.0065 33 76 95 123
phone 0.0065 170 286 203 344
phone 0.0065 48 192 79 252
phone 0.0065 62 101 96 159
phone 0.0065 155 301 188 359
phone 0.0065 145 121 175 147
phone 0.0065 18 162 48 221
phone 0.0065 32 41 96 157
phone 0.0064 79 319 141 372
phone 0.0064 233 223 264 283
phone 0.0064 215 131 250 191
phone 0.0064 49 291 110 338
phone 0.0064 154 221 220 286
phone 0.0064 108 194 142 251
phone 0.0064 140 105 149 117
phone 0.0063 125 0 188 95
phone 0.0063 216 85 250 145
phone 0.0063 263 332 266 399
phone 0.0063 264 367 266 399
phone 0.0063 186 220 196 232
phone 0.0063 140 323 205 399
phone 0.0063 49 368 110 399
phone 0.0063 47 333 112 399
phone 0.0063 144 202 161 236
phone 0.0063 247 189 257 202
phone 0.0063 139 224 173 282
phone 0.0063 249 117 266 174
phone 0.0062 34 30 94 77
phone 0.0062 112 362 170 399
phone 0.0062 151 117 169 151
phone 0.0062 154 271 188 328
phone 0.0062 169 71 204 128
phone 0.0062 49 70 79 128
phone 0.0062 64 285 94 344
phone 0.0062 234 30 266 77
phone 0.0062 33 0 95 110
phone 0.0061 64 362 95 399
phone 0.0061 123 257 158 311
phone 0.0061 33 245 95 292
phone 0.0061 49 45 109 93
phone 0.0061 249 147 266 205
phone 0.0061 190 225 245 281
phone 0.0061 128 94 146 128
phone 0.0061 232 0 266 111
phone 0.0061 108 69 142 129
phone 0.0061 94 315 125 376
phone 0.0061 0 61 48 108
phone 0.0061 127 55 185 113
phone 0.0060 187 44 248 94
phone 0.0060 48 362 80 399
phone 0.0060 172 29 233 77
phone 0.0060 18 60 79 108
phone 0.0060 123 210 157 266
phone 0.0060 17 332 81 399
phone 0.0060 124 151 134 163
phone 0.0060 155 0 219 96
phone 0.0060 232 101 265 159
phone 0.0060 3 70 33 129
phone 0.0059 48 26 110 141
phone 0.0059 198 229 229 254
phone 0.0059 205 190 262 255
phone 0.0059 49 23 79 82
phone 0.0059 142 29 202 77
phone 0.0059 95 327 156 399
phone 0.0059 32 130 64 191
phone 0.0059 159 209 177 243
phone 0.0059 128 350 146 380
phone 0.0059 121 353 152 377
phone 0.0059 3 367 64 399
phone 0.0059 191 121 221 147
phone 0.0059 247 320 257 333
phone 0.0059 246 100 266 221
phone 0.0059 63 0 127 95
phone 0.0059 48 273 110 386
phone 0.0059 249 24 266 82
phone 0.0059 18 182 79 293
phone 0.0059 218 24 249 82
phone 0.0059 79 362 110 399
phone 0.0059 0 332 3 399
phone 0.0059 2 151 64 262
phone 0.0058 150 85 192 145
phone 0.0058 232 162 265 221
phone 0.0058 0 332 50 399
phone 0.0058 0 332 19 399
phone 0.0058 0 367 2 399
phone 0.0058 92 224 128 282
phone 0.0058 33 362 64 399
phone 0.0058 0 153 48 200
phone 0.0058 64 39 94 98
phone 0.0058 94 0 157 95
phone 0.0058 0 367 17 399
phone 0.0058 0 122 32 169
phone 0.0058 236 315 266 338
phone 0.0058 218 276 266 323
phone 0.0058 248 332 266 399
phone 0.0058 3 30 64 77
phone 0.0058 250 0 266 30
phone 0.0058 64 60 126 108
phone 0.0058 172 19 234 148
phone 0.0058 202 39 233 97
phone 0.0058 34 337 94 385
phone 0.0058 107 225 143 281
phone 0.0058 188 337 248 385
phone 0.0058 111 29 171 77
phone 0.0057 0 88 34 202
phone 0.0057 18 362 49 399
phone 0.0057 33 55 64 113
phone 0.0057 217 242 266 356
phone 0.0057 203 14 264 62
phone 0.0057 188 23 217 82
phone 0.0057 264 131 266 190
phone 0.0057 2 0 65 109
phone 0.0057 206 226 222 258
phone 0.0057 202 332 265 399
phone 0.0057 203 291 263 339
phone 0.0057 244 311 260 342
phone 0.0057 234 337 266 385
phone 0.0057 33 23 64 82
phone 0.0057 18 199 79 246
phone 0.0057 250 199 266 246
phone 0.0057 80 367 140 399
phone 0.0057 220 213 266 262
phone 0.0057 33 208 64 268
phone 0.0057 2 362 33 399
phone 0.0057 172 23 202 83
phone 0.0057 0 131 17 190
phone 0.0057 0 134 34 248
phone 0.0056 233 254 264 313
phone 0.0056 157 23 187 83
phone 0.0056 265 30 266 77
phone 0.0056 0 183 32 231
phone 0.0056 265 337 266 385
phone 0.0056 218 367 266 399
phone 0.0056 80 29 140 77
phone 0.0056 142 23 171 83
phone 0.0056 171 228 180 240
phone 0.0056 174 287 231 342
phone 0.0056 80 39 110 98
phone 0.0056 248 165 266 279
phone 0.0056 234 307 266 354
phone 0.0056 265 0 266 30
phone 0.0056 173 56 231 113
phone 0.0056 153 221 183 247
phone 0.0056 64 316 94 375
phone 0.0056 249 276 266 323
phone 0.0056 33 161 64 222
phone 0.0056 0 168 17 216
phone 0.0056 264 0 266 64
phone 0.0056 203 331 233 390
phone 0.0056 94 362 126 399
phone 0.0056 18 39 48 98
phone 0.0056 263 0 266 110
phone 0.0056 0 0 1 30
phone 0.0055 0 122 2 170
phone 0.0055 249 245 266 292
phone 0.0055 233 288 266 399
phone 0.0055 0 106 17 154
phone 0.0055 50 14 109 62
phone 0.0055 138 272 173 327
phone 0.0055 265 60 266 108
phone 0.0055 248 242 266 356
phone 0.0055 0 214 48 262
phone 0.0055 49 331 79 390
phone 0.0055 67 107 99 131
phone 0.0055 0 0 2 64
phone 0.0055 0 60 2 108
phone 0.0055 265 91 266 139
phone 0.0055 126 23 156 82
phone 0.0055 201 273 265 386
phone 0.0055 265 245 266 293
phone 0.0055 0 88 3 202
phone 0.0055 0 91 2 139
phone 0.0055 52 207 83 231
phone 0.0055 218 285 248 344
phone 0.0055 34 331 64 390
phone 0.0055 0 152 2 200
phone 0.0055 34 306 94 354
phone 0.0055 0 73 19 187
phone 0.0055 199 213 229 240
phone 0.0055 3 322 63 370
phone 0.0054 264 193 266 252
phone 0.0054 3 39 33 98
phone 0.0054 173 238 232 299
phone 0.0054 0 60 17 108
phone 0.0054 0 27 3 141
phone 0.0054 0 150 18 264
phone 0.0054 0 180 49 295
phone 0.0054 0 199 17 246
phone 0.0054 17 36 26 48
phone 0.0054 204 260 262 308
phone 0.0054 3 230 63 277
phone 0.0054 263 58 266 171
phone 0.0054 263 211 266 325
phone 0.0054 265 306 266 354
phone 0.0054 0 29 2 77
phone 0.0054 0 183 2 231
phone 0.0054 234 193 264 252
phone 0.0054 155 128 165 140
phone 0.0054 265 276 266 323
phone 0.0054 265 183 266 231
phone 0.0054 2 288 65 399
phone 0.0054 59 203 76 234
phone 0.0054 0 245 48 293
phone 0.0054 18 14 79 62
phone 0.0054 64 70 95 128
phone 0.0054 0 27 19 141
phone 0.0054 0 134 3 249
phone 0.0054 95 23 125 83
phone 0.0054 49 254 79 314
phone 0.0053 197 117 215 151
phone 0.0053 147 213 157 225
phone 0.0053 0 276 48 323
phone 0.0053 187 367 248 399
phone 0.0053 202 208 234 267
phone 0.0053 5 31 37 53
phone 0.0053 263 273 266 387
phone 0.0053 218 322 266 369
phone 0.0053 33 258 95 371
phone 0.0053 111 23 141 82
phone 0.0053 187 0 248 46
phone 0.0053 34 276 94 323
phone 0.0053 265 168 266 216
phone 0.0053 3 291 63 339
phone 0.0053 263 150 266 263
phone 0.0053 144 361 199 399
phone 0.0053 0 306 48 354
phone 0.0053 249 300 266 359
phone 0.0053 50 0 109 30
phone 0.0053 79 11 141 126
phone 0.0053 2 211 65 325
phone 0.0053 171 332 235 399
phone 0.0053 95 58 156 110
phone 0.0053 9 36 18 48
phone 0.0053 0 242 49 356
phone 0.0053 0 260 33 308
phone 0.0053 0 214 2 262
phone 0.0053 218 255 249 313
phone 0.0053 132 105 142 117
phone 0.0053 218 223 248 283
phone 0.0053 218 0 248 51
phone 0.0053 265 214 266 262
phone 0.0052 0 229 17 277
phone 0.0052 0 30 17 77
phone 0.0052 140 332 172 390
phone 0.0052 109 11 172 126
phone 0.0052 49 300 79 360
phone 0.0052 132 359 142 371
phone 0.0052 264 224 266 282
phone 0.0052 19 260 78 308
phone 0.0052 91 182 121 209
phone 0.0052 202 0 233 51
phone 0.0052 0 180 3 295
phone 0.0052 202 363 234 399
phone 0.0052 209 235 219 248
phone 0.0052 18 223 48 283
phone 0.0052 141 0 202 64
phone 0.0052 18 316 48 375
phone 0.0052 13 27 29 57
phone 0.0052 50 86 108 144
phone 0.0052 264 39 266 98
phone 0.0052 218 331 248 390
phone 0.0052 111 0 171 46
phone 0.0052 0 196 18 310
phone 0.0052 187 363 218 399
phone 0.0052 0 303 34 399
phone 0.0052 127 0 186 30
phone 0.0052 188 300 217 360
phone 0.0052 189 306 246 355
phone 0.0052 18 193 48 252
phone 0.0052 64 8 95 67
phone 0.0052 265 122 266 169
phone 0.0052 219 0 266 30
phone 0.0052 19 0 78 30
phone 0.0052 74 103 92 135
phone 0.0051 109 331 141 391
phone 0.0051 3 223 33 283
phone 0.0051 6 27 22 57
phone 0.0051 34 239 64 298
phone 0.0051 167 117 184 151
phone 0.0051 17 227 80 341
phone 0.0051 0 245 2 293
phone 0.0051 0 0 47 30
phone 0.0051 122 90 152 117
phone 0.0051 187 0 218 51
phone 0.0051 141 0 171 52
phone 0.0051 174 209 192 244
phone 0.0051 264 101 266 159
phone 0.0051 0 0 17 30
phone 0.0051 199 190 229 217
phone 0.0051 153 205 183 232
phone 0.0051 264 162 266 220
phone 0.0051 250 91 266 139
phone 0.0051 163 220 172 233
phone 0.0051 86 105 95 117
phone 0.0051 65 0 94 37
phone 0.0051 0 337 2 385
phone 0.0051 126 0 156 51
phone 0.0051 3 285 33 344
phone 0.0051 263 104 266 218
phone 0.0051 172 0 202 51
phone 0.0050 18 285 48 344
phone 0.0050 203 300 233 359
phone 0.0050 75 100 107 122
phone 0.0050 265 14 266 62
phone 0.0050 186 255 218 313
phone 0.0050 34 300 64 359
phone 0.0050 80 0 140 46
phone 0.0050 250 60 266 108
phone 0.0050 95 55 125 113
phone 0.0050 0 275 17 323
phone 0.0050 0 0 33 64
phone 0.0050 246 57 266 172
phone 0.0050 49 0 79 37
phone 0.0050 82 96 99 126
