phone 0.9444 47 54 194 350
phone 0.0568 183 200 266 318
phone 0.0556 74 235 191 341
phone 0.0547 71 123 231 327
phone 0.0493 149 110 266 290
phone 0.0404 28 92 140 299
phone 0.0307 0 18 127 377
phone 0.0299 53 167 163 344
phone 0.0292 145 223 245 356
phone 0.0290 89 271 178 361
phone 0.0282 0 110 68 289
phone 0.0264 192 242 262 341
phone 0.0263 0 57 94 156
phone 0.0246 23 72 124 148
phone 0.0205 0 40 62 175
phone 0.0198 46 73 144 218
phone 0.0185 60 65 266 277
phone 0.0169 179 72 266 202
phone 0.0168 43 226 113 350
phone 0.0159 34 31 116 130
phone 0.0153 155 274 235 368
phone 0.0139 54 117 165 267
phone 0.0134 71 62 190 166
phone 0.0134 83 99 197 254
phone 0.0133 6 193 76 326
phone 0.0126 113 151 266 370
phone 0.0125 160 314 191 339
phone 0.0125 0 132 107 251
phone 0.0123 167 311 184 342
phone 0.0122 57 264 157 374
phone 0.0121 0 179 105 296
phone 0.0121 58 234 131 304
phone 0.0114 117 159 224 285
phone 0.0113 0 86 106 204
phone 0.0111 0 132 41 251
phone 0.0110 58 200 131 276
phone 0.0109 171 320 180 333
phone 0.0108 100 250 181 318
phone 0.0108 133 194 240 312
phone 0.0107 132 117 241 235
phone 0.0107 57 109 132 183
phone 0.0106 0 220 52 286
phone 0.0106 93 22 181 140
phone 0.0105 58 138 131 215
phone 0.0105 208 164 266 293
phone 0.0104 0 179 39 296
phone 0.0103 69 252 150 316
phone 0.0102 0 108 51 183
phone 0.0100 58 169 131 246
phone 0.0099 125 251 218 378
phone 0.0098 0 255 69 313
phone 0.0096 0 186 51 259
phone 0.0094 116 231 196 307
phone 0.0092 0 84 36 206
phone 0.0092 138 46 254 169
phone 0.0090 0 208 71 268
phone 0.0089 127 11 207 148
phone 0.0089 0 96 69 164
phone 0.0089 77 240 111 297
phone 0.0089 0 177 71 237
phone 0.0088 9 242 88 296
phone 0.0088 119 80 223 211
phone 0.0088 9 236 88 362
phone 0.0087 99 311 166 389
phone 0.0087 79 19 142 179
phone 0.0087 57 268 133 331
phone 0.0086 190 152 245 231
phone 0.0086 132 190 211 255
phone 0.0086 42 171 118 305
phone 0.0085 3 27 209 263
phone 0.0085 0 86 48 144
phone 0.0085 1 239 34 298
phone 0.0084 132 159 210 225
phone 0.0084 0 56 22 162
phone 0.0083 132 221 211 286
phone 0.0083 74 299 147 361
phone 0.0082 172 96 233 164
phone 0.0082 18 69 79 131
phone 0.0082 0 147 72 206
phone 0.0082 190 181 246 264
phone 0.0082 1 100 34 159
phone 0.0081 160 15 237 139
phone 0.0081 148 273 226 326
phone 0.0080 49 58 109 110
phone 0.0080 204 208 262 268
phone 0.0080 0 165 17 279
phone 0.0079 171 171 234 243
phone 0.0079 47 121 112 201
phone 0.0078 0 214 18 261
phone 0.0078 68 121 151 202
phone 0.0078 4 167 92 217
phone 0.0077 118 265 194 334
phone 0.0077 99 212 182 295
phone 0.0077 44 287 115 343
phone 0.0077 63 55 95 113
phone 0.0077 63 24 127 143
phone 0.0077 135 285 208 344
phone 0.0077 217 193 249 251
phone 0.0077 0 162 18 221
phone 0.0076 0 131 18 190
phone 0.0076 190 120 246 202
phone 0.0076 5 198 92 247
phone 0.0076 0 192 2 252
phone 0.0075 4 136 93 187
phone 0.0075 13 168 199 399
phone 0.0075 79 55 111 112
phone 0.0075 93 257 127 312
phone 0.0075 15 272 82 327
phone 0.0075 61 284 129 399
phone 0.0074 31 86 65 143
phone 0.0074 40 0 109 98
phone 0.0074 0 223 2 283
phone 0.0074 28 204 100 272
phone 0.0074 123 257 158 312
phone 0.0074 170 286 203 343
phone 0.0074 26 113 102 178
phone 0.0074 48 55 80 112
phone 0.0073 201 269 234 330
phone 0.0073 132 129 211 193
phone 0.0073 31 241 65 296
phone 0.0073 171 201 234 275
phone 0.0073 171 140 234 212
phone 0.0073 186 85 218 144
phone 0.0073 198 111 266 242
phone 0.0072 219 106 266 154
phone 0.0072 147 243 227 294
phone 0.0072 122 300 190 360
phone 0.0072 171 231 234 306
phone 0.0072 32 55 64 112
phone 0.0072 152 306 183 331
phone 0.0072 0 213 17 324
phone 0.0072 76 209 113 267
phone 0.0072 80 59 140 109
phone 0.0072 16 101 50 159
phone 0.0071 16 240 50 297
phone 0.0071 0 245 18 292
phone 0.0071 173 73 231 126
phone 0.0071 109 317 142 374
phone 0.0071 216 224 249 282
phone 0.0071 78 286 111 344
phone 0.0071 76 147 112 206
phone 0.0071 18 269 48 330
phone 0.0070 172 262 233 337
phone 0.0070 147 212 227 264
phone 0.0070 46 86 81 143
phone 0.0070 159 303 176 335
phone 0.0070 76 117 112 174
phone 0.0070 108 257 142 311
phone 0.0070 138 256 174 312
phone 0.0070 154 88 220 142
phone 0.0070 132 254 210 314
phone 0.0070 99 165 182 249
phone 0.0069 94 55 126 112
phone 0.0069 68 216 151 291
phone 0.0069 185 177 219 236
phone 0.0069 146 151 228 202
phone 0.0069 0 76 33 123
phone 0.0068 0 60 49 108
phone 0.0068 46 89 112 172
phone 0.0068 216 57 266 172
phone 0.0068 0 244 33 354
phone 0.0068 93 301 126 359
phone 0.0068 16 163 50 220
phone 0.0068 27 252 101 316
phone 0.0068 205 274 261 325
phone 0.0068 63 319 126 372
phone 0.0068 147 182 227 233
phone 0.0068 29 172 99 242
phone 0.0068 185 116 219 175
phone 0.0067 0 106 18 154
phone 0.0067 0 276 33 322
phone 0.0067 205 150 261 203
phone 0.0067 200 238 235 299
phone 0.0067 205 181 261 233
phone 0.0067 0 107 21 233
phone 0.0067 110 55 141 112
phone 0.0066 188 60 248 108
phone 0.0066 69 153 151 231
phone 0.0066 111 30 171 77
phone 0.0066 144 311 160 342
phone 0.0066 2 322 64 369
phone 0.0066 0 161 2 222
phone 0.0066 18 45 79 93
phone 0.0066 0 70 18 129
phone 0.0066 3 30 63 77
phone 0.0066 233 85 264 144
phone 0.0066 114 137 197 217
phone 0.0066 48 149 110 234
phone 0.0066 34 30 94 77
phone 0.0066 76 178 113 236
phone 0.0066 2 289 65 399
phone 0.0065 147 120 227 172
phone 0.0065 110 0 172 110
phone 0.0065 136 315 168 338
phone 0.0065 125 316 157 375
phone 0.0065 63 285 95 344
phone 0.0065 32 270 64 329
phone 0.0065 2 0 65 110
phone 0.0065 0 367 17 399
phone 0.0065 0 332 19 399
phone 0.0065 108 287 142 343
phone 0.0065 185 147 219 206
phone 0.0065 80 30 140 77
phone 0.0065 70 0 142 102
phone 0.0064 205 118 261 173
phone 0.0064 0 338 49 384
phone 0.0064 47 209 80 266
phone 0.0064 110 60 171 109
phone 0.0064 64 315 95 376
phone 0.0064 28 142 100 210
phone 0.0064 219 76 266 123
phone 0.0064 141 316 171 375
phone 0.0064 218 270 248 329
phone 0.0064 0 116 2 175
phone 0.0064 123 287 157 343
phone 0.0064 0 292 48 338
phone 0.0064 18 316 49 375
phone 0.0064 218 131 249 190
phone 0.0063 220 167 266 216
phone 0.0063 185 208 219 267
phone 0.0063 203 54 233 113
phone 0.0063 234 152 266 200
phone 0.0063 0 362 3 399
phone 0.0063 64 45 125 92
phone 0.0063 190 281 245 348
phone 0.0063 18 338 79 384
phone 0.0063 185 239 219 298
phone 0.0063 188 29 248 77
phone 0.0063 2 316 33 375
phone 0.0063 62 116 96 175
phone 0.0063 126 23 156 83
phone 0.0063 147 320 157 333
phone 0.0062 111 23 140 83
phone 0.0062 170 256 203 312
phone 0.0062 186 285 219 344
phone 0.0062 18 24 48 82
phone 0.0062 232 119 266 233
phone 0.0062 187 0 249 110
phone 0.0062 49 23 79 83
phone 0.0062 3 39 33 98
phone 0.0062 220 290 266 339
phone 0.0062 0 332 4 399
phone 0.0062 64 23 94 83
phone 0.0062 34 23 64 82
phone 0.0062 155 0 219 95
phone 0.0062 31 164 65 219
phone 0.0061 216 255 266 374
phone 0.0061 71 88 148 173
phone 0.0061 203 45 263 93
phone 0.0061 218 322 266 369
phone 0.0061 95 23 125 83
phone 0.0061 31 210 65 265
phone 0.0061 61 207 97 268
phone 0.0061 80 23 110 82
phone 0.0061 125 55 156 112
phone 0.0061 126 45 186 93
phone 0.0061 142 29 202 77
phone 0.0061 163 312 172 325
phone 0.0061 79 315 110 375
phone 0.0061 16 133 50 189
phone 0.0061 156 60 218 108
phone 0.0061 203 337 263 385
phone 0.0061 68 184 151 262
phone 0.0061 95 45 156 92
phone 0.0060 233 116 264 174
phone 0.0060 33 331 64 390
phone 0.0060 153 179 189 235
phone 0.0060 47 117 80 174
phone 0.0060 264 367 266 399
phone 0.0060 234 178 264 236
phone 0.0060 263 332 266 399
phone 0.0060 141 23 171 83
phone 0.0060 203 23 233 82
phone 0.0060 200 115 235 176
phone 0.0060 153 210 189 266
phone 0.0060 249 147 266 205
phone 0.0059 97 65 154 134
phone 0.0059 171 70 203 128
phone 0.0059 84 135 166 219
phone 0.0059 31 134 65 188
phone 0.0059 220 258 266 310
phone 0.0059 190 83 245 147
phone 0.0059 217 11 266 126
phone 0.0059 49 284 79 345
phone 0.0059 234 54 264 113
phone 0.0059 19 14 78 62
phone 0.0059 0 85 2 144
phone 0.0059 153 149 189 204
phone 0.0059 0 14 48 62
phone 0.0059 49 338 110 384
phone 0.0058 218 331 248 390
phone 0.0058 218 39 248 98
phone 0.0058 47 179 80 235
phone 0.0058 172 23 202 83
phone 0.0058 163 320 172 333
phone 0.0058 96 14 155 62
phone 0.0058 188 23 217 83
phone 0.0058 33 290 95 399
phone 0.0058 80 334 140 388
phone 0.0058 157 23 187 82
phone 0.0058 0 367 48 399
phone 0.0058 62 239 96 298
phone 0.0058 0 45 2 93
phone 0.0058 218 29 266 77
phone 0.0058 221 71 266 272
phone 0.0058 233 224 264 282
phone 0.0057 152 303 168 335
phone 0.0057 233 300 264 359
phone 0.0057 34 323 94 369
phone 0.0057 170 225 203 281
phone 0.0057 84 197 167 279
phone 0.0057 0 45 17 93
phone 0.0057 153 241 189 296
phone 0.0057 0 254 2 314
phone 0.0057 0 11 3 126
phone 0.0057 174 310 192 343
phone 0.0057 0 300 18 360
phone 0.0057 62 147 96 206
phone 0.0057 204 90 262 140
phone 0.0057 135 98 208 163
phone 0.0057 47 240 80 297
phone 0.0057 128 335 184 387
phone 0.0057 249 337 266 385
phone 0.0057 126 14 186 62
phone 0.0057 170 313 180 325
phone 0.0057 0 11 19 125
phone 0.0057 48 316 79 375
phone 0.0057 218 367 266 399
phone 0.0057 173 14 232 62
phone 0.0057 143 72 200 127
phone 0.0056 0 276 2 323
phone 0.0056 234 275 266 323
phone 0.0056 0 337 2 385
phone 0.0056 249 122 266 170
phone 0.0056 249 199 266 246
phone 0.0056 249 260 266 308
phone 0.0056 186 265 250 394
phone 0.0056 65 14 125 62
phone 0.0056 265 337 266 385
phone 0.0056 249 367 266 399
phone 0.0056 265 168 266 216
phone 0.0056 249 91 266 139
phone 0.0056 155 320 165 333
phone 0.0056 0 242 3 356
phone 0.0056 0 57 3 172
phone 0.0055 170 195 203 250
phone 0.0055 170 149 203 204
phone 0.0055 248 165 266 279
phone 0.0055 232 332 266 399
phone 0.0055 265 137 266 185
phone 0.0055 265 199 266 247
phone 0.0055 218 85 248 144
phone 0.0055 248 227 266 341
phone 0.0055 248 73 266 187
phone 0.0055 0 165 3 279
phone 0.0055 263 134 266 249
phone 0.0055 248 288 266 399
phone 0.0055 4 0 63 30
phone 0.0055 265 106 266 154
phone 0.0055 0 0 1 30
phone 0.0055 249 60 266 108
phone 0.0055 0 23 2 83
phone 0.0055 143 320 200 370
phone 0.0055 0 0 2 64
phone 0.0055 265 0 266 30
phone 0.0055 250 0 266 30
phone 0.0054 249 29 266 77
phone 0.0054 47 148 80 205
phone 0.0054 263 88 266 202
phone 0.0054 249 306 266 354
phone 0.0054 154 271 188 327
phone 0.0054 188 0 247 30
phone 0.0054 249 229 266 277
phone 0.0054 231 194 266 312
phone 0.0054 263 180 266 295
phone 0.0054 264 0 266 64
phone 0.0054 265 60 266 108
phone 0.0054 265 229 266 277
phone 0.0054 248 26 266 141
phone 0.0054 265 306 266 354
phone 0.0054 157 0 217 30
phone 0.0054 213 154 246 176
phone 0.0054 248 0 266 64
phone 0.0054 49 368 110 399
phone 0.0054 0 300 2 360
phone 0.0054 203 14 263 62
phone 0.0054 18 273 79 386
phone 0.0054 265 29 266 77
phone 0.0054 265 260 266 308
phone 0.0053 80 0 140 30
phone 0.0053 33 0 94 46
phone 0.0053 19 367 78 399
phone 0.0053 219 0 266 30
phone 0.0053 263 27 266 141
phone 0.0053 263 273 266 387
phone 0.0053 48 362 80 399
phone 0.0053 33 300 64 360
phone 0.0053 61 177 97 237
phone 0.0053 64 363 95 399
phone 0.0053 19 307 78 353
phone 0.0053 18 0 48 51
phone 0.0053 170 118 203 173
phone 0.0053 141 0 202 64
phone 0.0053 263 227 266 341
phone 0.0053 141 55 172 113
phone 0.0053 33 0 64 51
phone 0.0053 95 331 125 391
phone 0.0053 33 362 64 399
phone 0.0053 221 150 237 180
phone 0.0053 127 0 186 30
phone 0.0052 224 159 234 171
phone 0.0052 49 0 79 51
phone 0.0052 232 0 266 95
phone 0.0052 79 362 110 399
phone 0.0052 0 353 33 399
phone 0.0052 172 45 232 93
phone 0.0052 203 0 233 37
phone 0.0052 64 0 95 51
phone 0.0052 111 0 171 46
phone 0.0052 117 40 196 189
phone 0.0051 188 0 217 37
phone 0.0051 264 285 266 344
phone 0.0051 173 0 202 37
phone 0.0051 155 312 165 325
phone 0.0051 79 0 110 51
phone 0.0051 139 283 204 399
phone 0.0051 95 0 125 51
phone 0.0051 80 367 140 399
phone 0.0051 187 55 218 113
phone 0.0051 0 0 33 46
phone 0.0051 94 362 126 399
phone 0.0051 157 315 187 376
phone 0.0051 110 0 141 51
phone 0.0050 157 0 186 37
phone 0.0050 126 0 156 51
phone 0.0050 112 364 169 399
phone 0.0050 218 8 249 67
phone 0.0050 110 362 141 399
phone 0.0050 156 55 187 113
phone 0.0050 205 169 238 192
phone 0.0050 141 0 171 51
phone 0.0050 0 0 17 30
phone 0.0050 50 0 109 31
