phone 0.9110 79 97 195 283
phone 0.1011 93 137 180 248
phone 0.0782 106 137 227 276
phone 0.0674 89 161 184 314
phone 0.0609 57 119 156 264
phone 0.0440 11 147 107 298
phone 0.0428 49 112 259 333
phone 0.0334 102 67 204 233
phone 0.0307 125 192 248 316
phone 0.0284 46 24 216 264
phone 0.0280 87 174 156 271
phone 0.0263 99 195 174 281
phone 0.0256 68 167 143 248
phone 0.0252 70 132 142 221
phone 0.0247 22 93 120 252
phone 0.0245 138 170 227 245
phone 0.0243 142 125 254 258
phone 0.0238 152 164 282 296
phone 0.0238 54 197 154 309
phone 0.0231 126 180 208 266
phone 0.0223 22 201 96 275
phone 0.0214 38 167 111 248
phone 0.0208 197 94 314 244
phone 0.0202 79 48 163 243
phone 0.0195 152 37 297 249
phone 0.0194 109 138 164 215
phone 0.0180 53 155 128 229
phone 0.0173 42 81 138 210
phone 0.0172 161 185 235 260
phone 0.0172 50 187 130 259
phone 0.0171 110 170 163 245
phone 0.0168 121 129 213 225
phone 0.0166 235 145 319 253
phone 0.0158 85 229 177 337
phone 0.0156 1 117 88 266
phone 0.0148 179 169 247 245
phone 0.0147 86 192 124 253
phone 0.0145 21 154 97 230
phone 0.0145 182 202 275 335
phone 0.0143 159 150 237 234
phone 0.0141 53 129 128 193
phone 0.0139 37 220 113 286
phone 0.0139 58 48 147 177
phone 0.0137 183 197 244 278
phone 0.0137 0 167 46 293
phone 0.0137 96 156 146 228
phone 0.0136 40 138 109 215
phone 0.0134 41 208 78 268
phone 0.0134 101 206 140 269
phone 0.0130 70 220 142 287
phone 0.0129 116 206 157 270
phone 0.0129 0 62 155 333
phone 0.0128 56 209 93 267
phone 0.0124 117 212 187 295
phone 0.0124 177 32 273 182
phone 0.0123 85 144 126 208
phone 0.0121 28 202 122 334
phone 0.0121 55 177 94 237
phone 0.0118 9 75 79 216
phone 0.0118 172 85 255 236
phone 0.0117 164 194 201 251
phone 0.0117 195 192 231 252
phone 0.0117 0 112 51 240
phone 0.0115 8 187 80 258
phone 0.0114 71 205 102 232
phone 0.0113 180 193 216 252
phone 0.0113 71 178 109 237
phone 0.0113 0 190 91 316
phone 0.0112 27 105 91 186
phone 0.0111 14 237 105 361
phone 0.0111 69 323 143 399
phone 0.0110 118 220 217 348
phone 0.0110 136 20 251 202
phone 0.0110 57 101 123 160
phone 0.0110 140 211 225 265
phone 0.0107 148 208 186 268
phone 0.0107 78 202 95 235
phone 0.0107 71 190 101 217
phone 0.0106 148 110 217 182
phone 0.0105 73 133 107 189
phone 0.0104 103 269 201 391
phone 0.0103 140 129 171 155
phone 0.0103 192 239 266 298
phone 0.0103 88 224 122 282
phone 0.0103 92 3 175 153
phone 0.0102 101 325 172 399
phone 0.0102 44 269 137 391
phone 0.0102 99 102 319 293
phone 0.0102 94 260 125 285
phone 0.0101 33 0 110 164
phone 0.0099 161 161 204 222
phone 0.0099 78 186 95 220
phone 0.0098 77 90 134 170
phone 0.0098 0 330 0 399
phone 0.0098 74 283 168 399
phone 0.0098 151 235 245 364
phone 0.0098 72 210 108 266
phone 0.0096 101 256 118 289
phone 0.0096 147 125 164 159
phone 0.0095 0 192 49 253
phone 0.0095 119 0 211 162
phone 0.0095 189 209 269 267
phone 0.0095 130 237 204 301
phone 0.0094 196 270 262 329
phone 0.0094 40 177 79 237
phone 0.0093 179 138 248 215
phone 0.0093 0 74 13 202
phone 0.0092 82 213 91 225
phone 0.0091 75 361 137 399
phone 0.0090 201 140 287 273
phone 0.0089 56 147 93 205
phone 0.0089 27 194 61 251
phone 0.0088 23 235 96 302
phone 0.0088 7 221 81 286
phone 0.0088 168 65 230 195
phone 0.0088 119 240 153 297
phone 0.0088 108 363 165 399
phone 0.0088 8 254 80 314
phone 0.0088 131 207 172 269
phone 0.0087 0 163 30 220
phone 0.0087 170 101 226 159
phone 0.0087 212 255 245 312
phone 0.0087 23 269 96 330
phone 0.0086 58 234 154 364
phone 0.0086 27 116 61 175
phone 0.0086 105 266 114 279
phone 0.0085 162 220 235 287
phone 0.0085 0 133 44 189
phone 0.0084 195 162 232 221
phone 0.0084 145 254 220 314
phone 0.0084 38 285 112 345
phone 0.0083 41 116 77 175
phone 0.0083 51 239 130 298
phone 0.0083 118 315 186 376
phone 0.0083 82 197 91 209
phone 0.0083 151 136 161 148
phone 0.0083 94 244 125 270
phone 0.0082 212 225 245 282
phone 0.0082 240 212 319 307
phone 0.0081 90 347 121 399
phone 0.0081 131 299 203 361
phone 0.0080 53 301 128 360
phone 0.0080 164 283 233 346
phone 0.0080 53 269 128 330
phone 0.0079 148 182 178 209
phone 0.0079 0 132 9 270
phone 0.0078 209 221 280 286
phone 0.0078 0 223 63 344
phone 0.0078 4 137 199 378
phone 0.0078 39 252 111 316
phone 0.0077 196 222 231 284
phone 0.0077 99 299 174 361
phone 0.0077 135 97 199 164
phone 0.0077 0 240 65 297
phone 0.0077 128 269 206 330
phone 0.0077 84 314 158 377
phone 0.0076 101 240 118 274
phone 0.0076 0 227 48 280
phone 0.0075 155 180 172 212
phone 0.0075 150 240 184 297
phone 0.0075 211 190 278 255
phone 0.0075 209 253 279 315
phone 0.0074 0 28 51 193
phone 0.0074 28 255 60 313
phone 0.0074 57 240 92 297
phone 0.0074 185 113 242 178
phone 0.0074 123 155 181 229
phone 0.0074 121 46 183 183
phone 0.0073 177 162 218 222
phone 0.0073 164 116 200 175
phone 0.0073 87 198 117 224
phone 0.0073 181 225 215 281
phone 0.0073 87 114 124 177
phone 0.0072 43 270 76 328
phone 0.0072 0 209 29 267
phone 0.0072 0 206 66 270
phone 0.0072 27 224 61 282
phone 0.0072 15 100 73 161
phone 0.0072 42 240 76 297
phone 0.0071 45 304 105 399
phone 0.0071 26 163 62 221
phone 0.0071 190 160 267 224
phone 0.0071 28 269 92 390
phone 0.0071 57 117 92 174
phone 0.0071 112 285 192 344
phone 0.0071 89 91 153 201
phone 0.0071 183 229 245 308
phone 0.0071 105 347 137 399
phone 0.0070 59 301 91 359
phone 0.0070 120 332 153 390
phone 0.0070 106 87 167 174
phone 0.0070 165 256 199 312
phone 0.0070 40 147 78 205
phone 0.0069 0 122 29 169
phone 0.0069 181 286 214 344
phone 0.0069 124 86 180 144
phone 0.0069 148 198 179 224
phone 0.0069 29 305 90 355
phone 0.0069 105 259 114 271
phone 0.0069 103 239 138 298
phone 0.0069 64 159 94 186
phone 0.0069 82 205 91 217
phone 0.0069 0 88 29 202
phone 0.0069 68 283 144 347
phone 0.0069 0 0 1 98
phone 0.0069 150 302 184 359
phone 0.0069 60 331 90 391
phone 0.0068 98 128 144 194
phone 0.0068 73 256 107 312
phone 0.0068 64 174 94 201
phone 0.0068 89 316 122 374
phone 0.0068 227 241 261 297
phone 0.0068 47 87 103 142
phone 0.0067 165 226 199 281
phone 0.0067 94 205 125 232
phone 0.0067 74 301 107 359
phone 0.0067 70 250 141 319
phone 0.0067 0 91 60 139
phone 0.0067 105 251 114 263
phone 0.0067 58 334 123 387
phone 0.0066 113 251 190 317
phone 0.0066 12 115 45 175
phone 0.0066 155 194 172 228
phone 0.0066 134 240 169 297
phone 0.0066 227 210 261 266
phone 0.0066 109 240 126 274
phone 0.0066 276 0 319 30
phone 0.0065 93 194 111 228
phone 0.0065 211 195 246 250
phone 0.0065 135 302 168 358
phone 0.0065 44 85 76 144
phone 0.0065 237 71 319 205
phone 0.0065 186 305 241 355
phone 0.0065 0 106 44 154
phone 0.0065 71 228 101 255
phone 0.0065 0 154 63 229
phone 0.0065 141 144 171 170
phone 0.0064 14 290 75 339
phone 0.0064 214 284 244 345
phone 0.0064 260 0 319 64
phone 0.0064 165 286 199 343
phone 0.0064 45 367 105 399
phone 0.0064 158 189 168 202
phone 0.0064 227 179 261 235
phone 0.0064 213 289 276 399
phone 0.0064 104 317 138 374
phone 0.0064 70 155 87 190
phone 0.0063 14 85 44 144
phone 0.0063 44 299 75 361
phone 0.0063 135 331 200 399
phone 0.0063 70 171 87 205
phone 0.0063 260 291 319 338
phone 0.0063 141 113 171 140
phone 0.0063 150 271 184 327
phone 0.0063 75 1 308 217
phone 0.0063 0 196 6 326
phone 0.0062 119 302 153 358
phone 0.0062 0 277 44 322
phone 0.0062 213 116 245 174
phone 0.0062 14 367 75 399
phone 0.0062 245 0 305 30
phone 0.0062 29 338 90 384
phone 0.0062 13 254 44 314
phone 0.0062 180 115 215 175
phone 0.0062 259 258 319 371
phone 0.0062 59 362 91 399
phone 0.0062 195 132 231 190
phone 0.0062 0 146 14 206
phone 0.0062 14 290 75 399
phone 0.0061 291 367 319 399
phone 0.0061 58 271 91 328
phone 0.0061 44 331 75 391
phone 0.0061 101 202 118 236
phone 0.0061 214 322 274 369
phone 0.0061 197 285 229 344
phone 0.0061 0 0 28 30
phone 0.0061 154 320 211 371
phone 0.0061 122 29 182 77
phone 0.0061 0 254 29 314
phone 0.0061 245 106 305 154
phone 0.0061 181 268 246 392
phone 0.0061 230 91 290 139
phone 0.0061 151 128 161 140
phone 0.0061 29 362 60 399
phone 0.0061 14 323 74 369
phone 0.0061 274 332 319 399
phone 0.0060 199 0 258 30
phone 0.0060 246 168 304 216
phone 0.0060 103 100 139 160
phone 0.0060 307 0 319 37
phone 0.0060 119 271 153 328
phone 0.0060 0 131 1 251
phone 0.0060 0 60 59 108
phone 0.0060 147 140 164 174
phone 0.0060 229 57 291 172
phone 0.0060 231 274 288 325
phone 0.0060 0 332 30 399
phone 0.0060 29 316 59 375
phone 0.0060 305 362 319 399
phone 0.0060 229 0 290 64
phone 0.0060 138 45 197 93
phone 0.0060 0 0 13 64
phone 0.0060 0 367 44 399
phone 0.0060 215 291 273 339
phone 0.0060 260 137 319 185
phone 0.0060 275 285 306 344
phone 0.0060 0 39 0 159
phone 0.0060 74 85 107 144
phone 0.0060 29 284 60 345
phone 0.0060 276 168 319 216
phone 0.0060 245 307 305 354
phone 0.0060 261 260 319 308
phone 0.0059 261 0 290 37
phone 0.0059 78 225 95 259
phone 0.0059 61 29 120 77
phone 0.0059 184 29 243 77
phone 0.0059 91 29 151 77
phone 0.0059 181 256 215 312
phone 0.0059 199 106 259 155
phone 0.0059 153 29 213 77
phone 0.0059 44 362 75 399
phone 0.0059 0 337 59 385
phone 0.0059 75 331 106 391
phone 0.0059 183 85 213 144
phone 0.0059 0 0 59 64
phone 0.0059 0 76 28 123
phone 0.0059 182 0 245 110
phone 0.0059 76 45 135 93
phone 0.0059 215 145 273 207
phone 0.0059 59 0 122 110
phone 0.0059 0 177 14 237
phone 0.0059 151 0 214 110
phone 0.0059 275 134 319 249
phone 0.0059 12 209 45 266
phone 0.0059 30 29 90 77
phone 0.0059 230 60 290 108
phone 0.0059 107 45 166 93
phone 0.0059 11 147 46 205
phone 0.0059 15 0 74 30
phone 0.0059 14 45 74 93
phone 0.0059 0 255 1 374
phone 0.0058 13 26 75 141
phone 0.0058 214 29 274 77
phone 0.0058 245 75 305 123
phone 0.0058 0 42 29 156
phone 0.0058 0 363 14 399
phone 0.0058 199 45 259 93
phone 0.0058 261 199 319 246
phone 0.0058 0 224 1 344
phone 0.0058 199 337 259 385
phone 0.0058 153 89 212 141
phone 0.0058 213 26 275 141
phone 0.0058 229 316 260 375
phone 0.0058 214 75 274 123
phone 0.0058 276 276 319 323
phone 0.0058 137 23 167 83
phone 0.0058 214 0 244 37
phone 0.0058 168 45 228 93
phone 0.0058 260 162 290 221
phone 0.0058 245 0 274 37
phone 0.0058 227 236 292 362
phone 0.0058 260 100 290 159
phone 0.0058 245 85 275 144
phone 0.0058 230 0 259 37
phone 0.0058 244 42 306 156
phone 0.0058 291 337 319 385
phone 0.0058 94 221 125 247
phone 0.0058 153 23 182 83
phone 0.0058 122 23 152 83
phone 0.0058 245 337 305 385
phone 0.0058 13 285 44 345
phone 0.0058 0 86 1 205
phone 0.0057 13 75 75 123
phone 0.0057 275 363 306 399
phone 0.0057 258 165 319 280
phone 0.0057 215 121 273 170
phone 0.0057 260 301 290 359
phone 0.0057 0 29 59 77
phone 0.0057 276 230 319 277
phone 0.0057 88 255 122 312
phone 0.0057 14 54 44 113
phone 0.0057 147 109 165 143
phone 0.0057 0 107 13 154
phone 0.0057 0 45 43 93
phone 0.0057 150 283 216 399
phone 0.0057 211 85 278 206
phone 0.0057 14 0 44 37
phone 0.0057 14 331 44 390
phone 0.0057 168 0 228 30
phone 0.0057 97 205 107 217
phone 0.0057 107 0 166 30
phone 0.0057 167 27 229 141
phone 0.0057 11 178 45 236
phone 0.0057 91 60 151 108
phone 0.0057 199 0 228 37
phone 0.0057 29 0 90 64
phone 0.0057 112 251 122 263
phone 0.0057 275 254 306 313
phone 0.0057 291 153 319 200
phone 0.0057 274 227 319 341
phone 0.0057 76 23 105 83
phone 0.0057 199 23 228 83
phone 0.0057 106 23 136 83
phone 0.0057 0 331 13 390
phone 0.0057 244 367 306 399
phone 0.0057 0 60 13 108
phone 0.0057 168 23 198 83
phone 0.0057 276 131 305 190
phone 0.0057 167 320 229 399
phone 0.0057 45 45 105 93
phone 0.0057 230 137 289 185
phone 0.0056 214 23 244 82
phone 0.0056 91 23 121 83
phone 0.0056 159 205 168 217
phone 0.0056 60 23 90 83
phone 0.0056 0 239 13 298
phone 0.0056 291 183 319 231
phone 0.0056 275 307 319 354
phone 0.0056 184 60 243 108
phone 0.0056 168 315 198 376
phone 0.0056 30 54 59 113
phone 0.0056 30 0 59 37
phone 0.0056 228 11 291 126
phone 0.0056 0 275 60 385
phone 0.0056 276 122 319 170
phone 0.0056 260 322 319 369
phone 0.0056 243 289 307 399
phone 0.0056 183 23 213 83
phone 0.0056 245 269 275 329
phone 0.0056 291 245 319 293
phone 0.0056 121 0 183 64
phone 0.0056 260 91 319 139
phone 0.0056 0 178 1 297
phone 0.0056 88 286 122 343
phone 0.0056 106 75 167 124
phone 0.0056 230 285 259 345
phone 0.0056 0 27 14 140
phone 0.0056 45 23 75 83
phone 0.0056 97 197 107 209
phone 0.0056 245 54 275 113
phone 0.0056 275 193 306 251
phone 0.0056 230 54 259 113
phone 0.0056 0 307 59 353
phone 0.0056 45 0 105 30
phone 0.0056 137 367 197 399
phone 0.0056 214 331 244 390
phone 0.0056 30 23 59 82
phone 0.0056 291 214 319 262
phone 0.0056 290 104 319 218
phone 0.0056 147 180 164 211
phone 0.0055 107 14 166 62
phone 0.0055 230 23 259 82
phone 0.0055 306 331 319 390
phone 0.0055 260 69 290 129
phone 0.0055 153 60 212 108
phone 0.0055 290 196 319 310
phone 0.0055 60 70 90 128
phone 0.0055 230 85 259 144
phone 0.0055 229 131 260 190
phone 0.0055 259 363 291 399
phone 0.0055 45 14 105 62
phone 0.0055 138 0 197 30
phone 0.0055 167 85 198 143
phone 0.0055 75 26 137 141
phone 0.0055 198 331 229 390
phone 0.0055 0 0 45 110
phone 0.0055 290 289 319 399
phone 0.0055 260 331 290 390
phone 0.0055 168 14 228 62
phone 0.0055 45 0 74 37
phone 0.0055 199 14 259 62
phone 0.0055 90 0 152 64
phone 0.0055 244 300 275 359
phone 0.0055 142 144 191 209
phone 0.0055 137 75 198 124
phone 0.0055 183 54 213 113
phone 0.0055 211 164 246 219
phone 0.0055 30 60 90 108
phone 0.0055 76 14 136 62
phone 0.0055 0 30 13 77
phone 0.0055 122 0 151 37
phone 0.0055 306 162 319 221
phone 0.0054 276 100 305 159
phone 0.0054 184 0 213 37
phone 0.0054 214 54 244 113
phone 0.0054 75 75 136 124
phone 0.0054 14 23 44 82
phone 0.0054 71 259 101 286
phone 0.0054 138 14 197 62
phone 0.0054 228 332 292 399
phone 0.0054 70 186 87 220
phone 0.0054 14 14 74 62
phone 0.0054 137 0 167 37
phone 0.0054 245 131 275 190
phone 0.0054 260 131 290 190
phone 0.0054 107 54 136 113
phone 0.0054 214 367 275 399
phone 0.0054 245 45 305 93
phone 0.0054 122 60 182 108
phone 0.0054 76 0 135 30
phone 0.0054 291 106 319 154
phone 0.0054 275 316 306 374
phone 0.0054 306 239 319 298
phone 0.0054 306 131 319 190
phone 0.0054 244 178 275 236
phone 0.0054 183 347 214 399
phone 0.0054 0 322 43 369
phone 0.0054 168 76 228 123
phone 0.0054 60 60 120 108
phone 0.0054 121 70 152 128
phone 0.0054 199 54 228 113
phone 0.0054 306 192 319 252
phone 0.0053 151 363 183 399
phone 0.0053 87 182 117 209
phone 0.0053 61 0 90 37
phone 0.0053 245 331 275 390
phone 0.0053 171 198 201 224
phone 0.0053 91 54 121 113
phone 0.0053 245 23 275 82
phone 0.0053 196 255 230 313
phone 0.0053 214 85 244 144
phone 0.0053 74 182 84 194
phone 0.0053 107 0 136 37
phone 0.0053 101 217 118 251
phone 0.0053 29 85 60 144
phone 0.0053 0 23 29 82
phone 0.0053 232 235 288 302
phone 0.0053 105 212 114 225
phone 0.0053 260 60 319 108
phone 0.0053 275 57 319 172
phone 0.0053 74 166 84 179
phone 0.0053 306 300 319 359
phone 0.0053 153 0 182 37
phone 0.0053 244 363 275 399
phone 0.0053 183 367 244 399
phone 0.0053 168 0 198 37
phone 0.0053 306 269 319 329
phone 0.0053 93 84 149 146
phone 0.0053 229 363 260 399
phone 0.0053 94 283 125 308
phone 0.0053 168 54 198 113
phone 0.0053 101 280 118 312
phone 0.0052 213 363 245 399
phone 0.0052 276 75 319 123
phone 0.0052 183 91 243 139
phone 0.0052 45 54 75 113
phone 0.0052 104 286 138 343
phone 0.0052 291 29 319 77
phone 0.0052 152 70 183 128
phone 0.0052 76 0 105 37
phone 0.0052 307 100 319 159
phone 0.0052 91 0 121 37
phone 0.0051 0 215 14 261
phone 0.0051 184 315 213 375
phone 0.0051 153 331 182 391
phone 0.0051 306 60 319 108
phone 0.0051 137 54 167 113
phone 0.0051 260 39 290 98
phone 0.0051 290 0 319 110
phone 0.0051 245 14 305 62
phone 0.0051 198 363 229 399
phone 0.0051 151 151 161 163
phone 0.0051 60 0 121 46
phone 0.0051 0 124 30 281
phone 0.0051 76 54 105 113
phone 0.0051 0 307 13 354
phone 0.0051 82 236 91 248
phone 0.0051 78 255 95 290
phone 0.0051 305 27 319 141
phone 0.0051 306 30 319 77
phone 0.0050 259 11 319 126
phone 0.0050 147 117 187 175
phone 0.0050 153 353 212 399
phone 0.0050 276 54 305 113
phone 0.0050 0 273 14 386
