phone 0.8691 88 106 181 298
phone 0.0747 89 129 162 224
phone 0.0643 102 173 180 273
phone 0.0554 67 61 158 226
phone 0.0427 57 10 208 272
phone 0.0426 104 128 206 256
phone 0.0419 112 186 198 319
phone 0.0411 175 98 266 242
phone 0.0381 81 33 182 195
phone 0.0371 65 85 245 315
phone 0.0351 145 152 241 299
phone 0.0347 25 67 119 207
phone 0.0309 61 9 158 153
phone 0.0295 114 154 167 230
phone 0.0248 90 61 222 227
phone 0.0228 73 187 149 323
phone 0.0225 185 172 263 288
phone 0.0189 102 171 149 243
phone 0.0185 20 0 129 160
phone 0.0171 104 128 147 194
phone 0.0167 0 86 96 255
phone 0.0161 79 148 141 236
phone 0.0161 31 121 117 275
phone 0.0160 129 195 264 329
phone 0.0144 119 205 162 271
phone 0.0140 89 218 161 289
phone 0.0131 34 80 188 372
phone 0.0129 106 205 145 270
phone 0.0125 47 159 142 285
phone 0.0124 91 129 122 154
phone 0.0124 92 145 128 208
phone 0.0122 80 220 172 347
phone 0.0122 61 0 129 103
phone 0.0122 144 95 230 226
phone 0.0121 79 6 140 70
phone 0.0121 22 174 106 302
phone 0.0119 98 126 114 158
phone 0.0119 183 44 266 169
phone 0.0117 132 174 179 240
phone 0.0116 115 13 216 144
phone 0.0115 92 0 160 105
phone 0.0115 49 54 141 175
phone 0.0114 128 218 215 349
phone 0.0114 83 121 114 147
phone 0.0111 0 44 92 177
phone 0.0110 45 36 113 101
phone 0.0109 81 101 140 190
phone 0.0108 101 135 111 148
phone 0.0106 60 130 91 154
phone 0.0105 90 126 107 158
phone 0.0104 67 128 84 156
phone 0.0103 103 235 178 302
phone 0.0100 30 207 98 269
phone 0.0099 71 136 80 148
phone 0.0098 136 208 176 268
phone 0.0097 57 209 132 266
phone 0.0096 145 175 175 201
phone 0.0096 94 135 103 148
phone 0.0095 101 128 111 140
phone 0.0095 59 163 130 221
phone 0.0095 92 176 128 238
phone 0.0094 93 60 158 139
phone 0.0094 62 39 96 98
phone 0.0093 175 198 206 224
phone 0.0093 153 132 221 190
phone 0.0093 89 253 162 315
phone 0.0091 127 56 266 284
phone 0.0091 94 128 103 140
phone 0.0091 124 163 218 221
phone 0.0090 77 24 111 82
phone 0.0090 151 171 168 205
phone 0.0090 137 254 206 314
phone 0.0090 112 12 169 64
phone 0.0090 71 128 80 140
phone 0.0089 32 171 96 243
phone 0.0089 105 77 176 153
phone 0.0089 83 244 114 270
phone 0.0087 213 79 266 197
phone 0.0087 94 0 126 51
phone 0.0086 103 101 178 191
phone 0.0086 16 189 81 256
phone 0.0085 182 194 199 228
phone 0.0085 60 253 91 277
phone 0.0085 176 120 229 202
phone 0.0084 67 250 84 280
phone 0.0084 58 89 132 141
phone 0.0084 92 115 127 176
phone 0.0084 61 134 129 188
phone 0.0084 153 238 221 299
phone 0.0084 171 117 203 174
phone 0.0083 78 210 111 266
phone 0.0083 79 76 141 154
phone 0.0083 92 207 127 268
phone 0.0082 90 241 107 274
phone 0.0082 123 240 157 297
phone 0.0082 60 238 129 299
phone 0.0082 149 50 226 179
phone 0.0082 78 147 110 206
phone 0.0081 149 179 225 235
phone 0.0081 35 8 94 128
phone 0.0081 44 71 115 128
phone 0.0081 108 240 142 297
phone 0.0080 114 120 198 203
phone 0.0080 155 100 219 160
phone 0.0080 54 55 136 113
phone 0.0079 175 160 230 254
phone 0.0079 175 209 230 297
phone 0.0078 151 209 223 267
phone 0.0078 103 51 178 117
phone 0.0077 33 106 94 154
phone 0.0076 155 182 165 194
phone 0.0076 46 178 81 236
phone 0.0076 170 240 203 297
phone 0.0076 160 283 191 308
phone 0.0076 48 100 79 160
phone 0.0075 71 259 80 271
phone 0.0075 78 179 111 235
phone 0.0075 78 0 111 52
phone 0.0075 134 146 177 207
phone 0.0075 186 205 196 217
phone 0.0075 170 147 203 205
phone 0.0074 127 25 185 82
phone 0.0074 190 194 245 251
phone 0.0074 48 13 110 63
phone 0.0074 43 228 116 279
phone 0.0074 138 240 173 297
phone 0.0074 32 193 65 252
phone 0.0074 48 38 80 99
phone 0.0074 167 279 184 312
phone 0.0073 32 55 96 113
phone 0.0073 169 237 235 361
phone 0.0073 94 251 103 263
phone 0.0073 78 86 111 143
phone 0.0073 142 52 201 115
phone 0.0072 108 70 143 129
phone 0.0072 63 7 95 68
phone 0.0072 93 85 127 144
phone 0.0071 60 145 91 169
phone 0.0071 190 226 245 280
phone 0.0071 75 33 145 105
phone 0.0071 202 208 233 267
phone 0.0070 71 143 80 156
phone 0.0070 67 143 84 172
phone 0.0070 117 68 195 131
phone 0.0070 17 92 80 138
phone 0.0069 158 274 216 325
phone 0.0069 190 134 246 188
phone 0.0069 202 178 233 236
phone 0.0069 98 241 115 274
phone 0.0069 170 209 203 266
phone 0.0068 153 159 183 186
phone 0.0068 171 86 203 143
phone 0.0068 170 179 203 236
phone 0.0068 188 291 247 339
phone 0.0068 174 194 192 228
phone 0.0067 33 85 64 145
phone 0.0067 41 195 117 250
phone 0.0067 17 137 80 185
phone 0.0067 32 29 96 77
phone 0.0067 133 87 210 143
phone 0.0067 173 60 232 109
phone 0.0067 123 71 158 128
phone 0.0067 18 104 79 218
phone 0.0067 212 140 266 259
phone 0.0067 190 164 245 219
phone 0.0066 4 148 64 265
phone 0.0066 64 273 125 325
phone 0.0066 2 182 64 232
phone 0.0066 173 306 232 354
phone 0.0066 71 151 80 163
phone 0.0066 170 25 235 143
phone 0.0066 48 8 80 67
phone 0.0066 116 96 196 164
phone 0.0065 132 117 211 174
phone 0.0065 174 276 207 300
phone 0.0065 127 195 216 251
phone 0.0065 203 285 233 344
phone 0.0065 204 91 262 139
phone 0.0065 158 69 216 130
phone 0.0065 18 0 79 110
phone 0.0065 108 270 174 328
phone 0.0065 17 45 80 92
phone 0.0065 171 289 180 302
phone 0.0065 68 121 98 147
phone 0.0065 0 199 49 246
phone 0.0065 172 269 202 329
phone 0.0064 2 153 64 200
phone 0.0064 78 116 110 175
phone 0.0064 17 177 49 237
phone 0.0064 93 56 127 112
phone 0.0064 187 54 218 113
phone 0.0064 140 288 203 399
phone 0.0064 183 272 198 303
phone 0.0064 63 85 95 144
phone 0.0064 33 131 64 190
phone 0.0064 140 9 172 66
phone 0.0064 34 228 94 339
phone 0.0063 77 56 111 112
phone 0.0063 218 106 266 154
phone 0.0063 203 276 263 323
phone 0.0063 96 0 154 32
phone 0.0063 218 76 266 123
phone 0.0063 187 300 218 359
phone 0.0063 62 224 95 282
phone 0.0063 74 125 92 158
phone 0.0063 34 23 64 82
phone 0.0063 219 153 266 200
phone 0.0063 133 226 210 281
phone 0.0062 159 155 176 190
phone 0.0062 202 243 265 356
phone 0.0062 218 85 248 144
phone 0.0062 153 128 183 155
phone 0.0062 2 198 64 308
phone 0.0062 48 223 79 283
phone 0.0062 78 255 111 313
phone 0.0062 175 160 206 185
phone 0.0062 110 0 141 51
phone 0.0062 33 261 95 307
phone 0.0062 2 193 33 252
phone 0.0061 139 41 173 96
phone 0.0061 202 146 233 206
phone 0.0061 157 337 217 385
phone 0.0061 186 281 196 294
phone 0.0061 18 213 79 323
phone 0.0061 18 146 48 205
phone 0.0061 60 114 91 139
phone 0.0061 234 85 264 144
phone 0.0061 3 230 64 276
phone 0.0061 264 367 266 399
phone 0.0061 0 168 49 216
phone 0.0061 92 24 127 82
phone 0.0061 263 332 266 399
phone 0.0061 49 254 79 314
phone 0.0061 101 251 111 263
phone 0.0061 159 280 176 311
phone 0.0061 203 367 264 399
phone 0.0060 126 337 186 385
phone 0.0060 218 270 248 329
phone 0.0060 18 223 48 283
phone 0.0060 3 122 63 169
phone 0.0060 63 332 127 399
phone 0.0060 204 244 261 293
phone 0.0060 19 163 78 220
phone 0.0060 67 112 84 141
phone 0.0060 156 39 187 97
phone 0.0060 49 242 110 356
phone 0.0060 188 29 248 77
phone 0.0060 33 0 95 46
phone 0.0060 0 119 49 233
phone 0.0060 109 289 172 399
phone 0.0060 156 269 187 330
phone 0.0060 2 89 65 202
phone 0.0060 217 27 266 141
phone 0.0060 217 332 266 399
phone 0.0060 34 337 94 385
phone 0.0060 18 246 79 292
phone 0.0060 35 150 93 203
phone 0.0060 187 0 249 110
phone 0.0060 79 367 141 399
phone 0.0059 187 269 218 329
phone 0.0059 0 332 19 399
phone 0.0059 33 239 64 298
phone 0.0059 0 332 3 399
phone 0.0059 0 367 17 399
phone 0.0059 218 239 248 298
phone 0.0059 203 60 263 108
phone 0.0059 3 30 63 77
phone 0.0059 142 322 201 370
phone 0.0059 0 137 48 185
phone 0.0059 0 367 2 399
phone 0.0059 0 332 50 399
phone 0.0059 178 205 188 217
phone 0.0059 90 145 122 170
phone 0.0059 153 149 189 203
phone 0.0059 186 332 250 399
phone 0.0059 49 292 109 338
phone 0.0059 204 122 262 170
phone 0.0059 217 363 249 399
phone 0.0059 79 363 110 399
phone 0.0059 0 106 48 154
phone 0.0059 218 29 266 77
phone 0.0059 219 230 266 277
phone 0.0059 183 156 199 189
phone 0.0058 17 303 80 399
phone 0.0058 249 106 266 154
phone 0.0058 18 115 48 175
phone 0.0058 0 60 48 108
phone 0.0058 172 331 202 390
phone 0.0058 249 337 266 385
phone 0.0058 49 367 110 399
phone 0.0058 95 337 156 385
phone 0.0058 98 141 114 173
phone 0.0058 157 331 187 390
phone 0.0058 233 363 264 399
phone 0.0058 218 116 249 174
phone 0.0058 3 146 33 205
phone 0.0058 175 253 230 315
phone 0.0058 3 367 64 399
phone 0.0058 172 353 233 399
phone 0.0058 64 269 95 330
phone 0.0058 48 304 111 399
phone 0.0058 94 363 126 399
phone 0.0058 216 196 266 310
phone 0.0058 159 125 176 159
phone 0.0058 172 300 202 359
phone 0.0058 188 75 247 124
phone 0.0058 18 14 79 62
phone 0.0058 65 0 124 33
phone 0.0058 248 73 266 187
phone 0.0058 0 0 3 95
phone 0.0058 249 76 266 123
phone 0.0058 0 27 49 140
phone 0.0058 151 155 169 190
phone 0.0057 2 362 33 399
phone 0.0057 234 54 264 113
phone 0.0057 141 331 171 390
phone 0.0057 123 40 158 97
phone 0.0057 202 363 233 399
phone 0.0057 0 73 34 187
phone 0.0057 52 245 83 269
phone 0.0057 111 322 171 369
phone 0.0057 59 242 76 273
phone 0.0057 249 137 266 185
phone 0.0057 0 91 32 139
phone 0.0057 188 331 217 390
phone 0.0057 83 190 113 216
phone 0.0057 203 23 233 82
phone 0.0057 233 131 264 190
phone 0.0057 48 69 80 129
phone 0.0057 249 29 266 77
phone 0.0057 18 23 48 82
phone 0.0057 219 199 266 246
phone 0.0057 265 337 266 385
phone 0.0057 126 331 156 390
phone 0.0057 106 99 144 161
phone 0.0057 249 367 266 399
phone 0.0057 49 331 79 390
phone 0.0057 94 269 126 329
phone 0.0057 64 363 95 399
phone 0.0057 0 0 34 110
phone 0.0057 234 162 264 221
phone 0.0057 171 289 234 399
phone 0.0056 0 45 33 92
phone 0.0056 249 168 266 216
phone 0.0056 107 24 143 82
phone 0.0056 248 119 266 233
phone 0.0056 2 76 64 123
phone 0.0056 218 39 248 98
phone 0.0056 17 363 49 399
phone 0.0056 233 0 266 110
phone 0.0056 110 363 141 399
phone 0.0056 184 159 220 224
phone 0.0056 0 260 48 308
phone 0.0056 3 276 63 323
phone 0.0056 34 331 64 390
phone 0.0056 203 331 233 390
phone 0.0056 0 29 17 77
phone 0.0056 141 353 202 399
phone 0.0056 3 322 63 369
phone 0.0056 248 27 266 141
phone 0.0056 190 194 207 228
phone 0.0056 185 114 219 177
phone 0.0056 0 106 17 154
phone 0.0056 203 322 263 369
phone 0.0056 0 29 2 77
phone 0.0056 233 208 264 267
phone 0.0056 64 331 94 390
phone 0.0056 110 353 171 399
phone 0.0056 249 199 266 246
phone 0.0056 234 0 266 30
phone 0.0056 0 60 17 108
phone 0.0056 0 303 34 399
phone 0.0056 265 91 266 139
phone 0.0056 0 227 49 341
phone 0.0056 154 71 188 127
phone 0.0055 48 363 80 399
phone 0.0055 79 304 142 399
phone 0.0055 265 30 266 77
phone 0.0055 33 363 64 399
phone 0.0055 187 363 218 399
phone 0.0055 0 168 17 216
phone 0.0055 202 288 265 399
phone 0.0055 232 304 266 399
phone 0.0055 203 70 233 128
phone 0.0055 156 367 218 399
phone 0.0055 0 57 18 172
phone 0.0055 265 60 266 108
phone 0.0055 110 331 141 390
phone 0.0055 168 190 198 216
phone 0.0055 248 288 266 399
phone 0.0055 265 122 266 169
phone 0.0055 248 165 266 279
phone 0.0055 62 179 96 235
phone 0.0055 0 137 17 185
phone 0.0055 263 58 266 171
phone 0.0055 0 11 18 126
phone 0.0055 80 331 110 390
phone 0.0055 263 0 266 110
phone 0.0055 218 0 266 64
phone 0.0055 125 367 187 399
phone 0.0055 0 60 2 108
phone 0.0055 0 134 18 249
phone 0.0055 0 245 32 293
phone 0.0055 0 291 48 339
phone 0.0055 265 153 266 200
phone 0.0054 48 131 79 190
phone 0.0054 0 0 1 30
phone 0.0054 265 199 266 246
phone 0.0054 155 174 165 186
phone 0.0054 218 307 266 354
phone 0.0054 186 166 196 179
phone 0.0054 18 70 48 129
phone 0.0054 187 23 218 82
phone 0.0054 0 91 2 139
phone 0.0054 0 26 3 141
phone 0.0054 263 104 266 218
phone 0.0054 0 168 2 216
phone 0.0054 265 230 266 277
phone 0.0054 18 269 48 329
phone 0.0054 249 230 266 277
phone 0.0054 71 120 80 133
phone 0.0054 171 363 203 399
phone 0.0054 0 260 17 308
phone 0.0054 138 72 173 127
phone 0.0054 248 0 266 64
phone 0.0054 125 363 157 399
phone 0.0054 2 273 65 387
phone 0.0054 263 165 266 279
phone 0.0054 0 122 2 170
phone 0.0054 184 206 220 270
phone 0.0053 0 199 17 246
phone 0.0053 0 211 18 326
phone 0.0053 0 229 17 277
phone 0.0053 0 229 2 277
phone 0.0053 190 157 206 188
phone 0.0053 158 30 216 77
phone 0.0053 265 276 266 323
phone 0.0053 18 316 48 375
phone 0.0053 95 331 125 390
phone 0.0053 218 316 248 375
phone 0.0053 33 0 64 51
phone 0.0053 0 199 2 246
phone 0.0053 249 260 266 308
phone 0.0053 0 73 3 187
phone 0.0053 140 363 172 399
phone 0.0053 0 134 3 249
phone 0.0053 249 306 266 354
phone 0.0053 163 289 172 302
phone 0.0053 156 301 187 359
phone 0.0053 154 0 219 110
phone 0.0053 265 306 266 354
phone 0.0053 248 212 266 325
phone 0.0053 153 197 182 225
phone 0.0053 234 239 264 298
phone 0.0053 18 291 79 339
phone 0.0053 3 269 33 329
phone 0.0053 202 116 233 175
phone 0.0053 0 337 2 385
phone 0.0053 265 0 266 30
phone 0.0053 156 363 187 399
phone 0.0053 0 196 3 310
phone 0.0053 101 151 111 163
phone 0.0053 264 0 266 64
phone 0.0053 263 212 266 325
phone 0.0053 163 166 173 179
phone 0.0053 34 307 94 354
phone 0.0053 78 136 88 148
phone 0.0053 263 273 266 387
phone 0.0052 64 0 94 37
phone 0.0052 0 260 2 308
phone 0.0052 34 300 64 360
phone 0.0052 126 0 156 37
phone 0.0052 63 147 95 205
phone 0.0052 173 14 232 62
phone 0.0052 141 300 171 359
phone 0.0052 32 273 96 386
phone 0.0052 90 186 107 220
phone 0.0052 0 322 17 370
phone 0.0052 127 307 185 353
phone 0.0052 63 251 72 263
phone 0.0052 172 24 202 82
phone 0.0052 0 14 1 62
phone 0.0052 218 261 266 308
phone 0.0052 99 121 129 147
phone 0.0051 176 93 229 166
phone 0.0051 188 0 248 46
phone 0.0051 0 291 17 339
phone 0.0051 0 14 48 62
phone 0.0051 64 274 126 385
phone 0.0051 219 0 248 37
phone 0.0051 205 213 261 263
phone 0.0051 203 239 233 298
phone 0.0051 154 118 188 173
phone 0.0051 157 0 217 46
phone 0.0051 33 269 64 329
phone 0.0051 0 291 2 339
phone 0.0051 0 242 3 356
phone 0.0051 49 300 79 360
phone 0.0051 65 307 124 353
phone 0.0051 0 257 18 372
phone 0.0051 264 254 266 313
phone 0.0051 80 300 110 360
phone 0.0051 3 0 63 46
phone 0.0051 194 166 203 179
phone 0.0051 19 0 78 31
phone 0.0050 218 208 248 267
phone 0.0050 187 0 218 51
phone 0.0050 97 186 115 220
phone 0.0050 203 0 233 51
phone 0.0050 0 0 18 64
phone 0.0050 0 0 17 30
phone 0.0050 78 128 88 140
phone 0.0050 153 236 183 263
phone 0.0050 142 15 201 62
phone 0.0050 49 0 79 37
phone 0.0050 126 300 156 360
