phone 0.9461 152 37 261 251
phone 0.0522 132 27 227 195
phone 0.0501 128 100 226 243
phone 0.0387 113 67 209 213
phone 0.0322 80 102 180 241
phone 0.0321 147 164 252 266
phone 0.0301 151 27 255 138
phone 0.0284 57 38 162 230
phone 0.0275 163 103 252 210
phone 0.0225 122 137 200 206
phone 0.0224 188 54 315 219
phone 0.0219 199 17 322 138
phone 0.0217 266 70 379 196
phone 0.0211 93 34 186 177
phone 0.0209 107 154 184 220
phone 0.0207 142 142 211 232
phone 0.0204 92 133 168 210
phone 0.0198 109 118 182 195
phone 0.0189 124 104 198 177
phone 0.0185 87 0 265 228
phone 0.0179 242 131 342 257
phone 0.0168 166 60 248 161
phone 0.0167 117 16 205 142
phone 0.0162 93 145 198 258
phone 0.0159 84 71 146 148
phone 0.0158 205 85 381 245
phone 0.0156 176 126 298 247
phone 0.0156 78 153 152 221
phone 0.0153 223 16 365 196
phone 0.0153 144 62 209 158
phone 0.0153 277 10 374 133
phone 0.0148 247 0 344 110
phone 0.0143 18 61 136 214
phone 0.0141 56 0 165 133
phone 0.0140 144 158 178 215
phone 0.0139 124 173 198 232
phone 0.0138 96 0 185 112
phone 0.0135 177 0 283 109
phone 0.0135 94 102 166 180
phone 0.0134 142 127 180 186
phone 0.0134 80 119 150 193
phone 0.0133 127 158 164 216
phone 0.0132 126 78 196 142
phone 0.0132 60 159 140 266
phone 0.0131 97 80 132 140
phone 0.0130 207 158 313 266
phone 0.0129 129 37 193 91
phone 0.0126 192 114 283 199
phone 0.0123 158 0 226 152
phone 0.0121 209 110 297 172
phone 0.0121 110 88 180 162
phone 0.0118 88 186 173 266
phone 0.0116 148 24 205 103
phone 0.0115 126 126 165 186
phone 0.0114 145 34 177 93
phone 0.0113 111 142 149 201
phone 0.0113 168 137 216 206
phone 0.0112 156 155 196 218
phone 0.0112 237 64 301 125
phone 0.0110 119 66 329 266
phone 0.0108 97 158 132 216
phone 0.0108 131 0 216 84
phone 0.0108 195 67 280 153
phone 0.0107 224 108 314 234
phone 0.0107 155 124 198 188
phone 0.0107 51 129 118 244
phone 0.0106 223 0 307 84
phone 0.0105 143 96 179 155
phone 0.0104 234 92 304 159
phone 0.0102 193 152 282 222
phone 0.0101 216 190 291 246
phone 0.0101 255 128 313 215
phone 0.0100 180 164 265 241
phone 0.0100 156 199 228 266
phone 0.0099 67 106 132 175
phone 0.0098 67 134 132 208
phone 0.0097 98 55 162 134
phone 0.0097 144 66 177 123
phone 0.0096 0 263 40 266
phone 0.0095 172 170 212 234
phone 0.0095 0 0 39 0
phone 0.0095 165 47 196 73
phone 0.0094 98 188 131 247
phone 0.0094 97 127 132 185
phone 0.0092 255 81 313 169
phone 0.0091 109 219 182 266
phone 0.0090 256 164 312 240
phone 0.0090 172 43 189 76
phone 0.0089 84 188 115 247
phone 0.0089 144 189 177 246
phone 0.0089 114 0 343 171
phone 0.0089 233 123 305 189
phone 0.0088 203 217 273 266
phone 0.0088 36 39 118 169
phone 0.0088 189 190 224 246
phone 0.0087 159 187 194 248
phone 0.0087 236 190 270 245
phone 0.0087 208 145 298 199
phone 0.0086 252 80 285 139
phone 0.0086 83 157 116 216
phone 0.0085 150 131 180 157
phone 0.0085 157 63 196 126
phone 0.0085 83 126 116 185
phone 0.0082 111 111 149 170
phone 0.0082 0 0 58 96
phone 0.0082 83 222 147 266
phone 0.0082 129 34 162 93
phone 0.0082 168 218 246 266
phone 0.0082 127 96 164 154
phone 0.0081 150 70 180 96
phone 0.0081 281 138 362 249
phone 0.0081 169 77 214 143
phone 0.0081 69 157 100 216
phone 0.0081 51 176 118 228
phone 0.0081 83 95 116 155
phone 0.0080 175 204 208 262
phone 0.0080 236 151 302 222
phone 0.0080 112 174 148 230
phone 0.0080 114 48 178 110
phone 0.0080 46 62 234 266
phone 0.0079 262 85 338 227
phone 0.0078 126 200 196 266
phone 0.0078 176 54 185 66
phone 0.0078 67 207 132 259
phone 0.0077 157 234 227 266
phone 0.0077 253 50 285 108
phone 0.0077 156 128 174 161
phone 0.0076 155 93 197 157
phone 0.0076 235 129 270 183
phone 0.0076 181 121 234 191
phone 0.0076 252 112 285 169
phone 0.0076 266 140 302 202
phone 0.0075 234 97 271 153
phone 0.0075 257 48 312 110
phone 0.0074 39 114 99 228
phone 0.0074 112 65 148 124
phone 0.0073 37 148 100 195
phone 0.0073 225 239 281 266
phone 0.0073 156 66 174 100
phone 0.0073 252 143 285 200
phone 0.0073 99 218 130 266
phone 0.0073 180 229 196 260
phone 0.0072 130 233 161 266
phone 0.0072 286 71 344 119
phone 0.0072 255 14 315 144
phone 0.0072 172 232 204 257
phone 0.0072 282 36 348 153
phone 0.0071 69 187 99 248
phone 0.0071 128 190 162 245
phone 0.0071 252 188 285 247
phone 0.0070 266 109 302 172
phone 0.0070 54 157 84 216
phone 0.0069 220 205 255 261
phone 0.0069 300 65 330 123
phone 0.0069 227 54 257 81
phone 0.0069 234 229 250 260
phone 0.0069 270 123 329 189
phone 0.0069 226 232 258 257
phone 0.0068 195 229 211 260
phone 0.0068 239 234 268 266
phone 0.0068 157 209 188 234
phone 0.0068 270 224 329 266
phone 0.0068 0 0 41 32
phone 0.0068 188 232 219 257
phone 0.0067 222 35 284 93
phone 0.0067 160 138 170 151
phone 0.0067 164 205 181 237
phone 0.0067 168 107 216 174
phone 0.0067 285 209 344 257
phone 0.0067 189 234 256 266
phone 0.0067 257 214 272 244
phone 0.0067 248 218 281 240
phone 0.0067 266 78 302 141
phone 0.0066 260 223 270 236
phone 0.0066 116 23 176 73
phone 0.0066 128 235 194 266
phone 0.0066 183 238 193 251
phone 0.0065 188 229 204 260
phone 0.0065 236 203 301 266
phone 0.0065 285 218 315 266
phone 0.0065 190 220 224 266
phone 0.0065 183 154 231 220
phone 0.0065 160 77 170 89
phone 0.0065 172 229 188 260
phone 0.0064 68 125 100 186
phone 0.0064 55 82 114 199
phone 0.0064 233 50 250 85
phone 0.0064 113 204 147 261
phone 0.0064 54 193 115 266
phone 0.0064 271 55 328 104
phone 0.0064 163 249 233 266
phone 0.0063 255 24 314 72
phone 0.0063 164 43 181 77
phone 0.0063 114 33 146 93
phone 0.0063 300 203 330 262
phone 0.0063 269 33 300 93
phone 0.0063 100 238 161 266
phone 0.0063 272 82 327 138
phone 0.0063 0 38 56 161
phone 0.0063 236 160 270 214
phone 0.0063 238 19 269 77
phone 0.0063 38 161 100 266
phone 0.0063 53 101 116 149
phone 0.0063 38 194 99 241
phone 0.0063 69 241 130 266
phone 0.0062 269 218 299 266
phone 0.0062 237 238 247 251
phone 0.0062 255 240 314 266
phone 0.0062 69 218 99 266
phone 0.0062 85 234 115 266
phone 0.0062 54 126 84 185
phone 0.0062 205 190 240 245
phone 0.0062 164 16 220 81
phone 0.0062 271 177 327 227
phone 0.0061 157 205 173 238
phone 0.0061 168 215 177 228
phone 0.0061 285 49 315 108
phone 0.0061 254 234 284 266
phone 0.0061 285 40 345 88
phone 0.0061 128 66 163 123
phone 0.0061 145 265 209 266
phone 0.0061 199 238 208 251
phone 0.0061 283 142 316 201
phone 0.0060 37 237 100 266
phone 0.0060 54 188 84 247
phone 0.0060 191 0 255 29
phone 0.0060 160 265 224 266
phone 0.0060 227 131 257 158
phone 0.0060 177 9 238 57
phone 0.0060 220 175 255 230
phone 0.0060 69 95 99 155
phone 0.0060 86 49 145 109
phone 0.0059 222 0 285 29
phone 0.0059 160 0 224 29
phone 0.0059 301 178 360 226
phone 0.0059 256 48 289 71
phone 0.0059 39 9 99 57
phone 0.0059 150 147 180 173
phone 0.0059 130 0 193 29
phone 0.0059 299 237 362 266
phone 0.0059 191 238 200 251
phone 0.0059 200 39 275 120
phone 0.0059 176 238 185 251
phone 0.0059 208 0 268 42
phone 0.0059 157 245 173 266
phone 0.0059 53 0 116 90
phone 0.0059 160 18 193 78
phone 0.0059 363 53 399 165
phone 0.0059 254 256 314 266
phone 0.0059 7 0 70 29
phone 0.0059 70 9 130 57
phone 0.0058 300 34 330 93
phone 0.0058 361 101 399 150
phone 0.0058 285 255 345 266
phone 0.0058 148 248 181 266
phone 0.0058 208 0 268 11
phone 0.0058 39 255 99 266
phone 0.0058 173 33 210 94
phone 0.0058 285 172 315 232
phone 0.0058 175 265 240 266
phone 0.0058 361 70 399 119
phone 0.0058 315 253 377 266
phone 0.0058 53 71 115 118
phone 0.0058 283 111 316 170
phone 0.0058 253 0 316 29
phone 0.0058 54 264 84 266
phone 0.0058 69 40 131 88
phone 0.0058 285 9 345 57
phone 0.0058 209 255 267 266
phone 0.0058 217 142 258 201
phone 0.0058 300 24 360 72
phone 0.0058 54 0 114 41
phone 0.0058 362 238 399 266
phone 0.0058 316 40 376 88
phone 0.0058 362 7 399 119
phone 0.0058 116 0 176 11
phone 0.0058 264 45 281 75
phone 0.0057 71 35 129 153
phone 0.0057 361 39 399 88
phone 0.0057 22 0 85 90
phone 0.0057 99 0 162 29
phone 0.0057 177 0 237 11
phone 0.0057 330 237 393 266
phone 0.0057 300 172 330 231
phone 0.0057 7 237 69 266
phone 0.0057 160 253 170 266
phone 0.0057 239 0 299 42
phone 0.0057 362 100 399 212
phone 0.0057 239 0 299 11
phone 0.0057 299 0 362 105
phone 0.0057 69 264 99 266
phone 0.0057 360 131 399 180
phone 0.0057 0 234 40 266
phone 0.0057 260 215 270 228
phone 0.0057 147 0 206 11
phone 0.0057 160 146 170 158
phone 0.0057 38 117 100 164
phone 0.0057 287 161 343 212
phone 0.0057 115 0 177 44
phone 0.0057 192 4 223 61
phone 0.0057 6 0 211 211
phone 0.0057 361 8 399 57
phone 0.0057 85 0 145 11
phone 0.0057 270 0 330 41
phone 0.0057 39 264 68 266
phone 0.0057 115 233 146 266
phone 0.0057 23 0 83 42
phone 0.0057 160 69 170 82
phone 0.0057 301 55 360 103
phone 0.0057 8 9 68 57
phone 0.0057 300 265 330 266
phone 0.0057 192 0 254 74
phone 0.0057 316 265 345 266
phone 0.0057 316 9 376 57
phone 0.0057 85 0 145 41
phone 0.0056 177 4 207 61
phone 0.0056 268 54 277 66
phone 0.0056 145 0 208 44
phone 0.0056 70 3 99 62
phone 0.0056 54 3 84 62
phone 0.0056 364 262 399 266
phone 0.0056 331 24 391 72
phone 0.0056 84 0 146 90
phone 0.0056 160 215 170 228
phone 0.0056 316 71 376 118
phone 0.0056 39 40 99 88
phone 0.0056 22 221 85 266
phone 0.0056 269 249 300 266
phone 0.0056 223 0 253 31
phone 0.0056 39 0 99 11
phone 0.0056 316 172 345 231
phone 0.0056 361 254 399 266
phone 0.0056 331 265 361 266
phone 0.0056 270 0 330 11
phone 0.0056 361 162 399 211
phone 0.0056 85 3 115 62
phone 0.0056 8 0 68 11
phone 0.0056 300 234 330 266
phone 0.0056 69 0 130 26
phone 0.0056 7 253 69 266
phone 0.0056 316 163 376 211
phone 0.0056 54 249 84 266
phone 0.0056 84 64 115 124
phone 0.0056 330 0 393 105
phone 0.0056 38 6 100 121
phone 0.0056 268 46 277 58
phone 0.0056 346 264 376 266
phone 0.0056 37 0 101 28
phone 0.0056 331 55 391 103
phone 0.0056 361 0 399 11
phone 0.0056 168 54 177 66
phone 0.0055 315 37 377 151
phone 0.0055 362 192 399 266
phone 0.0055 314 221 377 266
phone 0.0055 208 0 238 31
phone 0.0055 361 0 399 27
phone 0.0055 69 65 99 124
phone 0.0055 254 265 284 266
phone 0.0055 239 0 268 31
phone 0.0055 283 0 347 28
phone 0.0055 39 3 68 62
phone 0.0055 301 101 360 149
phone 0.0055 315 145 377 259
phone 0.0055 300 0 360 42
phone 0.0055 331 86 391 134
phone 0.0055 285 265 315 266
phone 0.0055 233 127 251 162
phone 0.0055 150 201 180 226
phone 0.0055 23 265 53 266
phone 0.0055 300 3 330 62
phone 0.0055 285 249 315 266
phone 0.0055 316 18 345 78
phone 0.0055 85 34 115 93
phone 0.0055 331 18 361 78
phone 0.0055 316 194 376 241
phone 0.0055 331 148 391 195
phone 0.0055 131 0 161 16
phone 0.0055 157 154 188 181
phone 0.0055 146 0 176 16
phone 0.0055 331 178 391 226
phone 0.0055 193 0 222 16
phone 0.0055 254 19 284 77
phone 0.0055 299 191 362 266
phone 0.0055 116 0 145 16
phone 0.0055 227 69 257 97
phone 0.0055 316 249 345 266
phone 0.0055 0 0 36 11
phone 0.0054 69 249 99 266
phone 0.0054 85 264 115 266
phone 0.0054 254 0 284 16
phone 0.0054 162 0 192 16
phone 0.0054 270 0 299 47
phone 0.0054 330 52 393 167
phone 0.0054 301 147 359 196
phone 0.0054 254 0 284 47
phone 0.0054 331 0 391 42
phone 0.0054 331 117 391 165
phone 0.0054 331 0 391 11
phone 0.0054 177 0 207 16
phone 0.0054 100 3 130 62
phone 0.0054 331 49 361 108
phone 0.0054 127 131 157 158
phone 0.0054 300 0 360 11
phone 0.0054 330 129 393 243
phone 0.0054 100 0 130 16
phone 0.0054 39 249 69 266
phone 0.0054 0 0 23 1
phone 0.0054 224 249 253 266
phone 0.0054 346 18 376 78
phone 0.0054 70 34 99 93
phone 0.0054 285 0 315 47
phone 0.0054 331 209 391 257
phone 0.0054 377 79 399 140
phone 0.0054 316 49 345 108
phone 0.0054 270 0 299 16
phone 0.0054 85 256 145 266
phone 0.0054 238 265 269 266
phone 0.0054 54 34 84 93
phone 0.0054 24 3 53 62
phone 0.0054 168 254 177 266
phone 0.0054 100 249 130 266
phone 0.0054 127 200 157 227
phone 0.0054 314 0 378 28
phone 0.0053 237 61 247 74
phone 0.0053 156 143 174 177
phone 0.0053 377 48 399 109
phone 0.0053 23 178 84 226
phone 0.0053 85 0 115 16
phone 0.0053 8 40 68 88
phone 0.0053 209 21 267 76
phone 0.0053 346 49 376 108
phone 0.0053 377 110 399 171
phone 0.0053 8 194 68 241
phone 0.0053 376 264 399 266
phone 0.0053 54 0 84 16
phone 0.0053 331 249 361 266
phone 0.0053 203 228 219 261
phone 0.0053 331 172 361 231
phone 0.0053 0 0 22 16
phone 0.0053 285 0 315 16
phone 0.0053 297 97 364 214
phone 0.0053 70 0 99 16
phone 0.0053 159 219 193 266
phone 0.0053 24 0 53 16
phone 0.0053 269 265 300 266
phone 0.0053 165 245 180 266
phone 0.0053 39 0 68 16
phone 0.0053 331 80 361 139
phone 0.0053 346 249 376 266
phone 0.0053 24 55 83 103
phone 0.0053 347 80 376 139
phone 0.0053 315 203 346 262
phone 0.0053 315 96 346 154
phone 0.0053 316 132 376 180
phone 0.0053 0 65 40 185
phone 0.0053 377 2 399 63
phone 0.0053 39 203 68 262
phone 0.0053 299 52 362 167
phone 0.0053 268 215 277 228
phone 0.0052 346 157 376 216
phone 0.0052 7 160 69 266
phone 0.0052 250 62 280 88
phone 0.0052 331 218 361 266
phone 0.0052 0 264 22 266
phone 0.0052 8 163 68 211
phone 0.0052 23 249 53 266
phone 0.0052 347 126 376 185
phone 0.0052 39 34 68 93
phone 0.0052 316 0 345 47
phone 0.0052 0 173 41 266
phone 0.0052 54 218 84 266
phone 0.0052 377 141 399 201
phone 0.0052 300 0 330 16
phone 0.0052 285 18 315 77
phone 0.0052 130 9 192 57
phone 0.0052 0 25 53 72
phone 0.0052 346 0 376 16
phone 0.0052 300 142 330 200
phone 0.0052 227 115 257 143
phone 0.0052 346 0 376 47
phone 0.0052 376 248 399 266
phone 0.0052 0 111 41 231
phone 0.0052 315 126 346 185
phone 0.0052 287 130 343 182
phone 0.0052 346 188 376 247
phone 0.0052 116 0 145 47
phone 0.0052 131 3 161 62
phone 0.0052 256 210 289 233
phone 0.0052 376 0 399 17
phone 0.0052 22 129 85 243
phone 0.0052 265 207 280 236
phone 0.0052 331 0 361 47
phone 0.0052 188 47 218 73
phone 0.0052 164 151 181 184
phone 0.0052 39 172 69 232
phone 0.0051 216 81 259 139
phone 0.0051 146 265 176 266
phone 0.0051 331 0 361 16
phone 0.0051 346 218 376 266
phone 0.0051 316 0 345 16
phone 0.0051 87 175 104 206
phone 0.0051 0 255 36 266
phone 0.0051 377 218 399 266
phone 0.0051 331 142 361 200
phone 0.0051 377 172 399 232
phone 0.0051 162 264 192 266
phone 0.0051 223 9 284 57
phone 0.0051 362 264 392 266
phone 0.0051 0 0 22 47
phone 0.0051 8 3 38 62
phone 0.0051 0 209 53 257
phone 0.0051 99 254 162 266
phone 0.0051 126 33 157 56
phone 0.0051 233 66 251 100
phone 0.0051 7 114 69 228
phone 0.0051 250 101 280 127
phone 0.0051 0 178 53 226
phone 0.0051 208 249 238 266
phone 0.0051 8 70 68 118
phone 0.0051 8 132 68 180
phone 0.0051 227 146 257 173
phone 0.0051 100 9 161 57
phone 0.0051 24 34 53 93
phone 0.0050 100 264 130 266
phone 0.0050 0 55 53 103
phone 0.0050 24 188 53 247
phone 0.0050 0 86 53 134
phone 0.0050 22 37 85 151
phone 0.0050 39 86 99 134
phone 0.0050 8 265 38 266
phone 0.0050 80 179 112 202
phone 0.0050 208 4 238 61
phone 0.0050 145 254 208 266
phone 0.0050 133 127 151 162
phone 0.0050 346 194 399 241
phone 0.0050 130 0 161 1
phone 0.0050 0 117 53 164
phone 0.0050 146 0 177 1
phone 0.0050 0 249 22 266
