phone 0.9887 82 48 224 346
phone 0.1072 13 66 182 334
phone 0.1065 107 84 287 309
phone 0.0919 0 87 92 309
phone 0.0532 76 155 177 320
phone 0.0399 196 114 299 282
phone 0.0366 81 233 173 336
phone 0.0326 81 50 172 210
phone 0.0316 147 185 299 331
phone 0.0305 96 270 206 362
phone 0.0273 115 237 236 338
phone 0.0268 17 184 92 333
phone 0.0253 50 138 142 276
phone 0.0217 118 74 227 248
phone 0.0210 211 50 299 229
phone 0.0206 192 235 292 344
phone 0.0204 48 190 140 328
phone 0.0195 17 124 112 259
phone 0.0191 145 145 260 269
phone 0.0190 40 65 144 155
phone 0.0185 114 63 233 165
phone 0.0184 225 206 299 316
phone 0.0179 109 300 189 394
phone 0.0177 71 101 152 252
phone 0.0177 0 71 81 207
phone 0.0164 88 191 165 285
phone 0.0164 149 95 256 227
phone 0.0164 13 54 103 165
phone 0.0162 59 187 132 258
phone 0.0162 15 155 84 229
phone 0.0149 29 141 100 212
phone 0.0149 100 39 198 131
phone 0.0144 91 88 162 173
phone 0.0144 51 80 141 211
phone 0.0143 60 157 132 227
phone 0.0142 29 171 100 244
phone 0.0141 48 32 136 129
phone 0.0133 160 186 246 260
phone 0.0133 199 19 290 137
phone 0.0130 15 186 84 259
phone 0.0130 161 154 245 230
phone 0.0130 4 228 106 358
phone 0.0129 131 30 226 138
phone 0.0129 18 106 81 185
phone 0.0129 35 267 126 393
phone 0.0129 155 269 259 365
phone 0.0129 166 24 256 139
phone 0.0125 60 221 131 286
phone 0.0125 17 216 82 290
phone 0.0125 196 281 286 360
phone 0.0124 0 128 61 255
phone 0.0122 78 209 112 267
phone 0.0121 0 109 41 230
phone 0.0120 167 68 270 192
phone 0.0116 78 270 176 390
phone 0.0113 0 54 37 165
phone 0.0113 17 247 82 321
phone 0.0113 89 142 164 242
phone 0.0113 0 177 60 298
phone 0.0112 60 128 131 194
phone 0.0112 61 85 130 145
phone 0.0111 204 127 264 195
phone 0.0111 31 162 67 221
phone 0.0109 163 125 243 197
phone 0.0107 88 283 165 347
phone 0.0107 29 203 101 273
phone 0.0106 78 178 113 237
phone 0.0105 46 163 83 221
phone 0.0104 32 116 67 175
phone 0.0102 141 284 235 399
phone 0.0102 54 3 128 95
phone 0.0101 104 16 180 183
phone 0.0100 53 177 247 397
phone 0.0100 160 220 246 288
phone 0.0100 0 47 6 165
phone 0.0099 78 147 113 206
phone 0.0099 202 156 266 228
phone 0.0097 0 160 54 223
phone 0.0097 44 302 117 359
phone 0.0096 15 284 84 345
phone 0.0096 32 224 67 283
phone 0.0095 181 272 257 327
phone 0.0095 194 174 276 302
phone 0.0094 31 193 67 252
phone 0.0094 17 132 51 190
phone 0.0094 84 60 138 139
phone 0.0093 26 262 87 375
phone 0.0092 109 270 143 328
phone 0.0092 0 80 5 196
phone 0.0092 0 236 68 302
phone 0.0090 175 181 262 234
phone 0.0090 222 197 277 279
phone 0.0090 176 150 261 203
phone 0.0089 63 194 97 251
phone 0.0089 217 146 251 206
phone 0.0089 32 254 67 314
phone 0.0089 0 193 54 252
phone 0.0089 76 299 107 323
phone 0.0089 90 317 163 374
phone 0.0088 167 300 240 361
phone 0.0088 62 250 130 318
phone 0.0087 79 117 112 174
phone 0.0087 170 256 299 385
phone 0.0087 86 5 159 99
phone 0.0087 1 272 68 327
phone 0.0086 34 96 95 165
phone 0.0085 175 212 263 264
phone 0.0085 90 206 131 270
phone 0.0085 84 295 100 327
phone 0.0085 181 103 256 157
phone 0.0084 63 164 97 220
phone 0.0084 151 315 225 376
phone 0.0084 203 234 266 303
phone 0.0084 46 194 83 251
phone 0.0083 107 100 146 161
phone 0.0083 63 301 97 359
phone 0.0083 2 147 35 205
phone 0.0082 79 240 112 297
phone 0.0081 47 133 82 189
phone 0.0081 18 255 50 313
phone 0.0081 28 237 102 301
phone 0.0081 0 5 71 152
phone 0.0080 202 272 235 327
phone 0.0080 80 69 111 129
phone 0.0079 176 244 261 294
phone 0.0079 111 1 194 103
phone 0.0079 92 237 130 300
phone 0.0078 87 305 97 317
phone 0.0078 127 206 217 302
phone 0.0078 134 88 211 173
phone 0.0078 2 178 35 236
phone 0.0078 133 298 212 362
phone 0.0078 0 16 9 133
phone 0.0077 48 301 81 359
phone 0.0076 173 70 233 129
phone 0.0076 3 256 66 372
phone 0.0076 237 211 293 264
phone 0.0076 218 116 251 175
phone 0.0075 218 255 250 313
phone 0.0075 92 99 130 162
phone 0.0075 0 196 34 310
phone 0.0074 110 317 143 374
phone 0.0074 2 209 35 267
phone 0.0074 0 226 50 341
phone 0.0074 183 194 222 251
phone 0.0073 28 269 102 330
phone 0.0073 44 116 117 176
phone 0.0073 217 208 251 267
phone 0.0072 183 163 222 220
phone 0.0072 217 177 251 236
phone 0.0072 186 302 220 358
phone 0.0072 107 238 146 299
phone 0.0072 251 276 299 323
phone 0.0072 0 223 19 283
phone 0.0071 108 69 144 129
phone 0.0071 251 153 299 200
phone 0.0071 249 242 299 356
phone 0.0071 61 280 130 350
phone 0.0071 248 118 299 234
phone 0.0071 48 85 81 144
phone 0.0070 162 253 244 315
phone 0.0070 201 165 235 219
phone 0.0070 129 54 186 114
phone 0.0070 235 306 295 354
phone 0.0070 17 224 51 282
phone 0.0069 87 297 97 310
phone 0.0069 202 102 235 158
phone 0.0069 0 150 19 263
phone 0.0069 234 273 296 387
phone 0.0069 79 270 112 328
phone 0.0069 251 244 299 293
phone 0.0069 0 184 20 230
phone 0.0069 232 222 267 284
phone 0.0068 47 225 82 282
phone 0.0068 0 245 34 292
phone 0.0068 140 287 174 342
phone 0.0068 238 0 299 168
phone 0.0068 171 317 204 374
phone 0.0068 250 193 281 252
phone 0.0068 0 122 35 169
phone 0.0068 184 133 222 189
phone 0.0068 124 287 158 342
phone 0.0067 201 134 235 188
phone 0.0067 201 195 235 250
phone 0.0067 34 300 65 360
phone 0.0067 222 141 277 211
phone 0.0066 0 106 50 154
phone 0.0066 250 300 280 359
phone 0.0066 0 177 3 237
phone 0.0065 111 59 172 141
phone 0.0065 96 45 157 93
phone 0.0065 64 317 128 373
phone 0.0065 17 178 51 236
phone 0.0065 77 275 107 301
phone 0.0065 265 254 296 313
phone 0.0065 0 254 19 314
phone 0.0065 140 332 205 389
phone 0.0065 251 122 299 170
phone 0.0065 52 331 127 399
phone 0.0065 3 91 66 139
phone 0.0065 266 131 296 190
phone 0.0065 104 191 148 254
phone 0.0064 63 133 97 189
phone 0.0064 232 191 267 253
phone 0.0064 0 116 19 175
phone 0.0064 75 297 147 364
phone 0.0064 0 292 50 338
phone 0.0064 265 144 299 254
phone 0.0064 281 367 299 399
phone 0.0064 19 284 50 345
phone 0.0064 280 332 299 399
phone 0.0064 156 317 189 374
phone 0.0063 159 57 217 111
phone 0.0063 24 3 95 92
phone 0.0063 206 323 239 346
phone 0.0063 220 321 279 370
phone 0.0063 4 323 65 369
phone 0.0063 202 241 235 296
phone 0.0063 237 180 293 234
phone 0.0063 89 175 132 240
phone 0.0063 184 225 222 281
phone 0.0063 140 317 174 374
phone 0.0063 155 287 190 342
phone 0.0063 215 319 230 349
phone 0.0062 3 269 34 329
phone 0.0062 112 39 142 97
phone 0.0062 19 316 49 375
phone 0.0062 247 177 299 298
phone 0.0062 221 271 278 327
phone 0.0062 249 72 299 187
phone 0.0062 296 367 299 399
phone 0.0062 266 285 296 344
phone 0.0062 142 45 203 93
phone 0.0062 127 39 157 97
phone 0.0062 63 225 97 281
phone 0.0062 295 332 299 399
phone 0.0062 90 144 132 209
phone 0.0062 91 295 108 327
phone 0.0061 19 85 49 144
phone 0.0061 27 5 270 219
phone 0.0061 126 331 157 391
phone 0.0061 0 76 49 123
phone 0.0061 96 39 126 98
phone 0.0061 96 335 157 386
phone 0.0061 172 332 236 399
phone 0.0061 218 328 227 341
phone 0.0061 265 224 296 282
phone 0.0061 0 91 18 139
phone 0.0061 0 153 19 200
phone 0.0061 4 60 64 108
phone 0.0061 190 320 247 371
phone 0.0061 128 0 187 30
phone 0.0061 0 332 20 399
phone 0.0060 54 274 84 301
phone 0.0060 0 367 19 399
phone 0.0060 97 0 156 30
phone 0.0060 201 284 267 399
phone 0.0060 0 208 3 267
phone 0.0060 66 0 125 30
phone 0.0060 249 332 299 399
phone 0.0060 232 161 267 222
phone 0.0060 251 91 299 139
phone 0.0060 35 0 95 30
phone 0.0060 111 0 172 64
phone 0.0060 49 60 112 108
phone 0.0060 158 0 218 30
phone 0.0060 142 0 203 64
phone 0.0060 80 0 142 64
phone 0.0060 18 332 82 399
phone 0.0060 50 0 111 64
phone 0.0060 235 300 265 359
phone 0.0060 266 100 295 159
phone 0.0060 0 60 18 108
phone 0.0060 0 42 19 156
phone 0.0059 221 104 279 157
phone 0.0059 0 337 33 385
phone 0.0059 250 223 280 283
phone 0.0059 251 0 299 30
phone 0.0059 142 39 172 97
phone 0.0059 188 55 219 112
phone 0.0059 161 83 192 108
phone 0.0059 4 85 34 144
phone 0.0059 173 0 234 64
phone 0.0059 122 102 161 159
phone 0.0059 0 0 20 95
phone 0.0059 0 363 4 399
phone 0.0059 0 45 49 93
phone 0.0059 158 39 188 98
phone 0.0059 189 0 248 30
phone 0.0059 93 269 129 330
phone 0.0059 0 20 142 260
phone 0.0059 83 271 101 305
phone 0.0059 34 367 96 399
phone 0.0059 220 0 279 30
phone 0.0059 265 363 296 399
phone 0.0059 234 0 296 64
phone 0.0059 234 367 296 399
phone 0.0058 81 29 141 77
phone 0.0058 158 29 218 77
phone 0.0058 112 29 172 77
phone 0.0058 63 102 97 159
phone 0.0058 204 353 264 399
phone 0.0058 281 122 299 170
phone 0.0058 0 100 3 159
phone 0.0058 0 304 50 399
phone 0.0058 0 0 2 30
phone 0.0058 143 0 172 37
phone 0.0058 47 256 82 312
phone 0.0058 128 0 157 37
phone 0.0058 4 29 64 77
phone 0.0058 266 168 299 216
phone 0.0058 112 0 141 37
phone 0.0058 35 75 95 124
phone 0.0058 81 0 111 37
phone 0.0058 158 0 187 37
phone 0.0058 204 29 264 77
phone 0.0058 97 0 126 37
phone 0.0058 66 0 95 37
phone 0.0058 203 0 265 64
phone 0.0058 19 45 80 93
phone 0.0058 157 0 219 110
phone 0.0058 20 54 49 113
phone 0.0058 0 11 35 126
phone 0.0058 5 0 64 30
phone 0.0058 51 0 80 37
phone 0.0058 34 85 66 144
phone 0.0058 0 147 3 205
phone 0.0058 0 0 3 64
phone 0.0058 4 54 34 113
phone 0.0058 174 0 203 37
phone 0.0058 65 55 96 113
phone 0.0057 280 88 299 202
phone 0.0057 35 320 95 370
phone 0.0057 281 153 299 200
phone 0.0057 0 367 49 399
phone 0.0057 266 199 299 246
phone 0.0057 80 316 111 375
phone 0.0057 250 60 299 108
phone 0.0057 0 69 3 129
phone 0.0057 265 303 299 399
phone 0.0057 281 91 299 139
phone 0.0057 249 363 281 399
phone 0.0057 189 0 218 37
phone 0.0057 35 0 64 37
phone 0.0057 63 272 97 327
phone 0.0057 60 271 77 305
phone 0.0057 218 0 281 110
phone 0.0057 34 362 65 399
phone 0.0057 206 304 262 356
phone 0.0057 0 0 18 30
phone 0.0057 188 0 250 110
phone 0.0057 50 29 111 77
phone 0.0057 281 0 299 30
phone 0.0056 235 100 265 159
phone 0.0056 266 75 299 123
phone 0.0056 235 29 295 77
phone 0.0056 250 101 280 159
phone 0.0056 61 69 92 92
phone 0.0056 204 0 234 37
phone 0.0056 65 368 126 399
phone 0.0056 35 54 65 113
phone 0.0056 0 322 18 370
phone 0.0056 235 0 264 37
phone 0.0056 95 305 104 317
phone 0.0056 204 316 234 375
phone 0.0056 264 42 299 156
phone 0.0056 220 0 249 37
phone 0.0056 296 115 299 175
phone 0.0056 142 62 203 137
phone 0.0056 0 337 3 385
phone 0.0056 49 362 81 399
phone 0.0056 54 259 84 286
phone 0.0056 0 30 3 77
phone 0.0056 281 183 299 231
phone 0.0056 173 45 234 93
phone 0.0056 219 347 249 399
phone 0.0056 96 368 157 399
phone 0.0055 168 79 185 112
phone 0.0055 220 45 280 93
phone 0.0055 173 23 203 83
phone 0.0055 296 0 299 64
phone 0.0055 281 60 299 108
phone 0.0055 219 285 250 344
phone 0.0055 235 331 265 390
phone 0.0055 20 0 49 37
phone 0.0055 234 131 266 191
phone 0.0055 111 362 142 399
phone 0.0055 19 23 49 82
phone 0.0055 189 23 218 83
phone 0.0055 220 23 249 83
phone 0.0055 0 304 4 399
phone 0.0055 219 315 249 375
phone 0.0055 0 0 49 64
phone 0.0055 296 146 299 206
phone 0.0055 297 0 299 30
phone 0.0055 4 300 34 360
phone 0.0055 266 45 299 93
phone 0.0055 4 23 34 82
phone 0.0055 296 85 299 144
phone 0.0055 235 23 265 83
phone 0.0055 280 27 299 141
phone 0.0055 0 12 4 125
phone 0.0055 189 331 218 391
phone 0.0055 81 23 111 82
phone 0.0055 72 74 81 86
phone 0.0055 281 322 299 369
phone 0.0055 35 23 65 82
phone 0.0054 204 23 234 83
phone 0.0054 281 29 299 77
phone 0.0054 0 291 18 339
phone 0.0054 281 208 299 267
phone 0.0054 95 362 127 399
phone 0.0054 237 246 270 269
phone 0.0054 66 14 126 62
phone 0.0054 189 14 249 62
phone 0.0054 264 0 299 110
phone 0.0054 206 85 262 144
phone 0.0054 0 273 19 387
phone 0.0054 64 362 97 399
phone 0.0054 218 332 282 399
phone 0.0054 68 66 85 95
phone 0.0054 185 87 220 143
phone 0.0054 250 23 280 82
phone 0.0054 126 362 158 399
phone 0.0054 66 23 95 82
phone 0.0054 173 367 234 399
phone 0.0054 0 239 3 298
phone 0.0054 20 14 80 62
phone 0.0053 80 362 112 399
phone 0.0053 50 23 80 82
phone 0.0053 65 45 127 93
phone 0.0053 296 177 299 236
phone 0.0053 246 242 261 272
phone 0.0053 4 0 34 37
phone 0.0053 207 68 238 92
phone 0.0053 97 14 156 62
phone 0.0053 220 14 279 62
phone 0.0053 94 301 128 359
phone 0.0053 296 54 299 113
phone 0.0053 236 136 294 186
phone 0.0053 281 291 299 339
phone 0.0053 280 273 299 387
phone 0.0053 19 346 50 399
phone 0.0053 0 307 3 354
phone 0.0053 35 331 65 391
phone 0.0052 250 162 281 221
phone 0.0052 127 14 187 62
phone 0.0052 60 256 77 289
phone 0.0052 281 245 299 293
phone 0.0052 185 257 220 311
phone 0.0052 160 79 178 112
phone 0.0052 234 363 265 399
phone 0.0052 296 316 299 375
phone 0.0052 249 259 258 271
phone 0.0052 170 287 205 342
phone 0.0052 234 253 266 314
phone 0.0052 50 331 80 391
phone 0.0052 296 23 299 83
phone 0.0052 295 104 299 217
phone 0.0052 146 83 176 108
phone 0.0052 172 363 204 399
phone 0.0052 280 212 299 325
phone 0.0052 157 363 188 399
phone 0.0052 54 220 84 248
phone 0.0052 296 208 299 267
phone 0.0052 176 79 193 112
phone 0.0051 250 131 280 190
phone 0.0051 249 251 258 264
phone 0.0051 87 282 97 294
phone 0.0051 295 150 299 263
phone 0.0051 96 8 127 67
phone 0.0051 142 363 173 399
phone 0.0051 187 363 220 399
phone 0.0051 266 14 299 62
phone 0.0051 0 276 3 323
phone 0.0051 122 256 161 313
phone 0.0051 143 368 202 399
phone 0.0051 111 8 142 67
phone 0.0051 104 161 148 223
phone 0.0051 295 58 299 171
phone 0.0051 296 285 299 344
phone 0.0050 0 243 4 356
phone 0.0050 87 289 97 302
phone 0.0050 296 239 299 298
phone 0.0050 0 60 10 220
phone 0.0050 295 196 299 310
phone 0.0050 157 8 188 67
phone 0.0050 127 8 157 67
phone 0.0050 54 243 84 271
