phone 0.8415 217 131 285 282
phone 0.1685 225 167 275 248
phone 0.1245 37 162 93 252
phone 0.0595 155 127 244 270
phone 0.0497 45 173 116 242
phone 0.0484 228 181 302 265
phone 0.0425 38 123 122 261
phone 0.0407 162 87 348 315
phone 0.0385 199 151 271 233
phone 0.0333 228 104 338 251
phone 0.0310 160 146 216 238
phone 0.0303 243 174 287 241
phone 0.0301 161 176 192 200
phone 0.0301 62 177 99 237
phone 0.0289 48 99 161 247
phone 0.0288 65 133 208 265
phone 0.0288 168 172 185 204
phone 0.0280 197 183 272 262
phone 0.0277 214 173 255 241
phone 0.0266 172 182 182 194
phone 0.0245 121 98 222 253
phone 0.0240 4 103 92 240
phone 0.0239 267 122 366 279
phone 0.0232 161 160 192 185
phone 0.0229 183 185 285 319
phone 0.0222 34 157 167 292
phone 0.0214 168 156 185 189
phone 0.0198 155 70 242 218
phone 0.0193 172 166 182 179
phone 0.0192 7 154 91 295
phone 0.0191 12 178 88 237
phone 0.0188 185 175 215 201
phone 0.0180 187 72 277 217
phone 0.0179 308 221 338 247
phone 0.0176 93 63 183 225
phone 0.0176 191 172 208 204
phone 0.0171 172 174 182 186
phone 0.0170 314 218 331 250
phone 0.0164 209 156 350 257
phone 0.0162 170 145 206 208
phone 0.0161 25 46 127 234
phone 0.0156 195 182 205 194
phone 0.0155 176 172 193 204
phone 0.0154 0 139 51 260
phone 0.0152 318 228 328 240
phone 0.0152 169 159 238 225
phone 0.0148 33 178 66 236
phone 0.0147 335 125 392 279
phone 0.0145 97 159 239 292
phone 0.0140 1 51 207 280
phone 0.0136 180 182 189 194
phone 0.0136 39 137 92 216
phone 0.0130 139 159 207 225
phone 0.0127 58 163 133 221
phone 0.0127 115 206 146 232
phone 0.0124 175 112 263 240
phone 0.0123 232 204 329 332
phone 0.0121 300 90 392 255
phone 0.0121 294 160 391 284
phone 0.0120 122 202 139 235
phone 0.0119 0 68 58 208
phone 0.0116 206 55 313 235
phone 0.0116 229 130 301 224
phone 0.0116 35 190 127 316
phone 0.0115 277 64 367 219
phone 0.0115 223 121 277 201
phone 0.0115 186 147 221 206
phone 0.0114 173 161 266 283
phone 0.0113 98 224 187 344
phone 0.0113 154 206 184 232
phone 0.0113 157 146 189 206
phone 0.0112 185 160 215 185
phone 0.0112 283 164 340 250
phone 0.0109 251 175 342 300
phone 0.0109 97 156 157 227
phone 0.0107 154 204 253 333
phone 0.0106 230 179 331 236
phone 0.0106 160 202 178 235
phone 0.0106 63 147 98 206
phone 0.0105 126 213 135 225
phone 0.0104 156 178 190 237
phone 0.0103 294 190 360 255
phone 0.0103 191 156 209 189
phone 0.0101 204 222 297 345
phone 0.0100 95 162 128 222
phone 0.0099 46 202 115 274
phone 0.0099 77 173 145 241
phone 0.0098 260 192 332 253
phone 0.0098 286 185 368 321
phone 0.0097 262 146 330 207
phone 0.0096 109 189 207 317
phone 0.0095 64 208 160 328
phone 0.0095 0 0 36 67
phone 0.0095 79 164 113 220
phone 0.0095 176 133 232 190
phone 0.0095 0 190 64 315
phone 0.0093 246 208 283 267
phone 0.0093 121 3 336 270
phone 0.0092 164 213 174 225
phone 0.0092 349 167 392 309
phone 0.0091 117 28 223 188
phone 0.0091 54 193 138 253
phone 0.0091 243 239 318 298
phone 0.0091 150 126 311 390
phone 0.0091 106 255 179 313
phone 0.0090 195 166 205 179
phone 0.0090 83 148 140 205
phone 0.0090 57 29 156 187
phone 0.0089 0 329 37 399
phone 0.0089 154 185 222 260
phone 0.0089 114 202 132 235
phone 0.0088 20 146 80 207
phone 0.0088 328 243 387 294
phone 0.0088 108 174 176 241
phone 0.0087 279 179 312 235
phone 0.0086 180 180 259 235
phone 0.0086 324 206 392 331
phone 0.0086 0 209 71 267
phone 0.0086 59 240 133 297
phone 0.0085 230 219 301 288
phone 0.0085 318 236 328 248
phone 0.0085 185 190 215 216
phone 0.0085 0 0 32 32
phone 0.0084 186 179 220 235
phone 0.0083 306 223 378 283
phone 0.0083 234 116 266 174
phone 0.0083 166 224 242 283
phone 0.0082 236 119 295 172
phone 0.0082 184 206 254 270
phone 0.0081 63 209 98 267
phone 0.0081 166 254 241 314
phone 0.0081 96 184 158 261
phone 0.0081 358 0 392 34
phone 0.0081 213 253 287 315
phone 0.0081 124 188 191 257
phone 0.0081 260 222 332 285
phone 0.0081 310 178 343 236
phone 0.0080 307 179 378 235
phone 0.0080 343 201 392 275
phone 0.0080 242 35 344 180
phone 0.0080 248 132 313 190
phone 0.0080 343 238 373 299
phone 0.0080 215 145 254 208
phone 0.0079 80 258 143 310
phone 0.0079 295 237 359 300
phone 0.0079 295 159 359 224
phone 0.0079 191 186 209 220
phone 0.0078 118 212 128 225
phone 0.0078 106 222 179 285
phone 0.0078 147 238 230 360
phone 0.0078 322 217 339 251
phone 0.0078 357 219 392 288
phone 0.0077 239 210 322 266
phone 0.0077 264 255 297 313
phone 0.0076 202 147 235 205
phone 0.0076 326 188 389 257
phone 0.0076 284 136 339 216
phone 0.0075 144 134 202 188
phone 0.0075 0 223 55 283
phone 0.0075 4 243 65 294
phone 0.0074 14 206 87 331
phone 0.0074 279 209 312 266
phone 0.0074 125 178 159 236
phone 0.0074 0 174 40 241
phone 0.0074 141 200 205 276
phone 0.0074 0 366 33 399
phone 0.0074 195 174 205 186
phone 0.0074 90 237 164 300
phone 0.0073 135 253 211 315
phone 0.0073 176 155 193 190
phone 0.0073 202 209 236 266
phone 0.0073 325 194 359 250
phone 0.0073 120 238 195 300
phone 0.0072 2 147 36 205
phone 0.0072 79 240 112 297
phone 0.0071 153 235 224 302
phone 0.0071 265 117 297 174
phone 0.0071 309 209 344 267
phone 0.0071 325 225 359 282
phone 0.0071 356 193 389 252
phone 0.0071 78 195 113 250
phone 0.0071 64 239 97 298
phone 0.0070 140 194 174 251
phone 0.0070 308 159 338 186
phone 0.0070 96 254 127 314
phone 0.0070 263 225 297 281
phone 0.0070 125 272 191 326
phone 0.0070 202 179 235 235
phone 0.0069 229 205 270 271
phone 0.0069 181 237 257 300
phone 0.0069 109 193 144 252
phone 0.0069 341 193 374 251
phone 0.0069 186 225 220 281
phone 0.0068 346 175 392 239
phone 0.0068 204 120 265 171
phone 0.0068 154 270 223 329
phone 0.0068 111 254 143 313
phone 0.0068 76 203 146 273
phone 0.0068 195 197 205 209
phone 0.0067 233 255 266 313
phone 0.0067 19 238 50 299
phone 0.0067 49 131 81 190
phone 0.0067 125 240 159 297
phone 0.0066 94 194 128 251
phone 0.0066 187 256 220 312
phone 0.0066 92 175 123 201
phone 0.0066 326 228 336 240
phone 0.0066 17 194 51 251
phone 0.0066 248 255 282 312
phone 0.0066 112 111 174 241
phone 0.0066 0 165 72 219
phone 0.0066 169 167 199 194
phone 0.0066 314 156 332 189
phone 0.0065 263 196 298 249
phone 0.0065 310 147 343 206
phone 0.0065 219 116 250 174
phone 0.0065 185 228 215 255
phone 0.0065 170 193 206 252
phone 0.0065 284 261 316 285
phone 0.0065 371 209 392 267
phone 0.0064 279 240 313 297
phone 0.0064 114 146 170 207
phone 0.0064 360 162 392 221
phone 0.0064 172 159 182 171
phone 0.0064 164 220 174 233
phone 0.0064 29 220 102 287
phone 0.0064 292 257 308 288
phone 0.0064 327 367 388 399
phone 0.0064 326 332 390 399
phone 0.0064 92 205 123 232
phone 0.0064 312 254 342 314
phone 0.0063 125 209 159 266
phone 0.0063 52 134 110 188
phone 0.0063 276 222 347 346
phone 0.0063 281 256 342 312
phone 0.0063 156 208 190 267
phone 0.0063 100 152 131 177
phone 0.0063 195 159 205 171
phone 0.0063 180 166 189 179
phone 0.0062 235 273 296 325
phone 0.0062 208 152 238 178
phone 0.0062 313 260 371 308
phone 0.0062 84 145 115 169
phone 0.0062 342 362 373 399
phone 0.0062 267 275 325 323
phone 0.0062 171 256 205 312
phone 0.0062 171 224 205 282
phone 0.0062 294 207 329 268
phone 0.0062 328 137 387 186
phone 0.0062 313 0 372 30
phone 0.0062 33 224 66 282
phone 0.0061 296 258 358 371
phone 0.0061 169 213 199 240
phone 0.0061 203 215 267 292
phone 0.0061 142 269 173 329
phone 0.0061 195 189 205 202
phone 0.0061 339 63 392 217
phone 0.0061 265 273 328 386
phone 0.0061 312 91 372 139
phone 0.0061 296 0 357 64
phone 0.0061 5 136 65 186
phone 0.0061 328 106 387 154
phone 0.0061 282 0 341 30
phone 0.0061 262 165 298 219
phone 0.0060 139 174 169 201
phone 0.0060 281 121 342 171
phone 0.0060 251 0 310 30
phone 0.0060 311 57 373 172
phone 0.0060 99 171 116 205
phone 0.0060 220 0 280 30
phone 0.0060 191 225 209 259
phone 0.0060 156 256 189 312
phone 0.0060 357 362 389 399
phone 0.0060 202 256 236 312
phone 0.0060 220 91 280 139
phone 0.0060 265 0 327 64
phone 0.0060 235 0 296 64
phone 0.0060 244 146 286 207
phone 0.0060 140 240 174 297
phone 0.0060 188 289 251 399
phone 0.0060 127 269 157 330
phone 0.0060 190 0 249 30
phone 0.0059 327 362 358 399
phone 0.0059 371 177 392 237
phone 0.0059 4 238 34 299
phone 0.0059 203 271 266 328
phone 0.0059 204 0 265 64
phone 0.0059 97 322 157 369
phone 0.0059 359 58 392 170
phone 0.0059 0 178 21 236
phone 0.0059 328 0 357 37
phone 0.0059 295 266 305 279
phone 0.0059 19 332 82 399
phone 0.0059 328 76 388 123
phone 0.0059 357 90 392 139
phone 0.0059 219 57 281 172
phone 0.0059 128 337 188 385
phone 0.0059 277 213 307 240
phone 0.0059 205 75 265 123
phone 0.0059 297 291 356 338
phone 0.0059 342 131 373 190
phone 0.0059 112 29 172 77
phone 0.0059 296 332 359 399
phone 0.0059 312 0 342 37
phone 0.0059 4 29 65 77
phone 0.0059 297 75 357 123
phone 0.0059 326 147 358 205
phone 0.0059 82 29 141 77
phone 0.0059 248 237 314 362
phone 0.0059 173 0 234 64
phone 0.0059 162 190 192 217
phone 0.0059 326 42 389 156
phone 0.0059 343 85 373 144
phone 0.0058 204 116 235 174
phone 0.0058 281 367 342 399
phone 0.0058 49 239 81 298
phone 0.0058 96 288 158 399
phone 0.0058 327 0 388 64
phone 0.0058 51 29 111 77
phone 0.0058 35 367 96 399
phone 0.0058 96 0 158 110
phone 0.0058 203 42 266 156
phone 0.0058 265 332 328 399
phone 0.0058 159 0 218 30
phone 0.0058 312 337 372 385
phone 0.0058 174 60 234 108
phone 0.0058 235 75 295 123
phone 0.0058 296 42 358 156
phone 0.0058 328 254 357 314
phone 0.0058 19 132 50 189
phone 0.0058 285 228 315 255
phone 0.0058 4 0 66 110
phone 0.0058 220 337 280 385
phone 0.0058 297 0 326 37
phone 0.0058 65 0 128 110
phone 0.0058 328 85 357 144
phone 0.0058 109 224 144 282
phone 0.0058 250 367 311 399
phone 0.0058 126 0 189 110
phone 0.0058 143 45 203 93
phone 0.0058 49 332 113 399
phone 0.0058 99 202 116 236
phone 0.0058 142 332 205 399
phone 0.0058 217 255 251 313
phone 0.0058 251 337 311 385
phone 0.0058 234 332 297 399
phone 0.0058 158 367 219 399
phone 0.0058 266 0 295 37
phone 0.0058 127 367 188 399
phone 0.0058 282 0 311 37
phone 0.0058 251 0 280 37
phone 0.0058 172 332 236 399
phone 0.0058 173 26 235 141
phone 0.0058 266 75 326 123
phone 0.0058 111 332 174 399
phone 0.0058 34 0 97 110
phone 0.0058 312 60 372 108
phone 0.0058 281 337 342 385
phone 0.0058 219 367 281 399
phone 0.0058 234 42 297 156
phone 0.0058 236 0 265 37
phone 0.0058 218 288 282 399
phone 0.0058 189 367 250 399
phone 0.0058 357 59 392 109
phone 0.0058 203 332 267 399
phone 0.0058 0 224 20 282
phone 0.0058 34 363 66 399
phone 0.0057 266 306 326 354
phone 0.0057 189 91 249 139
phone 0.0057 96 367 158 399
phone 0.0057 220 0 249 37
phone 0.0057 158 337 218 385
phone 0.0057 65 367 127 399
phone 0.0057 81 337 142 385
phone 0.0057 106 148 124 182
phone 0.0057 311 363 343 399
phone 0.0057 205 0 234 37
phone 0.0057 296 116 327 174
phone 0.0057 357 121 392 170
phone 0.0057 189 337 249 385
phone 0.0057 158 29 219 77
phone 0.0057 358 274 392 325
phone 0.0057 157 11 220 126
phone 0.0057 20 45 80 93
phone 0.0057 296 363 327 399
phone 0.0057 91 141 109 173
phone 0.0057 50 363 81 399
phone 0.0057 359 243 392 355
phone 0.0057 235 85 265 144
phone 0.0057 282 269 311 330
phone 0.0057 188 57 250 172
phone 0.0057 282 60 341 108
phone 0.0057 220 60 280 108
phone 0.0057 280 363 312 399
phone 0.0057 142 0 204 64
phone 0.0057 312 285 342 344
phone 0.0057 359 12 392 124
phone 0.0057 189 0 219 37
phone 0.0057 142 26 204 141
phone 0.0057 176 209 193 243
phone 0.0057 214 148 232 182
phone 0.0057 112 315 142 375
phone 0.0057 343 0 372 37
phone 0.0057 282 91 341 139
phone 0.0056 251 60 311 108
phone 0.0056 311 288 374 399
phone 0.0056 159 75 218 123
phone 0.0056 265 363 296 399
phone 0.0056 251 91 311 139
phone 0.0056 220 85 250 144
phone 0.0056 65 363 96 399
phone 0.0056 157 363 189 399
phone 0.0056 173 363 204 399
phone 0.0056 97 45 157 93
phone 0.0056 343 152 392 201
phone 0.0056 142 363 173 399
phone 0.0056 250 363 281 399
phone 0.0056 128 0 187 30
phone 0.0056 280 26 343 141
phone 0.0056 188 363 220 399
phone 0.0056 112 23 142 82
phone 0.0056 127 363 158 399
phone 0.0056 128 23 157 82
phone 0.0056 357 29 392 78
phone 0.0056 234 363 266 399
phone 0.0056 7 28 85 189
phone 0.0056 204 363 235 399
phone 0.0056 281 116 312 174
phone 0.0056 205 69 234 129
phone 0.0056 143 331 173 390
phone 0.0056 219 363 250 399
phone 0.0056 97 23 127 82
phone 0.0056 318 166 328 179
phone 0.0056 66 45 126 93
phone 0.0056 312 69 342 129
phone 0.0056 250 26 312 141
phone 0.0056 35 337 95 385
phone 0.0056 20 23 50 82
phone 0.0056 174 0 203 37
phone 0.0056 111 363 143 399
phone 0.0056 66 322 126 369
phone 0.0056 81 23 111 82
phone 0.0056 80 363 112 399
phone 0.0056 128 60 187 108
phone 0.0056 328 45 388 93
phone 0.0056 5 60 65 108
phone 0.0056 189 45 249 93
phone 0.0056 143 23 173 82
phone 0.0056 189 116 219 174
phone 0.0056 96 363 127 399
phone 0.0056 66 23 96 82
phone 0.0056 360 329 392 399
phone 0.0056 128 331 157 390
phone 0.0056 328 331 357 390
phone 0.0056 4 367 65 399
phone 0.0056 145 171 163 205
phone 0.0056 158 331 188 390
phone 0.0055 51 23 80 82
phone 0.0055 189 54 219 113
phone 0.0055 130 215 199 362
phone 0.0055 51 306 111 354
phone 0.0055 94 225 128 281
phone 0.0055 251 69 280 129
phone 0.0055 312 307 372 354
phone 0.0055 153 202 170 236
phone 0.0055 142 131 174 190
phone 0.0055 80 132 112 189
phone 0.0055 35 23 65 83
phone 0.0055 91 201 109 236
phone 0.0055 158 121 219 170
phone 0.0055 235 331 265 390
phone 0.0055 174 54 203 113
phone 0.0055 266 69 296 129
phone 0.0055 188 11 251 126
phone 0.0055 312 331 342 390
phone 0.0055 343 54 373 113
phone 0.0055 251 331 280 390
phone 0.0055 158 39 188 98
phone 0.0055 297 69 326 129
phone 0.0055 65 288 127 399
phone 0.0055 97 316 127 375
phone 0.0055 282 69 311 129
phone 0.0055 266 331 296 390
phone 0.0055 373 100 392 160
phone 0.0055 328 54 357 113
phone 0.0055 220 331 250 390
phone 0.0055 343 331 373 390
phone 0.0055 159 0 188 37
phone 0.0055 141 163 174 221
phone 0.0055 281 331 311 390
phone 0.0055 112 285 142 344
phone 0.0055 297 45 357 93
phone 0.0055 281 300 312 359
phone 0.0055 173 331 204 390
phone 0.0055 297 331 327 390
phone 0.0055 111 0 173 64
phone 0.0055 311 11 374 126
phone 0.0055 312 29 372 77
phone 0.0055 308 205 338 232
phone 0.0055 204 29 265 77
phone 0.0055 97 0 157 30
phone 0.0054 97 292 156 338
phone 0.0054 220 54 250 113
phone 0.0054 266 45 326 93
phone 0.0054 97 14 157 62
phone 0.0054 204 331 234 390
phone 0.0054 85 167 115 193
phone 0.0054 4 337 65 385
phone 0.0054 189 331 219 390
phone 0.0054 235 45 295 93
phone 0.0054 174 23 203 82
phone 0.0054 372 146 392 206
phone 0.0054 19 363 50 399
phone 0.0054 373 69 392 129
phone 0.0054 111 27 173 141
phone 0.0054 157 289 220 399
phone 0.0054 281 29 342 77
phone 0.0054 128 14 188 62
phone 0.0054 251 29 311 77
phone 0.0054 235 54 265 113
phone 0.0054 298 133 355 189
phone 0.0054 219 11 281 126
phone 0.0054 5 91 65 139
phone 0.0054 265 11 327 126
phone 0.0054 66 14 126 62
phone 0.0054 143 0 172 37
phone 0.0054 329 160 386 223
phone 0.0054 18 164 51 219
phone 0.0054 5 0 64 30
phone 0.0054 36 60 95 108
phone 0.0054 328 276 387 323
phone 0.0054 73 212 131 366
phone 0.0054 291 225 309 259
phone 0.0053 81 331 111 390
phone 0.0053 34 273 97 387
phone 0.0053 327 300 358 359
phone 0.0053 15 229 46 254
phone 0.0053 168 186 186 220
phone 0.0053 66 0 126 30
phone 0.0053 372 238 392 299
phone 0.0053 189 23 219 82
phone 0.0053 283 209 301 244
phone 0.0053 81 0 142 64
phone 0.0053 82 307 141 354
phone 0.0053 22 226 39 258
phone 0.0053 66 331 96 390
phone 0.0053 34 132 66 190
phone 0.0053 143 54 173 113
phone 0.0053 217 224 251 283
phone 0.0053 342 270 373 329
phone 0.0053 127 42 189 156
phone 0.0053 51 331 80 390
phone 0.0053 50 27 112 141
phone 0.0053 66 300 96 359
phone 0.0053 20 54 50 113
phone 0.0053 128 0 157 37
phone 0.0053 205 39 234 98
phone 0.0053 231 144 261 170
phone 0.0053 81 300 111 359
phone 0.0053 95 151 105 163
phone 0.0053 343 23 373 83
phone 0.0053 35 14 95 62
phone 0.0053 265 301 296 359
phone 0.0053 82 60 141 108
phone 0.0053 20 306 80 354
phone 0.0053 173 116 204 174
phone 0.0053 158 69 188 129
phone 0.0052 373 269 392 330
phone 0.0052 189 14 249 62
phone 0.0052 0 0 19 52
phone 0.0052 50 0 111 64
phone 0.0052 373 38 392 99
phone 0.0052 36 0 95 30
phone 0.0052 251 101 280 159
phone 0.0052 297 106 357 154
phone 0.0052 112 75 172 123
phone 0.0052 285 190 315 217
phone 0.0052 112 0 142 37
phone 0.0052 97 106 157 154
phone 0.0052 80 26 143 141
phone 0.0052 189 85 219 144
phone 0.0052 127 121 189 170
phone 0.0052 157 57 220 172
phone 0.0052 35 331 65 390
phone 0.0052 312 39 342 98
phone 0.0052 143 91 203 139
phone 0.0052 220 14 280 62
phone 0.0052 126 289 189 399
phone 0.0052 128 54 157 113
phone 0.0052 328 23 357 82
phone 0.0052 297 39 327 98
phone 0.0052 35 54 65 113
phone 0.0052 220 23 250 82
phone 0.0052 296 285 327 344
phone 0.0052 126 87 189 203
phone 0.0052 103 182 112 194
phone 0.0052 343 260 392 308
phone 0.0052 281 39 311 98
phone 0.0052 51 300 80 359
phone 0.0052 97 0 126 37
phone 0.0052 4 288 66 399
phone 0.0052 266 39 296 98
phone 0.0052 0 45 49 92
phone 0.0052 251 39 280 98
phone 0.0051 20 0 49 37
phone 0.0051 158 300 188 360
phone 0.0051 235 23 265 82
phone 0.0051 144 307 202 353
phone 0.0051 20 331 50 390
phone 0.0051 357 306 392 355
phone 0.0051 52 276 110 322
phone 0.0051 266 106 326 154
phone 0.0051 50 242 111 356
phone 0.0051 20 106 80 154
phone 0.0051 51 54 80 113
phone 0.0051 5 291 64 339
phone 0.0051 195 236 205 248
phone 0.0051 111 159 120 171
phone 0.0051 96 132 127 189
phone 0.0051 180 174 189 186
phone 0.0051 20 75 80 123
phone 0.0051 0 8 37 128
phone 0.0051 0 29 32 78
phone 0.0051 66 54 96 113
phone 0.0051 82 0 111 37
phone 0.0051 67 291 126 338
phone 0.0051 66 269 96 329
phone 0.0051 19 0 81 64
phone 0.0051 112 54 142 113
phone 0.0051 343 300 373 359
phone 0.0051 85 198 115 224
phone 0.0051 326 259 390 370
phone 0.0051 82 91 141 139
phone 0.0051 311 241 374 357
phone 0.0051 173 106 234 154
phone 0.0051 66 0 96 37
phone 0.0051 158 8 189 67
phone 0.0051 96 42 158 156
phone 0.0050 265 72 328 187
phone 0.0050 277 198 307 224
phone 0.0050 82 54 111 113
phone 0.0050 138 138 169 161
phone 0.0050 99 253 131 277
phone 0.0050 97 54 126 113
phone 0.0050 107 249 123 281
phone 0.0050 51 91 111 139
phone 0.0050 174 85 203 144
phone 0.0050 185 213 215 240
phone 0.0050 35 300 65 359
phone 0.0050 66 121 127 170
phone 0.0050 199 171 216 205
phone 0.0050 174 300 204 360
phone 0.0050 51 0 80 37
