phone 0.9206 60 70 137 181
phone 0.2377 91 187 247 266
phone 0.2152 3 41 73 179
phone 0.0851 0 78 137 172
phone 0.0700 16 91 90 160
phone 0.0619 42 61 158 241
phone 0.0597 16 73 60 146
phone 0.0544 157 175 294 266
phone 0.0506 124 154 228 266
phone 0.0485 80 31 311 238
phone 0.0483 49 170 170 266
phone 0.0448 6 87 212 266
phone 0.0448 19 53 87 136
phone 0.0429 52 92 175 189
phone 0.0406 39 148 298 266
phone 0.0400 38 0 131 191
phone 0.0373 124 196 198 266
phone 0.0356 10 6 96 152
phone 0.0335 243 123 353 266
phone 0.0324 33 78 73 142
phone 0.0315 179 53 344 222
phone 0.0290 149 201 234 266
phone 0.0276 7 159 100 266
phone 0.0272 21 0 246 222
phone 0.0265 275 94 371 242
phone 0.0263 0 60 57 129
phone 0.0257 0 96 51 246
phone 0.0255 102 30 234 186
phone 0.0253 58 72 111 148
phone 0.0252 4 80 95 226
phone 0.0245 201 140 326 258
phone 0.0228 64 14 164 176
phone 0.0222 5 79 41 141
phone 0.0222 29 185 108 250
phone 0.0214 157 203 195 263
phone 0.0214 49 96 88 155
phone 0.0214 142 202 179 263
phone 0.0213 345 91 399 241
phone 0.0209 313 154 396 266
phone 0.0197 89 76 140 144
phone 0.0196 139 4 380 264
phone 0.0195 53 53 205 167
phone 0.0193 101 188 190 248
phone 0.0189 23 109 115 173
phone 0.0173 89 130 201 266
phone 0.0171 164 0 243 81
phone 0.0171 216 37 308 177
phone 0.0167 254 67 337 208
phone 0.0166 173 204 210 262
phone 0.0164 9 27 67 101
phone 0.0164 89 0 194 99
phone 0.0163 171 93 292 247
phone 0.0160 167 183 247 252
phone 0.0158 18 48 57 111
phone 0.0156 0 101 58 181
phone 0.0155 46 198 123 266
phone 0.0147 0 152 43 222
phone 0.0147 357 214 399 266
phone 0.0146 35 187 71 248
phone 0.0142 0 0 59 118
phone 0.0140 102 74 190 207
phone 0.0140 34 49 72 110
phone 0.0139 51 189 86 246
phone 0.0138 157 234 237 266
phone 0.0136 93 110 136 171
phone 0.0136 184 200 260 266
phone 0.0135 35 111 71 170
phone 0.0135 24 101 114 266
phone 0.0134 269 183 361 266
phone 0.0132 81 204 117 262
phone 0.0132 360 248 399 266
phone 0.0130 0 137 59 206
phone 0.0129 154 128 259 266
phone 0.0129 5 50 39 108
phone 0.0124 128 205 163 261
phone 0.0123 97 205 132 261
phone 0.0123 211 193 310 266
phone 0.0123 84 204 176 262
phone 0.0122 68 234 146 266
phone 0.0121 281 120 348 192
phone 0.0121 0 172 60 232
phone 0.0121 189 205 225 261
phone 0.0118 292 80 399 201
phone 0.0115 20 188 55 247
phone 0.0115 21 158 55 215
phone 0.0114 323 0 399 131
phone 0.0114 344 122 399 190
phone 0.0114 63 0 137 101
phone 0.0112 308 204 383 262
phone 0.0111 348 25 399 163
phone 0.0111 35 32 103 96
phone 0.0111 346 180 399 255
phone 0.0111 4 196 72 266
phone 0.0111 266 136 333 207
phone 0.0110 175 0 270 113
phone 0.0110 250 153 319 221
phone 0.0109 0 118 40 194
phone 0.0107 118 256 150 266
phone 0.0106 126 252 142 266
phone 0.0106 66 204 101 262
phone 0.0106 118 4 204 153
phone 0.0104 142 75 241 206
phone 0.0104 57 256 89 266
phone 0.0103 240 0 329 130
phone 0.0103 65 252 80 266
phone 0.0101 298 127 332 185
phone 0.0100 205 205 240 261
phone 0.0100 305 28 387 161
phone 0.0097 77 120 153 192
phone 0.0097 141 14 242 144
phone 0.0097 134 256 165 266
phone 0.0097 68 261 77 266
phone 0.0097 129 261 139 266
phone 0.0097 142 252 157 266
phone 0.0096 22 144 85 230
phone 0.0095 329 29 393 98
phone 0.0095 19 234 88 266
phone 0.0095 0 0 39 0
phone 0.0095 283 142 316 200
phone 0.0094 267 158 301 215
phone 0.0094 357 153 399 221
phone 0.0093 19 208 49 234
phone 0.0093 242 252 257 266
phone 0.0093 328 205 362 261
phone 0.0093 308 174 383 231
phone 0.0092 234 256 265 266
phone 0.0092 0 263 41 266
phone 0.0092 0 141 26 202
phone 0.0092 298 204 331 261
phone 0.0092 293 111 368 171
phone 0.0092 73 252 88 266
phone 0.0092 188 243 265 266
phone 0.0091 358 59 399 130
phone 0.0091 42 236 113 266
phone 0.0091 163 0 240 37
phone 0.0091 231 11 356 200
phone 0.0091 280 165 349 239
phone 0.0090 341 94 399 157
phone 0.0089 145 261 154 266
phone 0.0089 52 35 85 92
phone 0.0089 342 45 399 113
phone 0.0088 235 49 303 109
phone 0.0088 346 18 399 79
phone 0.0088 75 261 85 266
phone 0.0087 25 205 43 238
phone 0.0087 359 112 393 169
phone 0.0087 6 189 39 246
phone 0.0086 134 252 150 266
phone 0.0086 132 0 211 43
phone 0.0085 245 261 254 266
phone 0.0085 294 156 366 218
phone 0.0085 82 3 116 62
phone 0.0085 124 17 198 79
phone 0.0085 80 0 150 68
phone 0.0084 174 47 240 111
phone 0.0084 220 117 288 255
phone 0.0084 126 84 196 167
phone 0.0083 111 112 149 169
phone 0.0083 112 206 147 260
phone 0.0083 291 220 370 266
phone 0.0082 312 60 379 128
phone 0.0082 207 0 269 67
phone 0.0082 344 34 378 93
phone 0.0082 186 167 259 238
phone 0.0082 186 18 259 79
phone 0.0082 111 39 141 65
phone 0.0082 250 31 318 97
phone 0.0081 114 0 177 54
phone 0.0080 303 128 388 184
phone 0.0080 84 252 147 266
phone 0.0080 36 219 70 266
phone 0.0080 20 122 87 190
phone 0.0079 237 13 300 83
phone 0.0079 264 30 335 158
phone 0.0078 149 252 165 266
phone 0.0078 25 17 81 80
phone 0.0078 154 109 230 172
phone 0.0078 359 26 399 102
phone 0.0078 131 263 209 266
phone 0.0078 137 261 147 266
phone 0.0077 109 233 183 266
phone 0.0077 248 186 321 249
phone 0.0077 70 21 129 137
phone 0.0077 374 205 399 261
phone 0.0077 72 136 89 168
phone 0.0077 101 265 177 266
phone 0.0077 118 35 135 69
phone 0.0077 255 6 313 60
phone 0.0077 54 252 115 266
phone 0.0077 208 53 268 105
phone 0.0076 204 15 272 142
phone 0.0076 29 215 39 228
phone 0.0076 0 111 24 170
phone 0.0076 64 139 96 165
phone 0.0076 155 137 228 206
phone 0.0076 200 186 276 249
phone 0.0076 313 190 347 245
phone 0.0076 269 66 330 122
phone 0.0076 220 233 287 266
phone 0.0076 374 143 399 200
phone 0.0076 375 235 399 266
phone 0.0076 0 173 24 231
phone 0.0076 216 0 292 118
phone 0.0076 152 79 231 141
phone 0.0075 123 123 199 189
phone 0.0075 138 62 214 127
phone 0.0075 36 142 70 201
phone 0.0075 329 174 362 230
phone 0.0075 42 252 57 266
phone 0.0075 309 92 383 158
phone 0.0075 224 153 283 221
phone 0.0075 220 205 255 261
phone 0.0075 313 112 347 169
phone 0.0075 264 214 335 266
phone 0.0075 57 252 73 266
phone 0.0074 51 34 118 124
phone 0.0074 52 220 85 266
phone 0.0074 34 256 65 266
phone 0.0074 110 43 182 115
phone 0.0074 252 158 285 215
phone 0.0073 145 251 208 266
phone 0.0073 282 188 316 247
phone 0.0073 126 110 165 171
phone 0.0073 374 173 399 231
phone 0.0073 153 261 162 266
phone 0.0072 375 19 399 78
phone 0.0072 110 35 127 69
phone 0.0072 49 252 65 266
phone 0.0072 139 32 214 95
phone 0.0072 222 0 254 46
phone 0.0072 252 4 285 62
phone 0.0072 6 220 39 266
phone 0.0072 113 235 147 266
phone 0.0072 252 204 285 261
phone 0.0071 64 136 81 168
phone 0.0071 0 21 52 76
phone 0.0071 175 0 208 47
phone 0.0071 114 252 178 266
phone 0.0071 190 0 224 46
phone 0.0071 374 50 399 108
phone 0.0071 159 235 193 266
phone 0.0071 175 251 240 266
phone 0.0071 51 13 117 83
phone 0.0071 84 249 115 266
phone 0.0071 73 108 103 134
phone 0.0071 97 4 132 62
phone 0.0071 283 235 347 266
phone 0.0071 207 253 269 266
phone 0.0070 168 45 246 175
phone 0.0070 206 35 239 92
phone 0.0070 100 249 130 266
phone 0.0070 253 131 315 181
phone 0.0070 329 65 362 123
phone 0.0070 133 264 166 266
phone 0.0070 80 105 96 138
phone 0.0070 257 248 289 266
phone 0.0070 84 58 176 132
phone 0.0069 313 158 347 215
phone 0.0069 234 252 250 266
phone 0.0069 159 0 193 46
phone 0.0069 45 261 54 266
phone 0.0069 75 146 85 158
phone 0.0069 144 20 178 77
phone 0.0069 238 49 269 109
phone 0.0069 0 47 26 73
phone 0.0069 265 245 280 266
phone 0.0069 171 151 243 223
phone 0.0069 221 20 255 77
phone 0.0069 113 0 147 47
phone 0.0068 0 234 57 266
phone 0.0068 69 249 99 266
phone 0.0068 53 0 286 139
phone 0.0068 298 77 362 143
phone 0.0068 205 235 239 266
phone 0.0068 223 49 253 109
phone 0.0068 190 35 224 92
phone 0.0068 176 125 238 187
phone 0.0068 163 264 238 266
phone 0.0068 144 0 178 46
phone 0.0068 0 0 41 32
phone 0.0068 297 173 332 231
phone 0.0068 124 148 198 225
phone 0.0068 267 35 301 92
phone 0.0068 344 173 378 231
phone 0.0068 251 35 285 92
phone 0.0068 328 229 394 266
phone 0.0068 26 244 42 266
phone 0.0068 18 248 50 266
phone 0.0067 236 220 270 266
phone 0.0067 60 261 70 266
phone 0.0067 315 9 377 57
phone 0.0067 374 81 399 138
phone 0.0067 206 4 239 61
phone 0.0067 377 263 399 266
phone 0.0067 268 126 300 185
phone 0.0067 239 0 298 42
phone 0.0067 0 255 27 266
phone 0.0067 313 220 347 266
phone 0.0067 69 0 130 27
phone 0.0066 268 253 277 266
phone 0.0066 344 219 378 266
phone 0.0066 329 113 362 168
phone 0.0066 249 252 265 266
phone 0.0066 238 0 270 47
phone 0.0066 238 98 300 213
phone 0.0066 175 235 208 266
phone 0.0066 115 0 176 11
phone 0.0066 269 64 299 125
phone 0.0066 3 252 19 266
phone 0.0066 122 46 131 58
phone 0.0066 285 0 345 41
phone 0.0066 267 189 301 246
phone 0.0066 194 141 251 202
phone 0.0065 68 146 77 159
phone 0.0065 231 172 307 233
phone 0.0065 326 136 396 207
phone 0.0065 195 69 250 120
phone 0.0065 54 249 84 266
phone 0.0065 113 36 147 92
phone 0.0065 39 248 69 266
phone 0.0065 128 235 162 266
phone 0.0065 344 111 378 170
phone 0.0065 344 66 378 123
phone 0.0065 52 261 62 266
phone 0.0065 299 0 362 75
phone 0.0065 223 0 284 26
phone 0.0064 49 66 88 123
phone 0.0064 270 0 330 26
phone 0.0064 178 94 237 157
phone 0.0064 73 77 103 104
phone 0.0064 346 4 377 61
phone 0.0064 128 20 162 77
phone 0.0064 237 261 247 266
phone 0.0064 84 0 146 11
phone 0.0064 9 253 68 266
phone 0.0064 23 0 84 26
phone 0.0064 330 4 361 62
phone 0.0064 300 0 360 26
phone 0.0064 219 231 249 258
phone 0.0064 284 4 315 61
phone 0.0064 226 252 242 266
phone 0.0064 26 33 58 56
phone 0.0064 254 127 284 185
phone 0.0064 157 8 188 35
phone 0.0063 239 249 269 266
phone 0.0063 0 81 23 139
phone 0.0063 37 130 101 213
phone 0.0063 331 253 391 266
phone 0.0063 223 249 253 266
phone 0.0063 131 0 161 15
phone 0.0063 328 144 362 199
phone 0.0063 84 0 115 31
phone 0.0063 208 65 238 124
phone 0.0063 219 252 234 266
phone 0.0063 66 133 133 210
phone 0.0063 272 19 327 78
phone 0.0063 218 256 250 266
phone 0.0063 240 254 298 266
phone 0.0063 269 115 331 166
phone 0.0062 300 0 330 46
phone 0.0062 253 233 316 266
phone 0.0062 270 0 330 11
phone 0.0062 316 0 346 47
phone 0.0062 97 142 133 200
phone 0.0062 174 113 209 168
phone 0.0062 190 235 224 266
phone 0.0062 269 0 300 46
phone 0.0062 7 0 69 59
phone 0.0062 363 2 399 64
phone 0.0062 283 50 316 108
phone 0.0062 282 219 316 266
phone 0.0062 54 0 114 11
phone 0.0062 114 46 124 58
phone 0.0062 38 0 100 42
phone 0.0062 252 261 262 266
phone 0.0061 79 145 150 229
phone 0.0061 285 95 345 155
phone 0.0061 149 256 181 266
phone 0.0061 193 0 253 27
phone 0.0061 284 110 315 170
phone 0.0061 118 264 150 266
phone 0.0061 116 0 145 16
phone 0.0061 23 0 83 11
phone 0.0061 157 260 173 266
phone 0.0061 157 252 173 266
phone 0.0061 165 260 180 266
phone 0.0061 67 19 101 77
phone 0.0061 149 264 181 266
phone 0.0061 29 254 39 266
phone 0.0061 300 0 360 11
phone 0.0061 285 0 315 31
phone 0.0061 111 132 180 210
phone 0.0061 6 261 16 266
phone 0.0061 39 0 69 31
phone 0.0061 100 0 130 16
phone 0.0061 331 0 391 26
phone 0.0061 267 219 301 266
phone 0.0060 361 0 399 11
phone 0.0060 21 219 55 266
phone 0.0060 69 0 99 31
phone 0.0060 65 85 95 111
phone 0.0060 45 162 123 243
phone 0.0060 159 20 193 76
phone 0.0060 190 81 224 138
phone 0.0060 146 0 176 15
phone 0.0060 357 252 373 266
phone 0.0060 159 51 193 107
phone 0.0060 329 234 362 266
phone 0.0060 236 19 270 78
phone 0.0060 23 0 53 31
phone 0.0060 331 0 361 31
phone 0.0059 204 174 240 230
phone 0.0059 99 0 162 29
phone 0.0059 239 0 299 11
phone 0.0059 119 47 149 73
phone 0.0059 225 227 243 261
phone 0.0059 83 115 93 128
phone 0.0059 331 0 391 11
phone 0.0059 33 29 50 60
phone 0.0059 270 0 299 16
phone 0.0059 54 0 84 31
phone 0.0059 380 252 396 266
phone 0.0059 145 249 177 266
phone 0.0059 300 0 330 16
phone 0.0059 164 4 181 38
phone 0.0059 229 261 239 266
phone 0.0059 174 82 209 137
phone 0.0059 174 143 209 200
phone 0.0058 39 265 115 266
phone 0.0058 174 35 208 92
phone 0.0058 144 128 178 184
phone 0.0058 372 256 399 266
phone 0.0058 349 256 381 266
phone 0.0058 79 74 97 108
phone 0.0058 222 261 231 266
phone 0.0058 346 0 376 31
phone 0.0058 125 35 143 69
phone 0.0058 118 252 135 266
phone 0.0058 239 117 299 164
phone 0.0058 207 0 238 30
phone 0.0058 316 0 345 16
phone 0.0058 81 33 118 94
phone 0.0058 287 47 343 110
phone 0.0058 362 0 399 26
phone 0.0057 96 39 126 65
phone 0.0057 141 173 180 232
phone 0.0057 97 35 132 92
phone 0.0057 0 0 53 10
phone 0.0057 135 47 164 73
phone 0.0057 236 173 270 231
phone 0.0057 195 56 227 79
phone 0.0057 173 8 203 35
phone 0.0057 37 38 46 51
phone 0.0057 254 0 284 16
phone 0.0056 346 249 376 266
phone 0.0056 221 157 255 216
phone 0.0056 119 116 150 142
phone 0.0056 42 108 72 135
phone 0.0056 237 142 270 200
phone 0.0056 203 52 219 83
phone 0.0056 206 61 216 74
phone 0.0056 65 70 95 96
phone 0.0056 133 43 150 77
phone 0.0056 313 65 347 124
phone 0.0056 146 0 207 11
phone 0.0056 377 0 399 17
phone 0.0056 254 102 315 149
phone 0.0055 71 73 89 108
phone 0.0055 208 132 268 180
phone 0.0055 64 124 96 150
phone 0.0055 143 49 179 108
phone 0.0055 119 260 134 266
phone 0.0055 128 50 163 108
phone 0.0055 269 96 300 154
phone 0.0055 344 142 378 200
phone 0.0055 360 261 370 266
phone 0.0055 102 35 120 69
phone 0.0055 190 112 223 169
phone 0.0055 0 234 23 266
phone 0.0055 72 120 89 153
phone 0.0055 205 96 271 215
phone 0.0055 257 252 272 266
phone 0.0055 81 185 111 212
phone 0.0054 0 0 23 1
phone 0.0054 126 113 142 145
phone 0.0054 126 174 164 230
phone 0.0054 34 131 64 158
phone 0.0054 0 0 22 16
phone 0.0054 8 0 38 16
phone 0.0054 27 54 57 81
phone 0.0054 260 261 270 266
phone 0.0054 6 54 16 66
phone 0.0054 222 84 285 197
phone 0.0054 71 89 89 123
phone 0.0054 209 102 267 149
phone 0.0054 383 261 393 266
phone 0.0054 350 265 399 266
phone 0.0054 142 96 180 155
phone 0.0054 346 0 399 42
phone 0.0054 223 127 254 185
phone 0.0054 50 97 119 215
phone 0.0054 159 82 193 138
phone 0.0054 141 43 158 77
phone 0.0053 239 0 268 16
phone 0.0053 142 208 173 234
phone 0.0053 254 64 284 125
phone 0.0053 346 264 376 266
phone 0.0053 162 0 192 15
phone 0.0053 79 121 97 153
phone 0.0053 172 173 211 231
phone 0.0053 223 95 253 154
phone 0.0053 238 111 269 170
phone 0.0053 315 19 346 77
phone 0.0053 179 4 197 38
phone 0.0053 364 262 399 266
phone 0.0052 150 216 180 242
phone 0.0052 100 0 131 1
phone 0.0052 193 0 253 11
phone 0.0052 376 0 399 1
phone 0.0052 115 0 146 1
phone 0.0052 69 0 100 1
phone 0.0052 0 34 24 93
phone 0.0052 53 0 85 1
phone 0.0052 84 0 115 1
phone 0.0052 130 0 161 1
phone 0.0052 126 80 165 139
phone 0.0052 111 260 127 266
phone 0.0052 156 173 196 232
phone 0.0052 149 205 166 238
phone 0.0052 103 264 135 266
phone 0.0051 0 204 24 261
phone 0.0051 326 252 342 266
phone 0.0051 239 87 298 132
phone 0.0051 161 0 192 1
phone 0.0051 285 80 315 140
phone 0.0051 362 264 392 266
phone 0.0051 65 101 96 127
phone 0.0051 87 181 104 215
phone 0.0051 177 0 207 16
phone 0.0051 146 0 177 1
phone 0.0051 156 213 174 245
phone 0.0051 48 104 66 139
phone 0.0051 283 0 348 129
phone 0.0051 177 0 208 1
phone 0.0051 331 265 361 266
phone 0.0051 83 108 93 120
phone 0.0051 229 238 239 251
phone 0.0051 284 0 315 1
phone 0.0050 0 249 41 266
phone 0.0050 33 51 51 84
phone 0.0050 318 256 350 266
phone 0.0050 23 0 54 1
phone 0.0050 364 252 381 266
phone 0.0050 300 0 331 1
phone 0.0050 288 217 319 241
phone 0.0050 2 50 20 85
phone 0.0050 38 0 69 1
phone 0.0050 238 0 269 1
phone 0.0050 168 15 177 28
phone 0.0050 269 0 300 1
phone 0.0050 253 0 285 1
phone 0.0050 83 84 93 97
phone 0.0050 189 159 225 215
