phone 0.9357 220 91 288 221
phone 0.1502 238 96 300 186
phone 0.0821 211 183 365 266
phone 0.0756 211 45 312 186
phone 0.0670 54 2 225 207
phone 0.0661 198 102 278 180
phone 0.0594 156 181 305 266
phone 0.0550 93 78 245 251
phone 0.0543 227 85 280 166
phone 0.0534 236 82 399 240
phone 0.0511 160 119 362 266
phone 0.0494 148 80 249 190
phone 0.0465 108 155 228 266
phone 0.0401 256 42 389 181
phone 0.0391 238 13 348 148
phone 0.0371 186 134 293 240
phone 0.0330 283 55 377 226
phone 0.0320 238 228 338 266
phone 0.0301 139 144 250 239
phone 0.0293 164 0 399 225
phone 0.0291 212 93 353 188
phone 0.0257 218 171 250 195
phone 0.0248 226 168 242 198
phone 0.0246 182 221 278 266
phone 0.0243 281 130 399 255
phone 0.0238 229 177 239 189
phone 0.0233 189 11 283 148
phone 0.0221 28 21 130 180
phone 0.0220 124 21 271 196
phone 0.0197 274 239 363 266
phone 0.0189 151 216 232 266
phone 0.0184 0 0 100 145
phone 0.0184 80 4 181 154
phone 0.0178 53 58 163 204
phone 0.0176 243 135 294 207
phone 0.0170 40 123 121 261
phone 0.0162 130 233 208 266
phone 0.0162 216 120 260 192
phone 0.0161 304 199 393 266
phone 0.0161 227 105 310 266
phone 0.0158 25 81 192 244
phone 0.0156 219 93 257 157
phone 0.0153 254 121 346 252
phone 0.0152 295 0 399 162
phone 0.0149 328 163 399 266
phone 0.0148 0 60 55 204
phone 0.0138 246 0 323 100
phone 0.0136 218 166 235 199
phone 0.0129 206 69 270 151
phone 0.0126 20 172 117 266
phone 0.0125 170 77 244 143
phone 0.0124 296 79 364 172
phone 0.0124 2 78 105 202
phone 0.0123 259 139 340 205
phone 0.0123 293 129 367 214
phone 0.0122 222 177 231 189
phone 0.0121 285 99 344 213
phone 0.0120 174 220 209 266
phone 0.0119 238 85 329 167
phone 0.0119 98 188 183 266
phone 0.0118 361 215 399 266
phone 0.0117 250 220 287 266
phone 0.0115 65 161 150 266
phone 0.0115 167 232 247 266
phone 0.0115 226 54 281 135
phone 0.0113 291 178 369 257
phone 0.0113 59 0 161 106
phone 0.0113 345 119 399 255
phone 0.0112 362 248 399 266
phone 0.0111 0 128 46 264
phone 0.0111 0 0 58 107
phone 0.0111 168 124 246 188
phone 0.0111 159 220 193 266
phone 0.0111 13 126 84 263
phone 0.0111 347 25 399 164
phone 0.0110 221 64 254 124
phone 0.0106 340 73 399 208
phone 0.0105 188 66 257 123
phone 0.0105 82 121 179 252
phone 0.0104 102 28 219 160
phone 0.0104 231 192 307 266
phone 0.0103 157 0 249 124
phone 0.0102 189 96 225 154
phone 0.0101 121 180 200 255
phone 0.0101 248 61 320 128
phone 0.0099 311 244 387 266
phone 0.0098 154 59 229 130
phone 0.0097 235 219 272 266
phone 0.0097 357 182 399 253
phone 0.0097 267 4 301 62
phone 0.0096 0 0 39 0
phone 0.0096 47 50 122 108
phone 0.0096 18 205 89 261
phone 0.0095 195 257 266 266
phone 0.0094 186 183 259 253
phone 0.0094 79 72 151 148
phone 0.0094 224 255 297 266
phone 0.0093 0 0 166 260
phone 0.0092 35 13 102 84
phone 0.0092 358 42 399 116
phone 0.0092 282 143 317 200
phone 0.0091 189 221 225 266
phone 0.0091 348 16 399 81
phone 0.0091 356 152 399 222
phone 0.0091 86 0 144 69
phone 0.0091 0 263 41 266
phone 0.0090 182 99 263 152
phone 0.0090 255 258 328 266
phone 0.0090 107 166 184 238
phone 0.0089 264 249 336 266
phone 0.0089 295 0 366 102
phone 0.0089 166 257 235 266
phone 0.0089 155 249 229 266
phone 0.0089 92 40 168 118
phone 0.0088 185 248 260 266
phone 0.0088 102 242 174 266
phone 0.0088 265 221 302 266
phone 0.0087 66 28 133 99
phone 0.0087 280 132 311 157
phone 0.0087 14 113 93 168
phone 0.0087 250 167 318 238
phone 0.0087 239 49 299 109
phone 0.0087 242 93 272 119
phone 0.0086 32 96 106 155
phone 0.0086 283 64 347 156
phone 0.0085 107 133 184 210
phone 0.0085 221 236 255 266
phone 0.0085 219 116 249 142
phone 0.0085 27 69 110 120
phone 0.0085 137 74 216 146
phone 0.0085 343 234 399 266
phone 0.0085 76 107 153 174
phone 0.0084 354 122 399 190
phone 0.0083 14 174 93 231
phone 0.0083 92 88 168 163
phone 0.0082 355 75 399 145
phone 0.0082 81 234 150 266
phone 0.0082 318 3 374 63
phone 0.0082 301 0 359 44
phone 0.0082 144 205 178 261
phone 0.0082 204 221 240 266
phone 0.0081 2 186 74 249
phone 0.0081 48 219 120 266
phone 0.0081 205 82 239 138
phone 0.0081 254 0 315 27
phone 0.0081 37 204 70 262
phone 0.0080 136 115 217 198
phone 0.0080 249 89 266 123
phone 0.0080 67 51 101 107
phone 0.0080 330 0 393 95
phone 0.0080 347 254 399 266
phone 0.0080 260 77 339 143
phone 0.0079 1 93 75 157
phone 0.0079 267 0 332 70
phone 0.0079 291 217 370 266
phone 0.0079 2 155 74 219
phone 0.0079 227 108 257 134
phone 0.0079 185 160 260 214
phone 0.0079 83 4 116 62
phone 0.0079 93 119 167 194
phone 0.0079 93 151 167 223
phone 0.0078 287 128 304 161
phone 0.0078 209 53 267 106
phone 0.0078 219 216 249 242
phone 0.0078 113 253 179 266
phone 0.0078 0 126 76 186
phone 0.0078 107 102 184 180
phone 0.0077 3 60 73 129
phone 0.0077 205 174 239 230
phone 0.0077 282 236 316 266
phone 0.0077 269 0 300 31
phone 0.0077 19 26 88 101
phone 0.0077 219 232 288 266
phone 0.0077 51 19 86 77
phone 0.0077 284 0 315 31
phone 0.0076 264 47 335 111
phone 0.0076 266 66 301 123
phone 0.0076 14 143 93 200
phone 0.0076 252 250 285 266
phone 0.0076 68 54 131 134
phone 0.0076 225 112 243 146
phone 0.0076 375 234 399 266
phone 0.0076 0 167 58 237
phone 0.0076 189 128 225 184
phone 0.0075 137 43 216 116
phone 0.0075 52 97 85 153
phone 0.0075 298 251 363 266
phone 0.0074 258 93 288 119
phone 0.0074 82 35 116 92
phone 0.0074 190 250 224 266
phone 0.0074 175 250 208 266
phone 0.0074 12 83 95 137
phone 0.0074 173 81 210 139
phone 0.0074 335 140 399 203
phone 0.0073 62 140 138 203
phone 0.0073 361 3 393 62
phone 0.0073 0 137 58 206
phone 0.0073 374 174 399 231
phone 0.0072 233 112 251 146
phone 0.0072 0 205 54 260
phone 0.0072 206 250 239 266
phone 0.0072 52 73 116 146
phone 0.0072 225 212 243 246
phone 0.0072 6 34 39 93
phone 0.0072 36 113 70 168
phone 0.0072 283 66 316 123
phone 0.0071 105 58 186 131
phone 0.0071 285 0 345 27
phone 0.0071 134 261 205 266
phone 0.0071 254 0 284 31
phone 0.0071 98 97 132 153
phone 0.0071 194 0 273 90
phone 0.0071 7 8 69 58
phone 0.0070 121 147 201 227
phone 0.0070 254 264 284 266
phone 0.0070 259 110 308 172
phone 0.0070 252 100 262 112
phone 0.0070 67 4 101 62
phone 0.0070 235 21 303 76
phone 0.0070 311 157 349 216
phone 0.0070 374 18 399 78
phone 0.0070 33 123 104 189
phone 0.0070 291 138 300 151
phone 0.0070 107 24 184 104
phone 0.0070 0 0 41 32
phone 0.0070 264 144 303 199
phone 0.0070 22 0 85 42
phone 0.0069 330 0 361 46
phone 0.0069 266 173 301 231
phone 0.0069 207 264 238 266
phone 0.0069 52 67 85 122
phone 0.0069 264 89 281 123
phone 0.0069 65 89 134 162
phone 0.0069 21 34 55 93
phone 0.0069 128 190 162 245
phone 0.0069 374 66 399 123
phone 0.0069 238 264 269 266
phone 0.0069 223 0 284 26
phone 0.0069 113 3 147 62
phone 0.0068 238 0 299 11
phone 0.0068 311 205 348 261
phone 0.0068 172 46 242 112
phone 0.0068 239 0 299 45
phone 0.0068 117 0 175 69
phone 0.0068 280 12 349 85
phone 0.0068 223 264 253 266
phone 0.0068 130 249 161 266
phone 0.0068 252 3 285 62
phone 0.0068 146 0 207 43
phone 0.0068 298 250 331 266
phone 0.0068 282 4 316 62
phone 0.0068 267 251 301 266
phone 0.0068 223 0 284 59
phone 0.0068 0 108 44 173
phone 0.0067 374 143 399 199
phone 0.0067 300 0 330 31
phone 0.0067 22 4 54 61
phone 0.0067 160 250 193 266
phone 0.0067 310 95 350 156
phone 0.0067 223 157 284 247
phone 0.0067 268 35 300 92
phone 0.0067 291 146 300 159
phone 0.0067 313 236 347 266
phone 0.0067 52 190 85 245
phone 0.0067 335 108 399 173
phone 0.0067 0 78 44 142
phone 0.0067 206 51 239 107
phone 0.0067 236 250 270 266
phone 0.0067 364 0 399 97
phone 0.0067 127 0 196 108
phone 0.0067 229 123 239 135
phone 0.0067 192 264 223 266
phone 0.0066 36 174 70 230
phone 0.0066 115 249 145 266
phone 0.0066 346 249 376 266
phone 0.0066 100 0 161 26
phone 0.0066 21 189 55 246
phone 0.0066 208 0 268 11
phone 0.0066 269 0 330 11
phone 0.0066 331 249 361 266
phone 0.0066 39 0 69 46
phone 0.0066 219 93 249 119
phone 0.0065 207 0 269 44
phone 0.0065 131 0 191 11
phone 0.0065 21 112 55 169
phone 0.0065 171 111 212 170
phone 0.0065 280 147 311 173
phone 0.0065 82 65 116 124
phone 0.0065 6 189 39 246
phone 0.0065 288 139 319 165
phone 0.0065 50 167 119 237
phone 0.0065 177 0 237 11
phone 0.0065 294 123 335 188
phone 0.0065 239 0 269 31
phone 0.0065 67 204 101 261
phone 0.0065 338 61 399 128
phone 0.0065 21 158 55 215
phone 0.0065 269 264 299 266
phone 0.0065 32 154 106 219
phone 0.0065 67 80 101 139
phone 0.0064 100 0 160 11
phone 0.0064 36 66 70 122
phone 0.0064 53 219 85 266
phone 0.0064 178 7 236 59
phone 0.0064 193 0 253 26
phone 0.0064 313 20 347 77
phone 0.0064 69 0 130 11
phone 0.0064 38 0 100 26
phone 0.0064 300 0 360 11
phone 0.0064 144 235 177 266
phone 0.0064 69 0 130 26
phone 0.0064 308 30 383 98
phone 0.0063 283 35 316 92
phone 0.0063 285 264 360 266
phone 0.0063 229 115 239 128
phone 0.0063 160 0 224 29
phone 0.0063 115 0 146 31
phone 0.0063 297 221 332 266
phone 0.0063 223 0 253 16
phone 0.0063 237 123 247 135
phone 0.0063 97 19 132 78
phone 0.0063 229 223 239 235
phone 0.0063 53 0 116 44
phone 0.0063 39 0 99 11
phone 0.0063 21 66 55 123
phone 0.0063 36 143 70 199
phone 0.0063 237 115 247 128
phone 0.0063 36 35 70 92
phone 0.0063 131 0 191 26
phone 0.0063 142 17 173 41
phone 0.0062 7 4 38 61
phone 0.0062 5 96 39 154
phone 0.0062 312 65 348 124
phone 0.0062 376 264 399 266
phone 0.0062 208 0 238 16
phone 0.0062 72 248 104 266
phone 0.0062 295 136 312 169
phone 0.0062 331 0 391 42
phone 0.0062 98 219 131 266
phone 0.0062 146 0 176 16
phone 0.0062 297 4 332 61
phone 0.0062 8 0 68 26
phone 0.0062 80 244 96 266
phone 0.0062 0 46 43 112
phone 0.0062 160 0 224 76
phone 0.0062 328 20 363 77
phone 0.0062 193 0 222 16
phone 0.0062 162 0 192 16
phone 0.0062 352 264 399 266
phone 0.0062 301 168 389 237
phone 0.0062 177 0 207 16
phone 0.0061 8 0 68 11
phone 0.0061 130 0 162 46
phone 0.0061 131 0 161 16
phone 0.0061 316 0 345 16
phone 0.0061 54 0 84 31
phone 0.0061 100 0 130 31
phone 0.0061 85 0 115 16
phone 0.0061 374 113 399 168
phone 0.0061 295 154 335 219
phone 0.0061 51 103 117 178
phone 0.0061 331 0 391 11
phone 0.0060 177 264 207 266
phone 0.0060 5 158 39 216
phone 0.0060 69 0 99 16
phone 0.0060 96 65 133 124
phone 0.0060 298 265 363 266
phone 0.0060 82 204 116 262
phone 0.0060 5 127 39 185
phone 0.0060 84 234 115 266
phone 0.0060 82 158 116 215
phone 0.0060 52 127 85 184
phone 0.0060 113 174 147 230
phone 0.0060 69 233 99 266
phone 0.0060 316 0 376 26
phone 0.0060 177 0 207 46
phone 0.0060 346 0 377 46
phone 0.0059 331 0 361 16
phone 0.0059 309 125 351 187
phone 0.0059 158 67 194 122
phone 0.0059 234 167 250 199
phone 0.0059 194 37 251 90
phone 0.0059 87 244 104 266
phone 0.0059 82 128 116 184
phone 0.0059 285 264 315 266
phone 0.0059 23 0 53 31
phone 0.0059 287 143 304 177
phone 0.0059 238 3 269 62
phone 0.0059 113 220 147 266
phone 0.0059 225 89 243 123
phone 0.0059 268 100 277 112
phone 0.0058 98 128 132 184
phone 0.0058 39 0 68 16
phone 0.0058 49 149 81 171
phone 0.0058 208 0 238 46
phone 0.0058 57 145 73 175
phone 0.0058 346 0 376 16
phone 0.0058 127 159 164 215
phone 0.0058 149 13 166 45
phone 0.0058 129 220 162 266
phone 0.0058 112 112 148 169
phone 0.0057 361 0 399 27
phone 0.0057 223 0 253 47
phone 0.0057 361 0 399 11
phone 0.0057 291 131 300 143
phone 0.0057 80 194 111 218
phone 0.0057 288 124 319 150
phone 0.0057 87 190 104 222
phone 0.0057 112 143 148 200
phone 0.0057 100 264 130 266
phone 0.0057 307 56 384 133
phone 0.0057 211 108 241 135
phone 0.0057 297 49 332 108
phone 0.0057 60 154 70 166
phone 0.0057 0 143 24 200
phone 0.0057 82 96 116 154
phone 0.0057 234 131 265 158
phone 0.0056 6 7 16 20
phone 0.0056 241 128 258 161
phone 0.0056 196 169 226 197
phone 0.0056 269 0 300 1
phone 0.0056 253 0 285 1
phone 0.0056 54 249 84 266
phone 0.0056 3 0 19 29
phone 0.0056 280 205 319 261
phone 0.0056 238 0 269 1
phone 0.0056 284 0 315 1
phone 0.0056 39 256 98 266
phone 0.0056 223 0 254 1
phone 0.0056 299 146 308 158
phone 0.0056 0 174 24 231
phone 0.0056 207 0 238 1
phone 0.0055 83 254 93 266
phone 0.0055 250 172 287 232
phone 0.0055 344 221 378 266
phone 0.0055 328 221 363 266
phone 0.0055 296 79 334 140
phone 0.0055 156 188 196 247
phone 0.0055 0 0 23 1
phone 0.0055 111 50 149 108
phone 0.0055 115 0 146 1
phone 0.0055 192 0 223 1
phone 0.0055 98 189 132 246
phone 0.0055 253 33 284 94
phone 0.0055 300 0 331 1
phone 0.0055 67 173 101 231
phone 0.0055 67 142 101 200
phone 0.0055 176 0 208 1
phone 0.0055 130 0 161 1
phone 0.0055 241 144 258 176
phone 0.0055 234 147 265 173
phone 0.0055 100 0 131 1
phone 0.0055 146 0 177 1
phone 0.0055 161 0 192 1
phone 0.0054 153 23 162 35
phone 0.0054 237 177 247 189
phone 0.0054 299 138 308 151
phone 0.0054 49 164 81 187
phone 0.0054 52 158 85 215
phone 0.0054 84 0 115 1
phone 0.0054 0 0 36 11
phone 0.0054 218 204 257 262
phone 0.0054 22 253 85 266
phone 0.0054 159 3 194 62
phone 0.0054 295 120 312 153
phone 0.0054 315 0 346 1
phone 0.0054 281 116 311 142
phone 0.0054 302 116 389 196
phone 0.0054 211 162 241 188
phone 0.0054 192 0 223 46
phone 0.0054 229 184 239 197
phone 0.0054 343 36 378 92
phone 0.0054 112 82 148 138
phone 0.0053 69 0 100 1
phone 0.0053 91 200 100 213
phone 0.0053 7 237 69 266
phone 0.0053 121 87 201 164
phone 0.0053 189 51 224 107
phone 0.0053 376 0 399 47
phone 0.0053 98 158 132 215
phone 0.0053 301 264 330 266
phone 0.0053 206 143 239 199
phone 0.0053 376 0 399 17
phone 0.0053 218 63 250 87
phone 0.0053 316 264 345 266
phone 0.0053 0 66 24 123
phone 0.0053 222 40 285 87
phone 0.0053 220 172 255 232
phone 0.0053 330 0 361 1
phone 0.0053 0 0 22 16
phone 0.0052 127 128 164 184
phone 0.0052 134 0 150 30
phone 0.0052 53 0 85 1
phone 0.0052 196 208 226 235
phone 0.0052 291 154 300 166
phone 0.0052 217 112 236 146
phone 0.0052 142 174 180 230
phone 0.0052 91 254 100 266
phone 0.0052 364 262 399 266
phone 0.0052 67 111 101 170
phone 0.0052 206 113 239 168
phone 0.0052 190 20 224 77
phone 0.0052 23 264 53 266
phone 0.0052 207 19 238 77
phone 0.0052 57 160 73 191
phone 0.0052 238 34 269 93
phone 0.0052 23 0 54 1
phone 0.0052 208 25 268 72
phone 0.0051 57 229 73 261
phone 0.0051 173 51 209 107
phone 0.0051 137 8 147 20
phone 0.0051 202 166 220 200
phone 0.0051 0 3 23 62
phone 0.0051 53 253 116 266
phone 0.0051 233 212 251 246
phone 0.0051 84 265 115 266
phone 0.0051 326 252 342 266
phone 0.0051 49 233 81 256
phone 0.0050 38 0 69 1
phone 0.0050 229 100 239 112
phone 0.0050 189 175 225 230
phone 0.0050 376 0 399 1
phone 0.0050 280 173 318 231
phone 0.0050 211 178 242 203
phone 0.0050 71 228 89 261
