phone 0.8750 148 97 203 187
phone 0.2075 120 85 205 227
phone 0.0834 137 99 240 211
phone 0.0705 154 89 228 163
phone 0.0672 138 22 214 198
phone 0.0665 61 113 156 203
phone 0.0590 167 101 291 214
phone 0.0517 76 87 224 195
phone 0.0426 84 123 199 255
phone 0.0401 170 109 213 173
phone 0.0349 132 47 253 177
phone 0.0342 224 93 352 232
phone 0.0329 194 110 251 202
phone 0.0323 141 91 181 159
phone 0.0310 212 126 317 254
phone 0.0306 16 76 143 198
phone 0.0291 51 18 286 250
phone 0.0283 0 95 99 224
phone 0.0283 62 96 138 247
phone 0.0279 194 55 281 195
phone 0.0274 89 1 196 153
phone 0.0270 217 13 369 198
phone 0.0250 126 118 264 256
phone 0.0231 188 140 219 165
phone 0.0210 195 136 212 169
phone 0.0199 101 117 191 165
phone 0.0198 205 89 271 162
phone 0.0191 199 146 208 158
phone 0.0190 163 125 251 188
phone 0.0189 199 154 208 166
phone 0.0189 81 125 117 187
phone 0.0187 165 116 195 142
phone 0.0182 105 53 353 213
phone 0.0176 33 127 129 257
phone 0.0175 172 113 189 145
phone 0.0173 128 64 194 156
phone 0.0170 157 137 173 167
phone 0.0169 189 71 256 149
phone 0.0167 149 140 181 164
phone 0.0167 0 27 186 234
phone 0.0165 66 39 163 181
phone 0.0164 0 33 105 180
phone 0.0163 160 146 170 159
phone 0.0162 67 157 163 266
phone 0.0158 201 125 274 187
phone 0.0152 175 123 185 135
phone 0.0150 204 139 241 203
phone 0.0148 94 124 167 188
phone 0.0147 180 23 266 166
phone 0.0145 199 138 208 151
phone 0.0144 50 119 118 193
phone 0.0144 136 117 186 195
phone 0.0143 119 147 149 173
phone 0.0143 160 154 170 166
phone 0.0138 164 113 181 145
phone 0.0138 154 76 199 144
phone 0.0137 53 161 115 243
phone 0.0137 190 64 392 260
phone 0.0137 0 121 66 263
phone 0.0137 31 0 131 157
phone 0.0133 265 37 380 169
phone 0.0133 219 95 256 155
phone 0.0132 126 143 143 177
phone 0.0132 92 92 168 159
phone 0.0131 79 171 150 234
phone 0.0125 129 112 162 169
phone 0.0125 109 78 182 142
phone 0.0124 233 170 335 266
phone 0.0123 96 111 133 170
phone 0.0121 168 123 177 135
phone 0.0119 99 187 193 266
phone 0.0119 189 128 225 184
phone 0.0119 4 154 103 266
phone 0.0118 220 128 255 185
phone 0.0118 227 49 312 201
phone 0.0115 129 154 139 166
phone 0.0115 246 140 322 203
phone 0.0115 268 126 368 255
phone 0.0114 216 0 318 115
phone 0.0113 148 3 236 155
phone 0.0113 175 131 185 143
phone 0.0112 62 188 137 248
phone 0.0112 196 147 226 173
phone 0.0112 142 167 241 266
phone 0.0111 112 112 148 169
phone 0.0111 141 148 173 172
phone 0.0110 202 135 220 169
phone 0.0110 196 132 226 157
phone 0.0110 285 79 376 202
phone 0.0109 204 79 241 140
phone 0.0107 178 184 268 266
phone 0.0107 149 144 165 175
phone 0.0106 31 157 106 217
phone 0.0106 98 174 132 230
phone 0.0105 66 141 102 201
phone 0.0105 216 106 291 175
phone 0.0104 205 61 271 128
phone 0.0103 152 153 162 166
phone 0.0102 188 155 219 180
phone 0.0102 78 73 152 147
phone 0.0102 169 62 245 127
phone 0.0102 142 116 172 142
phone 0.0102 152 161 162 174
phone 0.0101 217 78 289 142
phone 0.0100 157 124 188 150
phone 0.0099 236 149 302 224
phone 0.0099 165 139 195 165
phone 0.0098 0 0 39 0
phone 0.0097 206 146 216 158
phone 0.0097 63 88 136 162
phone 0.0097 280 157 350 217
phone 0.0096 0 263 41 266
phone 0.0096 154 135 199 207
phone 0.0095 192 151 253 223
phone 0.0094 172 137 189 167
phone 0.0094 188 124 218 150
phone 0.0094 66 172 102 233
phone 0.0094 0 76 58 205
phone 0.0094 0 26 52 162
phone 0.0094 98 152 163 221
phone 0.0094 195 151 212 184
phone 0.0092 92 63 169 126
phone 0.0092 80 156 118 218
phone 0.0091 31 186 107 249
phone 0.0091 128 82 163 138
phone 0.0091 206 154 216 166
phone 0.0091 248 219 321 266
phone 0.0090 218 136 289 207
phone 0.0090 148 112 166 146
phone 0.0090 64 218 135 266
phone 0.0090 174 170 241 235
phone 0.0090 96 142 133 201
phone 0.0089 297 142 364 201
phone 0.0089 51 159 85 214
phone 0.0089 82 189 116 246
phone 0.0089 35 42 102 116
phone 0.0088 204 172 272 233
phone 0.0088 260 174 339 231
phone 0.0088 142 132 173 157
phone 0.0088 78 43 152 115
phone 0.0088 206 138 216 151
phone 0.0087 267 159 301 215
phone 0.0086 121 218 201 266
phone 0.0086 168 131 177 143
phone 0.0086 65 170 95 196
phone 0.0086 296 113 365 168
phone 0.0086 114 161 177 243
phone 0.0085 236 97 270 153
phone 0.0085 172 81 211 139
phone 0.0085 3 137 73 206
phone 0.0085 113 188 147 247
phone 0.0085 175 115 185 127
phone 0.0085 249 102 320 180
phone 0.0084 199 161 208 174
phone 0.0083 14 173 92 231
phone 0.0083 16 203 91 263
phone 0.0083 195 120 212 154
phone 0.0082 65 116 96 142
phone 0.0082 34 219 104 266
phone 0.0082 175 146 185 158
phone 0.0082 157 155 226 219
phone 0.0082 67 112 101 169
phone 0.0081 154 218 229 266
phone 0.0081 237 113 301 199
phone 0.0080 160 138 170 151
phone 0.0080 113 236 178 266
phone 0.0080 27 112 111 169
phone 0.0080 149 128 166 161
phone 0.0080 153 123 162 135
phone 0.0080 236 128 270 184
phone 0.0079 48 200 121 266
phone 0.0079 13 127 94 185
phone 0.0079 112 82 147 138
phone 0.0079 72 166 89 200
phone 0.0079 72 113 89 146
phone 0.0078 300 168 361 236
phone 0.0078 144 236 209 266
phone 0.0078 113 158 147 216
phone 0.0078 7 222 69 266
phone 0.0078 251 157 286 216
phone 0.0078 1 186 75 249
phone 0.0078 7 3 70 124
phone 0.0077 152 146 162 159
phone 0.0077 8 38 68 90
phone 0.0077 127 115 157 143
phone 0.0077 69 8 131 58
phone 0.0077 62 60 137 129
phone 0.0077 67 23 132 105
phone 0.0077 128 204 162 262
phone 0.0077 174 174 208 230
phone 0.0077 260 124 339 188
phone 0.0077 98 205 131 261
phone 0.0076 298 173 331 231
phone 0.0076 53 237 115 266
phone 0.0076 221 189 254 246
phone 0.0076 311 107 394 222
phone 0.0075 189 66 224 122
phone 0.0075 175 138 185 151
phone 0.0075 97 66 132 123
phone 0.0075 158 42 226 116
phone 0.0075 203 215 274 266
phone 0.0074 51 50 86 108
phone 0.0074 95 213 165 266
phone 0.0074 190 173 224 231
phone 0.0074 51 189 85 246
phone 0.0074 104 50 187 109
phone 0.0074 22 34 54 92
phone 0.0074 191 40 254 118
phone 0.0074 221 158 254 215
phone 0.0074 84 3 115 62
phone 0.0074 238 236 300 266
phone 0.0074 284 181 346 254
phone 0.0074 0 168 59 236
phone 0.0073 240 38 298 90
phone 0.0073 152 138 162 151
phone 0.0073 188 97 225 154
phone 0.0072 126 29 196 99
phone 0.0072 236 66 270 123
phone 0.0072 199 131 208 143
phone 0.0072 157 113 173 146
phone 0.0072 282 174 316 230
phone 0.0072 361 146 399 196
phone 0.0072 38 23 100 73
phone 0.0072 362 115 399 227
phone 0.0072 236 158 270 216
phone 0.0072 266 127 302 185
phone 0.0072 313 128 347 184
phone 0.0072 133 112 150 146
phone 0.0072 205 220 239 266
phone 0.0072 85 0 145 96
phone 0.0072 267 205 301 261
phone 0.0071 84 233 115 266
phone 0.0071 53 0 115 90
phone 0.0071 176 236 239 266
phone 0.0071 153 131 162 143
phone 0.0071 129 161 139 174
phone 0.0071 223 177 284 258
phone 0.0071 36 189 70 246
phone 0.0071 131 8 191 58
phone 0.0071 19 56 87 133
phone 0.0070 176 0 239 110
phone 0.0070 0 62 42 127
phone 0.0070 3 105 73 176
phone 0.0070 145 234 177 266
phone 0.0070 130 234 161 266
phone 0.0070 99 3 131 62
phone 0.0069 115 0 177 96
phone 0.0069 23 218 53 266
phone 0.0069 141 163 173 187
phone 0.0069 193 22 252 74
phone 0.0069 263 90 335 161
phone 0.0069 76 177 85 189
phone 0.0069 76 123 85 135
phone 0.0069 53 19 84 77
phone 0.0069 149 156 181 180
phone 0.0068 150 109 180 134
phone 0.0068 69 3 99 62
phone 0.0068 0 0 41 32
phone 0.0068 163 21 221 76
phone 0.0068 93 26 168 102
phone 0.0068 146 4 177 61
phone 0.0068 21 143 55 200
phone 0.0068 0 203 43 263
phone 0.0068 176 234 208 266
phone 0.0067 52 129 85 183
phone 0.0067 302 223 358 266
phone 0.0067 69 233 99 266
phone 0.0067 157 152 173 183
phone 0.0067 129 157 162 216
phone 0.0067 282 205 316 261
phone 0.0067 191 19 223 77
phone 0.0067 161 234 192 266
phone 0.0067 223 24 283 73
phone 0.0067 39 19 69 77
phone 0.0067 331 101 391 150
phone 0.0067 130 4 162 61
phone 0.0067 118 143 135 177
phone 0.0066 269 34 300 92
phone 0.0066 149 159 165 191
phone 0.0066 328 66 394 184
phone 0.0066 347 163 399 211
phone 0.0066 13 94 93 156
phone 0.0066 81 96 117 154
phone 0.0066 314 97 347 153
phone 0.0066 252 204 285 261
phone 0.0066 47 76 121 144
phone 0.0066 344 145 399 259
phone 0.0065 361 115 399 166
phone 0.0065 253 233 284 266
phone 0.0065 0 94 45 157
phone 0.0065 254 24 314 72
phone 0.0065 160 123 170 135
phone 0.0065 119 162 149 189
phone 0.0065 361 157 392 216
phone 0.0065 174 205 209 261
phone 0.0065 67 204 101 261
phone 0.0065 223 19 254 77
phone 0.0065 36 143 70 199
phone 0.0065 346 95 377 154
phone 0.0065 144 0 209 92
phone 0.0065 0 125 45 187
phone 0.0065 160 161 170 174
phone 0.0065 239 9 299 57
phone 0.0065 252 70 316 150
phone 0.0064 298 203 331 262
phone 0.0064 237 35 270 92
phone 0.0064 376 125 399 186
phone 0.0064 221 219 255 266
phone 0.0064 119 100 149 127
phone 0.0064 84 0 146 42
phone 0.0064 286 54 344 104
phone 0.0064 23 9 84 57
phone 0.0064 190 220 224 266
phone 0.0064 313 187 378 266
phone 0.0064 347 194 399 241
phone 0.0064 361 177 399 227
phone 0.0064 113 51 147 107
phone 0.0064 282 18 348 139
phone 0.0064 143 65 179 124
phone 0.0063 144 205 178 261
phone 0.0063 238 57 299 131
phone 0.0063 21 189 55 246
phone 0.0063 316 218 345 266
phone 0.0063 268 0 331 105
phone 0.0063 152 169 162 182
phone 0.0063 7 34 39 92
phone 0.0063 254 19 284 77
phone 0.0063 282 144 316 199
phone 0.0063 271 239 328 266
phone 0.0063 114 234 146 266
phone 0.0063 20 65 55 123
phone 0.0062 161 3 192 62
phone 0.0062 81 35 117 93
phone 0.0062 285 24 345 72
phone 0.0062 376 156 399 217
phone 0.0062 164 137 181 167
phone 0.0062 361 188 392 247
phone 0.0062 270 40 330 88
phone 0.0062 211 108 242 134
phone 0.0062 236 188 270 247
phone 0.0062 129 146 139 158
phone 0.0062 331 240 391 266
phone 0.0062 208 9 268 57
phone 0.0062 363 68 399 181
phone 0.0062 6 189 39 246
phone 0.0061 270 9 330 57
phone 0.0061 300 40 360 88
phone 0.0061 99 234 131 266
phone 0.0061 330 207 393 266
phone 0.0061 125 97 143 130
phone 0.0061 347 132 399 180
phone 0.0061 361 85 399 135
phone 0.0061 300 49 331 108
phone 0.0061 205 50 240 108
phone 0.0061 177 9 238 57
phone 0.0061 210 33 266 95
phone 0.0061 115 0 176 42
phone 0.0061 285 18 315 77
phone 0.0061 5 158 39 216
phone 0.0060 331 218 361 266
phone 0.0060 269 233 299 266
phone 0.0060 315 6 377 120
phone 0.0060 223 0 283 42
phone 0.0060 270 3 299 62
phone 0.0060 331 55 391 103
phone 0.0060 125 158 143 192
phone 0.0060 0 234 41 266
phone 0.0060 362 238 399 266
phone 0.0060 239 3 269 62
phone 0.0060 175 34 209 93
phone 0.0060 346 218 376 266
phone 0.0060 361 126 392 185
phone 0.0060 193 0 253 42
phone 0.0060 143 35 178 92
phone 0.0060 82 66 116 122
phone 0.0059 330 22 393 136
phone 0.0059 218 105 235 138
phone 0.0059 2 74 74 146
phone 0.0059 114 3 147 62
phone 0.0059 162 0 222 41
phone 0.0059 137 123 147 135
phone 0.0059 284 50 316 108
phone 0.0059 300 18 330 77
phone 0.0059 39 0 99 42
phone 0.0059 250 126 287 186
phone 0.0059 112 142 180 201
phone 0.0059 202 151 220 184
phone 0.0059 67 34 101 92
phone 0.0059 100 0 160 26
phone 0.0059 316 255 376 266
phone 0.0058 316 24 376 72
phone 0.0058 8 0 68 41
phone 0.0058 238 234 269 266
phone 0.0058 188 108 218 135
phone 0.0058 331 34 361 93
phone 0.0058 316 34 346 93
phone 0.0058 131 0 191 26
phone 0.0058 322 69 331 82
phone 0.0058 208 3 238 62
phone 0.0058 36 66 70 123
phone 0.0058 346 49 376 108
phone 0.0058 179 135 197 169
phone 0.0058 206 189 239 246
phone 0.0057 310 64 342 87
phone 0.0057 362 23 399 134
phone 0.0057 221 50 255 108
phone 0.0057 70 0 130 26
phone 0.0057 177 3 207 62
phone 0.0057 360 55 399 104
phone 0.0057 223 0 253 47
phone 0.0057 22 253 85 266
phone 0.0057 122 154 131 166
phone 0.0057 210 143 228 177
phone 0.0057 285 233 315 266
phone 0.0057 376 95 399 155
phone 0.0057 0 0 41 77
phone 0.0057 361 8 399 58
phone 0.0057 0 24 52 73
phone 0.0057 300 9 360 57
phone 0.0057 250 95 287 155
phone 0.0057 0 0 36 11
phone 0.0057 88 177 118 204
phone 0.0057 21 112 55 169
phone 0.0057 361 0 399 11
phone 0.0056 254 0 314 42
phone 0.0056 51 98 85 153
phone 0.0056 100 0 160 11
phone 0.0056 193 0 222 47
phone 0.0056 331 249 361 266
phone 0.0056 361 0 399 27
phone 0.0056 360 255 399 266
phone 0.0056 54 0 84 47
phone 0.0056 23 3 53 62
phone 0.0056 313 188 347 246
phone 0.0056 317 125 374 187
phone 0.0056 128 52 162 106
phone 0.0056 36 113 70 168
phone 0.0056 79 166 97 200
phone 0.0056 199 123 208 135
phone 0.0056 131 0 161 31
phone 0.0056 177 0 237 26
phone 0.0056 70 0 130 11
phone 0.0056 116 0 145 31
phone 0.0056 39 0 68 47
phone 0.0056 131 0 191 11
phone 0.0056 254 0 284 47
phone 0.0056 252 65 285 124
phone 0.0056 331 9 391 57
phone 0.0055 100 0 130 31
phone 0.0055 318 60 334 90
phone 0.0055 8 0 68 11
phone 0.0055 330 111 361 170
phone 0.0055 0 0 22 16
phone 0.0055 159 34 193 93
phone 0.0055 364 262 399 266
phone 0.0055 297 128 332 184
phone 0.0055 162 0 222 11
phone 0.0055 147 0 176 31
phone 0.0055 208 0 268 26
phone 0.0055 23 0 83 26
phone 0.0055 0 0 23 1
phone 0.0055 376 264 399 266
phone 0.0055 193 0 253 11
phone 0.0055 39 0 99 11
phone 0.0055 330 188 361 247
phone 0.0055 159 205 193 260
phone 0.0055 5 112 39 169
phone 0.0055 315 249 346 266
phone 0.0055 0 174 24 230
phone 0.0055 360 209 399 257
phone 0.0054 85 0 115 31
phone 0.0054 168 146 177 158
phone 0.0054 376 64 399 124
phone 0.0054 129 144 194 229
phone 0.0054 346 249 376 266
phone 0.0054 162 0 192 31
phone 0.0054 346 18 376 78
phone 0.0054 346 264 376 266
phone 0.0054 160 115 170 128
phone 0.0054 316 3 345 62
phone 0.0054 346 71 399 118
phone 0.0054 202 120 220 154
phone 0.0054 24 0 53 31
phone 0.0053 177 0 207 31
phone 0.0053 281 113 317 168
phone 0.0053 272 249 304 266
phone 0.0053 223 0 284 11
phone 0.0053 70 0 99 31
phone 0.0053 0 143 24 200
phone 0.0053 239 0 299 26
phone 0.0053 333 144 389 199
phone 0.0053 280 245 295 266
phone 0.0053 283 253 293 266
phone 0.0053 285 0 345 42
phone 0.0053 287 56 319 79
phone 0.0053 319 153 373 220
phone 0.0053 377 0 399 48
phone 0.0053 331 0 391 11
phone 0.0053 331 3 361 62
phone 0.0053 208 0 238 31
phone 0.0053 284 265 315 266
phone 0.0053 316 0 376 42
phone 0.0053 377 0 399 17
phone 0.0053 0 264 23 266
phone 0.0052 345 0 399 89
phone 0.0052 376 187 399 248
phone 0.0052 0 0 22 47
phone 0.0052 300 234 330 266
phone 0.0052 0 218 23 266
phone 0.0052 193 0 222 16
phone 0.0052 331 0 391 26
phone 0.0052 270 61 329 128
phone 0.0052 0 81 24 138
phone 0.0052 160 130 170 143
phone 0.0052 204 216 234 243
phone 0.0052 54 0 84 16
phone 0.0052 362 64 392 124
phone 0.0052 40 256 98 266
phone 0.0052 254 0 314 11
phone 0.0052 95 173 112 208
phone 0.0052 291 61 300 74
phone 0.0052 295 52 312 83
phone 0.0052 331 265 361 266
phone 0.0052 377 18 399 78
phone 0.0052 376 248 399 266
phone 0.0052 285 0 315 47
phone 0.0052 314 61 323 74
phone 0.0052 125 112 143 146
phone 0.0052 303 56 335 79
phone 0.0052 239 0 268 31
phone 0.0052 156 97 174 131
phone 0.0052 299 61 308 74
phone 0.0052 222 115 231 128
phone 0.0052 115 254 177 266
phone 0.0051 129 108 139 120
phone 0.0051 67 82 101 138
phone 0.0051 39 0 68 16
phone 0.0051 223 0 253 16
phone 0.0051 119 123 149 150
phone 0.0051 53 254 116 266
phone 0.0051 84 254 146 266
phone 0.0051 270 0 330 26
phone 0.0051 347 0 376 47
phone 0.0051 191 254 254 266
phone 0.0051 300 265 330 266
phone 0.0051 54 249 84 266
phone 0.0051 129 169 139 181
phone 0.0051 219 185 249 212
phone 0.0051 238 254 300 266
phone 0.0051 145 254 208 266
phone 0.0051 346 188 376 247
phone 0.0051 376 218 399 266
phone 0.0051 287 52 304 83
phone 0.0051 361 95 392 154
phone 0.0051 206 161 216 174
phone 0.0051 316 71 375 118
phone 0.0051 285 0 345 11
phone 0.0051 266 80 302 139
phone 0.0051 347 0 376 16
phone 0.0051 23 265 53 266
phone 0.0051 194 104 213 139
phone 0.0051 211 244 227 266
phone 0.0050 299 0 362 28
phone 0.0050 362 18 392 78
phone 0.0050 315 265 346 266
phone 0.0050 168 138 177 151
phone 0.0050 203 248 235 266
phone 0.0050 300 0 330 47
phone 0.0050 376 0 399 1
phone 0.0050 22 238 85 266
