phone 0.9384 121 127 202 284
phone 0.0957 73 85 246 317
phone 0.0832 90 99 189 260
phone 0.0805 137 149 197 235
phone 0.0694 122 163 183 252
phone 0.0446 128 114 230 245
phone 0.0402 113 186 207 310
phone 0.0358 50 132 149 270
phone 0.0312 116 84 207 216
phone 0.0305 95 176 178 239
phone 0.0292 73 168 138 247
phone 0.0275 49 208 145 311
phone 0.0258 135 110 319 291
phone 0.0214 12 93 129 251
phone 0.0212 81 222 184 352
phone 0.0212 189 155 270 290
phone 0.0197 196 116 291 267
phone 0.0187 51 155 129 229
phone 0.0186 178 184 248 261
phone 0.0185 30 143 238 373
phone 0.0185 162 126 265 257
phone 0.0184 70 141 141 212
phone 0.0182 87 177 124 238
phone 0.0180 124 169 270 275
phone 0.0179 69 204 142 272
phone 0.0172 20 160 120 301
phone 0.0171 118 177 154 238
phone 0.0170 0 194 50 325
phone 0.0168 0 121 90 277
phone 0.0158 52 185 128 260
phone 0.0157 163 188 274 323
phone 0.0154 52 82 148 207
phone 0.0154 72 161 169 284
phone 0.0149 117 245 148 269
phone 0.0147 0 208 97 329
phone 0.0142 125 241 141 273
phone 0.0138 132 242 148 273
phone 0.0138 176 50 319 240
phone 0.0135 35 198 116 339
phone 0.0135 0 64 201 271
phone 0.0134 128 251 137 264
phone 0.0132 221 110 319 231
phone 0.0130 41 235 139 364
phone 0.0129 136 251 145 264
phone 0.0128 224 171 319 286
phone 0.0128 175 154 251 230
phone 0.0127 131 236 204 301
phone 0.0125 195 192 231 252
phone 0.0124 83 163 159 221
phone 0.0123 87 209 123 267
phone 0.0122 148 220 247 347
phone 0.0122 87 147 124 206
phone 0.0121 206 190 282 255
phone 0.0119 92 36 175 186
phone 0.0116 0 66 87 218
phone 0.0116 200 219 289 348
phone 0.0116 38 173 112 241
phone 0.0114 69 26 309 255
phone 0.0112 120 236 215 363
phone 0.0111 94 198 125 224
phone 0.0110 2 254 86 375
phone 0.0109 148 223 186 284
phone 0.0109 84 194 158 252
phone 0.0108 101 137 172 216
phone 0.0106 71 162 109 221
phone 0.0105 52 253 128 316
phone 0.0104 21 8 120 212
phone 0.0104 90 257 166 380
phone 0.0104 207 155 281 229
phone 0.0103 101 194 118 228
phone 0.0102 151 212 244 264
phone 0.0101 32 270 119 390
phone 0.0101 0 110 52 233
phone 0.0101 4 242 85 296
phone 0.0100 0 330 1 399
phone 0.0098 207 222 281 285
phone 0.0098 0 190 47 255
phone 0.0096 54 125 127 198
phone 0.0096 168 253 259 376
phone 0.0096 180 123 247 199
phone 0.0095 0 111 158 346
phone 0.0095 104 164 138 220
phone 0.0095 71 193 109 252
phone 0.0095 85 132 157 190
phone 0.0094 140 198 225 279
phone 0.0093 209 253 279 315
phone 0.0093 0 224 30 282
phone 0.0093 36 142 113 211
phone 0.0093 157 242 239 295
phone 0.0093 94 221 125 247
phone 0.0092 0 255 49 313
phone 0.0092 0 164 13 300
phone 0.0089 52 285 129 345
phone 0.0089 210 207 247 269
phone 0.0089 105 205 114 217
phone 0.0088 9 287 80 342
phone 0.0088 101 217 118 251
phone 0.0086 208 75 281 216
phone 0.0086 104 194 138 251
phone 0.0086 226 194 261 251
phone 0.0086 211 34 300 183
phone 0.0086 57 179 92 236
phone 0.0085 199 126 259 227
phone 0.0085 100 206 173 270
phone 0.0085 0 271 65 328
phone 0.0085 130 268 204 331
phone 0.0084 162 78 234 212
phone 0.0084 140 107 195 184
phone 0.0084 140 178 255 238
phone 0.0083 39 301 111 359
phone 0.0083 105 213 114 225
phone 0.0083 86 252 156 316
phone 0.0082 84 225 158 282
phone 0.0082 208 175 249 239
phone 0.0082 161 284 235 345
phone 0.0082 23 219 96 287
phone 0.0082 21 158 98 225
phone 0.0081 27 241 60 296
phone 0.0081 73 256 107 312
phone 0.0081 107 114 165 178
phone 0.0081 152 101 183 159
phone 0.0081 3 210 85 266
phone 0.0080 196 284 262 346
phone 0.0080 12 131 45 190
phone 0.0080 222 238 297 300
phone 0.0080 0 178 29 236
phone 0.0080 0 80 14 192
phone 0.0079 0 147 48 206
phone 0.0079 195 162 232 222
phone 0.0079 139 24 247 201
phone 0.0079 121 104 182 156
phone 0.0079 23 249 96 319
phone 0.0079 227 255 261 313
phone 0.0078 227 225 261 282
phone 0.0078 133 221 170 285
phone 0.0078 180 211 215 265
phone 0.0078 144 268 222 392
phone 0.0078 39 265 111 334
phone 0.0078 94 182 125 209
phone 0.0077 85 284 158 346
phone 0.0077 21 190 98 255
phone 0.0077 201 108 257 183
phone 0.0077 0 221 66 285
phone 0.0077 144 254 222 314
phone 0.0077 71 301 141 360
phone 0.0076 178 218 249 288
phone 0.0076 150 255 184 313
phone 0.0076 104 133 137 189
phone 0.0076 28 285 60 344
phone 0.0076 136 101 168 159
phone 0.0076 105 228 114 240
phone 0.0076 256 189 319 317
phone 0.0076 0 105 60 155
phone 0.0075 181 241 214 296
phone 0.0075 242 158 308 225
phone 0.0074 29 91 91 139
phone 0.0074 219 207 300 269
phone 0.0074 105 197 114 209
phone 0.0074 115 268 190 392
phone 0.0074 196 131 230 191
phone 0.0074 243 190 307 255
phone 0.0074 5 175 83 239
phone 0.0074 28 56 91 173
phone 0.0073 262 226 318 280
phone 0.0073 135 302 199 358
phone 0.0073 118 146 154 206
phone 0.0073 120 209 153 267
phone 0.0073 57 223 93 283
phone 0.0072 13 101 44 159
phone 0.0072 0 131 30 191
phone 0.0072 0 157 64 227
phone 0.0072 74 112 137 179
phone 0.0072 73 287 107 343
phone 0.0072 0 72 45 187
phone 0.0072 177 267 250 332
phone 0.0071 101 178 118 213
phone 0.0071 196 232 262 306
phone 0.0071 104 255 138 312
phone 0.0071 44 85 75 144
phone 0.0071 60 90 120 140
phone 0.0071 153 105 213 156
phone 0.0070 60 85 91 143
phone 0.0070 102 234 171 303
phone 0.0070 100 267 173 332
phone 0.0070 167 117 229 175
phone 0.0070 229 91 290 139
phone 0.0070 59 55 122 174
phone 0.0070 198 91 260 139
phone 0.0070 42 240 76 297
phone 0.0069 65 269 146 330
phone 0.0069 275 209 306 267
phone 0.0069 0 0 1 98
phone 0.0069 243 68 308 191
phone 0.0069 150 286 184 343
phone 0.0069 57 254 92 314
phone 0.0069 262 180 318 234
phone 0.0069 0 101 29 159
phone 0.0069 197 56 261 173
phone 0.0069 0 160 33 309
phone 0.0069 105 302 168 358
phone 0.0069 225 163 262 221
phone 0.0068 246 104 304 156
phone 0.0068 181 286 214 343
phone 0.0068 11 121 77 201
phone 0.0068 156 174 209 241
phone 0.0068 43 104 107 187
phone 0.0068 104 225 137 281
phone 0.0067 245 76 305 123
phone 0.0067 75 86 106 143
phone 0.0067 183 303 244 357
phone 0.0067 167 101 199 158
phone 0.0067 72 224 108 283
phone 0.0067 28 100 60 159
phone 0.0067 72 133 108 189
phone 0.0067 212 271 245 328
phone 0.0066 57 148 92 204
phone 0.0066 214 76 274 123
phone 0.0066 244 85 275 143
phone 0.0066 256 127 319 256
phone 0.0066 214 85 244 143
phone 0.0066 215 178 303 237
phone 0.0066 122 76 182 123
phone 0.0065 0 91 44 139
phone 0.0065 0 120 45 171
phone 0.0065 242 240 276 297
phone 0.0065 230 60 290 108
phone 0.0065 275 101 306 159
phone 0.0065 229 85 260 143
phone 0.0065 121 42 183 156
phone 0.0065 61 320 120 371
phone 0.0065 42 179 76 235
phone 0.0065 92 104 150 156
phone 0.0065 258 148 292 205
phone 0.0065 276 239 305 298
phone 0.0065 107 60 166 108
phone 0.0064 104 286 138 343
phone 0.0064 11 240 45 297
phone 0.0064 89 101 122 159
phone 0.0064 43 286 76 344
phone 0.0064 276 122 319 170
phone 0.0064 14 76 74 123
phone 0.0064 216 306 272 355
phone 0.0064 151 143 244 210
phone 0.0064 260 70 290 129
phone 0.0064 28 332 92 399
phone 0.0064 117 260 148 285
phone 0.0064 118 248 186 320
phone 0.0064 45 76 106 123
phone 0.0064 0 269 29 329
phone 0.0064 276 91 319 139
phone 0.0064 196 224 230 282
phone 0.0064 291 367 319 399
phone 0.0064 273 87 319 204
phone 0.0063 165 286 199 343
phone 0.0063 42 116 77 174
phone 0.0063 13 42 75 156
phone 0.0063 27 210 61 266
phone 0.0063 214 338 274 384
phone 0.0063 306 367 319 399
phone 0.0063 76 60 136 108
phone 0.0063 214 300 244 361
phone 0.0063 137 60 197 108
phone 0.0063 258 209 292 266
phone 0.0063 119 286 153 343
phone 0.0063 183 76 244 123
phone 0.0063 228 288 291 399
phone 0.0063 199 60 259 108
phone 0.0063 44 42 106 156
phone 0.0063 244 27 306 141
phone 0.0063 199 29 259 77
phone 0.0063 305 332 319 399
phone 0.0062 75 27 137 141
phone 0.0062 122 45 182 93
phone 0.0062 137 69 167 129
phone 0.0062 227 116 261 174
phone 0.0062 168 29 228 77
phone 0.0062 136 26 199 141
phone 0.0062 221 129 298 193
phone 0.0062 230 29 290 77
phone 0.0062 165 241 199 296
phone 0.0062 275 162 306 221
phone 0.0062 119 240 153 297
phone 0.0062 198 0 260 110
phone 0.0062 230 322 289 369
phone 0.0062 182 42 245 156
phone 0.0062 91 45 151 93
phone 0.0062 168 60 228 108
phone 0.0062 216 102 273 159
phone 0.0062 137 29 197 77
phone 0.0062 167 0 229 110
phone 0.0062 228 0 291 110
phone 0.0062 245 54 275 113
phone 0.0062 153 45 213 93
phone 0.0062 105 11 168 125
phone 0.0062 214 45 274 93
phone 0.0062 106 29 167 77
phone 0.0062 153 76 213 123
phone 0.0061 13 284 44 345
phone 0.0061 0 60 59 108
phone 0.0061 60 45 120 93
phone 0.0061 122 54 152 113
phone 0.0061 76 29 136 77
phone 0.0061 91 76 151 123
phone 0.0061 30 60 90 108
phone 0.0061 14 367 75 399
phone 0.0061 58 286 91 343
phone 0.0061 29 69 59 129
phone 0.0061 106 54 136 113
phone 0.0061 230 54 259 113
phone 0.0061 136 332 200 399
phone 0.0061 0 76 28 123
phone 0.0061 45 331 75 391
phone 0.0061 229 331 260 390
phone 0.0061 184 45 243 93
phone 0.0061 42 210 76 266
phone 0.0061 59 11 122 126
phone 0.0061 152 42 214 156
phone 0.0061 92 321 150 370
phone 0.0061 230 300 259 360
phone 0.0061 105 189 114 202
phone 0.0060 153 69 182 129
phone 0.0060 14 69 44 129
phone 0.0060 212 239 245 298
phone 0.0060 259 116 291 174
phone 0.0060 121 101 152 159
phone 0.0060 198 300 229 360
phone 0.0060 45 29 105 77
phone 0.0060 0 367 29 399
phone 0.0060 274 42 319 156
phone 0.0060 245 307 305 354
phone 0.0060 0 332 30 399
phone 0.0060 88 287 122 343
phone 0.0060 196 271 230 328
phone 0.0060 0 146 13 206
phone 0.0060 0 26 45 141
phone 0.0060 245 45 305 93
phone 0.0060 91 54 121 113
phone 0.0060 276 70 305 129
phone 0.0060 214 23 244 83
phone 0.0060 229 23 259 83
phone 0.0060 28 11 91 126
phone 0.0060 199 69 228 129
phone 0.0060 199 23 228 83
phone 0.0060 214 54 244 113
phone 0.0060 261 291 319 338
phone 0.0059 183 23 213 83
phone 0.0059 124 256 141 289
phone 0.0059 137 39 167 98
phone 0.0059 260 60 319 108
phone 0.0059 0 0 58 30
phone 0.0059 246 258 304 310
phone 0.0059 245 23 275 82
phone 0.0059 76 54 105 113
phone 0.0059 14 45 74 93
phone 0.0059 11 209 45 267
phone 0.0059 244 316 275 375
phone 0.0059 153 39 182 98
phone 0.0059 168 23 198 82
phone 0.0059 137 91 198 139
phone 0.0059 58 332 123 399
phone 0.0059 291 101 319 159
phone 0.0059 274 332 319 399
phone 0.0059 12 163 45 220
phone 0.0059 121 367 183 399
phone 0.0059 168 54 198 113
phone 0.0059 0 162 1 282
phone 0.0059 0 24 0 143
phone 0.0059 261 0 319 30
phone 0.0059 60 54 90 113
phone 0.0059 166 332 230 399
phone 0.0059 135 286 168 343
phone 0.0059 183 54 213 113
phone 0.0059 28 362 60 399
phone 0.0059 197 332 261 399
phone 0.0059 259 258 319 371
phone 0.0059 75 315 106 376
phone 0.0059 152 367 213 399
phone 0.0059 0 363 14 399
phone 0.0059 122 23 152 82
phone 0.0059 13 0 75 64
phone 0.0059 106 23 136 82
phone 0.0058 105 332 169 399
phone 0.0058 0 91 13 138
phone 0.0058 0 274 44 385
phone 0.0058 91 23 121 82
phone 0.0058 0 238 14 298
phone 0.0058 245 337 305 385
phone 0.0058 275 0 319 64
phone 0.0058 258 239 291 298
phone 0.0058 45 54 75 113
phone 0.0058 0 239 1 359
phone 0.0058 76 23 105 82
phone 0.0058 291 70 319 129
phone 0.0058 44 362 76 399
phone 0.0058 260 300 290 359
phone 0.0058 229 367 290 399
phone 0.0058 240 221 311 346
phone 0.0058 91 315 121 376
phone 0.0058 276 276 319 323
phone 0.0058 168 0 228 30
phone 0.0058 0 307 43 353
phone 0.0058 151 363 183 399
phone 0.0058 27 179 61 235
phone 0.0058 0 45 43 93
phone 0.0058 183 367 244 399
phone 0.0057 260 23 290 82
phone 0.0057 260 29 319 77
phone 0.0057 60 23 90 82
phone 0.0057 275 285 306 344
phone 0.0057 244 0 306 64
phone 0.0057 242 210 276 265
phone 0.0057 30 0 89 30
phone 0.0057 136 363 168 399
phone 0.0057 0 0 12 30
phone 0.0057 44 367 106 399
phone 0.0057 0 60 13 108
phone 0.0057 14 0 44 37
phone 0.0057 184 14 243 62
phone 0.0057 91 353 151 399
phone 0.0057 13 363 45 399
phone 0.0057 259 0 319 110
phone 0.0057 0 29 59 77
phone 0.0057 152 0 213 64
phone 0.0057 138 0 197 30
phone 0.0057 30 0 59 37
phone 0.0057 230 0 289 30
phone 0.0057 45 23 75 82
phone 0.0057 276 45 319 93
phone 0.0057 0 285 13 345
phone 0.0057 167 363 199 399
phone 0.0057 276 0 305 37
phone 0.0056 275 363 306 399
phone 0.0056 0 70 0 190
phone 0.0056 0 0 13 64
phone 0.0056 291 0 319 37
phone 0.0056 214 14 274 62
phone 0.0056 30 39 59 98
phone 0.0056 306 85 319 144
phone 0.0056 0 27 14 140
phone 0.0056 105 220 114 232
phone 0.0056 0 177 14 237
phone 0.0056 244 363 275 399
phone 0.0056 0 0 44 64
phone 0.0056 228 363 260 399
phone 0.0056 0 0 60 110
phone 0.0056 199 0 258 30
phone 0.0056 232 290 287 340
phone 0.0056 167 91 229 139
phone 0.0056 107 0 166 30
phone 0.0056 259 363 291 399
phone 0.0056 26 132 61 190
phone 0.0056 291 337 319 385
phone 0.0056 213 363 245 399
phone 0.0056 0 0 30 95
phone 0.0056 107 315 136 376
phone 0.0056 60 315 90 376
phone 0.0056 121 0 183 64
phone 0.0056 260 331 290 390
phone 0.0056 214 331 244 390
phone 0.0056 0 116 1 236
phone 0.0055 198 363 229 399
phone 0.0055 261 0 290 37
phone 0.0055 0 207 14 268
phone 0.0055 182 363 214 399
phone 0.0055 184 0 213 37
phone 0.0055 307 0 319 30
phone 0.0055 44 0 106 64
phone 0.0055 306 0 319 64
phone 0.0055 121 363 153 399
phone 0.0055 13 306 75 399
phone 0.0055 291 137 319 185
phone 0.0055 168 0 197 37
phone 0.0055 106 91 167 139
phone 0.0055 106 347 137 399
phone 0.0055 61 0 120 30
phone 0.0055 45 0 74 37
phone 0.0055 91 14 151 62
phone 0.0055 0 337 13 385
phone 0.0055 90 347 121 399
phone 0.0055 276 23 305 82
phone 0.0055 199 0 228 37
phone 0.0055 57 116 93 174
phone 0.0055 194 122 225 146
phone 0.0055 260 322 319 369
phone 0.0054 291 168 319 215
phone 0.0054 0 30 13 77
phone 0.0054 291 239 319 298
phone 0.0054 0 221 8 363
phone 0.0054 0 122 14 169
phone 0.0054 153 0 182 37
phone 0.0054 180 133 215 189
phone 0.0054 0 0 28 37
phone 0.0054 42 148 76 204
phone 0.0054 59 362 91 399
phone 0.0054 245 0 274 37
phone 0.0054 75 367 136 399
phone 0.0054 138 0 167 37
phone 0.0054 106 85 136 143
phone 0.0054 75 0 136 64
phone 0.0054 306 116 319 175
phone 0.0054 61 14 120 62
phone 0.0054 117 283 148 308
phone 0.0054 14 23 44 82
phone 0.0054 29 331 60 391
phone 0.0054 289 135 319 248
phone 0.0054 242 117 276 174
phone 0.0054 135 255 169 313
phone 0.0054 214 0 244 37
phone 0.0054 291 23 319 82
phone 0.0054 122 0 151 37
phone 0.0054 230 0 259 37
phone 0.0054 30 14 89 62
phone 0.0053 133 244 163 270
phone 0.0053 61 0 90 37
phone 0.0053 245 285 275 345
phone 0.0053 290 288 319 399
phone 0.0053 128 266 137 279
phone 0.0053 183 85 213 144
phone 0.0053 88 257 123 311
phone 0.0053 306 162 319 221
phone 0.0053 0 353 59 399
phone 0.0053 276 307 319 354
phone 0.0053 140 241 156 273
phone 0.0053 107 0 136 37
phone 0.0053 184 104 243 157
phone 0.0053 210 130 247 191
phone 0.0053 117 115 148 138
phone 0.0053 152 8 183 67
phone 0.0053 76 0 105 37
phone 0.0053 168 331 198 390
phone 0.0052 154 338 212 384
phone 0.0052 184 338 243 384
phone 0.0052 306 54 319 113
phone 0.0052 183 331 213 390
phone 0.0052 91 0 121 37
phone 0.0052 0 323 59 368
phone 0.0052 136 8 168 67
phone 0.0052 198 331 229 390
phone 0.0052 275 316 306 375
phone 0.0052 291 199 319 246
phone 0.0052 14 316 44 375
phone 0.0052 121 331 152 390
phone 0.0052 306 316 319 375
phone 0.0052 124 279 141 312
phone 0.0051 262 132 318 189
phone 0.0051 74 362 107 399
phone 0.0051 29 8 60 67
phone 0.0051 162 209 202 267
phone 0.0051 306 30 319 77
phone 0.0051 0 87 24 252
phone 0.0051 200 321 258 369
phone 0.0050 306 193 319 252
phone 0.0050 306 239 319 298
phone 0.0050 152 331 183 390
phone 0.0050 273 226 319 341
phone 0.0050 201 118 218 150
phone 0.0050 109 292 141 315
phone 0.0050 289 181 319 294
