phone 0.9383 162 38 235 173
phone 0.0818 200 1 376 168
phone 0.0747 128 66 234 202
phone 0.0728 100 0 297 224
phone 0.0715 32 110 178 224
phone 0.0615 156 0 247 130
phone 0.0612 313 0 399 131
phone 0.0544 202 75 318 198
phone 0.0514 0 158 112 224
phone 0.0483 91 46 189 176
phone 0.0461 45 20 172 209
phone 0.0406 178 49 236 129
phone 0.0392 126 34 229 143
phone 0.0388 65 65 210 214
phone 0.0378 147 101 249 223
phone 0.0370 1 144 210 224
phone 0.0335 19 189 128 224
phone 0.0319 173 174 241 224
phone 0.0318 0 124 59 224
phone 0.0313 234 69 399 211
phone 0.0285 150 69 293 170
phone 0.0270 326 38 399 183
phone 0.0264 114 126 207 224
phone 0.0259 185 127 290 224
phone 0.0236 54 185 219 224
phone 0.0236 81 0 195 120
phone 0.0216 26 5 139 164
phone 0.0207 174 0 286 92
phone 0.0206 135 87 218 153
phone 0.0204 227 13 311 165
phone 0.0191 28 0 248 188
phone 0.0187 274 28 385 150
phone 0.0184 45 205 163 224
phone 0.0182 158 72 195 136
phone 0.0182 107 55 184 123
phone 0.0171 2 48 96 178
phone 0.0161 204 183 240 224
phone 0.0156 233 0 335 117
phone 0.0155 94 147 166 216
phone 0.0155 93 115 167 186
phone 0.0153 302 20 389 97
phone 0.0150 198 179 278 224
phone 0.0148 11 100 96 224
phone 0.0147 182 98 232 172
phone 0.0147 158 34 316 144
phone 0.0147 123 145 275 224
phone 0.0146 222 76 285 163
phone 0.0146 174 183 209 224
phone 0.0145 93 218 180 224
phone 0.0143 124 178 198 224
phone 0.0142 8 222 89 224
phone 0.0142 137 183 265 224
phone 0.0139 188 166 226 224
phone 0.0138 186 194 259 224
phone 0.0137 92 36 168 112
phone 0.0137 288 57 372 121
phone 0.0136 339 35 399 112
phone 0.0133 0 190 58 224
phone 0.0133 223 143 314 224
phone 0.0129 276 0 378 76
phone 0.0128 350 113 399 224
phone 0.0127 337 5 399 81
phone 0.0127 6 152 39 210
phone 0.0124 127 165 164 224
phone 0.0123 199 122 277 179
phone 0.0122 359 176 399 224
phone 0.0122 129 0 221 100
phone 0.0121 218 49 289 129
phone 0.0120 131 222 205 224
phone 0.0118 174 125 240 207
phone 0.0117 127 60 163 118
phone 0.0117 113 168 147 224
phone 0.0116 127 137 163 195
phone 0.0113 30 75 108 194
phone 0.0112 106 86 185 154
phone 0.0111 43 165 155 224
phone 0.0110 142 167 179 224
phone 0.0109 245 85 323 155
phone 0.0109 77 100 152 170
phone 0.0109 276 148 367 224
phone 0.0108 236 93 302 177
phone 0.0107 112 137 148 195
phone 0.0107 157 141 227 221
phone 0.0107 0 0 67 109
phone 0.0105 220 184 255 224
phone 0.0104 163 219 234 224
phone 0.0104 362 210 399 224
phone 0.0102 221 123 255 178
phone 0.0102 252 119 348 224
phone 0.0102 110 59 149 119
phone 0.0100 20 152 55 211
phone 0.0100 188 210 258 224
phone 0.0100 235 89 271 150
phone 0.0100 234 176 304 224
phone 0.0098 68 0 157 87
phone 0.0098 118 48 204 100
phone 0.0097 343 68 399 141
phone 0.0096 357 100 399 170
phone 0.0095 244 121 324 180
phone 0.0095 359 60 394 118
phone 0.0095 74 136 155 196
phone 0.0095 155 193 229 224
phone 0.0095 0 14 49 152
phone 0.0095 304 75 387 134
phone 0.0094 35 129 102 202
phone 0.0094 0 222 57 224
phone 0.0094 248 196 320 224
phone 0.0094 78 52 152 126
phone 0.0093 189 197 225 224
phone 0.0093 158 169 194 224
phone 0.0093 340 28 382 89
phone 0.0092 204 0 271 48
phone 0.0092 34 91 104 148
phone 0.0092 35 183 71 224
phone 0.0091 220 153 255 209
phone 0.0090 312 61 348 117
phone 0.0090 106 27 185 90
phone 0.0090 72 195 159 224
phone 0.0089 312 89 399 211
phone 0.0089 125 213 197 224
phone 0.0089 30 210 107 224
phone 0.0088 124 121 198 180
phone 0.0088 143 137 178 195
phone 0.0088 52 121 85 179
phone 0.0087 185 95 290 145
phone 0.0086 349 0 399 26
phone 0.0086 144 199 178 224
phone 0.0086 192 219 264 224
phone 0.0085 343 61 378 117
phone 0.0085 21 0 86 96
phone 0.0085 328 62 363 116
phone 0.0085 204 153 240 210
phone 0.0085 249 88 288 151
phone 0.0085 245 51 323 128
phone 0.0084 265 166 334 224
phone 0.0084 121 14 201 72
phone 0.0084 18 43 89 104
phone 0.0084 205 214 239 224
phone 0.0084 49 0 120 97
phone 0.0083 111 106 149 164
phone 0.0083 20 182 56 224
phone 0.0082 22 79 86 129
phone 0.0082 280 134 350 197
phone 0.0082 343 152 399 210
phone 0.0082 116 79 206 130
phone 0.0082 61 118 138 183
phone 0.0082 98 153 131 209
phone 0.0081 272 72 357 137
phone 0.0081 236 198 271 224
phone 0.0081 98 123 132 178
phone 0.0081 234 166 272 224
phone 0.0081 220 17 287 99
phone 0.0081 189 136 225 196
phone 0.0080 156 210 228 224
phone 0.0080 0 0 52 60
phone 0.0080 0 202 78 224
phone 0.0080 236 212 302 224
phone 0.0079 374 122 399 179
phone 0.0079 267 107 301 163
phone 0.0079 62 150 137 213
phone 0.0079 221 0 255 40
phone 0.0079 274 17 355 99
phone 0.0079 34 56 104 122
phone 0.0078 357 29 396 87
phone 0.0078 38 89 69 150
phone 0.0078 251 199 286 224
phone 0.0078 53 90 85 149
phone 0.0078 267 199 301 224
phone 0.0078 250 168 286 224
phone 0.0078 235 59 271 119
phone 0.0077 176 0 239 65
phone 0.0077 23 0 83 38
phone 0.0076 60 212 139 224
phone 0.0076 51 199 86 224
phone 0.0076 272 219 304 224
phone 0.0076 0 167 45 224
phone 0.0076 280 216 296 224
phone 0.0076 127 92 163 148
phone 0.0075 316 154 375 208
phone 0.0075 234 0 304 66
phone 0.0075 374 76 399 132
phone 0.0075 307 121 384 180
phone 0.0075 144 46 177 101
phone 0.0074 249 58 288 120
phone 0.0074 375 152 399 210
phone 0.0074 144 214 177 224
phone 0.0074 205 0 239 41
phone 0.0074 291 88 369 151
phone 0.0074 98 184 131 224
phone 0.0074 62 85 137 154
phone 0.0074 49 101 119 169
phone 0.0074 36 0 70 56
phone 0.0073 48 71 121 137
phone 0.0073 221 214 254 224
phone 0.0073 95 209 165 224
phone 0.0073 110 196 182 224
phone 0.0073 0 211 60 224
phone 0.0073 325 29 366 88
phone 0.0072 315 188 376 224
phone 0.0072 22 0 54 40
phone 0.0072 1 28 76 88
phone 0.0071 167 38 217 109
phone 0.0071 326 134 396 197
phone 0.0071 37 44 70 102
phone 0.0071 208 0 269 6
phone 0.0071 330 182 362 224
phone 0.0071 374 197 399 224
phone 0.0070 184 61 292 118
phone 0.0070 345 198 399 224
phone 0.0070 360 137 393 195
phone 0.0070 173 151 210 211
phone 0.0070 0 48 53 99
phone 0.0070 159 199 193 224
phone 0.0070 69 0 131 21
phone 0.0069 5 14 39 71
phone 0.0069 21 14 55 71
phone 0.0069 298 137 331 195
phone 0.0069 69 0 131 55
phone 0.0069 0 0 41 11
phone 0.0068 283 184 316 224
phone 0.0068 252 213 285 224
phone 0.0068 100 0 161 59
phone 0.0068 101 0 160 24
phone 0.0068 331 151 361 211
phone 0.0068 0 86 41 214
phone 0.0068 51 215 85 224
phone 0.0068 237 214 270 224
phone 0.0068 253 216 315 224
phone 0.0068 23 110 84 159
phone 0.0068 175 214 208 224
phone 0.0068 239 0 299 6
phone 0.0067 222 223 295 224
phone 0.0067 128 30 163 86
phone 0.0067 223 0 254 10
phone 0.0067 159 214 193 224
phone 0.0067 283 153 316 209
phone 0.0067 271 218 328 224
phone 0.0067 112 30 148 86
phone 0.0067 238 0 269 10
phone 0.0067 349 211 381 224
phone 0.0067 36 214 70 224
phone 0.0067 356 208 373 224
phone 0.0067 0 137 36 195
phone 0.0067 373 45 399 102
phone 0.0066 269 0 330 5
phone 0.0066 144 15 178 70
phone 0.0066 99 0 131 25
phone 0.0066 53 0 85 41
phone 0.0066 84 0 115 25
phone 0.0066 128 198 163 224
phone 0.0066 315 0 376 5
phone 0.0066 97 91 133 148
phone 0.0066 66 215 101 224
phone 0.0066 251 13 286 72
phone 0.0066 252 0 316 40
phone 0.0066 267 138 301 194
phone 0.0065 324 86 398 154
phone 0.0065 274 104 356 166
phone 0.0065 97 60 132 117
phone 0.0065 52 59 85 118
phone 0.0065 283 0 347 39
phone 0.0065 33 23 105 93
phone 0.0065 208 0 238 10
phone 0.0065 314 0 377 39
phone 0.0065 159 137 193 195
phone 0.0065 130 0 162 25
phone 0.0065 66 200 101 224
phone 0.0065 116 0 175 45
phone 0.0064 7 0 39 40
phone 0.0064 347 218 399 224
phone 0.0064 314 137 347 194
phone 0.0064 199 89 245 150
phone 0.0064 254 0 284 10
phone 0.0064 129 214 162 224
phone 0.0064 300 182 331 224
phone 0.0064 82 122 116 179
phone 0.0064 287 201 343 224
phone 0.0063 157 43 195 103
phone 0.0063 176 0 238 5
phone 0.0063 269 0 300 10
phone 0.0063 358 0 394 40
phone 0.0063 285 0 315 10
phone 0.0063 36 136 70 195
phone 0.0063 236 0 271 41
phone 0.0063 236 13 270 72
phone 0.0063 300 0 330 10
phone 0.0063 331 0 361 10
phone 0.0063 61 39 138 108
phone 0.0063 161 0 223 21
phone 0.0063 69 0 99 25
phone 0.0063 221 15 255 70
phone 0.0063 21 214 54 224
phone 0.0062 285 212 314 224
phone 0.0062 144 77 177 131
phone 0.0062 220 94 255 146
phone 0.0062 328 92 362 147
phone 0.0062 38 0 99 21
phone 0.0062 194 0 252 26
phone 0.0062 190 214 224 224
phone 0.0062 8 0 68 21
phone 0.0062 8 96 68 143
phone 0.0062 97 214 132 224
phone 0.0062 82 169 116 224
phone 0.0062 315 0 346 10
phone 0.0062 113 214 147 224
phone 0.0062 148 0 205 40
phone 0.0061 97 30 132 86
phone 0.0061 67 106 101 164
phone 0.0061 346 0 376 10
phone 0.0061 144 107 177 163
phone 0.0061 82 215 116 224
phone 0.0061 69 0 130 5
phone 0.0061 329 122 362 178
phone 0.0060 251 121 286 180
phone 0.0060 5 198 39 224
phone 0.0060 265 76 302 133
phone 0.0060 296 61 333 117
phone 0.0060 159 13 193 72
phone 0.0060 6 214 39 224
phone 0.0060 8 0 68 5
phone 0.0060 344 137 377 195
phone 0.0060 345 182 377 224
phone 0.0060 193 0 222 10
phone 0.0060 131 0 191 22
phone 0.0060 269 213 300 224
phone 0.0060 82 200 116 224
phone 0.0060 23 90 53 149
phone 0.0060 66 213 214 224
phone 0.0060 362 0 399 5
phone 0.0060 235 120 271 181
phone 0.0060 39 0 99 5
phone 0.0060 360 217 370 224
phone 0.0059 39 0 69 26
phone 0.0059 157 64 188 91
phone 0.0059 67 75 101 133
phone 0.0059 177 0 207 25
phone 0.0059 269 0 331 23
phone 0.0059 222 0 285 23
phone 0.0059 171 117 212 184
phone 0.0058 190 0 224 41
phone 0.0058 181 203 211 224
phone 0.0058 84 0 146 38
phone 0.0058 0 0 36 21
phone 0.0058 51 14 86 71
phone 0.0058 300 212 330 224
phone 0.0058 100 0 161 5
phone 0.0058 313 92 347 147
phone 0.0058 299 0 361 23
phone 0.0058 147 0 207 5
phone 0.0058 85 0 115 10
phone 0.0057 7 78 69 191
phone 0.0057 82 91 116 148
phone 0.0057 227 118 257 144
phone 0.0057 0 179 26 206
phone 0.0057 53 0 116 7
phone 0.0057 70 0 99 10
phone 0.0057 177 0 207 10
phone 0.0057 24 0 53 10
phone 0.0057 146 0 177 25
phone 0.0057 39 0 68 10
phone 0.0057 22 0 85 8
phone 0.0057 54 0 84 10
phone 0.0057 310 29 350 87
phone 0.0056 329 0 393 8
phone 0.0056 100 0 130 10
phone 0.0056 175 0 209 57
phone 0.0056 0 214 24 224
phone 0.0056 299 0 362 8
phone 0.0055 83 0 147 7
phone 0.0055 315 220 376 224
phone 0.0055 160 0 224 8
phone 0.0055 265 14 302 71
phone 0.0055 0 29 24 87
phone 0.0055 116 0 145 10
phone 0.0055 162 0 192 10
phone 0.0055 0 0 24 41
phone 0.0055 159 105 194 164
phone 0.0055 114 0 178 8
phone 0.0055 270 0 330 68
phone 0.0054 376 209 385 222
phone 0.0054 361 0 392 10
phone 0.0054 331 213 361 224
phone 0.0054 8 125 69 175
phone 0.0054 241 115 258 148
phone 0.0054 161 0 192 25
phone 0.0054 164 60 182 94
phone 0.0054 383 209 393 222
phone 0.0053 344 107 378 163
phone 0.0053 146 0 176 10
phone 0.0053 131 0 161 10
phone 0.0053 373 15 399 70
phone 0.0053 329 167 394 224
phone 0.0053 302 171 358 221
phone 0.0053 282 123 316 178
phone 0.0052 67 45 101 102
phone 0.0052 22 121 54 179
phone 0.0052 233 114 251 148
phone 0.0052 142 141 172 168
phone 0.0052 299 0 361 53
phone 0.0052 265 45 303 102
phone 0.0051 272 215 288 224
phone 0.0051 315 167 346 224
phone 0.0051 18 143 50 166
phone 0.0051 8 64 68 113
phone 0.0050 315 213 346 224
phone 0.0050 376 0 399 11
phone 0.0050 50 152 87 210
phone 0.0050 284 216 346 224
phone 0.0050 241 0 296 30
