phone 0.9294 183 104 242 219
phone 0.1864 34 206 116 362
phone 0.1292 177 119 278 234
phone 0.1104 147 86 252 205
phone 0.0944 190 96 267 197
phone 0.0882 51 97 215 301
phone 0.0730 112 91 208 245
phone 0.0588 68 194 197 319
phone 0.0585 65 44 199 235
phone 0.0571 153 114 246 268
phone 0.0567 122 126 262 325
phone 0.0552 158 68 319 328
phone 0.0531 14 137 183 326
phone 0.0425 44 251 135 380
phone 0.0423 151 18 244 149
phone 0.0406 36 214 227 356
phone 0.0377 40 227 110 310
phone 0.0376 0 185 102 338
phone 0.0341 189 183 311 330
phone 0.0326 54 250 96 318
phone 0.0315 32 276 104 399
phone 0.0311 176 18 251 212
phone 0.0296 131 123 203 199
phone 0.0278 2 28 132 190
phone 0.0271 104 14 213 153
phone 0.0268 12 111 125 289
phone 0.0257 189 93 238 168
phone 0.0251 0 165 150 399
phone 0.0232 222 145 319 305
phone 0.0231 208 54 319 232
phone 0.0216 32 0 172 176
phone 0.0209 157 111 319 210
phone 0.0206 158 202 268 335
phone 0.0204 108 0 278 217
phone 0.0201 27 240 92 328
phone 0.0197 241 107 319 246
phone 0.0194 202 141 254 212
phone 0.0187 116 230 265 399
phone 0.0183 68 143 174 272
phone 0.0181 41 82 163 255
phone 0.0172 113 201 221 336
phone 0.0171 148 131 186 191
phone 0.0170 227 244 292 324
phone 0.0165 0 246 91 399
phone 0.0161 86 0 178 121
phone 0.0159 210 113 240 139
phone 0.0158 113 105 190 187
phone 0.0155 229 233 319 365
phone 0.0152 100 119 173 203
phone 0.0151 192 140 296 273
phone 0.0148 130 95 204 165
phone 0.0148 216 110 233 143
phone 0.0148 129 52 235 178
phone 0.0144 103 196 170 280
phone 0.0144 83 295 177 399
phone 0.0141 67 246 195 384
phone 0.0141 173 237 283 361
phone 0.0141 223 139 297 214
phone 0.0140 180 0 269 126
phone 0.0136 174 251 253 318
phone 0.0132 79 191 163 254
phone 0.0130 9 242 80 295
phone 0.0130 99 80 174 149
phone 0.0130 148 289 232 399
phone 0.0129 51 173 160 302
phone 0.0128 220 120 230 133
phone 0.0128 119 228 185 310
phone 0.0128 62 240 149 298
phone 0.0127 62 0 142 112
phone 0.0123 191 33 296 165
phone 0.0123 41 252 78 315
phone 0.0123 176 110 220 181
phone 0.0122 57 285 92 345
phone 0.0122 252 142 319 211
phone 0.0121 158 231 237 307
phone 0.0120 204 236 284 302
phone 0.0119 275 129 319 254
phone 0.0119 82 58 161 202
phone 0.0117 164 73 232 157
phone 0.0117 253 190 319 326
phone 0.0116 239 268 311 331
phone 0.0115 241 254 277 314
phone 0.0113 28 239 60 298
phone 0.0110 217 109 301 183
phone 0.0109 274 83 319 207
phone 0.0109 160 49 235 119
phone 0.0108 245 26 319 173
phone 0.0108 79 226 163 281
phone 0.0107 127 253 207 316
phone 0.0106 69 253 111 315
phone 0.0106 109 324 194 399
phone 0.0106 29 211 90 296
phone 0.0106 62 324 149 399
phone 0.0105 27 78 122 212
phone 0.0104 252 176 319 238
phone 0.0103 0 135 79 264
phone 0.0103 148 0 218 111
phone 0.0103 26 173 93 241
phone 0.0103 106 240 167 328
phone 0.0103 9 272 80 327
phone 0.0102 112 62 191 137
phone 0.0102 216 0 303 137
phone 0.0102 21 12 114 142
phone 0.0100 41 84 109 146
phone 0.0100 143 86 222 144
phone 0.0099 281 173 319 302
phone 0.0099 140 119 225 172
phone 0.0099 227 256 261 312
phone 0.0099 51 103 130 157
phone 0.0099 205 177 284 237
phone 0.0099 220 113 230 125
phone 0.0098 187 106 217 132
phone 0.0098 27 93 92 167
phone 0.0097 149 101 185 159
phone 0.0097 180 300 258 398
phone 0.0096 65 174 146 240
phone 0.0096 241 147 277 206
phone 0.0096 0 330 1 399
phone 0.0095 250 208 319 268
phone 0.0095 51 214 129 293
phone 0.0095 284 149 319 204
phone 0.0095 87 63 156 135
phone 0.0094 8 83 81 207
phone 0.0094 116 265 187 334
phone 0.0094 118 223 155 284
phone 0.0094 257 271 292 328
phone 0.0093 187 272 271 328
phone 0.0093 104 195 138 250
phone 0.0092 81 271 161 328
phone 0.0092 195 256 231 312
phone 0.0091 181 56 245 143
phone 0.0091 119 86 154 144
phone 0.0091 193 102 211 135
phone 0.0090 240 275 271 301
phone 0.0090 28 270 60 329
phone 0.0090 23 330 96 391
phone 0.0090 235 238 315 299
phone 0.0090 178 31 249 106
phone 0.0090 159 266 237 333
phone 0.0090 40 198 110 278
phone 0.0090 26 142 93 211
phone 0.0089 253 95 319 166
phone 0.0089 243 299 307 361
phone 0.0089 186 183 218 208
phone 0.0089 87 130 155 223
phone 0.0089 222 216 297 291
phone 0.0089 198 266 291 394
phone 0.0088 195 185 263 260
phone 0.0088 73 107 139 184
phone 0.0087 39 346 111 399
phone 0.0087 125 50 209 118
phone 0.0087 134 254 169 314
phone 0.0087 194 180 210 211
phone 0.0087 273 163 307 220
phone 0.0087 247 272 264 304
phone 0.0087 205 69 283 130
phone 0.0087 38 297 112 363
phone 0.0086 51 131 129 191
phone 0.0086 55 5 126 70
phone 0.0086 43 178 76 236
phone 0.0086 11 299 78 361
phone 0.0086 67 300 144 360
phone 0.0086 285 36 319 163
phone 0.0085 118 360 185 399
phone 0.0085 192 300 266 360
phone 0.0085 268 193 319 252
phone 0.0085 289 222 319 284
phone 0.0085 54 71 127 128
phone 0.0085 114 181 189 264
phone 0.0085 127 154 206 230
phone 0.0084 65 208 146 268
phone 0.0084 116 131 156 191
phone 0.0084 285 117 319 174
phone 0.0084 28 361 91 399
phone 0.0084 110 0 194 77
phone 0.0084 104 226 137 281
phone 0.0084 87 241 123 296
phone 0.0084 256 160 294 223
phone 0.0083 190 52 267 117
phone 0.0083 118 193 155 252
phone 0.0083 72 360 140 399
phone 0.0083 0 169 60 215
phone 0.0083 250 254 319 314
phone 0.0082 150 346 215 399
phone 0.0082 165 103 199 158
phone 0.0082 42 223 77 283
phone 0.0082 131 116 172 176
phone 0.0082 42 101 76 159
phone 0.0081 290 86 319 144
phone 0.0081 72 79 139 151
phone 0.0081 73 118 107 173
phone 0.0081 304 149 319 204
phone 0.0081 9 253 40 277
phone 0.0081 276 262 319 336
phone 0.0081 226 179 261 235
phone 0.0080 197 189 207 202
phone 0.0080 180 56 215 112
phone 0.0080 14 162 44 221
phone 0.0080 305 111 319 241
phone 0.0080 225 34 294 103
phone 0.0080 133 86 170 143
phone 0.0079 17 251 33 279
phone 0.0079 55 223 94 283
phone 0.0079 38 159 111 224
phone 0.0079 197 113 207 125
phone 0.0079 255 129 295 193
phone 0.0079 150 256 184 312
phone 0.0079 56 39 125 98
phone 0.0078 180 256 216 312
phone 0.0078 304 224 319 282
phone 0.0077 38 115 112 177
phone 0.0077 309 129 319 193
phone 0.0077 196 55 230 113
phone 0.0077 211 21 277 86
phone 0.0077 176 283 251 347
phone 0.0077 308 158 319 225
phone 0.0077 251 282 260 294
phone 0.0077 104 272 137 327
phone 0.0077 197 120 207 133
phone 0.0077 211 257 245 311
phone 0.0077 104 85 138 144
phone 0.0077 133 223 170 283
phone 0.0077 144 316 221 375
phone 0.0076 126 216 208 290
phone 0.0076 14 87 75 143
phone 0.0076 115 298 189 362
phone 0.0076 11 132 78 190
phone 0.0076 304 179 319 235
phone 0.0076 294 361 319 384
phone 0.0076 9 269 40 292
phone 0.0076 118 253 154 315
phone 0.0076 255 65 319 134
phone 0.0076 20 259 30 271
phone 0.0075 171 8 226 68
phone 0.0075 254 284 319 346
phone 0.0075 173 213 253 294
phone 0.0075 305 71 319 127
phone 0.0075 224 78 295 152
phone 0.0075 88 101 122 159
phone 0.0075 43 147 76 206
phone 0.0075 43 332 76 390
phone 0.0075 179 85 217 145
phone 0.0075 17 266 33 295
phone 0.0074 72 287 107 343
phone 0.0074 0 199 61 246
phone 0.0074 274 5 319 132
phone 0.0074 201 149 218 181
phone 0.0074 20 266 30 279
phone 0.0074 305 366 314 379
phone 0.0074 194 152 225 178
phone 0.0074 112 31 191 107
phone 0.0074 128 284 207 346
phone 0.0074 154 0 211 33
phone 0.0073 58 347 91 399
phone 0.0073 20 251 30 263
phone 0.0073 52 314 128 377
phone 0.0072 28 177 60 237
phone 0.0072 52 188 128 258
phone 0.0072 277 41 319 96
phone 0.0072 27 100 60 160
phone 0.0072 194 136 225 162
phone 0.0072 207 282 282 348
phone 0.0072 73 9 107 67
phone 0.0072 304 118 319 173
phone 0.0072 201 133 218 165
phone 0.0072 32 283 64 308
phone 0.0071 0 57 60 171
phone 0.0071 20 274 30 286
phone 0.0071 13 193 44 252
phone 0.0071 28 146 60 206
phone 0.0071 175 140 222 213
phone 0.0071 246 13 304 63
phone 0.0071 168 0 198 37
phone 0.0071 23 280 97 349
phone 0.0071 0 106 60 154
phone 0.0071 73 87 107 143
phone 0.0070 118 56 154 113
phone 0.0070 13 0 76 94
phone 0.0070 212 302 245 358
phone 0.0070 170 361 226 399
phone 0.0070 20 282 30 294
phone 0.0070 57 102 92 158
phone 0.0070 88 302 122 358
phone 0.0070 12 210 77 266
phone 0.0070 288 254 319 313
phone 0.0070 272 132 308 190
phone 0.0069 0 76 60 123
phone 0.0069 13 61 75 108
phone 0.0069 28 316 60 375
phone 0.0069 88 179 123 235
phone 0.0069 13 100 44 160
phone 0.0069 29 46 91 92
phone 0.0069 162 166 234 249
phone 0.0068 259 8 291 67
phone 0.0068 284 216 319 351
phone 0.0068 262 27 319 80
phone 0.0068 165 257 199 311
phone 0.0068 29 8 60 68
phone 0.0068 0 0 1 99
phone 0.0068 135 347 168 399
phone 0.0068 242 40 276 97
phone 0.0068 233 152 263 178
phone 0.0068 89 348 122 399
phone 0.0068 40 279 56 312
phone 0.0068 227 72 261 127
phone 0.0068 119 0 185 43
phone 0.0068 255 271 272 305
phone 0.0067 305 187 319 319
phone 0.0067 197 317 230 374
phone 0.0067 291 24 319 82
phone 0.0067 273 226 307 281
phone 0.0067 44 39 75 98
phone 0.0067 72 0 140 46
phone 0.0067 13 131 44 191
phone 0.0067 166 332 199 389
phone 0.0067 228 164 292 250
phone 0.0067 130 16 204 91
phone 0.0067 194 113 224 140
phone 0.0067 29 54 60 113
phone 0.0066 165 72 199 127
phone 0.0066 0 322 44 369
phone 0.0066 0 289 45 399
phone 0.0066 257 241 292 296
phone 0.0066 14 70 44 128
phone 0.0066 9 284 40 307
phone 0.0066 210 193 246 251
phone 0.0066 206 200 282 276
phone 0.0066 74 55 106 113
phone 0.0066 104 55 138 113
phone 0.0066 0 180 60 294
phone 0.0066 201 180 218 211
phone 0.0066 309 207 319 268
phone 0.0066 30 72 89 127
phone 0.0065 42 0 107 43
phone 0.0065 0 45 18 69
phone 0.0065 181 317 214 374
phone 0.0065 146 185 219 260
phone 0.0065 0 227 13 353
phone 0.0065 205 159 214 171
phone 0.0065 102 115 140 176
phone 0.0064 17 281 33 310
phone 0.0064 135 286 168 343
phone 0.0064 0 43 10 72
phone 0.0064 0 291 44 338
phone 0.0064 160 196 235 280
phone 0.0064 0 276 29 323
phone 0.0064 73 148 107 204
phone 0.0064 309 240 319 297
phone 0.0064 0 230 60 277
phone 0.0063 211 56 246 112
phone 0.0063 57 132 92 189
phone 0.0063 0 183 44 231
phone 0.0063 28 208 60 268
phone 0.0063 272 101 308 159
phone 0.0063 58 163 92 220
phone 0.0063 0 242 29 356
phone 0.0063 0 368 44 399
phone 0.0063 243 9 276 66
phone 0.0063 242 45 307 123
phone 0.0062 20 289 30 302
phone 0.0062 205 151 214 163
phone 0.0062 0 245 29 292
phone 0.0062 0 51 7 63
phone 0.0062 88 132 123 190
phone 0.0062 0 0 60 46
phone 0.0062 225 150 262 203
phone 0.0062 293 57 319 111
phone 0.0062 242 71 276 128
phone 0.0062 135 317 168 374
phone 0.0062 240 117 278 175
phone 0.0062 43 289 53 302
phone 0.0062 130 146 173 207
phone 0.0062 0 333 30 399
phone 0.0062 88 210 123 266
phone 0.0062 200 334 258 387
phone 0.0062 0 153 44 200
phone 0.0062 306 64 319 196
phone 0.0062 0 162 29 221
phone 0.0062 13 223 44 283
phone 0.0061 0 120 45 232
phone 0.0061 201 109 218 143
phone 0.0061 119 347 153 399
phone 0.0061 151 0 184 50
phone 0.0061 205 143 214 156
phone 0.0061 196 286 230 343
phone 0.0061 150 333 184 389
phone 0.0061 104 348 138 399
phone 0.0061 13 0 44 52
phone 0.0061 73 332 107 389
phone 0.0061 0 91 44 139
phone 0.0061 0 167 18 289
phone 0.0061 212 315 276 375
phone 0.0060 0 362 14 399
phone 0.0060 195 24 231 82
phone 0.0060 239 148 257 182
phone 0.0060 273 55 307 113
phone 0.0060 0 122 44 169
phone 0.0060 32 130 64 153
phone 0.0060 58 317 91 374
phone 0.0060 309 101 319 159
phone 0.0060 227 286 261 343
phone 0.0060 248 311 264 342
phone 0.0060 0 214 28 262
phone 0.0060 0 196 29 310
phone 0.0060 0 307 29 354
phone 0.0059 306 39 319 97
phone 0.0059 240 315 272 338
phone 0.0059 40 126 56 157
phone 0.0059 73 179 107 235
phone 0.0059 149 72 185 127
phone 0.0059 104 302 138 358
phone 0.0059 294 299 319 323
phone 0.0059 241 225 278 282
phone 0.0059 0 336 59 385
phone 0.0059 0 183 13 231
phone 0.0059 205 166 214 179
phone 0.0059 88 272 123 327
phone 0.0059 205 189 214 202
phone 0.0058 262 320 318 370
phone 0.0058 42 286 76 344
phone 0.0058 0 226 61 342
phone 0.0058 0 24 0 143
phone 0.0058 276 14 319 62
phone 0.0058 43 136 53 148
phone 0.0058 57 193 92 251
phone 0.0058 0 72 20 197
phone 0.0058 0 132 0 251
phone 0.0058 0 193 0 313
phone 0.0058 59 38 91 99
phone 0.0058 278 304 319 356
phone 0.0058 181 287 215 343
phone 0.0058 0 100 29 159
phone 0.0058 150 287 184 343
phone 0.0058 0 230 13 277
phone 0.0058 165 302 199 358
phone 0.0058 89 55 122 113
phone 0.0057 259 282 268 294
phone 0.0057 242 285 277 344
phone 0.0057 0 69 29 129
phone 0.0057 59 8 91 67
phone 0.0057 13 330 44 391
phone 0.0057 134 0 169 36
phone 0.0057 0 86 0 205
phone 0.0057 0 135 14 248
phone 0.0057 0 300 13 359
phone 0.0057 303 25 319 143
phone 0.0057 0 131 29 190
phone 0.0057 0 239 0 359
phone 0.0057 0 260 13 308
phone 0.0057 186 179 203 212
phone 0.0057 214 331 244 391
phone 0.0057 0 60 44 108
phone 0.0056 0 153 13 200
phone 0.0056 183 0 213 37
phone 0.0056 86 121 117 147
phone 0.0056 251 320 260 333
phone 0.0056 306 270 319 329
phone 0.0056 0 27 45 141
phone 0.0056 88 24 122 82
phone 0.0056 226 41 261 96
phone 0.0056 0 260 44 308
phone 0.0056 0 45 59 92
phone 0.0056 0 331 13 390
phone 0.0056 24 22 56 46
phone 0.0055 306 368 319 399
phone 0.0055 257 193 293 252
phone 0.0055 276 316 305 375
phone 0.0055 0 0 13 64
phone 0.0055 0 0 12 30
phone 0.0055 58 0 92 36
phone 0.0055 180 173 246 272
phone 0.0055 32 19 48 49
phone 0.0055 88 0 123 36
phone 0.0055 87 259 117 286
phone 0.0055 261 0 319 30
phone 0.0055 305 332 319 399
phone 0.0055 232 323 264 346
phone 0.0055 13 269 44 329
phone 0.0055 165 179 199 235
phone 0.0055 45 58 105 110
phone 0.0055 240 319 256 349
phone 0.0054 0 0 29 51
phone 0.0054 70 225 109 282
phone 0.0054 0 76 13 123
phone 0.0054 133 56 170 112
phone 0.0054 14 39 44 98
phone 0.0054 104 276 169 353
phone 0.0054 47 279 64 312
phone 0.0054 179 24 216 82
phone 0.0054 9 238 40 261
phone 0.0054 40 19 56 49
phone 0.0054 142 165 224 219
phone 0.0054 101 162 141 221
phone 0.0054 0 122 13 169
phone 0.0054 36 28 45 40
phone 0.0054 71 120 101 148
phone 0.0054 0 42 14 156
phone 0.0054 243 328 253 341
phone 0.0053 255 310 272 342
phone 0.0053 30 13 89 63
phone 0.0053 148 163 186 220
phone 0.0053 44 27 106 79
phone 0.0053 205 98 252 162
phone 0.0053 306 0 319 64
phone 0.0053 0 45 13 92
phone 0.0053 164 42 200 96
phone 0.0053 243 159 253 171
phone 0.0053 164 151 194 179
phone 0.0053 257 39 292 98
phone 0.0052 292 338 319 385
phone 0.0052 276 0 305 37
phone 0.0052 220 128 230 140
phone 0.0052 307 0 319 31
phone 0.0052 303 255 319 374
phone 0.0052 17 235 33 264
phone 0.0052 256 85 293 145
phone 0.0052 308 291 319 339
phone 0.0052 256 274 286 301
phone 0.0052 233 167 263 193
phone 0.0052 291 0 319 46
phone 0.0052 118 0 154 36
phone 0.0052 93 256 111 289
phone 0.0052 260 315 290 375
phone 0.0052 93 117 110 151
phone 0.0052 103 25 138 82
phone 0.0052 165 133 199 188
phone 0.0052 119 317 153 374
phone 0.0052 291 367 319 399
phone 0.0052 290 285 319 345
phone 0.0052 241 177 277 237
phone 0.0052 205 120 214 132
phone 0.0052 274 332 319 399
phone 0.0051 132 194 171 252
phone 0.0051 307 322 319 369
phone 0.0051 103 0 138 36
phone 0.0051 118 25 154 82
phone 0.0051 185 351 241 399
phone 0.0051 217 67 248 93
phone 0.0051 44 7 75 68
phone 0.0051 43 28 53 41
phone 0.0051 164 174 194 202
phone 0.0051 189 189 199 202
phone 0.0051 225 225 262 281
phone 0.0051 305 305 314 317
phone 0.0051 20 243 30 256
phone 0.0050 0 30 28 77
phone 0.0050 233 136 263 163
phone 0.0050 133 9 169 66
phone 0.0050 205 136 214 148
phone 0.0050 274 363 306 399
phone 0.0050 179 228 209 255
phone 0.0050 200 10 257 66
