phone 0.8589 124 75 288 201
phone 0.1488 154 105 260 178
phone 0.0574 36 93 185 229
phone 0.0445 154 22 261 198
phone 0.0410 183 106 232 176
phone 0.0401 64 65 223 209
phone 0.0381 9 78 147 197
phone 0.0355 127 101 226 242
phone 0.0277 0 70 74 200
phone 0.0256 93 12 355 202
phone 0.0250 188 86 287 166
phone 0.0241 237 42 350 170
phone 0.0240 88 132 192 248
phone 0.0225 199 81 310 234
phone 0.0208 240 99 342 225
phone 0.0198 25 115 133 264
phone 0.0197 206 65 380 205
phone 0.0189 138 134 214 209
phone 0.0188 53 41 173 177
phone 0.0155 24 33 113 186
phone 0.0155 17 103 90 179
phone 0.0154 123 116 199 196
phone 0.0154 123 154 199 220
phone 0.0151 99 0 186 155
phone 0.0145 111 157 211 266
phone 0.0142 91 153 169 221
phone 0.0141 67 157 154 266
phone 0.0140 0 0 188 210
phone 0.0140 29 124 108 188
phone 0.0140 6 0 91 156
phone 0.0139 218 112 257 170
phone 0.0138 201 120 275 193
phone 0.0134 143 167 210 238
phone 0.0133 183 117 270 254
phone 0.0131 203 24 303 165
phone 0.0127 160 152 254 266
phone 0.0124 203 126 241 186
phone 0.0124 167 60 247 161
phone 0.0124 232 81 305 139
phone 0.0122 105 172 186 233
phone 0.0120 159 158 193 216
phone 0.0119 3 107 104 235
phone 0.0119 110 37 212 182
phone 0.0115 122 0 227 129
phone 0.0115 103 240 134 265
phone 0.0113 208 138 299 266
phone 0.0113 110 102 182 179
phone 0.0112 171 124 213 188
phone 0.0109 110 236 127 266
phone 0.0107 6 186 101 266
phone 0.0107 0 21 52 167
phone 0.0107 156 155 228 219
phone 0.0107 87 255 119 266
phone 0.0107 45 109 123 173
phone 0.0106 95 252 111 266
phone 0.0105 32 89 105 162
phone 0.0104 137 85 216 165
phone 0.0104 143 158 178 216
phone 0.0102 122 189 200 247
phone 0.0101 251 139 327 248
phone 0.0100 51 128 86 184
phone 0.0099 98 261 108 266
phone 0.0099 169 94 214 157
phone 0.0098 182 0 287 122
phone 0.0098 114 246 124 258
phone 0.0098 0 0 39 0
phone 0.0096 35 111 72 170
phone 0.0096 156 126 196 187
phone 0.0096 47 137 121 206
phone 0.0095 113 174 147 230
phone 0.0094 251 97 285 154
phone 0.0093 80 132 150 211
phone 0.0093 256 90 312 161
phone 0.0093 62 219 137 266
phone 0.0093 235 104 302 177
phone 0.0093 0 121 57 252
phone 0.0093 127 159 163 215
phone 0.0092 84 58 146 131
phone 0.0092 94 119 167 193
phone 0.0092 93 185 167 250
phone 0.0092 0 263 41 266
phone 0.0092 173 202 242 264
phone 0.0091 235 114 270 168
phone 0.0091 0 183 53 266
phone 0.0090 166 143 248 200
phone 0.0090 88 252 104 266
phone 0.0089 46 203 123 263
phone 0.0088 62 0 164 122
phone 0.0088 217 171 290 233
phone 0.0088 14 140 92 203
phone 0.0088 21 68 86 152
phone 0.0086 94 91 167 159
phone 0.0085 141 126 180 186
phone 0.0085 40 63 98 127
phone 0.0084 144 189 177 245
phone 0.0084 126 256 158 266
phone 0.0084 134 252 150 266
phone 0.0084 169 175 245 229
phone 0.0083 66 116 133 196
phone 0.0083 66 128 101 184
phone 0.0083 29 156 108 217
phone 0.0083 159 183 225 252
phone 0.0082 174 158 209 215
phone 0.0082 111 217 181 266
phone 0.0082 98 65 132 123
phone 0.0081 23 238 84 266
phone 0.0081 98 174 132 230
phone 0.0081 0 94 61 157
phone 0.0081 190 204 224 261
phone 0.0080 91 261 100 266
phone 0.0080 137 261 147 266
phone 0.0080 252 65 285 123
phone 0.0080 208 39 268 89
phone 0.0080 159 188 193 246
phone 0.0080 232 155 305 218
phone 0.0079 83 220 116 266
phone 0.0079 60 188 140 247
phone 0.0079 65 27 135 161
phone 0.0079 66 146 133 228
phone 0.0079 21 112 55 169
phone 0.0079 220 137 287 206
phone 0.0078 47 77 121 143
phone 0.0078 275 47 377 222
phone 0.0078 216 60 290 129
phone 0.0078 81 104 149 178
phone 0.0078 109 73 182 146
phone 0.0077 2 218 74 266
phone 0.0077 222 35 254 92
phone 0.0077 128 189 162 246
phone 0.0076 188 154 258 219
phone 0.0076 47 168 121 236
phone 0.0075 268 80 300 139
phone 0.0075 0 60 57 129
phone 0.0074 127 111 164 170
phone 0.0074 100 39 161 89
phone 0.0074 236 173 270 231
phone 0.0073 190 182 255 253
phone 0.0072 221 142 255 201
phone 0.0072 114 254 124 266
phone 0.0072 38 233 69 266
phone 0.0072 111 143 148 200
phone 0.0072 67 204 101 261
phone 0.0071 143 197 210 266
phone 0.0071 174 188 209 247
phone 0.0071 42 248 73 266
phone 0.0071 15 171 91 234
phone 0.0071 190 174 223 230
phone 0.0071 98 204 131 261
phone 0.0071 277 5 372 139
phone 0.0071 50 97 87 154
phone 0.0071 49 244 66 266
phone 0.0070 115 34 146 92
phone 0.0070 190 143 224 199
phone 0.0070 0 0 41 32
phone 0.0070 103 252 118 266
phone 0.0069 130 34 162 92
phone 0.0069 100 34 130 92
phone 0.0069 0 108 45 173
phone 0.0069 1 153 75 221
phone 0.0069 106 261 116 266
phone 0.0068 251 72 319 209
phone 0.0068 161 216 223 266
phone 0.0068 225 209 281 257
phone 0.0068 178 240 236 266
phone 0.0068 36 143 70 200
phone 0.0067 72 256 104 266
phone 0.0067 240 192 297 243
phone 0.0067 0 140 45 203
phone 0.0067 205 173 239 231
phone 0.0067 240 53 298 105
phone 0.0067 113 97 147 154
phone 0.0067 131 238 191 266
phone 0.0067 80 252 96 266
phone 0.0067 236 50 271 108
phone 0.0067 113 65 147 123
phone 0.0067 69 40 131 88
phone 0.0067 6 219 39 266
phone 0.0067 236 142 270 200
phone 0.0066 52 220 85 266
phone 0.0066 206 34 239 92
phone 0.0066 134 200 164 227
phone 0.0066 126 253 142 266
phone 0.0066 51 159 85 215
phone 0.0066 252 158 285 215
phone 0.0065 0 238 53 266
phone 0.0065 36 65 70 123
phone 0.0065 113 204 147 262
phone 0.0065 83 65 116 124
phone 0.0065 67 159 101 215
phone 0.0065 66 98 101 153
phone 0.0065 0 170 44 234
phone 0.0064 141 248 173 266
phone 0.0064 21 219 54 266
phone 0.0064 149 245 165 266
phone 0.0064 96 142 133 201
phone 0.0064 221 188 254 247
phone 0.0064 81 127 117 185
phone 0.0064 85 34 115 93
phone 0.0063 239 203 268 263
phone 0.0063 53 234 116 266
phone 0.0063 255 176 313 228
phone 0.0063 25 51 82 107
phone 0.0063 52 254 62 266
phone 0.0063 129 261 139 266
phone 0.0063 85 24 145 72
phone 0.0063 98 96 132 154
phone 0.0062 193 233 222 266
phone 0.0062 256 68 312 121
phone 0.0062 152 253 162 266
phone 0.0062 134 140 165 165
phone 0.0062 224 240 283 266
phone 0.0062 115 24 176 72
phone 0.0062 36 205 70 261
phone 0.0062 254 187 284 248
phone 0.0062 51 190 85 245
phone 0.0062 82 190 116 245
phone 0.0062 54 24 114 72
phone 0.0061 0 45 40 113
phone 0.0061 270 209 329 257
phone 0.0061 83 261 93 266
phone 0.0061 194 222 251 266
phone 0.0061 84 232 147 266
phone 0.0061 285 194 345 241
phone 0.0061 5 127 39 184
phone 0.0061 146 233 176 266
phone 0.0061 251 127 286 185
phone 0.0061 141 197 158 231
phone 0.0061 53 0 115 105
phone 0.0060 272 161 327 213
phone 0.0060 146 24 207 72
phone 0.0060 208 255 268 266
phone 0.0060 141 136 158 169
phone 0.0060 141 244 158 266
phone 0.0060 284 161 346 266
phone 0.0060 69 34 99 93
phone 0.0060 253 191 316 266
phone 0.0060 70 9 130 57
phone 0.0060 39 9 99 57
phone 0.0060 142 97 179 154
phone 0.0059 206 203 239 262
phone 0.0059 145 34 177 92
phone 0.0059 24 24 83 72
phone 0.0059 238 234 269 266
phone 0.0059 20 81 55 138
phone 0.0059 39 40 99 88
phone 0.0059 21 143 55 200
phone 0.0059 5 81 39 138
phone 0.0059 249 0 338 102
phone 0.0059 126 54 196 135
phone 0.0059 315 265 378 266
phone 0.0059 285 203 315 262
phone 0.0059 100 9 160 57
phone 0.0059 208 9 268 57
phone 0.0059 23 0 83 41
phone 0.0059 81 157 117 216
phone 0.0059 299 265 362 266
phone 0.0059 285 157 315 216
phone 0.0058 85 0 145 42
phone 0.0058 269 172 299 232
phone 0.0058 177 9 237 57
phone 0.0058 54 0 114 42
phone 0.0058 131 9 191 57
phone 0.0058 8 0 68 11
phone 0.0058 111 247 142 266
phone 0.0058 38 34 69 92
phone 0.0058 192 0 254 90
phone 0.0058 224 24 283 72
phone 0.0058 267 110 301 171
phone 0.0058 300 188 330 247
phone 0.0058 223 249 253 266
phone 0.0058 363 238 399 266
phone 0.0058 54 18 84 78
phone 0.0058 161 0 223 90
phone 0.0058 9 9 67 57
phone 0.0058 300 178 361 226
phone 0.0058 57 248 88 266
phone 0.0058 267 143 301 200
phone 0.0057 300 24 360 72
phone 0.0057 5 158 39 215
phone 0.0057 80 246 111 266
phone 0.0057 286 147 344 196
phone 0.0057 57 244 73 266
phone 0.0057 156 96 196 154
phone 0.0057 162 19 192 77
phone 0.0057 39 0 99 26
phone 0.0057 7 0 70 29
phone 0.0057 162 233 192 266
phone 0.0057 146 42 206 117
phone 0.0057 363 0 399 73
phone 0.0057 128 81 163 138
phone 0.0057 285 9 345 57
phone 0.0057 118 244 135 266
phone 0.0057 316 40 376 88
phone 0.0057 364 262 399 266
phone 0.0057 0 219 24 266
phone 0.0057 85 3 115 62
phone 0.0057 238 253 300 266
phone 0.0057 102 235 120 266
phone 0.0057 65 244 81 266
phone 0.0057 70 0 130 26
phone 0.0057 70 3 99 62
phone 0.0057 116 0 176 42
phone 0.0057 239 9 299 57
phone 0.0057 361 254 399 266
phone 0.0057 0 0 36 11
phone 0.0057 100 3 130 62
phone 0.0056 271 85 328 135
phone 0.0056 253 237 316 266
phone 0.0056 5 189 39 246
phone 0.0056 100 0 160 26
phone 0.0056 316 71 376 118
phone 0.0056 36 174 70 230
phone 0.0056 331 55 391 103
phone 0.0056 299 129 362 243
phone 0.0056 315 0 377 105
phone 0.0056 177 19 207 77
phone 0.0056 0 0 23 1
phone 0.0056 255 24 314 72
phone 0.0056 361 0 399 27
phone 0.0056 9 38 67 89
phone 0.0056 316 101 376 149
phone 0.0056 116 0 176 11
phone 0.0056 85 0 145 11
phone 0.0056 362 192 399 266
phone 0.0056 361 0 399 11
phone 0.0056 331 86 391 134
phone 0.0056 316 147 376 195
phone 0.0056 39 0 99 11
phone 0.0056 224 3 253 62
phone 0.0056 116 3 145 62
phone 0.0056 300 157 330 216
phone 0.0056 0 96 24 154
phone 0.0056 39 0 68 31
phone 0.0056 362 53 399 165
phone 0.0056 146 0 207 11
phone 0.0056 331 24 391 72
phone 0.0056 268 253 331 266
phone 0.0056 331 117 391 165
phone 0.0056 316 9 376 57
phone 0.0056 240 224 298 266
phone 0.0056 54 0 84 47
phone 0.0056 208 3 238 62
phone 0.0056 361 85 399 134
phone 0.0056 315 37 377 151
phone 0.0056 362 100 399 211
phone 0.0056 330 22 393 136
phone 0.0056 147 0 206 42
phone 0.0056 131 0 191 26
phone 0.0056 361 116 399 165
phone 0.0055 361 54 399 104
phone 0.0055 301 55 360 103
phone 0.0055 300 132 360 180
phone 0.0055 286 116 344 165
phone 0.0055 193 3 222 62
phone 0.0055 270 0 330 42
phone 0.0055 157 245 173 266
phone 0.0055 224 0 283 42
phone 0.0055 193 0 253 42
phone 0.0055 330 68 393 182
phone 0.0055 23 0 53 16
phone 0.0055 285 65 315 123
phone 0.0055 131 3 161 62
phone 0.0055 147 3 176 62
phone 0.0055 160 253 170 266
phone 0.0055 23 3 53 62
phone 0.0055 315 114 377 228
phone 0.0055 284 237 346 266
phone 0.0055 361 147 399 196
phone 0.0055 269 219 300 266
phone 0.0055 145 253 154 266
phone 0.0055 239 3 268 62
phone 0.0055 254 265 284 266
phone 0.0055 330 237 393 266
phone 0.0055 331 163 391 211
phone 0.0055 162 0 222 26
phone 0.0055 145 261 154 266
phone 0.0055 177 0 237 11
phone 0.0055 82 97 116 154
phone 0.0055 316 194 376 241
phone 0.0055 239 265 269 266
phone 0.0055 282 82 348 199
phone 0.0055 0 65 24 123
phone 0.0055 198 77 247 143
phone 0.0055 316 18 345 78
phone 0.0055 0 0 22 16
phone 0.0055 361 178 399 227
phone 0.0054 316 172 345 231
phone 0.0054 300 86 360 134
phone 0.0054 23 34 54 92
phone 0.0054 300 126 330 185
phone 0.0054 21 174 55 231
phone 0.0054 331 34 361 93
phone 0.0054 300 3 330 62
phone 0.0054 330 129 393 243
phone 0.0054 300 209 361 257
phone 0.0054 269 265 299 266
phone 0.0054 254 18 284 78
phone 0.0054 73 239 103 266
phone 0.0054 208 249 238 266
phone 0.0054 315 160 377 266
phone 0.0054 208 0 268 26
phone 0.0054 300 0 360 42
phone 0.0054 299 253 362 266
phone 0.0054 346 49 376 108
phone 0.0054 285 40 345 88
phone 0.0054 208 0 268 11
phone 0.0054 330 253 393 266
phone 0.0054 346 80 376 139
phone 0.0054 285 3 315 62
phone 0.0054 254 0 314 26
phone 0.0054 299 52 362 167
phone 0.0054 177 233 207 266
phone 0.0054 285 265 315 266
phone 0.0054 331 64 361 124
phone 0.0054 346 18 376 78
phone 0.0054 130 233 161 266
phone 0.0054 377 264 399 266
phone 0.0053 270 18 299 78
phone 0.0053 254 234 284 266
phone 0.0053 239 0 299 11
phone 0.0053 346 111 376 170
phone 0.0053 161 264 192 266
phone 0.0053 331 0 391 11
phone 0.0053 131 0 161 16
phone 0.0053 100 0 130 16
phone 0.0053 116 0 145 16
phone 0.0053 146 0 176 16
phone 0.0053 331 95 361 154
phone 0.0053 346 264 376 266
phone 0.0053 331 0 391 42
phone 0.0053 331 209 391 257
phone 0.0053 85 0 115 16
phone 0.0053 117 44 174 114
phone 0.0053 145 146 154 158
phone 0.0053 54 0 84 16
phone 0.0053 162 0 192 16
phone 0.0053 346 141 376 201
phone 0.0053 331 141 361 201
phone 0.0053 69 0 99 16
phone 0.0053 331 3 361 62
phone 0.0053 270 0 330 11
phone 0.0053 300 265 330 266
phone 0.0053 176 253 239 266
phone 0.0053 377 0 399 48
phone 0.0053 316 142 345 200
phone 0.0053 162 0 192 47
phone 0.0053 300 96 330 154
phone 0.0053 177 0 207 47
phone 0.0053 316 224 376 266
phone 0.0053 285 0 345 26
phone 0.0053 223 265 253 266
phone 0.0053 177 0 207 16
phone 0.0053 316 49 345 108
phone 0.0053 271 129 328 183
phone 0.0053 270 0 299 47
phone 0.0053 377 248 399 266
phone 0.0053 346 9 399 57
phone 0.0053 254 0 284 47
phone 0.0052 331 172 361 231
phone 0.0052 269 249 299 266
phone 0.0052 193 0 222 16
phone 0.0052 376 0 399 17
phone 0.0052 300 0 360 11
phone 0.0052 251 19 317 138
phone 0.0052 331 265 361 266
phone 0.0052 60 253 70 266
phone 0.0052 316 265 345 266
phone 0.0052 316 0 376 26
phone 0.0052 377 218 399 266
phone 0.0052 346 172 376 231
phone 0.0052 208 0 238 16
phone 0.0052 316 111 345 170
phone 0.0052 242 108 272 135
phone 0.0052 316 80 345 139
phone 0.0052 285 249 315 266
phone 0.0052 346 71 399 118
phone 0.0052 145 208 154 220
phone 0.0052 346 40 399 87
phone 0.0051 68 253 77 266
phone 0.0051 376 79 399 140
phone 0.0051 207 265 238 266
phone 0.0051 377 18 399 78
phone 0.0051 316 203 346 262
phone 0.0051 346 102 399 149
phone 0.0051 223 0 253 31
phone 0.0051 376 48 399 109
phone 0.0051 376 110 399 171
phone 0.0051 300 34 330 93
phone 0.0051 99 254 162 266
phone 0.0051 316 0 345 47
phone 0.0051 346 249 376 266
phone 0.0051 331 203 361 262
phone 0.0051 346 132 399 180
phone 0.0051 300 249 330 266
phone 0.0051 345 222 399 266
phone 0.0051 239 0 268 31
phone 0.0051 178 37 236 122
phone 0.0051 376 141 399 201
phone 0.0051 362 264 392 266
phone 0.0051 346 0 376 16
phone 0.0051 146 264 176 266
phone 0.0051 346 203 376 262
phone 0.0051 347 0 376 47
phone 0.0051 254 0 284 16
phone 0.0051 376 187 399 248
phone 0.0051 177 265 207 266
phone 0.0051 270 0 299 16
phone 0.0051 316 249 345 266
phone 0.0051 300 219 330 266
phone 0.0050 269 49 299 108
phone 0.0050 285 0 315 16
phone 0.0050 223 218 253 266
phone 0.0050 331 249 361 266
phone 0.0050 331 0 361 16
