phone 0.9735 0 97 266 293
phone 0.0354 131 203 249 304
phone 0.0272 49 133 170 281
phone 0.0232 12 164 115 281
phone 0.0224 9 96 156 253
phone 0.0194 105 132 259 276
phone 0.0192 0 124 98 260
phone 0.0190 24 190 103 256
phone 0.0185 207 165 266 291
phone 0.0177 59 195 161 311
phone 0.0177 0 109 58 229
phone 0.0176 82 175 199 301
phone 0.0172 9 173 87 241
phone 0.0159 56 202 132 274
phone 0.0147 71 220 149 287
phone 0.0147 162 47 266 235
phone 0.0146 206 102 266 234
phone 0.0144 77 0 266 298
phone 0.0144 0 85 22 193
phone 0.0142 62 78 188 244
phone 0.0133 0 93 92 195
phone 0.0131 14 66 113 225
phone 0.0128 47 39 142 221
phone 0.0128 46 194 81 251
phone 0.0125 84 202 166 274
phone 0.0124 37 224 121 344
phone 0.0121 135 237 238 361
phone 0.0121 69 182 151 263
phone 0.0120 0 176 65 299
phone 0.0119 0 40 54 177
phone 0.0117 53 166 136 249
phone 0.0114 30 179 66 236
phone 0.0114 65 237 155 361
phone 0.0111 24 153 103 231
phone 0.0110 130 221 212 286
phone 0.0105 62 210 96 266
phone 0.0105 0 140 23 258
phone 0.0104 1 147 34 205
phone 0.0104 6 0 87 167
phone 0.0103 171 206 264 331
phone 0.0103 76 209 112 267
phone 0.0103 92 225 127 282
phone 0.0102 0 96 34 244
phone 0.0101 108 206 205 331
phone 0.0100 95 254 187 375
phone 0.0100 44 256 115 312
phone 0.0096 86 237 164 300
phone 0.0095 28 239 100 298
phone 0.0094 100 221 181 286
phone 0.0092 11 207 86 329
phone 0.0092 60 272 130 327
phone 0.0092 56 238 133 300
phone 0.0091 151 286 223 344
phone 0.0091 144 241 230 297
phone 0.0090 157 226 247 281
phone 0.0090 93 37 158 192
phone 0.0090 0 208 55 267
phone 0.0089 11 138 85 215
phone 0.0087 108 225 142 281
phone 0.0087 175 209 260 267
phone 0.0086 137 74 236 248
phone 0.0086 117 52 195 208
phone 0.0084 72 253 148 315
phone 0.0084 63 255 95 313
phone 0.0084 198 221 266 286
phone 0.0084 215 251 266 317
phone 0.0084 91 287 160 343
phone 0.0082 0 177 37 237
phone 0.0082 182 236 254 301
phone 0.0082 37 135 121 218
phone 0.0082 0 225 70 282
phone 0.0081 15 163 50 220
phone 0.0081 119 235 193 303
phone 0.0080 24 123 103 199
phone 0.0080 0 163 17 298
phone 0.0079 163 255 241 314
phone 0.0079 0 115 48 176
phone 0.0078 78 270 111 329
phone 0.0078 135 268 208 331
phone 0.0078 64 36 126 162
phone 0.0078 154 226 188 281
phone 0.0078 199 267 266 331
phone 0.0078 120 284 193 346
phone 0.0077 131 8 204 145
phone 0.0076 215 191 266 254
phone 0.0076 93 270 126 328
phone 0.0075 142 161 231 254
phone 0.0075 103 269 179 330
phone 0.0074 34 3 115 153
phone 0.0074 139 225 173 281
phone 0.0073 169 226 204 280
phone 0.0073 77 240 111 297
phone 0.0073 65 72 124 127
phone 0.0073 109 285 141 344
phone 0.0073 33 74 95 124
phone 0.0072 220 290 266 339
phone 0.0072 181 252 255 377
phone 0.0072 250 150 266 251
phone 0.0071 33 239 64 298
phone 0.0071 235 273 266 325
phone 0.0071 231 209 265 266
phone 0.0071 216 224 250 282
phone 0.0070 49 254 79 314
phone 0.0070 0 91 49 139
phone 0.0070 185 84 251 207
phone 0.0070 170 271 203 327
phone 0.0070 48 70 79 128
phone 0.0070 189 120 247 172
phone 0.0070 59 178 98 236
phone 0.0069 108 256 142 312
phone 0.0069 0 162 18 221
phone 0.0069 200 240 234 297
phone 0.0069 123 225 157 281
phone 0.0069 187 286 249 343
phone 0.0069 156 65 219 194
phone 0.0069 93 0 187 166
phone 0.0069 0 106 34 154
phone 0.0069 157 305 216 355
phone 0.0069 47 224 80 282
phone 0.0068 230 236 266 362
phone 0.0068 63 70 95 128
phone 0.0068 192 176 266 238
phone 0.0068 0 193 18 251
phone 0.0068 31 209 65 266
phone 0.0068 159 102 215 158
phone 0.0067 153 267 221 392
phone 0.0067 185 241 219 296
phone 0.0066 205 133 261 189
phone 0.0066 231 240 265 297
phone 0.0066 142 90 202 140
phone 0.0066 81 78 139 152
phone 0.0066 40 104 118 188
phone 0.0066 34 70 64 128
phone 0.0066 0 77 170 399
phone 0.0066 249 270 266 329
phone 0.0065 2 75 64 123
phone 0.0065 185 271 219 327
phone 0.0065 139 286 173 343
phone 0.0065 0 101 18 159
phone 0.0065 16 194 50 251
phone 0.0065 5 97 62 163
phone 0.0065 110 304 171 355
phone 0.0064 251 212 266 310
phone 0.0064 54 154 266 353
phone 0.0064 184 211 220 265
phone 0.0064 18 60 79 108
phone 0.0064 113 84 169 146
phone 0.0064 171 304 234 399
phone 0.0064 200 211 235 265
phone 0.0063 154 271 188 328
phone 0.0063 19 86 78 144
phone 0.0063 140 86 172 143
phone 0.0063 124 271 157 328
phone 0.0063 49 60 110 108
phone 0.0063 156 86 187 143
phone 0.0062 172 300 202 361
phone 0.0062 95 75 156 124
phone 0.0062 234 91 266 139
phone 0.0062 44 163 83 221
phone 0.0062 18 70 48 128
phone 0.0062 34 45 94 93
phone 0.0062 156 300 187 361
phone 0.0062 233 57 266 172
phone 0.0062 2 223 33 283
phone 0.0062 0 189 42 333
phone 0.0062 188 300 217 361
phone 0.0062 15 132 50 190
phone 0.0061 90 193 130 252
phone 0.0061 0 137 19 185
phone 0.0061 264 367 266 399
phone 0.0061 263 332 266 399
phone 0.0061 0 146 2 206
phone 0.0061 202 332 265 399
phone 0.0061 65 45 125 93
phone 0.0061 139 255 173 313
phone 0.0061 249 106 266 154
phone 0.0061 249 76 266 123
phone 0.0061 219 75 266 123
phone 0.0061 0 60 48 108
phone 0.0061 218 106 266 154
phone 0.0061 228 186 266 320
phone 0.0061 3 70 33 129
phone 0.0060 218 367 266 399
phone 0.0060 248 42 266 156
phone 0.0060 203 300 233 360
phone 0.0060 33 332 96 399
phone 0.0060 0 230 18 276
phone 0.0060 110 70 141 128
phone 0.0060 49 29 109 77
phone 0.0060 188 337 248 385
phone 0.0060 18 367 79 399
phone 0.0059 49 367 110 399
phone 0.0059 0 0 3 96
phone 0.0059 265 91 266 139
phone 0.0059 0 332 3 399
phone 0.0059 63 0 126 110
phone 0.0059 2 332 65 399
phone 0.0059 187 367 248 399
phone 0.0059 3 45 63 93
phone 0.0059 0 367 2 399
phone 0.0059 18 29 79 77
phone 0.0059 0 332 19 399
phone 0.0059 30 148 66 205
phone 0.0059 171 0 234 95
phone 0.0059 0 207 2 268
phone 0.0059 80 29 140 77
phone 0.0059 0 367 17 399
phone 0.0059 187 331 218 390
phone 0.0059 49 39 79 98
phone 0.0059 234 60 266 108
phone 0.0058 49 337 109 385
phone 0.0058 125 332 188 399
phone 0.0058 65 39 94 98
phone 0.0058 263 57 266 171
phone 0.0058 217 26 266 141
phone 0.0058 63 332 127 399
phone 0.0058 48 363 80 399
phone 0.0058 0 367 48 399
phone 0.0058 231 179 265 235
phone 0.0058 33 362 64 399
phone 0.0058 155 332 219 399
phone 0.0058 264 100 266 159
phone 0.0058 264 70 266 129
phone 0.0058 80 39 110 98
phone 0.0058 265 291 266 338
phone 0.0058 110 367 171 399
phone 0.0058 64 363 95 399
phone 0.0058 0 76 17 123
phone 0.0058 79 367 141 399
phone 0.0058 126 300 156 361
phone 0.0058 96 45 155 93
phone 0.0058 217 289 266 399
phone 0.0058 188 29 248 77
phone 0.0058 94 332 158 399
phone 0.0058 0 29 48 77
phone 0.0057 249 367 266 399
phone 0.0057 141 367 202 399
phone 0.0057 18 337 79 385
phone 0.0057 64 274 125 385
phone 0.0057 234 122 266 169
phone 0.0057 109 0 173 95
phone 0.0057 218 322 266 369
phone 0.0057 202 363 234 399
phone 0.0057 2 0 64 110
phone 0.0057 34 39 64 98
phone 0.0057 218 45 266 93
phone 0.0057 0 29 17 77
phone 0.0057 263 258 266 371
phone 0.0057 202 0 264 110
phone 0.0057 79 363 110 399
phone 0.0057 202 331 233 390
phone 0.0057 111 60 171 108
phone 0.0057 249 45 266 93
phone 0.0057 0 0 1 30
phone 0.0057 265 60 266 108
phone 0.0057 0 11 34 126
phone 0.0057 0 85 2 144
phone 0.0056 248 88 266 202
phone 0.0056 265 276 266 323
phone 0.0056 95 39 125 98
phone 0.0056 0 0 18 110
phone 0.0056 74 177 115 237
phone 0.0056 50 77 108 153
phone 0.0056 65 307 124 353
phone 0.0056 125 363 157 399
phone 0.0056 80 60 140 108
phone 0.0056 18 277 78 322
phone 0.0056 31 101 66 159
phone 0.0056 94 363 126 399
phone 0.0056 110 363 141 399
phone 0.0056 234 29 266 77
phone 0.0056 33 260 95 369
phone 0.0056 140 363 172 399
phone 0.0056 33 270 64 329
phone 0.0056 0 29 2 77
phone 0.0056 18 39 48 98
phone 0.0056 265 122 266 169
phone 0.0056 80 300 110 360
phone 0.0056 219 0 266 30
phone 0.0056 64 331 94 390
phone 0.0056 187 363 218 399
phone 0.0056 49 331 79 390
phone 0.0056 65 128 154 226
phone 0.0056 156 363 187 399
phone 0.0056 249 338 266 385
phone 0.0055 3 39 33 98
phone 0.0055 0 116 2 175
phone 0.0055 250 307 266 354
phone 0.0055 237 236 266 263
phone 0.0055 248 0 266 110
phone 0.0055 34 0 94 30
phone 0.0055 171 363 203 399
phone 0.0055 233 0 266 64
phone 0.0055 126 75 187 124
phone 0.0055 186 116 219 174
phone 0.0055 218 116 249 174
phone 0.0055 65 0 124 30
phone 0.0055 34 292 94 338
phone 0.0055 203 23 233 83
phone 0.0055 111 23 140 83
phone 0.0055 264 337 266 385
phone 0.0055 96 0 155 30
phone 0.0055 18 0 79 64
phone 0.0055 3 0 63 30
phone 0.0055 0 73 3 187
phone 0.0055 17 288 80 399
phone 0.0055 218 23 248 82
phone 0.0055 265 30 266 77
phone 0.0055 48 0 110 64
phone 0.0055 247 273 266 386
phone 0.0055 49 285 79 344
phone 0.0055 34 331 64 390
phone 0.0055 0 0 32 30
phone 0.0054 79 0 141 64
phone 0.0054 126 29 186 77
phone 0.0054 0 276 2 323
phone 0.0054 0 60 2 108
phone 0.0054 0 322 48 370
phone 0.0054 124 93 188 167
phone 0.0054 265 260 266 308
phone 0.0054 0 337 32 385
phone 0.0054 127 0 186 30
phone 0.0054 263 11 266 125
phone 0.0054 18 331 48 390
phone 0.0054 0 0 48 64
phone 0.0054 96 323 155 368
phone 0.0054 34 14 94 62
phone 0.0054 250 0 266 30
phone 0.0054 0 183 3 231
phone 0.0054 157 29 217 77
phone 0.0054 141 0 202 64
phone 0.0054 80 331 110 390
phone 0.0054 65 14 125 62
phone 0.0054 18 307 79 354
phone 0.0054 264 300 266 359
phone 0.0054 96 14 155 62
phone 0.0054 237 276 266 300
phone 0.0054 219 54 248 113
phone 0.0054 64 285 94 345
phone 0.0054 126 54 156 113
phone 0.0054 188 0 247 30
phone 0.0054 0 26 3 141
phone 0.0054 0 288 49 399
phone 0.0054 110 316 141 375
phone 0.0054 0 242 3 356
phone 0.0053 126 23 156 83
phone 0.0053 262 226 266 341
phone 0.0053 157 0 217 30
phone 0.0053 0 337 2 385
phone 0.0053 233 353 266 399
phone 0.0053 188 23 217 83
phone 0.0053 0 306 32 354
phone 0.0053 0 291 17 339
phone 0.0053 265 245 266 293
phone 0.0053 49 0 79 37
phone 0.0053 142 60 201 108
phone 0.0053 0 14 1 62
phone 0.0053 34 0 63 37
phone 0.0053 265 229 266 277
phone 0.0053 65 0 94 37
phone 0.0053 218 331 249 390
phone 0.0053 80 0 109 37
phone 0.0053 95 162 186 253
phone 0.0053 172 331 202 390
phone 0.0053 96 0 125 37
phone 0.0053 203 14 263 62
phone 0.0053 219 85 248 144
phone 0.0053 80 338 140 385
phone 0.0053 188 60 247 108
phone 0.0053 111 0 140 37
phone 0.0052 247 225 266 282
phone 0.0052 0 257 18 372
phone 0.0052 244 273 261 303
phone 0.0052 19 0 48 37
phone 0.0052 265 0 266 30
phone 0.0052 35 40 94 190
phone 0.0052 0 291 48 339
phone 0.0052 219 159 266 225
phone 0.0052 263 104 266 217
phone 0.0052 126 0 156 37
phone 0.0052 0 0 17 37
phone 0.0052 264 0 266 64
phone 0.0052 142 54 171 113
phone 0.0052 0 306 2 354
phone 0.0052 0 322 17 370
phone 0.0052 142 23 171 83
phone 0.0052 187 26 249 141
phone 0.0052 142 0 171 37
phone 0.0052 265 214 266 262
phone 0.0052 172 75 232 123
phone 0.0052 34 300 64 360
phone 0.0052 18 238 48 299
phone 0.0051 172 23 202 83
phone 0.0051 18 300 48 359
phone 0.0051 157 0 186 37
phone 0.0051 215 180 250 234
phone 0.0051 95 331 125 390
phone 0.0051 203 0 233 37
phone 0.0051 262 180 266 295
phone 0.0051 48 289 111 399
phone 0.0051 0 238 2 299
phone 0.0051 157 23 187 83
phone 0.0051 243 232 261 267
phone 0.0051 79 290 141 399
phone 0.0051 188 91 248 139
phone 0.0051 172 85 202 143
phone 0.0051 249 14 266 62
phone 0.0051 249 137 266 185
phone 0.0051 171 42 234 156
phone 0.0051 173 0 202 37
phone 0.0051 265 199 266 246
phone 0.0051 48 8 80 67
phone 0.0051 188 0 217 37
phone 0.0051 156 27 218 141
phone 0.0051 95 8 126 67
phone 0.0051 33 8 64 67
phone 0.0051 79 8 110 67
phone 0.0051 64 8 95 67
phone 0.0050 157 54 186 113
phone 0.0050 111 338 170 384
phone 0.0050 232 147 265 205
phone 0.0050 104 193 146 252
phone 0.0050 126 331 156 390
phone 0.0050 265 153 266 200
