phone 0.9640 129 21 264 229
phone 0.0946 6 74 202 244
phone 0.0582 1 137 92 250
phone 0.0517 102 115 189 258
phone 0.0506 143 96 241 247
phone 0.0467 106 52 216 198
phone 0.0310 207 43 375 226
phone 0.0303 0 101 65 234
phone 0.0303 111 147 180 227
phone 0.0298 23 15 188 198
phone 0.0290 104 34 340 266
phone 0.0288 0 26 123 247
phone 0.0282 165 131 280 242
phone 0.0271 125 6 230 161
phone 0.0263 148 71 236 180
phone 0.0251 178 90 296 222
phone 0.0248 153 167 252 266
phone 0.0243 0 169 60 235
phone 0.0234 88 71 173 210
phone 0.0227 86 19 196 136
phone 0.0223 190 25 327 189
phone 0.0186 121 83 201 168
phone 0.0184 27 107 140 236
phone 0.0184 111 99 181 183
phone 0.0175 158 143 226 231
phone 0.0170 54 6 164 145
phone 0.0169 126 156 165 218
phone 0.0168 203 161 314 266
phone 0.0166 65 127 166 246
phone 0.0164 108 72 183 148
phone 0.0160 151 0 295 171
phone 0.0157 28 150 109 224
phone 0.0156 120 135 202 209
phone 0.0154 229 131 349 258
phone 0.0153 11 172 96 232
phone 0.0138 110 139 150 204
phone 0.0134 112 182 179 253
phone 0.0134 221 76 316 205
phone 0.0129 232 0 351 164
phone 0.0126 136 111 217 202
phone 0.0126 43 135 125 208
phone 0.0125 111 170 149 234
phone 0.0123 340 119 399 255
phone 0.0123 0 32 62 178
phone 0.0122 140 45 213 144
phone 0.0122 75 142 154 201
phone 0.0119 4 157 40 216
phone 0.0118 100 0 185 86
phone 0.0118 49 167 119 238
phone 0.0117 93 59 167 130
phone 0.0116 75 76 154 145
phone 0.0113 31 148 183 266
phone 0.0113 233 104 304 177
phone 0.0112 109 44 182 114
phone 0.0110 125 125 165 187
phone 0.0110 111 110 149 171
phone 0.0109 198 152 278 222
phone 0.0108 128 188 162 247
phone 0.0107 19 157 57 217
phone 0.0107 262 93 380 238
phone 0.0105 360 185 399 249
phone 0.0105 190 174 224 231
phone 0.0105 117 175 205 230
phone 0.0105 0 0 57 114
phone 0.0105 56 184 143 266
phone 0.0104 174 172 209 232
phone 0.0104 36 175 70 230
phone 0.0104 180 170 264 235
phone 0.0103 21 188 55 247
phone 0.0103 190 0 256 119
phone 0.0102 126 95 165 155
phone 0.0102 36 43 133 176
phone 0.0102 315 116 392 215
phone 0.0100 111 81 148 139
phone 0.0099 159 159 194 215
phone 0.0098 13 10 95 148
phone 0.0097 265 0 335 116
phone 0.0097 143 159 179 215
phone 0.0097 59 126 140 187
phone 0.0097 244 104 325 238
phone 0.0097 206 128 300 185
phone 0.0097 98 144 131 199
phone 0.0095 209 90 298 162
phone 0.0095 0 0 39 0
phone 0.0095 63 58 136 131
phone 0.0095 179 56 266 165
phone 0.0094 51 174 86 230
phone 0.0093 16 203 91 263
phone 0.0093 280 161 360 266
phone 0.0093 60 94 139 157
phone 0.0093 100 33 160 95
phone 0.0092 286 143 344 199
phone 0.0092 170 140 213 203
phone 0.0092 213 174 294 230
phone 0.0092 120 202 203 266
phone 0.0092 234 73 303 146
phone 0.0092 359 158 393 216
phone 0.0091 258 57 341 193
phone 0.0091 214 0 293 133
phone 0.0090 30 185 108 250
phone 0.0090 302 136 390 266
phone 0.0090 187 188 268 266
phone 0.0090 77 173 153 232
phone 0.0090 127 66 164 123
phone 0.0089 0 178 26 204
phone 0.0089 170 218 244 266
phone 0.0089 65 158 102 216
phone 0.0088 69 237 130 266
phone 0.0088 140 95 182 156
phone 0.0087 253 134 316 209
phone 0.0086 0 132 26 157
phone 0.0086 0 263 41 266
phone 0.0086 242 184 326 266
phone 0.0085 235 28 302 99
phone 0.0084 251 112 286 169
phone 0.0084 266 153 333 220
phone 0.0084 194 18 251 79
phone 0.0083 161 0 224 93
phone 0.0082 112 51 148 107
phone 0.0081 233 217 305 266
phone 0.0081 177 8 237 58
phone 0.0081 344 157 378 216
phone 0.0080 20 42 87 116
phone 0.0080 112 235 179 266
phone 0.0080 248 92 320 159
phone 0.0080 254 15 315 82
phone 0.0079 176 4 208 61
phone 0.0079 79 217 151 266
phone 0.0079 0 180 50 266
phone 0.0079 84 233 115 266
phone 0.0078 97 82 132 138
phone 0.0078 97 113 132 168
phone 0.0078 192 4 223 61
phone 0.0078 32 0 127 111
phone 0.0078 190 204 224 261
phone 0.0077 98 174 131 230
phone 0.0077 231 155 307 219
phone 0.0077 0 119 43 194
phone 0.0077 283 19 316 77
phone 0.0077 301 154 359 220
phone 0.0077 146 8 207 58
phone 0.0077 80 40 149 118
phone 0.0077 286 16 344 81
phone 0.0077 316 146 376 197
phone 0.0076 287 114 343 167
phone 0.0076 36 204 70 261
phone 0.0076 357 41 399 178
phone 0.0076 218 143 257 200
phone 0.0076 247 48 322 110
phone 0.0076 47 75 121 145
phone 0.0076 268 62 331 126
phone 0.0075 39 22 99 75
phone 0.0075 57 160 142 214
phone 0.0075 300 127 330 185
phone 0.0075 132 19 190 108
phone 0.0075 138 185 215 250
phone 0.0074 49 217 119 266
phone 0.0074 187 235 258 266
phone 0.0074 223 8 284 58
phone 0.0074 161 4 192 61
phone 0.0074 82 82 117 138
phone 0.0074 144 220 178 266
phone 0.0074 141 126 181 186
phone 0.0073 165 90 218 161
phone 0.0073 266 125 333 187
phone 0.0073 49 142 88 201
phone 0.0073 82 204 116 261
phone 0.0073 0 91 43 159
phone 0.0073 236 174 270 230
phone 0.0073 67 188 101 246
phone 0.0072 7 24 69 73
phone 0.0072 267 142 301 201
phone 0.0072 82 144 116 199
phone 0.0072 311 167 381 237
phone 0.0072 129 220 162 266
phone 0.0072 301 8 360 58
phone 0.0072 205 175 240 229
phone 0.0072 6 138 16 151
phone 0.0072 251 34 286 93
phone 0.0072 300 96 330 154
phone 0.0071 0 174 24 230
phone 0.0071 220 234 287 266
phone 0.0071 146 4 177 62
phone 0.0071 98 193 163 266
phone 0.0071 6 184 16 197
phone 0.0071 38 19 69 77
phone 0.0071 328 157 363 216
phone 0.0071 98 204 131 261
phone 0.0071 298 158 332 215
phone 0.0071 236 145 270 198
phone 0.0071 282 158 316 215
phone 0.0071 220 175 255 230
phone 0.0070 330 29 393 159
phone 0.0070 153 77 200 142
phone 0.0070 238 4 269 61
phone 0.0070 144 190 178 245
phone 0.0070 283 204 316 262
phone 0.0070 377 202 399 264
phone 0.0070 191 234 223 266
phone 0.0070 348 144 399 199
phone 0.0069 10 128 27 161
phone 0.0069 45 104 123 178
phone 0.0069 127 116 157 142
phone 0.0069 299 4 331 62
phone 0.0069 332 65 390 123
phone 0.0069 23 19 54 77
phone 0.0069 270 6 329 60
phone 0.0069 332 39 390 88
phone 0.0069 29 116 109 197
phone 0.0069 251 65 286 123
phone 0.0069 6 218 71 266
phone 0.0069 267 112 301 169
phone 0.0068 0 46 41 112
phone 0.0068 315 3 346 62
phone 0.0068 252 220 285 266
phone 0.0068 374 173 399 231
phone 0.0068 147 0 207 127
phone 0.0068 0 0 41 32
phone 0.0068 330 132 392 180
phone 0.0068 36 50 70 108
phone 0.0068 23 9 84 57
phone 0.0068 347 54 399 104
phone 0.0067 300 0 362 113
phone 0.0067 0 76 58 144
phone 0.0067 252 164 316 240
phone 0.0067 362 223 399 266
phone 0.0067 314 207 377 266
phone 0.0067 363 61 399 128
phone 0.0067 99 234 130 266
phone 0.0067 87 228 104 261
phone 0.0067 236 220 270 266
phone 0.0066 207 4 238 61
phone 0.0066 142 234 211 266
phone 0.0066 346 34 377 93
phone 0.0066 131 0 191 41
phone 0.0066 362 94 399 156
phone 0.0066 296 186 365 249
phone 0.0066 346 127 377 185
phone 0.0066 251 143 286 199
phone 0.0066 316 0 376 41
phone 0.0066 362 0 399 88
phone 0.0066 282 50 316 108
phone 0.0066 54 9 115 57
phone 0.0066 49 229 65 260
phone 0.0065 253 3 285 62
phone 0.0065 282 97 316 154
phone 0.0065 208 0 268 41
phone 0.0065 285 0 345 42
phone 0.0065 140 64 181 125
phone 0.0065 330 188 393 246
phone 0.0065 287 83 343 136
phone 0.0065 236 34 270 93
phone 0.0065 41 233 73 256
phone 0.0065 162 0 222 42
phone 0.0065 238 0 300 42
phone 0.0065 115 9 177 57
phone 0.0065 54 3 84 62
phone 0.0064 68 19 101 77
phone 0.0064 267 219 300 266
phone 0.0064 39 0 99 41
phone 0.0064 301 131 359 181
phone 0.0064 133 112 151 146
phone 0.0064 16 77 91 143
phone 0.0064 21 50 55 108
phone 0.0064 54 27 114 100
phone 0.0064 33 143 73 200
phone 0.0064 300 0 360 26
phone 0.0063 287 224 343 266
phone 0.0063 32 89 106 162
phone 0.0063 221 204 255 261
phone 0.0063 330 126 361 185
phone 0.0063 270 0 330 26
phone 0.0063 317 23 375 74
phone 0.0063 193 0 253 26
phone 0.0063 316 240 375 266
phone 0.0063 267 82 301 138
phone 0.0063 332 9 391 57
phone 0.0063 298 189 331 246
phone 0.0063 223 0 283 26
phone 0.0063 331 0 361 47
phone 0.0063 7 19 38 77
phone 0.0063 315 126 346 185
phone 0.0063 8 0 68 41
phone 0.0063 252 174 285 230
phone 0.0062 51 205 85 261
phone 0.0062 111 154 142 181
phone 0.0062 267 51 301 107
phone 0.0062 268 3 301 62
phone 0.0062 32 60 106 129
phone 0.0062 69 233 99 266
phone 0.0062 223 0 253 47
phone 0.0062 70 0 130 41
phone 0.0062 147 0 207 26
phone 0.0062 159 189 193 245
phone 0.0062 255 238 313 266
phone 0.0062 42 229 57 260
phone 0.0062 100 0 160 41
phone 0.0062 360 0 399 42
phone 0.0062 298 35 332 92
phone 0.0062 205 220 239 266
phone 0.0062 317 49 374 108
phone 0.0061 285 0 315 46
phone 0.0061 239 0 299 11
phone 0.0061 53 238 62 251
phone 0.0061 39 0 68 47
phone 0.0061 116 0 176 26
phone 0.0061 82 113 117 168
phone 0.0061 0 142 25 200
phone 0.0061 362 129 399 183
phone 0.0061 131 4 161 62
phone 0.0061 240 255 298 266
phone 0.0061 208 0 268 11
phone 0.0061 346 0 376 47
phone 0.0061 270 0 330 11
phone 0.0061 70 0 99 47
phone 0.0061 330 19 361 77
phone 0.0061 114 234 146 266
phone 0.0061 143 34 179 93
phone 0.0060 203 31 273 97
phone 0.0060 316 0 345 31
phone 0.0060 300 0 330 31
phone 0.0060 57 229 73 260
phone 0.0060 376 49 399 109
phone 0.0060 300 0 360 11
phone 0.0060 377 2 399 63
phone 0.0060 177 0 237 11
phone 0.0060 313 174 347 230
phone 0.0060 331 0 391 26
phone 0.0060 116 0 176 11
phone 0.0060 208 0 238 31
phone 0.0060 270 0 299 31
phone 0.0060 239 0 268 31
phone 0.0060 146 0 207 11
phone 0.0060 254 0 284 31
phone 0.0060 84 0 146 74
phone 0.0059 330 234 361 266
phone 0.0059 14 138 24 151
phone 0.0059 360 255 399 266
phone 0.0059 193 0 222 31
phone 0.0059 23 0 53 47
phone 0.0059 23 0 83 26
phone 0.0059 85 0 145 11
phone 0.0059 113 203 147 262
phone 0.0059 39 0 99 11
phone 0.0059 300 218 330 266
phone 0.0059 177 0 207 31
phone 0.0059 375 80 399 140
phone 0.0059 85 0 115 47
phone 0.0059 19 131 49 158
phone 0.0059 8 0 68 11
phone 0.0059 116 0 145 47
phone 0.0059 162 0 192 31
phone 0.0059 347 25 399 72
phone 0.0059 159 220 193 266
phone 0.0059 146 0 176 31
phone 0.0058 166 249 232 266
phone 0.0058 83 0 147 29
phone 0.0058 267 172 301 231
phone 0.0058 54 0 114 26
phone 0.0058 0 81 24 138
phone 0.0058 45 238 54 251
phone 0.0058 16 100 90 181
phone 0.0058 331 0 391 11
phone 0.0058 91 238 100 251
phone 0.0058 131 0 161 31
phone 0.0058 285 0 315 16
phone 0.0058 223 0 253 16
phone 0.0058 118 151 135 184
phone 0.0057 83 19 116 77
phone 0.0057 100 0 130 47
phone 0.0057 344 6 399 121
phone 0.0057 0 112 24 169
phone 0.0057 234 114 272 168
phone 0.0057 377 264 399 266
phone 0.0057 67 81 101 138
phone 0.0057 99 19 131 77
phone 0.0057 331 0 361 16
phone 0.0057 116 0 145 16
phone 0.0057 301 68 359 120
phone 0.0057 361 0 399 11
phone 0.0057 209 254 267 266
phone 0.0056 254 249 284 266
phone 0.0056 100 0 130 16
phone 0.0056 54 0 84 16
phone 0.0056 155 125 198 187
phone 0.0056 51 34 86 93
phone 0.0056 347 118 399 164
phone 0.0056 39 0 68 16
phone 0.0056 60 238 70 251
phone 0.0056 69 0 99 16
phone 0.0056 346 0 376 16
phone 0.0056 85 0 115 16
phone 0.0056 23 0 53 16
phone 0.0056 364 261 399 266
phone 0.0056 293 71 399 200
phone 0.0056 315 234 346 266
phone 0.0055 4 185 34 212
phone 0.0055 285 234 315 266
phone 0.0055 286 255 344 266
phone 0.0055 96 50 133 108
phone 0.0055 39 239 98 266
phone 0.0055 0 0 36 11
phone 0.0055 26 136 43 169
phone 0.0054 175 219 208 266
phone 0.0054 377 249 399 266
phone 0.0054 331 255 391 266
phone 0.0054 0 0 23 1
phone 0.0054 114 19 147 77
phone 0.0054 110 150 128 185
phone 0.0054 375 141 399 201
phone 0.0054 137 123 147 135
phone 0.0054 330 222 393 266
phone 0.0054 2 181 20 215
phone 0.0054 284 265 315 266
phone 0.0054 376 110 399 171
phone 0.0054 2 120 20 154
phone 0.0053 316 117 375 164
phone 0.0053 0 0 22 16
phone 0.0053 0 219 23 266
phone 0.0053 0 19 23 77
phone 0.0053 313 35 347 92
phone 0.0053 234 82 272 138
phone 0.0053 300 249 330 266
phone 0.0053 134 162 164 189
phone 0.0053 315 64 346 124
phone 0.0052 346 249 376 266
phone 0.0052 376 0 399 17
phone 0.0052 38 253 100 266
phone 0.0052 0 238 36 266
phone 0.0052 10 181 28 215
phone 0.0052 0 9 53 57
phone 0.0052 135 250 202 266
phone 0.0052 115 0 146 1
phone 0.0051 223 248 253 266
phone 0.0051 238 0 269 1
phone 0.0051 100 0 131 1
phone 0.0051 130 0 161 1
phone 0.0051 81 50 118 108
phone 0.0051 253 0 284 1
phone 0.0051 223 0 254 1
phone 0.0051 347 209 399 257
phone 0.0051 269 0 300 1
phone 0.0051 207 0 238 1
phone 0.0051 84 0 115 1
phone 0.0051 146 0 177 1
phone 0.0051 346 264 376 266
phone 0.0051 51 81 86 138
phone 0.0051 192 0 223 1
phone 0.0051 269 265 300 266
phone 0.0051 134 32 165 57
phone 0.0051 69 0 100 1
phone 0.0051 161 0 192 1
phone 0.0051 19 127 57 185
phone 0.0051 36 82 70 138
phone 0.0051 284 0 315 1
phone 0.0051 177 0 208 1
phone 0.0051 53 0 85 1
phone 0.0051 131 265 161 266
phone 0.0051 65 229 81 261
phone 0.0051 239 248 268 266
phone 0.0051 57 233 88 256
phone 0.0051 300 0 331 1
phone 0.0051 345 237 399 266
phone 0.0050 315 0 346 1
phone 0.0050 331 265 361 266
phone 0.0050 18 127 35 161
phone 0.0050 346 219 376 266
phone 0.0050 208 248 238 266
phone 0.0050 330 0 361 1
phone 0.0050 11 201 42 227
