phone 0.7126 159 69 308 210
phone 0.0993 190 96 286 187
phone 0.0454 166 110 278 232
phone 0.0317 108 62 242 209
phone 0.0291 203 71 332 179
phone 0.0266 200 123 245 190
phone 0.0257 132 2 380 206
phone 0.0253 212 104 264 177
phone 0.0240 178 139 267 204
phone 0.0219 38 52 182 218
phone 0.0199 70 19 216 197
phone 0.0186 36 90 124 230
phone 0.0182 175 19 271 200
phone 0.0171 223 107 314 175
phone 0.0169 26 19 137 192
phone 0.0166 209 123 305 248
phone 0.0160 209 0 297 188
phone 0.0153 187 125 227 187
phone 0.0152 89 95 191 225
phone 0.0146 229 92 277 158
phone 0.0144 223 80 350 237
phone 0.0142 214 63 292 158
phone 0.0140 127 140 219 236
phone 0.0129 120 2 224 152
phone 0.0128 10 58 91 208
phone 0.0126 250 3 340 145
phone 0.0123 150 0 261 125
phone 0.0123 321 0 399 127
phone 0.0120 154 137 230 206
phone 0.0118 353 41 399 178
phone 0.0117 0 65 54 204
phone 0.0116 216 137 291 206
phone 0.0116 349 118 399 255
phone 0.0114 57 4 164 148
phone 0.0114 220 143 255 200
phone 0.0113 240 98 328 153
phone 0.0111 277 34 373 177
phone 0.0110 233 127 273 185
phone 0.0108 67 124 152 253
phone 0.0108 248 97 288 154
phone 0.0108 310 61 399 189
phone 0.0107 224 171 314 266
phone 0.0107 154 102 229 179
phone 0.0105 256 59 344 191
phone 0.0102 113 171 209 266
phone 0.0102 136 125 216 188
phone 0.0100 121 158 201 216
phone 0.0100 0 150 55 266
phone 0.0100 19 129 79 256
phone 0.0100 161 170 254 266
phone 0.0100 0 0 51 118
phone 0.0098 254 155 345 266
phone 0.0098 10 0 97 131
phone 0.0098 295 109 396 233
phone 0.0098 5 108 102 234
phone 0.0098 57 171 143 266
phone 0.0097 200 157 276 217
phone 0.0097 358 151 399 222
phone 0.0097 122 108 200 173
phone 0.0096 0 0 39 0
phone 0.0096 327 33 395 95
phone 0.0096 137 92 215 159
phone 0.0096 192 152 285 266
phone 0.0095 358 119 399 193
phone 0.0094 174 127 210 185
phone 0.0093 81 156 180 266
phone 0.0093 0 31 71 158
phone 0.0093 25 156 113 266
phone 0.0093 0 263 41 266
phone 0.0093 360 183 399 252
phone 0.0092 250 128 286 184
phone 0.0092 295 0 366 134
phone 0.0091 170 155 244 219
phone 0.0091 363 23 399 104
phone 0.0090 287 138 374 265
phone 0.0089 249 121 320 191
phone 0.0087 374 80 399 140
phone 0.0085 157 139 188 165
phone 0.0084 266 113 301 168
phone 0.0084 153 76 230 144
phone 0.0084 171 80 243 170
phone 0.0084 343 169 399 235
phone 0.0082 266 45 334 113
phone 0.0082 341 138 399 205
phone 0.0081 10 5 66 61
phone 0.0081 145 0 209 109
phone 0.0081 341 61 399 128
phone 0.0081 70 16 129 81
phone 0.0081 147 23 206 74
phone 0.0081 264 187 335 248
phone 0.0080 81 29 149 98
phone 0.0080 24 16 82 81
phone 0.0080 139 202 214 264
phone 0.0080 340 108 399 173
phone 0.0080 164 136 181 169
phone 0.0080 269 23 330 74
phone 0.0080 5 186 71 248
phone 0.0080 50 27 118 101
phone 0.0079 250 203 318 263
phone 0.0079 246 64 322 126
phone 0.0079 108 170 183 235
phone 0.0079 186 172 259 232
phone 0.0078 159 113 193 168
phone 0.0078 309 63 383 126
phone 0.0078 161 19 192 77
phone 0.0078 279 171 351 234
phone 0.0078 39 8 99 58
phone 0.0078 48 187 121 248
phone 0.0078 79 203 152 263
phone 0.0077 201 202 275 264
phone 0.0077 322 96 399 155
phone 0.0077 374 49 399 109
phone 0.0077 144 159 178 214
phone 0.0077 109 138 182 205
phone 0.0077 100 8 160 58
phone 0.0076 284 19 315 77
phone 0.0076 108 202 184 263
phone 0.0076 267 104 332 177
phone 0.0076 374 173 399 231
phone 0.0076 236 157 270 216
phone 0.0076 155 186 229 250
phone 0.0075 176 19 208 77
phone 0.0075 374 111 399 170
phone 0.0075 15 157 92 217
phone 0.0075 158 219 226 266
phone 0.0075 374 142 399 200
phone 0.0075 264 79 335 141
phone 0.0075 84 4 116 61
phone 0.0074 235 152 303 222
phone 0.0074 98 19 132 77
phone 0.0074 293 156 368 217
phone 0.0074 53 4 85 61
phone 0.0074 69 4 100 61
phone 0.0073 307 141 384 202
phone 0.0073 190 158 224 215
phone 0.0073 124 74 198 146
phone 0.0073 89 0 196 127
phone 0.0073 115 3 146 62
phone 0.0073 144 113 178 169
phone 0.0073 205 158 239 215
phone 0.0073 330 9 392 57
phone 0.0073 188 209 219 234
phone 0.0072 285 29 345 99
phone 0.0072 282 96 316 154
phone 0.0072 170 59 244 130
phone 0.0072 92 186 168 249
phone 0.0072 269 19 300 77
phone 0.0072 0 47 60 111
phone 0.0071 159 174 193 230
phone 0.0071 131 29 191 99
phone 0.0071 313 34 347 93
phone 0.0071 278 139 352 203
phone 0.0071 348 20 399 77
phone 0.0071 77 171 153 234
phone 0.0071 21 19 55 77
phone 0.0071 189 218 256 266
phone 0.0071 0 201 41 265
phone 0.0071 93 153 168 220
phone 0.0071 296 75 365 144
phone 0.0071 46 155 122 218
phone 0.0070 283 50 316 108
phone 0.0070 279 62 351 127
phone 0.0070 15 125 92 187
phone 0.0070 281 90 349 161
phone 0.0070 4 138 73 205
phone 0.0070 221 173 255 231
phone 0.0070 239 9 299 57
phone 0.0070 159 144 193 199
phone 0.0070 2 93 75 157
phone 0.0070 0 78 59 142
phone 0.0069 168 146 177 158
phone 0.0069 177 24 238 73
phone 0.0069 208 9 269 57
phone 0.0069 246 171 322 233
phone 0.0069 0 0 41 32
phone 0.0069 175 158 209 215
phone 0.0069 128 219 195 266
phone 0.0069 375 18 399 78
phone 0.0069 346 4 376 62
phone 0.0069 284 9 346 57
phone 0.0069 144 189 178 246
phone 0.0069 287 207 343 258
phone 0.0069 145 19 177 77
phone 0.0069 237 0 301 106
phone 0.0068 0 108 59 173
phone 0.0068 195 205 212 238
phone 0.0068 191 0 254 90
phone 0.0068 282 189 316 246
phone 0.0068 0 171 44 233
phone 0.0068 293 124 368 188
phone 0.0068 267 83 301 137
phone 0.0067 83 204 116 262
phone 0.0067 62 140 137 203
phone 0.0067 316 191 375 243
phone 0.0067 67 35 101 92
phone 0.0067 109 90 182 160
phone 0.0067 16 63 91 126
phone 0.0067 140 58 213 131
phone 0.0067 363 4 399 61
phone 0.0067 77 62 153 127
phone 0.0067 223 0 284 41
phone 0.0066 359 97 393 153
phone 0.0066 159 204 193 261
phone 0.0066 193 0 253 41
phone 0.0066 63 46 137 112
phone 0.0066 114 0 178 91
phone 0.0066 254 3 284 62
phone 0.0066 172 135 189 169
phone 0.0066 47 124 122 188
phone 0.0066 223 3 253 62
phone 0.0066 192 19 223 77
phone 0.0066 316 0 376 41
phone 0.0066 61 110 138 171
phone 0.0066 190 204 224 261
phone 0.0066 205 189 239 246
phone 0.0066 36 35 70 92
phone 0.0066 0 64 45 125
phone 0.0066 164 30 220 97
phone 0.0066 252 189 285 246
phone 0.0065 238 221 299 266
phone 0.0065 208 3 238 62
phone 0.0065 376 202 399 264
phone 0.0065 98 204 131 262
phone 0.0065 162 9 222 57
phone 0.0065 298 174 331 231
phone 0.0065 300 3 330 62
phone 0.0065 47 62 122 127
phone 0.0065 67 189 100 246
phone 0.0065 223 24 284 72
phone 0.0065 239 3 269 62
phone 0.0065 99 220 162 266
phone 0.0065 47 93 122 157
phone 0.0064 32 46 106 112
phone 0.0064 254 0 314 41
phone 0.0064 54 0 115 41
phone 0.0064 220 165 287 239
phone 0.0064 51 35 86 92
phone 0.0064 52 188 85 246
phone 0.0064 313 173 347 231
phone 0.0064 61 79 139 141
phone 0.0064 175 204 208 261
phone 0.0064 128 158 162 215
phone 0.0064 187 61 258 159
phone 0.0064 221 204 255 261
phone 0.0064 362 221 399 266
phone 0.0064 116 0 176 41
phone 0.0064 131 3 161 62
phone 0.0064 0 127 46 185
phone 0.0064 31 78 106 142
phone 0.0064 77 124 153 188
phone 0.0064 5 19 39 77
phone 0.0064 82 35 116 92
phone 0.0064 300 203 330 263
phone 0.0064 208 0 268 26
phone 0.0063 271 224 328 266
phone 0.0063 199 93 246 157
phone 0.0063 328 66 362 123
phone 0.0063 76 94 154 157
phone 0.0063 331 3 361 62
phone 0.0063 315 3 346 62
phone 0.0063 224 42 282 117
phone 0.0063 21 173 55 231
phone 0.0063 131 9 191 57
phone 0.0063 270 218 299 266
phone 0.0063 30 140 107 203
phone 0.0063 129 204 162 261
phone 0.0062 146 0 207 41
phone 0.0062 32 108 106 173
phone 0.0062 317 21 374 76
phone 0.0062 177 0 237 26
phone 0.0062 300 0 360 26
phone 0.0062 344 97 378 153
phone 0.0062 251 158 286 216
phone 0.0062 173 97 210 153
phone 0.0062 239 0 299 26
phone 0.0062 23 0 83 42
phone 0.0062 113 204 147 262
phone 0.0062 267 189 301 245
phone 0.0062 331 0 391 26
phone 0.0062 39 0 99 26
phone 0.0062 70 0 130 26
phone 0.0062 94 106 167 175
phone 0.0061 100 0 160 26
phone 0.0061 344 51 378 107
phone 0.0061 85 0 145 41
phone 0.0061 270 0 299 47
phone 0.0061 205 45 271 144
phone 0.0061 94 76 167 144
phone 0.0061 331 187 361 248
phone 0.0061 36 158 70 215
phone 0.0061 344 128 378 184
phone 0.0061 285 0 315 47
phone 0.0061 273 108 303 135
phone 0.0061 177 0 237 11
phone 0.0061 23 0 53 46
phone 0.0061 193 0 222 47
phone 0.0061 298 50 332 108
phone 0.0061 313 65 347 123
phone 0.0061 207 237 270 266
phone 0.0061 208 0 238 31
phone 0.0061 298 96 332 154
phone 0.0061 270 0 330 26
phone 0.0060 223 0 253 31
phone 0.0060 173 200 203 227
phone 0.0060 5 158 39 215
phone 0.0060 199 215 208 228
phone 0.0060 147 0 207 11
phone 0.0060 131 0 191 26
phone 0.0060 329 158 362 215
phone 0.0060 208 0 268 11
phone 0.0060 236 204 270 261
phone 0.0060 177 0 207 47
phone 0.0060 331 0 361 31
phone 0.0060 25 208 82 258
phone 0.0059 8 0 68 26
phone 0.0059 239 0 268 31
phone 0.0059 146 0 176 47
phone 0.0059 285 218 315 266
phone 0.0059 162 0 192 47
phone 0.0059 346 0 376 32
phone 0.0059 316 0 345 31
phone 0.0059 21 142 55 200
phone 0.0059 8 0 68 11
phone 0.0059 128 34 163 92
phone 0.0059 0 189 24 246
phone 0.0059 316 0 376 11
phone 0.0059 344 158 378 215
phone 0.0059 39 0 69 46
phone 0.0059 254 0 284 31
phone 0.0059 327 154 395 266
phone 0.0059 328 96 362 154
phone 0.0059 254 218 284 266
phone 0.0059 94 44 167 115
phone 0.0059 21 66 55 123
phone 0.0059 70 0 130 11
phone 0.0059 54 0 84 31
phone 0.0058 285 0 345 11
phone 0.0058 116 0 176 11
phone 0.0058 85 0 115 31
phone 0.0058 116 0 145 31
phone 0.0058 239 0 299 11
phone 0.0058 100 0 130 31
phone 0.0058 298 143 332 200
phone 0.0058 300 0 330 31
phone 0.0058 109 59 182 130
phone 0.0058 82 174 116 230
phone 0.0058 70 0 99 31
phone 0.0058 7 222 69 266
phone 0.0058 193 0 222 16
phone 0.0058 39 0 99 11
phone 0.0058 330 237 393 266
phone 0.0058 36 128 70 184
phone 0.0058 177 0 207 16
phone 0.0058 8 255 68 266
phone 0.0058 131 0 161 31
phone 0.0058 5 96 39 154
phone 0.0058 21 96 55 154
phone 0.0057 67 158 101 215
phone 0.0057 203 205 220 238
phone 0.0057 361 0 399 27
phone 0.0057 328 128 362 184
phone 0.0057 98 174 131 230
phone 0.0057 23 203 53 263
phone 0.0057 176 146 185 158
phone 0.0057 270 255 330 266
phone 0.0057 162 0 192 16
phone 0.0057 315 253 377 266
phone 0.0057 267 143 301 200
phone 0.0057 361 0 399 11
phone 0.0056 172 197 189 231
phone 0.0056 313 143 347 200
phone 0.0056 188 81 225 138
phone 0.0056 299 237 362 266
phone 0.0056 282 158 316 215
phone 0.0056 253 237 316 266
phone 0.0056 113 174 147 230
phone 0.0056 23 0 53 16
phone 0.0056 146 0 176 16
phone 0.0056 0 0 36 11
phone 0.0056 346 264 376 266
phone 0.0056 158 82 194 138
phone 0.0056 179 197 197 231
phone 0.0056 234 85 264 112
phone 0.0056 178 239 237 266
phone 0.0056 364 262 399 266
phone 0.0056 23 249 53 266
phone 0.0056 238 253 300 266
phone 0.0055 187 204 204 238
phone 0.0055 128 127 162 184
phone 0.0055 279 104 297 139
phone 0.0055 0 0 23 1
phone 0.0055 331 265 361 266
phone 0.0055 39 0 69 16
phone 0.0055 37 237 100 266
phone 0.0055 285 0 315 16
phone 0.0055 38 253 100 266
phone 0.0055 269 0 299 16
phone 0.0055 255 35 313 93
phone 0.0055 113 35 147 92
phone 0.0055 97 51 132 107
phone 0.0055 313 96 347 154
phone 0.0055 39 202 69 263
phone 0.0055 284 249 315 266
phone 0.0055 0 0 23 46
phone 0.0054 36 66 70 123
phone 0.0054 82 143 116 200
phone 0.0054 0 0 22 16
phone 0.0054 315 265 346 266
phone 0.0054 269 249 300 266
phone 0.0054 70 223 130 266
phone 0.0054 52 159 85 215
phone 0.0054 36 97 70 153
phone 0.0054 0 81 24 138
phone 0.0054 315 234 346 266
phone 0.0054 0 50 24 107
phone 0.0054 143 81 178 138
phone 0.0054 0 143 24 200
phone 0.0054 145 253 208 266
phone 0.0054 0 249 41 266
phone 0.0054 51 66 85 123
phone 0.0053 67 128 101 184
phone 0.0053 207 253 269 266
phone 0.0053 223 265 254 266
phone 0.0053 54 264 84 266
phone 0.0053 300 234 330 266
phone 0.0053 300 265 330 266
phone 0.0053 251 50 286 108
phone 0.0053 38 249 69 266
phone 0.0053 314 222 377 266
phone 0.0053 69 264 99 266
phone 0.0053 192 41 253 117
phone 0.0053 68 253 131 266
phone 0.0053 284 265 315 266
phone 0.0053 115 253 177 266
phone 0.0053 237 34 270 92
phone 0.0053 98 143 132 199
phone 0.0053 82 112 116 169
phone 0.0053 376 0 399 17
phone 0.0053 207 265 238 266
phone 0.0053 67 66 101 123
phone 0.0053 282 127 316 185
phone 0.0052 82 66 116 123
phone 0.0052 176 253 239 266
phone 0.0052 128 97 162 153
phone 0.0052 143 51 178 107
phone 0.0052 113 143 147 200
phone 0.0052 238 265 269 266
phone 0.0052 54 249 84 266
phone 0.0052 360 255 399 266
phone 0.0052 67 97 101 153
phone 0.0052 345 0 399 43
phone 0.0052 376 264 399 266
phone 0.0052 0 112 24 169
phone 0.0052 53 208 115 266
phone 0.0052 269 265 300 266
phone 0.0052 331 249 361 266
phone 0.0052 39 265 69 266
phone 0.0051 253 265 284 266
phone 0.0051 222 34 255 92
phone 0.0051 376 0 399 47
phone 0.0051 51 97 85 153
phone 0.0051 69 234 99 266
phone 0.0051 346 187 376 248
phone 0.0051 98 82 132 138
phone 0.0051 192 265 223 266
phone 0.0051 241 81 258 115
phone 0.0051 85 264 115 266
phone 0.0051 84 238 147 266
phone 0.0051 192 0 223 1
phone 0.0051 287 104 305 139
phone 0.0051 177 0 208 1
phone 0.0051 98 112 132 169
phone 0.0051 158 50 194 108
phone 0.0051 206 215 216 228
phone 0.0051 165 193 195 219
phone 0.0051 161 0 192 1
phone 0.0051 193 233 222 266
phone 0.0051 207 0 238 1
phone 0.0051 114 238 177 266
phone 0.0051 145 238 208 266
phone 0.0050 23 265 53 266
phone 0.0050 51 128 85 184
phone 0.0050 146 0 177 1
phone 0.0050 223 0 254 0
phone 0.0050 254 249 284 266
phone 0.0050 173 50 210 108
