phone 0.9270 148 37 257 250
phone 0.1129 135 36 223 181
phone 0.0923 105 88 250 266
phone 0.0859 120 26 228 128
phone 0.0606 80 9 197 139
phone 0.0588 146 169 251 266
phone 0.0517 172 38 333 232
phone 0.0493 154 86 230 196
phone 0.0477 164 106 280 266
phone 0.0471 91 50 196 213
phone 0.0451 181 80 264 203
phone 0.0449 66 81 164 231
phone 0.0427 46 152 232 266
phone 0.0416 171 26 278 132
phone 0.0392 80 0 269 225
phone 0.0378 191 8 326 146
phone 0.0343 187 41 287 179
phone 0.0291 219 72 319 209
phone 0.0289 151 0 251 107
phone 0.0288 47 12 170 187
phone 0.0280 143 115 210 228
phone 0.0274 165 62 249 159
phone 0.0258 123 135 199 209
phone 0.0225 79 132 150 211
phone 0.0220 83 120 177 254
phone 0.0219 195 129 280 214
phone 0.0217 169 76 215 144
phone 0.0214 181 162 264 243
phone 0.0204 233 115 304 197
phone 0.0204 112 192 228 266
phone 0.0202 107 119 184 193
phone 0.0197 12 42 147 222
phone 0.0187 174 188 209 247
phone 0.0185 125 99 197 182
phone 0.0185 93 100 167 182
phone 0.0172 94 150 166 224
phone 0.0169 242 105 327 237
phone 0.0169 197 143 309 260
phone 0.0163 24 3 136 146
phone 0.0159 109 88 182 163
phone 0.0158 93 72 167 149
phone 0.0157 222 24 355 191
phone 0.0157 208 105 299 177
phone 0.0155 189 188 225 247
phone 0.0152 166 104 217 177
phone 0.0148 76 85 154 166
phone 0.0147 142 141 180 202
phone 0.0146 64 187 154 266
phone 0.0142 125 168 197 237
phone 0.0138 126 70 196 150
phone 0.0138 144 0 210 137
phone 0.0135 80 165 150 239
phone 0.0135 0 41 101 166
phone 0.0134 95 230 182 266
phone 0.0133 128 0 218 81
phone 0.0132 73 235 146 266
phone 0.0131 214 74 293 146
phone 0.0131 96 141 134 202
phone 0.0130 244 0 342 107
phone 0.0130 126 45 196 113
phone 0.0129 31 122 125 260
phone 0.0129 153 122 199 190
phone 0.0128 125 0 392 154
phone 0.0127 253 136 346 266
phone 0.0127 199 76 246 144
phone 0.0126 251 141 287 201
phone 0.0126 235 148 302 225
phone 0.0126 204 189 240 247
phone 0.0125 191 228 268 266
phone 0.0119 3 88 97 231
phone 0.0118 161 222 238 266
phone 0.0118 98 178 162 257
phone 0.0118 143 258 211 266
phone 0.0117 157 78 188 104
phone 0.0117 126 127 165 185
phone 0.0116 62 120 136 192
phone 0.0114 112 257 180 266
phone 0.0113 125 226 211 266
phone 0.0112 209 161 297 213
phone 0.0112 109 61 182 128
phone 0.0112 112 158 148 216
phone 0.0111 164 74 181 107
phone 0.0110 192 0 274 86
phone 0.0110 78 58 152 131
phone 0.0109 155 61 198 127
phone 0.0109 110 126 150 186
phone 0.0109 12 156 96 266
phone 0.0108 158 187 194 248
phone 0.0108 260 125 339 187
phone 0.0108 206 43 270 116
phone 0.0108 214 189 292 247
phone 0.0107 194 103 251 178
phone 0.0107 187 198 258 266
phone 0.0105 143 173 178 231
phone 0.0105 159 33 194 94
phone 0.0105 219 174 256 231
phone 0.0104 141 110 180 171
phone 0.0104 0 9 57 136
phone 0.0103 274 7 376 139
phone 0.0103 60 0 158 110
phone 0.0103 162 26 221 102
phone 0.0102 215 124 260 188
phone 0.0100 235 144 271 199
phone 0.0100 238 54 300 135
phone 0.0099 97 173 132 231
phone 0.0099 251 13 318 176
phone 0.0099 144 50 178 108
phone 0.0098 126 96 164 154
phone 0.0098 265 187 334 248
phone 0.0098 258 93 371 218
phone 0.0097 168 85 177 97
phone 0.0097 219 77 249 104
phone 0.0097 0 128 51 264
phone 0.0097 21 73 86 146
phone 0.0096 0 0 39 0
phone 0.0096 110 96 150 155
phone 0.0096 40 198 113 266
phone 0.0095 154 153 198 220
phone 0.0095 266 141 302 202
phone 0.0094 51 43 118 116
phone 0.0094 0 263 41 266
phone 0.0094 122 247 200 266
phone 0.0094 249 110 288 171
phone 0.0094 100 262 161 266
phone 0.0093 78 250 152 266
phone 0.0093 93 45 167 113
phone 0.0093 262 156 337 218
phone 0.0091 172 49 211 110
phone 0.0091 225 74 243 107
phone 0.0090 46 106 122 175
phone 0.0090 97 0 186 85
phone 0.0089 188 85 218 111
phone 0.0089 112 188 148 247
phone 0.0089 37 57 101 132
phone 0.0089 217 218 290 266
phone 0.0089 108 265 183 266
phone 0.0089 236 190 270 245
phone 0.0089 61 154 138 219
phone 0.0089 94 110 135 171
phone 0.0089 218 65 257 124
phone 0.0088 111 33 180 95
phone 0.0088 160 261 224 266
phone 0.0087 142 79 180 140
phone 0.0086 253 163 316 241
phone 0.0086 221 34 254 92
phone 0.0085 235 65 271 124
phone 0.0085 158 263 226 266
phone 0.0085 153 90 200 160
phone 0.0085 223 0 305 80
phone 0.0085 295 59 367 191
phone 0.0085 5 0 86 101
phone 0.0085 128 158 163 215
phone 0.0084 194 31 251 97
phone 0.0084 68 257 148 266
phone 0.0084 82 143 116 200
phone 0.0084 5 94 71 157
phone 0.0083 189 247 256 266
phone 0.0083 144 205 178 261
phone 0.0083 19 139 88 204
phone 0.0083 43 142 126 201
phone 0.0083 96 81 134 139
phone 0.0083 36 80 70 139
phone 0.0083 156 247 228 266
phone 0.0082 195 81 212 115
phone 0.0082 262 88 337 163
phone 0.0081 83 235 116 266
phone 0.0081 168 92 177 104
phone 0.0080 233 112 273 170
phone 0.0080 34 169 104 235
phone 0.0080 127 66 163 123
phone 0.0080 282 128 316 184
phone 0.0080 111 66 148 123
phone 0.0080 82 34 117 93
phone 0.0080 67 50 101 108
phone 0.0080 264 110 304 172
phone 0.0079 123 264 199 266
phone 0.0079 256 49 312 109
phone 0.0079 252 199 317 266
phone 0.0079 30 125 108 187
phone 0.0079 0 66 55 203
phone 0.0079 37 158 70 216
phone 0.0079 282 174 316 230
phone 0.0078 114 265 147 266
phone 0.0078 99 250 131 266
phone 0.0078 167 136 217 206
phone 0.0078 229 85 239 97
phone 0.0078 4 128 73 184
phone 0.0077 52 238 117 266
phone 0.0077 301 94 360 157
phone 0.0077 19 88 198 266
phone 0.0076 127 177 157 204
phone 0.0076 51 65 86 123
phone 0.0076 128 205 162 261
phone 0.0076 181 139 211 165
phone 0.0075 175 219 208 266
phone 0.0075 222 0 286 127
phone 0.0075 236 220 270 266
phone 0.0074 166 258 237 266
phone 0.0074 168 77 177 89
phone 0.0074 168 91 399 266
phone 0.0074 271 223 327 266
phone 0.0074 19 206 88 260
phone 0.0074 31 92 107 159
phone 0.0073 206 250 239 266
phone 0.0073 61 73 138 147
phone 0.0073 251 64 286 125
phone 0.0073 68 0 131 41
phone 0.0073 85 10 145 86
phone 0.0072 205 219 239 266
phone 0.0072 224 36 282 91
phone 0.0072 214 94 261 157
phone 0.0072 299 138 362 205
phone 0.0071 199 92 208 105
phone 0.0071 177 188 346 266
phone 0.0071 37 189 69 246
phone 0.0071 67 219 100 266
phone 0.0071 282 31 348 157
phone 0.0071 157 93 188 119
phone 0.0071 133 173 151 208
phone 0.0070 52 204 85 262
phone 0.0070 267 172 301 232
phone 0.0070 19 106 88 175
phone 0.0070 203 49 241 109
phone 0.0070 22 79 54 140
phone 0.0070 217 246 298 266
phone 0.0070 22 111 54 170
phone 0.0069 175 250 208 266
phone 0.0069 270 60 329 129
phone 0.0069 100 264 130 266
phone 0.0069 159 219 193 266
phone 0.0069 0 0 41 32
phone 0.0069 187 135 205 169
phone 0.0069 251 173 286 231
phone 0.0069 128 251 162 266
phone 0.0069 67 113 101 168
phone 0.0068 85 0 115 46
phone 0.0068 267 204 301 262
phone 0.0068 97 50 132 108
phone 0.0068 286 67 344 122
phone 0.0067 164 89 181 123
phone 0.0067 175 19 209 77
phone 0.0067 52 173 85 231
phone 0.0067 157 162 188 188
phone 0.0067 22 141 53 201
phone 0.0066 100 0 130 46
phone 0.0066 220 204 255 261
phone 0.0066 38 39 100 89
phone 0.0066 6 161 71 212
phone 0.0066 36 127 70 185
phone 0.0066 313 127 347 185
phone 0.0066 272 110 357 171
phone 0.0066 175 265 239 266
phone 0.0065 256 239 312 266
phone 0.0065 179 120 235 192
phone 0.0065 22 54 85 104
phone 0.0065 221 235 254 266
phone 0.0065 287 208 343 258
phone 0.0065 127 154 157 181
phone 0.0065 81 112 117 169
phone 0.0065 190 219 224 266
phone 0.0065 98 205 132 261
phone 0.0065 197 262 266 266
phone 0.0065 300 218 330 266
phone 0.0065 129 19 162 77
phone 0.0065 85 0 145 26
phone 0.0065 206 265 271 266
phone 0.0065 316 209 375 257
phone 0.0064 52 143 85 200
phone 0.0064 363 53 399 165
phone 0.0064 361 85 399 134
phone 0.0064 208 23 268 73
phone 0.0064 100 0 161 42
phone 0.0064 164 159 181 192
phone 0.0064 181 77 211 104
phone 0.0064 191 264 255 266
phone 0.0064 298 159 332 215
phone 0.0064 97 19 132 77
phone 0.0064 82 174 116 230
phone 0.0064 67 144 101 199
phone 0.0064 225 254 282 266
phone 0.0064 85 0 145 11
phone 0.0063 199 84 208 97
phone 0.0063 82 205 116 261
phone 0.0063 53 9 116 57
phone 0.0063 53 34 84 93
phone 0.0063 315 80 346 139
phone 0.0063 177 0 237 42
phone 0.0063 67 174 101 230
phone 0.0062 116 0 176 26
phone 0.0062 38 49 69 108
phone 0.0062 54 0 115 26
phone 0.0062 316 86 375 134
phone 0.0062 116 0 176 11
phone 0.0062 147 0 206 26
phone 0.0062 190 250 224 266
phone 0.0062 144 236 178 266
phone 0.0062 113 250 147 266
phone 0.0062 332 178 390 226
phone 0.0062 114 4 147 61
phone 0.0062 331 203 361 262
phone 0.0061 284 203 315 262
phone 0.0061 316 40 376 88
phone 0.0061 300 240 360 266
phone 0.0061 208 0 268 41
phone 0.0061 362 238 399 266
phone 0.0061 54 249 84 266
phone 0.0061 39 256 99 266
phone 0.0061 161 0 223 59
phone 0.0061 329 145 393 259
phone 0.0061 270 234 299 266
phone 0.0061 208 264 238 266
phone 0.0060 193 0 253 26
phone 0.0060 54 0 114 11
phone 0.0060 39 0 99 41
phone 0.0060 0 0 59 67
phone 0.0060 331 55 391 103
phone 0.0060 100 0 130 16
phone 0.0060 68 18 100 78
phone 0.0060 239 0 299 42
phone 0.0060 302 176 358 228
phone 0.0060 69 0 99 47
phone 0.0060 361 115 399 166
phone 0.0060 52 112 85 169
phone 0.0060 315 0 377 105
phone 0.0060 116 7 175 59
phone 0.0060 130 0 192 44
phone 0.0060 133 150 151 185
phone 0.0060 116 0 145 16
phone 0.0060 346 172 376 231
phone 0.0060 299 191 362 266
phone 0.0060 330 22 393 136
phone 0.0060 316 9 376 57
phone 0.0060 208 0 238 47
phone 0.0060 193 0 222 47
phone 0.0060 224 264 253 266
phone 0.0060 285 256 345 266
phone 0.0060 360 55 399 103
phone 0.0059 85 0 115 16
phone 0.0059 147 0 207 11
phone 0.0059 331 24 391 72
phone 0.0059 137 185 147 197
phone 0.0059 331 80 361 139
phone 0.0059 24 241 83 266
phone 0.0059 224 0 283 26
phone 0.0059 266 64 302 125
phone 0.0059 131 0 161 31
phone 0.0059 8 192 69 266
phone 0.0059 362 7 399 119
phone 0.0059 317 145 374 198
phone 0.0059 162 0 192 32
phone 0.0059 145 19 177 77
phone 0.0059 147 0 176 31
phone 0.0059 377 79 399 140
phone 0.0059 239 249 269 266
phone 0.0059 191 146 200 158
phone 0.0059 127 139 157 166
phone 0.0059 316 203 346 262
phone 0.0059 177 0 207 47
phone 0.0059 301 24 360 72
phone 0.0059 311 108 381 235
phone 0.0059 315 234 346 266
phone 0.0059 252 220 285 266
phone 0.0058 362 192 399 266
phone 0.0058 39 233 69 266
phone 0.0058 8 0 68 41
phone 0.0058 270 0 329 42
phone 0.0058 69 265 99 266
phone 0.0058 331 34 361 93
phone 0.0058 316 255 376 266
phone 0.0058 177 0 237 11
phone 0.0058 23 49 53 108
phone 0.0058 330 237 393 266
phone 0.0058 223 0 284 11
phone 0.0058 347 49 376 108
phone 0.0058 285 9 345 57
phone 0.0058 254 9 314 57
phone 0.0058 269 34 300 93
phone 0.0058 254 0 314 26
phone 0.0058 223 0 253 47
phone 0.0058 23 0 84 26
phone 0.0058 187 73 205 108
phone 0.0058 168 100 177 112
phone 0.0058 54 0 84 47
phone 0.0058 361 24 399 73
phone 0.0058 332 101 391 149
phone 0.0058 23 9 83 57
phone 0.0057 8 0 68 11
phone 0.0057 254 0 284 47
phone 0.0057 70 0 99 16
phone 0.0057 84 264 115 266
phone 0.0057 361 0 399 42
phone 0.0057 191 265 223 266
phone 0.0057 159 250 193 266
phone 0.0057 254 0 314 11
phone 0.0057 23 218 53 266
phone 0.0057 300 249 330 266
phone 0.0057 300 0 360 42
phone 0.0057 346 18 376 78
phone 0.0057 239 0 268 47
phone 0.0057 328 66 394 183
phone 0.0057 270 0 299 47
phone 0.0057 360 255 399 266
phone 0.0057 0 178 36 226
phone 0.0057 316 173 345 232
phone 0.0057 331 3 361 62
phone 0.0057 113 220 147 266
phone 0.0057 331 0 391 42
phone 0.0056 360 178 399 226
phone 0.0056 207 19 239 77
phone 0.0056 362 100 399 211
phone 0.0056 346 264 376 266
phone 0.0056 316 3 345 62
phone 0.0056 270 24 329 72
phone 0.0056 285 40 345 88
phone 0.0056 39 0 68 47
phone 0.0056 22 172 54 232
phone 0.0056 361 0 399 11
phone 0.0056 331 234 361 266
phone 0.0056 191 19 224 77
phone 0.0056 8 40 69 88
phone 0.0056 317 111 374 170
phone 0.0056 7 70 70 119
phone 0.0056 331 265 361 266
phone 0.0056 150 70 180 96
phone 0.0056 54 0 84 16
phone 0.0056 285 0 315 47
phone 0.0055 376 264 399 266
phone 0.0055 233 73 251 108
phone 0.0055 177 0 207 16
phone 0.0055 346 249 376 266
phone 0.0055 0 0 36 11
phone 0.0055 314 36 378 152
phone 0.0055 168 169 177 181
phone 0.0055 7 157 38 216
phone 0.0055 193 0 222 16
phone 0.0055 23 0 53 47
phone 0.0055 285 0 345 26
phone 0.0055 346 96 377 154
phone 0.0055 300 3 330 62
phone 0.0055 364 262 399 266
phone 0.0055 239 0 269 16
phone 0.0055 208 0 238 16
phone 0.0055 254 0 284 16
phone 0.0055 0 0 23 1
phone 0.0055 0 234 41 266
phone 0.0055 331 172 361 232
phone 0.0055 316 34 345 93
phone 0.0055 223 0 253 16
phone 0.0055 300 50 330 108
phone 0.0055 285 0 345 11
phone 0.0055 281 97 317 154
phone 0.0055 347 148 399 195
phone 0.0055 269 265 300 266
phone 0.0055 376 48 399 109
phone 0.0055 23 0 53 16
phone 0.0054 191 154 201 166
phone 0.0054 39 0 68 16
phone 0.0054 270 0 299 16
phone 0.0054 227 115 257 143
phone 0.0054 331 0 391 11
phone 0.0054 39 18 68 78
phone 0.0054 0 156 23 216
phone 0.0054 347 71 399 118
phone 0.0054 346 9 399 57
phone 0.0054 346 0 376 47
phone 0.0054 253 34 285 92
phone 0.0054 346 203 376 262
phone 0.0054 133 135 151 169
phone 0.0054 316 0 376 26
phone 0.0054 0 0 22 16
phone 0.0054 346 40 399 87
phone 0.0054 362 141 392 201
phone 0.0054 285 18 315 78
phone 0.0054 376 218 399 266
phone 0.0054 301 55 360 103
phone 0.0053 285 0 315 16
phone 0.0053 0 101 36 150
phone 0.0053 285 233 315 266
phone 0.0053 161 4 192 61
phone 0.0053 376 18 399 78
phone 0.0053 198 154 247 220
phone 0.0053 376 187 399 247
phone 0.0053 0 188 41 266
phone 0.0053 100 0 131 1
phone 0.0053 171 73 189 108
phone 0.0053 226 248 258 266
phone 0.0053 315 265 346 266
phone 0.0053 254 249 284 266
phone 0.0053 284 265 315 266
phone 0.0053 297 129 332 183
phone 0.0053 0 187 23 247
phone 0.0053 115 0 146 1
phone 0.0053 157 139 188 165
phone 0.0053 0 194 54 241
phone 0.0053 84 0 115 1
phone 0.0053 300 0 330 31
phone 0.0053 362 95 392 154
phone 0.0052 23 18 53 77
phone 0.0052 376 248 399 266
phone 0.0052 330 127 361 185
phone 0.0052 179 135 197 169
phone 0.0052 362 64 392 124
phone 0.0052 234 244 250 266
phone 0.0052 130 0 161 1
phone 0.0052 346 209 399 257
phone 0.0052 377 0 399 17
phone 0.0052 346 0 376 16
phone 0.0052 23 264 53 266
phone 0.0052 242 147 272 173
phone 0.0052 69 0 100 1
phone 0.0052 297 98 332 152
phone 0.0052 362 34 392 93
phone 0.0052 0 80 23 139
phone 0.0052 376 125 399 186
phone 0.0052 0 250 65 266
phone 0.0051 346 0 399 26
phone 0.0051 0 148 54 194
phone 0.0051 146 0 177 1
phone 0.0051 223 9 283 57
phone 0.0051 331 0 361 16
phone 0.0051 316 0 345 16
phone 0.0051 193 9 253 57
phone 0.0051 239 264 268 266
phone 0.0051 300 265 330 266
phone 0.0051 242 85 272 111
phone 0.0051 253 254 316 266
phone 0.0051 53 0 84 1
phone 0.0051 346 141 376 201
phone 0.0051 362 264 392 266
phone 0.0051 161 0 192 1
phone 0.0051 137 161 147 174
phone 0.0051 7 126 38 186
phone 0.0051 66 82 101 138
phone 0.0050 238 0 269 1
phone 0.0050 253 0 284 1
phone 0.0050 39 264 69 266
phone 0.0050 7 65 38 123
phone 0.0050 223 0 254 1
phone 0.0050 237 253 247 266
phone 0.0050 207 0 238 1
phone 0.0050 156 66 174 100
phone 0.0050 192 0 223 1
phone 0.0050 177 0 208 1
phone 0.0050 185 64 229 125
phone 0.0050 269 0 300 1
phone 0.0050 376 0 399 1
phone 0.0050 227 100 257 127
phone 0.0050 164 135 181 169
