phone 0.9219 59 141 142 299
phone 0.1635 44 78 176 282
phone 0.1277 31 150 131 264
phone 0.1079 115 77 238 270
phone 0.0961 95 61 208 222
phone 0.0795 60 168 228 339
phone 0.0660 78 124 205 283
phone 0.0518 194 90 293 251
phone 0.0496 0 146 68 306
phone 0.0496 81 47 172 183
phone 0.0450 75 176 147 270
phone 0.0423 132 155 213 290
phone 0.0353 105 76 178 154
phone 0.0335 65 190 157 347
phone 0.0300 104 209 252 365
phone 0.0299 0 108 151 345
phone 0.0298 219 105 280 186
phone 0.0283 125 41 220 189
phone 0.0277 94 58 158 142
phone 0.0274 67 196 125 280
phone 0.0271 15 221 53 286
phone 0.0266 121 88 193 173
phone 0.0266 120 183 194 263
phone 0.0265 154 80 252 211
phone 0.0253 111 100 299 355
phone 0.0244 58 172 103 242
phone 0.0243 150 187 225 259
phone 0.0240 154 139 253 275
phone 0.0239 0 186 54 259
phone 0.0239 148 285 270 399
phone 0.0233 141 114 204 208
phone 0.0226 5 221 63 316
phone 0.0222 195 62 274 198
phone 0.0220 40 31 147 197
phone 0.0219 75 248 229 384
phone 0.0215 0 194 98 312
phone 0.0215 0 101 75 246
phone 0.0187 202 95 266 165
phone 0.0186 10 66 119 220
phone 0.0186 122 84 161 146
phone 0.0183 14 175 54 239
phone 0.0180 167 113 240 179
phone 0.0179 12 204 86 272
phone 0.0177 41 186 121 320
phone 0.0176 142 180 233 326
phone 0.0176 220 71 299 208
phone 0.0175 93 208 191 269
phone 0.0174 0 158 55 226
phone 0.0169 153 153 223 231
phone 0.0168 181 165 299 296
phone 0.0165 107 69 145 130
phone 0.0163 84 215 168 292
phone 0.0163 216 116 251 175
phone 0.0160 137 74 208 156
phone 0.0159 50 243 142 387
phone 0.0158 102 110 181 182
phone 0.0158 75 227 147 311
phone 0.0155 152 92 224 168
phone 0.0153 167 174 240 241
phone 0.0151 92 219 191 349
phone 0.0148 171 227 299 360
phone 0.0148 126 212 188 295
phone 0.0148 169 193 206 252
phone 0.0147 68 154 124 230
phone 0.0147 1 208 36 268
phone 0.0144 1 177 36 237
phone 0.0144 137 99 177 161
phone 0.0143 217 308 299 396
phone 0.0143 115 221 145 247
phone 0.0142 123 60 192 139
phone 0.0140 72 78 149 152
phone 0.0138 121 133 193 220
phone 0.0138 137 191 177 254
phone 0.0138 0 125 52 197
phone 0.0138 169 152 199 178
phone 0.0137 231 130 268 192
phone 0.0136 111 8 197 152
phone 0.0135 13 218 116 349
phone 0.0134 23 180 106 234
phone 0.0134 122 217 139 251
phone 0.0134 152 174 193 240
phone 0.0132 191 254 278 399
phone 0.0131 153 129 192 193
phone 0.0131 16 146 52 206
phone 0.0130 0 157 30 288
phone 0.0129 176 148 193 181
phone 0.0128 184 129 253 193
phone 0.0125 201 101 236 160
phone 0.0125 0 127 43 256
phone 0.0125 186 158 251 226
phone 0.0125 62 64 129 135
phone 0.0125 30 236 61 262
phone 0.0123 167 144 239 209
phone 0.0123 45 0 255 225
phone 0.0122 112 50 171 119
phone 0.0121 17 282 164 399
phone 0.0120 185 116 221 175
phone 0.0120 0 268 65 391
phone 0.0118 153 248 223 320
phone 0.0118 171 82 236 148
phone 0.0117 141 327 235 399
phone 0.0117 32 225 67 282
phone 0.0116 153 206 192 270
phone 0.0116 37 233 54 266
phone 0.0115 125 228 135 240
phone 0.0114 93 71 129 128
phone 0.0114 185 187 253 258
phone 0.0113 179 159 189 171
phone 0.0112 0 235 45 363
phone 0.0111 32 80 98 149
phone 0.0111 138 130 176 192
phone 0.0111 103 241 181 297
phone 0.0110 221 140 299 273
phone 0.0109 167 201 239 275
phone 0.0109 125 236 135 248
phone 0.0109 60 204 101 271
phone 0.0109 38 314 124 399
phone 0.0108 150 279 226 351
phone 0.0108 169 131 207 191
phone 0.0108 185 194 221 251
phone 0.0108 58 297 133 364
phone 0.0107 143 224 202 313
phone 0.0107 221 85 278 145
phone 0.0107 232 99 298 162
phone 0.0106 139 222 175 284
phone 0.0106 0 169 16 306
phone 0.0105 169 162 207 221
phone 0.0104 152 218 224 289
phone 0.0104 31 193 67 252
phone 0.0103 26 148 104 205
phone 0.0103 48 179 81 235
phone 0.0103 0 189 22 256
phone 0.0103 96 326 188 399
phone 0.0102 175 3 254 152
phone 0.0102 185 163 221 221
phone 0.0101 152 100 192 161
phone 0.0101 123 210 160 266
phone 0.0101 223 205 299 332
phone 0.0101 78 71 113 128
phone 0.0101 41 243 51 256
phone 0.0101 167 359 239 399
phone 0.0100 24 228 105 279
phone 0.0100 157 65 219 134
phone 0.0100 0 255 39 313
phone 0.0099 201 178 236 237
phone 0.0099 81 52 141 116
phone 0.0099 2 147 36 205
phone 0.0098 64 240 128 328
phone 0.0098 14 160 85 224
phone 0.0097 104 283 210 399
phone 0.0097 9 300 90 399
phone 0.0097 163 268 243 331
phone 0.0096 48 85 81 144
phone 0.0096 169 101 207 160
phone 0.0096 61 93 130 167
phone 0.0094 122 116 160 175
phone 0.0094 71 313 151 378
phone 0.0094 76 236 115 301
phone 0.0094 144 53 201 116
phone 0.0093 140 256 205 343
phone 0.0093 198 175 270 240
phone 0.0093 231 160 299 223
phone 0.0093 0 227 43 280
phone 0.0092 202 147 235 206
phone 0.0091 103 40 299 239
phone 0.0091 0 301 56 360
phone 0.0091 218 133 281 220
phone 0.0091 125 241 158 296
phone 0.0090 245 132 299 190
phone 0.0090 181 280 256 350
phone 0.0090 194 348 275 399
phone 0.0090 0 170 3 305
phone 0.0090 91 238 130 299
phone 0.0090 13 115 86 176
phone 0.0090 0 49 53 232
phone 0.0089 26 254 104 314
phone 0.0089 0 286 39 343
phone 0.0089 13 268 86 332
phone 0.0088 234 358 296 399
phone 0.0088 17 116 51 174
phone 0.0088 138 70 176 129
phone 0.0088 106 99 147 161
phone 0.0087 73 278 149 352
phone 0.0087 12 237 87 300
phone 0.0087 87 171 196 245
phone 0.0087 125 244 189 324
phone 0.0087 134 312 211 380
phone 0.0086 276 159 299 186
phone 0.0086 165 296 241 364
phone 0.0086 0 317 71 374
phone 0.0086 0 193 5 251
phone 0.0086 178 329 259 393
phone 0.0086 0 20 80 200
phone 0.0086 0 238 23 299
phone 0.0085 106 224 146 283
phone 0.0085 231 237 299 300
phone 0.0085 176 221 207 247
phone 0.0085 104 268 180 331
phone 0.0085 0 74 3 202
phone 0.0084 170 255 206 313
phone 0.0084 54 237 84 262
phone 0.0084 0 162 20 221
phone 0.0084 115 244 145 270
phone 0.0084 48 148 81 204
phone 0.0083 204 0 285 153
phone 0.0083 154 69 191 129
phone 0.0083 231 189 298 256
phone 0.0083 183 249 254 320
phone 0.0082 211 256 288 312
phone 0.0082 87 297 166 364
phone 0.0082 0 132 6 269
phone 0.0082 172 55 204 113
phone 0.0082 114 218 131 251
phone 0.0082 78 302 112 358
phone 0.0082 137 360 208 399
phone 0.0082 126 39 158 97
phone 0.0081 59 346 133 399
phone 0.0081 200 264 268 335
phone 0.0081 63 238 98 299
phone 0.0081 97 42 156 96
phone 0.0081 183 217 200 251
phone 0.0080 106 360 177 399
phone 0.0080 48 225 81 281
phone 0.0080 154 238 190 299
phone 0.0080 196 309 272 382
phone 0.0080 36 33 95 165
phone 0.0080 213 296 286 364
phone 0.0079 207 113 238 140
phone 0.0079 247 117 282 174
phone 0.0079 41 251 51 263
phone 0.0079 0 222 26 345
phone 0.0079 0 221 8 286
phone 0.0079 207 152 238 178
phone 0.0079 202 363 235 399
phone 0.0079 170 224 205 282
phone 0.0079 198 204 271 272
phone 0.0079 263 323 299 399
phone 0.0079 35 363 96 399
phone 0.0078 266 78 299 198
phone 0.0078 122 240 139 274
phone 0.0078 184 219 254 288
phone 0.0078 217 194 251 251
phone 0.0078 128 43 187 95
phone 0.0077 26 283 104 347
phone 0.0077 248 347 281 399
phone 0.0077 241 170 299 305
phone 0.0076 0 270 20 328
phone 0.0076 187 70 220 128
phone 0.0076 186 363 220 399
phone 0.0076 60 232 78 266
phone 0.0076 63 70 97 129
phone 0.0076 32 163 66 220
phone 0.0075 197 237 271 300
phone 0.0075 50 104 111 187
phone 0.0075 48 256 81 311
phone 0.0075 248 240 281 297
phone 0.0074 64 347 97 399
phone 0.0074 170 286 206 343
phone 0.0074 248 178 282 236
phone 0.0074 247 148 282 205
phone 0.0074 166 235 241 303
phone 0.0074 186 287 220 342
phone 0.0074 217 363 251 399
phone 0.0073 93 303 128 358
phone 0.0073 214 109 231 143
phone 0.0073 32 117 66 174
phone 0.0073 235 75 295 124
phone 0.0073 248 314 299 377
phone 0.0073 233 348 266 399
phone 0.0073 201 209 236 267
phone 0.0073 137 161 177 223
phone 0.0073 264 117 296 174
phone 0.0072 0 239 4 298
phone 0.0072 233 269 297 330
phone 0.0072 18 317 50 374
phone 0.0072 214 148 231 182
phone 0.0072 171 363 205 399
phone 0.0072 211 223 288 284
phone 0.0072 88 251 165 317
phone 0.0072 32 271 66 328
phone 0.0071 287 166 297 179
phone 0.0071 140 254 174 313
phone 0.0071 2 116 36 175
phone 0.0071 78 101 113 159
phone 0.0071 118 228 127 240
phone 0.0070 248 52 299 177
phone 0.0070 187 228 197 240
phone 0.0070 74 102 147 190
phone 0.0069 250 70 281 128
phone 0.0069 33 331 65 390
phone 0.0069 0 301 19 360
phone 0.0069 241 264 299 396
phone 0.0069 216 146 251 206
phone 0.0069 124 271 159 327
phone 0.0069 31 159 61 186
phone 0.0069 33 85 66 144
phone 0.0068 283 164 299 196
phone 0.0068 201 287 236 343
phone 0.0068 232 256 266 312
phone 0.0068 0 83 33 207
phone 0.0068 48 332 81 390
phone 0.0068 51 55 109 113
phone 0.0068 52 19 110 149
phone 0.0068 123 67 153 93
phone 0.0068 251 89 299 141
phone 0.0068 232 318 266 373
phone 0.0068 171 333 205 389
phone 0.0068 216 285 252 344
phone 0.0067 247 209 282 266
phone 0.0067 79 347 112 399
phone 0.0067 15 253 52 314
phone 0.0066 64 243 74 256
phone 0.0066 0 91 50 139
phone 0.0066 203 70 235 128
phone 0.0066 3 75 65 123
phone 0.0066 125 251 135 263
phone 0.0066 156 363 189 399
phone 0.0066 32 302 66 358
phone 0.0066 0 130 18 253
phone 0.0066 155 318 189 374
phone 0.0066 125 363 158 399
phone 0.0065 186 333 220 389
phone 0.0065 0 332 20 399
phone 0.0065 158 44 218 93
phone 0.0065 109 363 143 399
phone 0.0065 169 198 199 224
phone 0.0065 0 43 6 168
phone 0.0065 0 368 19 399
phone 0.0065 192 267 222 293
phone 0.0065 189 29 249 77
phone 0.0065 94 363 128 399
phone 0.0065 0 106 19 154
phone 0.0065 157 39 188 97
phone 0.0064 0 305 34 399
phone 0.0064 19 60 81 108
phone 0.0064 140 363 174 399
phone 0.0064 48 118 81 173
phone 0.0064 232 178 266 236
phone 0.0064 37 155 54 190
phone 0.0064 63 101 97 159
phone 0.0064 119 295 195 366
phone 0.0064 0 72 19 187
phone 0.0064 154 269 191 330
phone 0.0064 131 221 161 247
phone 0.0064 200 198 230 224
phone 0.0063 201 333 236 389
phone 0.0063 63 109 128 214
phone 0.0063 201 255 236 313
phone 0.0063 0 315 3 375
phone 0.0063 263 148 297 205
phone 0.0063 19 70 49 128
phone 0.0063 0 362 4 399
phone 0.0063 185 256 221 312
phone 0.0063 220 29 280 77
phone 0.0063 204 73 264 126
phone 0.0063 174 59 233 110
phone 0.0062 264 194 296 251
phone 0.0062 297 137 299 185
phone 0.0062 218 120 227 132
phone 0.0062 131 160 161 185
phone 0.0062 129 63 147 97
phone 0.0062 232 286 266 343
phone 0.0062 218 159 227 171
phone 0.0062 34 45 96 93
phone 0.0062 294 103 299 218
phone 0.0062 153 67 184 93
phone 0.0062 234 70 265 128
phone 0.0062 7 229 38 255
phone 0.0062 204 23 234 83
phone 0.0062 31 251 61 278
phone 0.0062 0 161 4 221
phone 0.0062 217 334 251 388
phone 0.0062 287 174 297 186
phone 0.0061 47 287 82 343
phone 0.0061 61 190 92 216
phone 0.0061 235 45 295 93
phone 0.0061 0 100 3 159
phone 0.0061 217 255 251 313
phone 0.0061 94 333 128 389
phone 0.0061 0 50 12 228
phone 0.0061 35 54 65 113
phone 0.0061 95 39 127 97
phone 0.0061 200 159 230 186
phone 0.0061 207 306 238 332
phone 0.0061 63 317 97 374
phone 0.0061 6 99 63 162
phone 0.0061 0 131 20 190
phone 0.0061 68 187 85 219
phone 0.0061 234 11 296 125
phone 0.0061 220 23 249 83
phone 0.0060 77 269 114 329
phone 0.0060 204 45 264 93
phone 0.0060 0 42 35 156
phone 0.0060 266 0 299 30
phone 0.0060 53 260 84 285
phone 0.0060 0 0 18 30
phone 0.0060 172 0 235 95
phone 0.0060 95 0 158 111
phone 0.0060 34 0 96 110
phone 0.0060 109 318 143 373
phone 0.0060 115 267 145 294
phone 0.0060 0 0 2 30
phone 0.0060 186 225 220 282
phone 0.0060 235 23 265 82
phone 0.0059 297 168 299 215
phone 0.0059 175 194 193 228
phone 0.0059 217 225 251 282
phone 0.0059 250 222 299 285
phone 0.0059 108 151 137 178
phone 0.0059 206 148 224 182
phone 0.0059 247 302 282 358
phone 0.0059 0 0 3 64
phone 0.0059 267 361 299 399
phone 0.0059 64 0 128 95
phone 0.0059 250 0 299 64
phone 0.0059 45 232 62 267
phone 0.0059 198 263 216 297
phone 0.0059 111 29 173 77
phone 0.0059 50 39 80 98
phone 0.0059 160 63 178 97
phone 0.0059 4 69 34 129
phone 0.0059 295 135 299 248
phone 0.0059 141 0 204 95
phone 0.0059 0 284 4 345
phone 0.0059 266 60 299 108
phone 0.0059 91 101 130 160
phone 0.0059 0 75 18 123
phone 0.0058 250 29 299 77
phone 0.0058 250 39 280 98
phone 0.0058 206 194 224 228
phone 0.0058 20 29 80 77
phone 0.0058 50 29 111 77
phone 0.0058 14 225 31 258
phone 0.0058 268 165 299 218
phone 0.0058 264 26 299 141
phone 0.0058 125 243 135 255
phone 0.0058 65 39 96 97
phone 0.0058 232 225 266 281
phone 0.0058 111 24 142 82
phone 0.0058 281 0 299 37
phone 0.0058 80 29 142 77
phone 0.0058 263 128 299 255
phone 0.0057 0 60 49 108
phone 0.0057 0 0 34 64
phone 0.0057 37 248 54 282
phone 0.0057 183 148 201 182
phone 0.0057 140 333 174 389
phone 0.0057 189 23 219 82
phone 0.0057 0 0 48 30
phone 0.0057 107 228 138 255
phone 0.0057 214 302 231 336
phone 0.0057 281 45 299 93
phone 0.0057 296 367 299 399
phone 0.0056 0 76 3 123
phone 0.0056 4 45 64 93
phone 0.0056 253 256 299 312
phone 0.0056 0 368 49 399
phone 0.0056 137 217 155 251
phone 0.0056 125 333 158 389
phone 0.0056 295 332 299 399
phone 0.0056 281 85 299 144
phone 0.0056 0 333 51 399
phone 0.0056 280 11 299 125
phone 0.0056 3 11 66 126
phone 0.0056 114 148 131 182
phone 0.0056 48 256 112 343
phone 0.0056 35 23 65 82
phone 0.0056 158 14 218 62
phone 0.0055 137 155 155 190
phone 0.0055 108 256 144 312
phone 0.0055 296 54 299 113
phone 0.0055 296 0 299 64
phone 0.0055 263 302 297 358
phone 0.0055 0 0 163 256
phone 0.0055 297 0 299 37
phone 0.0055 131 113 161 140
phone 0.0055 68 256 85 289
phone 0.0055 173 24 203 82
phone 0.0055 17 286 51 343
phone 0.0055 282 306 299 354
phone 0.0055 204 14 264 62
phone 0.0055 122 263 139 297
phone 0.0055 0 332 5 399
phone 0.0055 60 256 77 289
phone 0.0055 282 260 299 308
phone 0.0055 81 24 111 82
phone 0.0055 20 0 79 30
phone 0.0055 0 29 49 77
phone 0.0055 0 26 19 141
phone 0.0054 220 0 279 30
phone 0.0054 124 303 159 358
phone 0.0054 251 0 280 37
phone 0.0054 97 14 156 62
phone 0.0054 0 178 2 237
phone 0.0054 282 229 299 278
phone 0.0054 35 14 95 62
phone 0.0054 278 271 299 388
phone 0.0054 218 128 227 140
phone 0.0054 0 131 3 190
phone 0.0054 100 90 130 117
phone 0.0054 297 337 299 385
phone 0.0054 279 227 299 341
phone 0.0054 20 39 49 98
phone 0.0054 72 197 81 210
phone 0.0054 111 0 173 64
phone 0.0054 296 183 299 231
phone 0.0054 200 121 230 147
phone 0.0054 128 14 187 62
phone 0.0054 97 0 156 30
phone 0.0054 41 166 51 179
phone 0.0054 297 107 299 154
phone 0.0054 133 74 143 86
phone 0.0054 296 301 299 359
phone 0.0053 80 0 142 64
phone 0.0053 296 23 299 83
phone 0.0053 128 0 187 30
phone 0.0053 66 0 125 30
phone 0.0053 142 24 173 82
phone 0.0053 61 268 92 293
phone 0.0053 20 0 49 37
phone 0.0053 296 254 299 313
phone 0.0053 157 8 188 67
phone 0.0053 296 223 299 282
phone 0.0053 49 0 111 64
phone 0.0053 130 52 161 77
phone 0.0053 0 45 18 93
phone 0.0053 169 213 199 240
phone 0.0052 189 0 248 30
phone 0.0052 207 128 238 155
phone 0.0052 158 0 218 30
phone 0.0052 0 45 3 92
phone 0.0052 96 8 127 67
phone 0.0052 92 271 129 328
phone 0.0052 41 236 51 248
phone 0.0052 35 0 64 37
phone 0.0052 4 39 34 98
phone 0.0052 0 46 84 348
phone 0.0052 65 8 96 67
phone 0.0052 4 14 64 62
phone 0.0052 62 286 98 344
phone 0.0052 235 0 264 37
phone 0.0052 218 166 227 179
phone 0.0052 0 12 4 125
phone 0.0052 280 146 299 206
phone 0.0051 51 0 80 37
phone 0.0051 278 115 299 237
phone 0.0051 164 74 173 86
phone 0.0051 127 0 157 37
phone 0.0051 281 178 299 236
phone 0.0051 112 0 141 37
phone 0.0051 18 236 27 248
phone 0.0051 198 194 216 228
phone 0.0051 296 91 299 139
phone 0.0051 295 27 299 140
phone 0.0051 97 0 126 37
phone 0.0051 50 8 81 67
phone 0.0051 143 0 172 37
phone 0.0051 202 274 212 286
phone 0.0051 81 0 111 37
phone 0.0051 66 0 95 37
phone 0.0051 183 194 201 228
phone 0.0051 295 212 299 325
phone 0.0051 252 269 285 291
phone 0.0051 179 205 189 217
phone 0.0051 210 159 220 171
phone 0.0051 230 113 261 139
phone 0.0051 264 274 274 287
phone 0.0051 252 284 299 346
phone 0.0051 277 179 299 296
phone 0.0051 220 0 249 37
phone 0.0050 146 221 176 247
phone 0.0050 158 0 188 37
phone 0.0050 192 182 222 209
phone 0.0050 0 14 18 62
phone 0.0050 69 305 99 332
phone 0.0050 204 0 234 37
phone 0.0050 30 119 46 150
phone 0.0050 268 211 299 265
phone 0.0050 127 8 158 67
