phone 0.8576 145 92 233 230
phone 0.1023 164 124 220 206
phone 0.0754 18 98 72 212
phone 0.0723 75 78 215 243
phone 0.0552 99 55 291 259
phone 0.0531 164 112 287 248
phone 0.0471 160 61 252 207
phone 0.0458 191 76 332 242
phone 0.0437 29 52 126 202
phone 0.0424 0 53 63 200
phone 0.0422 82 18 197 184
phone 0.0404 50 41 177 218
phone 0.0397 120 142 224 275
phone 0.0376 59 111 167 255
phone 0.0363 35 0 124 136
phone 0.0315 152 112 201 187
phone 0.0300 161 145 253 216
phone 0.0299 0 18 95 176
phone 0.0290 70 1 153 139
phone 0.0260 35 133 72 196
phone 0.0259 135 36 218 200
phone 0.0250 154 34 371 221
phone 0.0228 119 133 203 197
phone 0.0223 181 114 233 185
phone 0.0222 203 0 325 201
phone 0.0219 174 130 271 200
phone 0.0219 314 126 392 250
phone 0.0214 180 30 287 173
phone 0.0201 20 98 86 170
phone 0.0196 0 0 58 147
phone 0.0193 271 116 373 255
phone 0.0190 126 185 210 300
phone 0.0179 20 120 55 179
phone 0.0177 84 32 146 113
phone 0.0170 149 141 180 166
phone 0.0170 166 98 217 170
phone 0.0169 204 148 302 274
phone 0.0163 206 132 270 228
phone 0.0160 153 144 200 217
phone 0.0160 67 162 162 290
phone 0.0160 64 0 278 203
phone 0.0159 156 137 173 169
phone 0.0155 116 0 233 163
phone 0.0154 164 137 181 169
phone 0.0153 216 160 290 231
phone 0.0147 239 145 340 280
phone 0.0147 80 157 150 234
phone 0.0144 143 136 179 194
phone 0.0144 160 147 170 159
phone 0.0141 186 150 227 210
phone 0.0140 204 152 240 208
phone 0.0139 35 105 71 163
phone 0.0138 95 97 166 171
phone 0.0137 168 147 177 159
phone 0.0137 180 97 265 172
phone 0.0136 144 75 209 162
phone 0.0135 97 43 132 102
phone 0.0133 19 148 118 272
phone 0.0133 349 121 399 256
phone 0.0127 22 138 85 223
phone 0.0127 33 118 105 180
phone 0.0127 263 44 387 211
phone 0.0126 144 210 239 314
phone 0.0126 0 102 60 166
phone 0.0126 165 102 195 127
phone 0.0122 357 191 399 314
phone 0.0122 0 115 56 253
phone 0.0120 77 195 152 258
phone 0.0120 108 86 183 151
phone 0.0117 124 100 198 168
phone 0.0116 220 115 287 215
phone 0.0116 158 164 257 287
phone 0.0115 172 98 189 131
phone 0.0115 97 0 187 116
phone 0.0114 179 98 197 131
phone 0.0114 187 161 258 230
phone 0.0114 164 63 219 143
phone 0.0112 329 162 399 290
phone 0.0111 82 123 148 206
phone 0.0111 199 108 277 191
phone 0.0109 42 196 127 314
phone 0.0109 106 118 185 180
phone 0.0108 97 62 164 145
phone 0.0108 267 178 363 304
phone 0.0108 360 172 399 249
phone 0.0108 252 2 340 132
phone 0.0107 218 180 320 302
phone 0.0106 154 157 230 234
phone 0.0104 102 21 158 93
phone 0.0104 252 98 347 231
phone 0.0104 97 182 132 240
phone 0.0103 159 74 193 132
phone 0.0102 176 108 185 121
phone 0.0102 195 179 269 308
phone 0.0101 235 166 271 225
phone 0.0101 82 107 260 314
phone 0.0100 67 26 132 88
phone 0.0100 183 108 193 121
phone 0.0100 380 230 396 261
phone 0.0100 372 234 399 257
phone 0.0099 204 83 272 154
phone 0.0099 180 263 211 289
phone 0.0099 83 211 178 314
phone 0.0098 71 131 128 229
phone 0.0098 83 44 116 100
phone 0.0097 36 88 102 149
phone 0.0096 214 198 293 255
phone 0.0096 0 287 41 314
phone 0.0096 155 244 229 301
phone 0.0096 36 40 102 105
phone 0.0095 0 0 39 25
phone 0.0095 3 0 92 99
phone 0.0095 218 149 258 211
phone 0.0095 187 260 204 292
phone 0.0095 383 239 393 252
phone 0.0095 226 149 311 212
phone 0.0095 30 183 107 238
phone 0.0094 51 121 86 178
phone 0.0094 211 148 242 174
phone 0.0093 123 73 199 133
phone 0.0092 96 150 133 210
phone 0.0092 112 42 148 102
phone 0.0092 112 104 148 163
phone 0.0092 313 146 379 214
phone 0.0091 47 149 121 212
phone 0.0091 128 106 163 162
phone 0.0090 5 121 39 177
phone 0.0090 0 0 137 248
phone 0.0090 105 150 186 210
phone 0.0090 34 214 104 269
phone 0.0090 296 134 365 195
phone 0.0089 282 116 347 182
phone 0.0089 196 109 226 136
phone 0.0088 264 102 335 165
phone 0.0088 226 183 311 239
phone 0.0087 237 29 301 177
phone 0.0087 109 51 182 125
phone 0.0086 231 111 306 188
phone 0.0086 48 228 121 286
phone 0.0085 346 231 399 282
phone 0.0085 143 106 178 162
phone 0.0085 64 244 135 300
phone 0.0084 189 73 225 133
phone 0.0084 168 229 247 285
phone 0.0084 142 179 173 204
phone 0.0084 339 195 399 257
phone 0.0084 218 144 235 178
phone 0.0084 343 160 399 230
phone 0.0083 21 69 86 137
phone 0.0083 376 226 399 287
phone 0.0083 365 230 381 261
phone 0.0083 293 165 367 226
phone 0.0083 191 270 200 282
phone 0.0082 357 234 388 257
phone 0.0082 0 164 79 288
phone 0.0082 149 176 165 208
phone 0.0082 278 211 352 272
phone 0.0082 169 199 245 254
phone 0.0082 362 143 399 217
phone 0.0081 106 180 185 242
phone 0.0081 218 229 289 285
phone 0.0081 202 105 220 139
phone 0.0081 77 226 153 288
phone 0.0081 176 58 208 116
phone 0.0081 63 35 138 171
phone 0.0080 279 148 351 212
phone 0.0080 263 131 336 198
phone 0.0080 329 151 362 209
phone 0.0080 17 197 90 256
phone 0.0080 201 120 243 179
phone 0.0080 50 124 80 151
phone 0.0080 362 0 399 22
phone 0.0079 175 244 208 301
phone 0.0079 374 196 399 256
phone 0.0079 0 135 60 194
phone 0.0079 52 183 85 239
phone 0.0079 49 104 119 163
phone 0.0079 230 212 308 271
phone 0.0078 124 160 198 231
phone 0.0078 67 152 101 208
phone 0.0078 67 53 132 122
phone 0.0078 142 176 211 246
phone 0.0078 191 278 200 290
phone 0.0077 311 242 342 265
phone 0.0077 236 198 270 254
phone 0.0077 0 179 59 242
phone 0.0077 82 79 148 158
phone 0.0077 52 212 85 271
phone 0.0077 123 241 199 304
phone 0.0077 128 75 163 131
phone 0.0077 0 79 41 158
phone 0.0076 277 181 353 241
phone 0.0076 175 26 240 149
phone 0.0076 362 244 399 300
phone 0.0076 319 238 334 268
phone 0.0076 108 209 184 274
phone 0.0076 178 62 237 113
phone 0.0076 311 194 381 314
phone 0.0076 368 239 377 252
phone 0.0076 315 230 376 283
phone 0.0075 322 247 331 260
phone 0.0075 98 213 131 270
phone 0.0075 240 69 297 138
phone 0.0075 294 194 367 258
phone 0.0075 86 14 143 70
phone 0.0075 20 90 56 147
phone 0.0074 221 89 255 148
phone 0.0074 222 155 231 167
phone 0.0074 372 230 388 261
phone 0.0074 152 185 162 198
phone 0.0073 0 105 24 163
phone 0.0073 56 121 74 155
phone 0.0073 112 73 148 133
phone 0.0073 282 106 316 162
phone 0.0073 143 75 178 131
phone 0.0073 374 166 399 225
phone 0.0073 190 244 224 300
phone 0.0073 249 192 320 260
phone 0.0073 68 228 100 286
phone 0.0073 38 211 69 272
phone 0.0072 83 243 116 302
phone 0.0072 204 207 272 276
phone 0.0072 49 76 119 130
phone 0.0072 265 161 335 230
phone 0.0072 333 133 389 196
phone 0.0071 313 152 347 208
phone 0.0071 48 193 121 260
phone 0.0071 359 213 393 270
phone 0.0071 99 261 162 314
phone 0.0071 145 259 209 314
phone 0.0071 128 137 162 192
phone 0.0071 202 265 235 288
phone 0.0071 98 243 131 301
phone 0.0070 237 228 269 286
phone 0.0070 344 150 378 209
phone 0.0070 298 105 331 162
phone 0.0070 52 74 85 132
phone 0.0070 190 198 224 254
phone 0.0070 206 74 239 132
phone 0.0070 314 120 347 178
phone 0.0070 62 208 137 275
phone 0.0069 20 150 55 210
phone 0.0069 211 261 226 291
phone 0.0069 36 74 70 132
phone 0.0069 219 117 249 143
phone 0.0069 160 139 170 152
phone 0.0069 311 238 326 268
phone 0.0069 376 239 385 252
phone 0.0069 128 168 163 223
phone 0.0069 344 213 378 270
phone 0.0069 221 227 254 286
phone 0.0068 81 134 117 195
phone 0.0068 206 116 216 128
phone 0.0068 206 181 239 240
phone 0.0068 298 213 331 270
phone 0.0068 214 270 224 283
phone 0.0068 314 247 323 260
phone 0.0068 251 183 285 238
phone 0.0068 192 238 253 306
phone 0.0067 267 228 332 286
phone 0.0067 331 227 361 287
phone 0.0067 190 189 255 263
phone 0.0067 251 153 286 207
phone 0.0067 222 162 231 175
phone 0.0067 5 166 39 224
phone 0.0066 132 30 190 84
phone 0.0066 180 260 196 292
phone 0.0066 297 151 332 208
phone 0.0066 313 182 347 239
phone 0.0065 250 89 286 148
phone 0.0065 83 89 116 148
phone 0.0065 282 213 316 270
phone 0.0065 330 120 362 178
phone 0.0065 0 196 40 256
phone 0.0065 174 183 209 239
phone 0.0065 300 0 361 21
phone 0.0065 282 136 316 193
phone 0.0065 252 213 285 269
phone 0.0065 0 0 41 56
phone 0.0064 67 182 101 239
phone 0.0064 42 117 72 143
phone 0.0064 220 180 256 241
phone 0.0064 38 233 99 314
phone 0.0064 81 164 118 227
phone 0.0064 329 89 394 209
phone 0.0064 116 16 176 67
phone 0.0064 144 0 210 117
phone 0.0064 113 244 147 301
phone 0.0064 349 222 366 254
phone 0.0064 222 246 285 314
phone 0.0064 363 62 399 174
phone 0.0064 361 94 399 143
phone 0.0064 330 290 393 314
phone 0.0063 342 226 373 250
phone 0.0063 269 0 330 21
phone 0.0063 159 213 193 270
phone 0.0063 96 119 133 179
phone 0.0063 0 140 26 166
phone 0.0063 298 182 331 239
phone 0.0063 53 0 116 53
phone 0.0063 159 182 193 240
phone 0.0063 313 213 347 270
phone 0.0063 60 132 70 144
phone 0.0063 7 0 70 53
phone 0.0062 144 244 178 301
phone 0.0062 128 27 163 86
phone 0.0062 54 258 84 314
phone 0.0062 143 167 178 224
phone 0.0062 129 244 162 301
phone 0.0062 67 74 100 132
phone 0.0062 0 151 44 209
phone 0.0062 118 26 150 50
phone 0.0062 267 213 301 270
phone 0.0062 36 182 70 239
phone 0.0062 225 113 243 147
phone 0.0062 346 119 377 178
phone 0.0062 39 0 99 35
phone 0.0062 193 33 253 81
phone 0.0062 22 197 54 255
phone 0.0062 67 121 101 178
phone 0.0062 178 18 237 66
phone 0.0061 330 0 392 21
phone 0.0061 99 0 162 53
phone 0.0061 162 27 192 86
phone 0.0061 112 136 148 193
phone 0.0061 238 273 269 314
phone 0.0061 128 198 162 254
phone 0.0061 327 171 357 197
phone 0.0061 131 0 191 35
phone 0.0061 238 0 299 21
phone 0.0061 97 89 132 148
phone 0.0061 159 244 193 301
phone 0.0061 145 0 209 53
phone 0.0061 67 44 100 101
phone 0.0061 192 0 254 114
phone 0.0061 208 18 268 66
phone 0.0061 88 63 118 89
phone 0.0061 253 58 285 116
phone 0.0061 375 134 399 194
phone 0.0061 22 290 85 314
phone 0.0060 52 27 85 86
phone 0.0060 7 33 69 81
phone 0.0060 224 33 283 81
phone 0.0060 177 260 238 314
phone 0.0060 282 182 316 240
phone 0.0060 239 279 298 314
phone 0.0060 141 175 158 208
phone 0.0060 255 63 314 113
phone 0.0060 222 0 285 114
phone 0.0059 144 213 178 270
phone 0.0059 113 199 147 253
phone 0.0059 162 0 222 35
phone 0.0059 23 310 84 314
phone 0.0059 267 183 301 239
phone 0.0059 0 178 42 304
phone 0.0059 299 70 363 197
phone 0.0059 208 295 268 314
phone 0.0059 193 2 253 50
phone 0.0059 206 227 239 286
phone 0.0059 232 133 274 196
phone 0.0059 70 0 130 35
phone 0.0059 361 63 399 112
phone 0.0059 283 246 347 314
phone 0.0059 161 0 223 83
phone 0.0059 23 249 84 295
phone 0.0059 299 290 362 314
phone 0.0059 54 0 84 40
phone 0.0059 218 120 258 179
phone 0.0059 22 17 85 66
phone 0.0059 328 197 362 255
phone 0.0059 207 262 269 314
phone 0.0059 208 11 238 71
phone 0.0059 237 73 270 133
phone 0.0058 193 11 222 71
phone 0.0058 38 277 100 314
phone 0.0058 377 88 399 148
phone 0.0058 39 0 68 40
phone 0.0058 48 113 66 147
phone 0.0058 53 290 116 314
phone 0.0058 38 243 69 302
phone 0.0058 54 310 114 314
phone 0.0058 147 0 176 40
phone 0.0058 69 0 99 40
phone 0.0058 7 261 69 314
phone 0.0058 207 0 269 21
phone 0.0058 362 16 399 128
phone 0.0058 183 270 193 283
phone 0.0058 255 33 314 81
phone 0.0058 239 18 299 66
phone 0.0058 268 290 332 314
phone 0.0058 82 197 116 255
phone 0.0058 144 44 178 100
phone 0.0058 253 246 316 314
phone 0.0058 314 261 377 314
phone 0.0058 223 11 253 71
phone 0.0058 0 182 24 239
phone 0.0058 55 0 114 20
phone 0.0058 142 224 172 251
phone 0.0058 363 0 399 67
phone 0.0058 174 214 208 269
phone 0.0058 126 22 143 53
phone 0.0058 316 310 376 314
phone 0.0057 221 91 399 278
phone 0.0057 344 182 378 239
phone 0.0057 316 64 376 112
phone 0.0057 68 12 101 70
phone 0.0057 361 32 399 82
phone 0.0057 353 231 362 244
phone 0.0057 239 27 268 86
phone 0.0057 112 168 147 223
phone 0.0057 295 234 327 257
phone 0.0057 287 90 343 147
phone 0.0057 331 48 391 96
phone 0.0057 60 124 70 136
phone 0.0057 188 155 218 182
phone 0.0057 303 229 319 262
phone 0.0057 222 147 231 159
phone 0.0057 23 0 53 40
phone 0.0057 160 289 224 314
phone 0.0057 70 280 129 314
phone 0.0057 253 273 284 314
phone 0.0057 223 289 253 314
phone 0.0057 8 0 68 20
phone 0.0057 285 310 345 314
phone 0.0057 23 27 53 86
phone 0.0057 315 30 377 145
phone 0.0057 269 58 300 116
phone 0.0057 85 0 145 20
phone 0.0057 376 257 399 314
phone 0.0057 162 0 192 40
phone 0.0057 301 48 360 96
phone 0.0057 54 304 84 314
phone 0.0057 356 221 373 254
phone 0.0057 330 15 393 129
phone 0.0057 177 0 207 56
phone 0.0057 85 273 115 314
phone 0.0057 39 288 69 314
phone 0.0057 254 310 314 314
phone 0.0057 39 304 69 314
phone 0.0056 131 0 161 40
phone 0.0056 208 257 238 314
phone 0.0056 193 0 222 40
phone 0.0056 162 48 222 97
phone 0.0056 85 0 115 40
phone 0.0056 299 15 361 129
phone 0.0056 346 125 399 173
phone 0.0056 383 231 393 244
phone 0.0056 23 288 53 314
phone 0.0056 116 0 175 20
phone 0.0056 240 248 298 296
phone 0.0056 69 304 99 314
phone 0.0056 254 27 284 86
phone 0.0056 223 2 283 50
phone 0.0056 331 288 361 314
phone 0.0056 333 167 351 201
phone 0.0056 316 109 375 159
phone 0.0056 346 288 376 314
phone 0.0056 332 79 391 127
phone 0.0056 147 0 206 20
phone 0.0056 84 290 147 314
phone 0.0056 54 288 84 314
phone 0.0056 100 0 130 40
phone 0.0056 250 121 287 178
phone 0.0056 239 48 299 96
phone 0.0056 285 33 345 81
phone 0.0055 146 12 176 70
phone 0.0055 267 40 333 165
phone 0.0055 208 0 238 40
phone 0.0055 0 243 41 314
phone 0.0055 270 27 299 86
phone 0.0055 173 109 203 136
phone 0.0055 39 12 69 70
phone 0.0055 176 0 238 21
phone 0.0055 208 48 269 96
phone 0.0055 95 59 112 93
phone 0.0055 316 289 346 314
phone 0.0055 316 33 376 81
phone 0.0055 364 286 399 314
phone 0.0055 0 136 24 193
phone 0.0055 157 132 188 159
phone 0.0055 347 42 376 102
phone 0.0055 331 304 361 314
phone 0.0055 23 304 53 314
phone 0.0055 129 32 139 44
phone 0.0055 331 58 361 117
phone 0.0055 195 153 212 184
phone 0.0055 269 288 299 314
phone 0.0055 270 17 330 66
phone 0.0055 285 289 315 314
phone 0.0055 271 76 329 130
phone 0.0054 300 289 330 314
phone 0.0054 346 304 376 314
phone 0.0054 115 0 146 55
phone 0.0054 316 304 346 314
phone 0.0054 285 27 315 86
phone 0.0054 377 57 399 118
phone 0.0054 114 290 178 314
phone 0.0054 208 43 238 101
phone 0.0054 300 304 330 314
phone 0.0054 207 14 270 130
phone 0.0054 0 0 22 9
phone 0.0054 229 124 239 136
phone 0.0054 222 290 285 314
phone 0.0054 0 0 35 4
phone 0.0054 270 48 329 96
phone 0.0054 285 304 315 314
phone 0.0054 316 42 345 102
phone 0.0054 270 304 299 314
phone 0.0054 326 234 358 257
phone 0.0054 254 304 284 314
phone 0.0054 223 0 253 40
phone 0.0054 300 42 330 102
phone 0.0053 347 73 376 133
phone 0.0053 27 140 57 166
phone 0.0053 69 273 99 314
phone 0.0053 377 0 399 41
phone 0.0053 177 27 207 86
phone 0.0053 361 120 392 178
phone 0.0053 148 221 166 255
phone 0.0053 377 26 399 87
phone 0.0053 188 287 219 311
phone 0.0053 195 285 212 314
phone 0.0053 239 0 268 55
phone 0.0053 269 258 299 314
phone 0.0053 145 185 154 198
phone 0.0053 334 230 350 261
phone 0.0053 57 42 89 65
phone 0.0053 64 38 81 68
phone 0.0053 0 310 36 314
phone 0.0053 346 18 399 65
phone 0.0053 223 310 284 314
phone 0.0053 54 0 114 4
phone 0.0053 85 304 115 314
phone 0.0053 326 238 342 268
phone 0.0053 254 2 314 50
phone 0.0053 23 258 53 314
phone 0.0053 329 247 339 260
phone 0.0053 85 0 145 4
phone 0.0053 115 0 146 25
phone 0.0052 68 47 77 59
phone 0.0052 285 258 315 314
phone 0.0052 271 264 329 311
phone 0.0052 55 265 114 311
phone 0.0052 315 258 346 314
phone 0.0052 331 27 361 86
phone 0.0052 0 48 53 97
phone 0.0052 0 211 22 272
phone 0.0052 180 280 211 303
phone 0.0052 223 43 253 101
phone 0.0052 194 279 251 314
phone 0.0052 300 17 360 66
phone 0.0052 116 0 176 4
phone 0.0052 337 239 347 252
phone 0.0052 176 0 208 25
phone 0.0052 208 289 238 314
phone 0.0052 254 0 284 55
phone 0.0052 146 0 207 4
phone 0.0052 69 0 100 9
phone 0.0052 54 0 84 9
phone 0.0052 330 258 361 314
phone 0.0051 300 73 330 132
phone 0.0051 300 258 330 314
phone 0.0051 84 0 115 9
phone 0.0051 306 239 316 252
phone 0.0051 100 0 130 9
phone 0.0051 156 221 174 255
phone 0.0051 23 0 84 4
phone 0.0051 331 2 391 50
phone 0.0051 187 277 204 306
phone 0.0051 301 249 360 296
phone 0.0051 115 0 146 9
phone 0.0051 254 242 284 303
phone 0.0051 346 0 399 35
phone 0.0051 51 152 85 208
phone 0.0051 0 304 23 314
phone 0.0051 362 42 392 102
phone 0.0051 360 239 370 252
phone 0.0051 131 0 161 9
phone 0.0051 6 147 16 159
phone 0.0051 146 0 176 9
phone 0.0051 85 310 145 314
phone 0.0050 239 304 269 314
phone 0.0050 347 12 376 71
phone 0.0050 300 12 330 71
phone 0.0050 161 0 192 9
phone 0.0050 0 273 23 314
phone 0.0050 158 224 187 251
phone 0.0050 7 200 69 313
phone 0.0050 223 258 253 314
phone 0.0050 285 2 345 50
phone 0.0050 9 234 67 280
phone 0.0050 270 0 299 55
phone 0.0050 229 116 239 129
phone 0.0050 38 0 69 9
