phone 0.9090 109 109 224 310
phone 0.0890 73 87 208 269
phone 0.0602 91 50 276 298
phone 0.0519 102 22 226 204
phone 0.0490 60 167 151 308
phone 0.0479 122 191 213 346
phone 0.0391 26 112 177 296
phone 0.0348 68 218 142 289
phone 0.0346 159 122 267 261
phone 0.0331 197 61 308 221
phone 0.0325 82 153 191 292
phone 0.0255 60 104 151 248
phone 0.0253 116 142 188 242
phone 0.0252 70 182 141 264
phone 0.0240 127 170 208 276
phone 0.0238 82 203 160 273
phone 0.0238 17 87 123 254
phone 0.0232 23 178 121 337
phone 0.0208 40 71 158 212
phone 0.0202 131 227 203 311
phone 0.0202 129 85 235 237
phone 0.0199 87 223 124 284
phone 0.0199 71 151 140 233
phone 0.0187 135 175 259 300
phone 0.0185 55 197 126 279
phone 0.0184 181 161 277 284
phone 0.0183 54 166 127 248
phone 0.0180 173 154 253 230
phone 0.0173 0 46 96 234
phone 0.0172 168 75 258 216
phone 0.0171 85 212 189 325
phone 0.0169 142 11 238 152
phone 0.0163 120 204 183 303
phone 0.0162 193 186 264 259
phone 0.0157 96 223 177 284
phone 0.0156 23 144 245 367
phone 0.0155 97 183 176 263
phone 0.0154 103 225 138 282
phone 0.0151 60 223 135 345
phone 0.0150 81 170 160 245
phone 0.0146 227 90 319 253
phone 0.0143 79 36 164 163
phone 0.0142 0 170 48 291
phone 0.0141 86 192 125 253
phone 0.0137 0 149 88 312
phone 0.0136 157 136 238 218
phone 0.0135 26 27 110 194
phone 0.0133 55 137 125 216
phone 0.0131 73 252 168 377
phone 0.0130 177 126 249 196
phone 0.0127 208 176 280 238
phone 0.0127 156 210 270 327
phone 0.0126 82 142 159 211
phone 0.0125 150 28 296 194
phone 0.0123 131 267 204 332
phone 0.0121 128 238 237 360
phone 0.0120 113 0 192 137
phone 0.0120 70 127 141 195
phone 0.0117 86 162 125 222
phone 0.0117 0 113 45 226
phone 0.0116 194 137 263 216
phone 0.0116 216 185 303 321
phone 0.0116 207 143 311 270
phone 0.0115 149 254 185 314
phone 0.0115 119 225 153 281
phone 0.0114 72 223 108 283
phone 0.0111 86 66 156 133
phone 0.0111 211 193 246 252
phone 0.0111 0 209 55 327
phone 0.0110 180 10 271 146
phone 0.0110 8 26 192 248
phone 0.0110 169 251 258 378
phone 0.0109 152 200 243 276
phone 0.0109 212 0 298 154
phone 0.0109 71 192 109 253
phone 0.0109 0 223 92 344
phone 0.0108 40 156 110 227
phone 0.0107 234 51 317 178
phone 0.0107 102 49 171 119
phone 0.0107 143 118 222 205
phone 0.0107 70 83 141 146
phone 0.0106 101 193 140 252
phone 0.0104 96 68 178 223
phone 0.0104 133 237 170 300
phone 0.0102 129 159 174 225
phone 0.0102 194 147 232 206
phone 0.0102 141 252 224 316
phone 0.0102 57 94 123 167
phone 0.0100 0 330 1 399
phone 0.0100 126 269 209 391
phone 0.0099 227 178 261 236
phone 0.0099 0 109 12 228
phone 0.0098 0 50 18 161
phone 0.0098 119 33 185 105
phone 0.0097 84 287 159 343
phone 0.0097 213 203 276 273
phone 0.0097 79 242 163 296
phone 0.0095 28 108 92 184
phone 0.0095 40 127 110 195
phone 0.0095 179 100 248 160
phone 0.0094 104 70 137 128
phone 0.0094 98 253 175 315
phone 0.0093 208 47 282 182
phone 0.0092 58 179 91 236
phone 0.0092 160 111 235 181
phone 0.0092 223 102 296 159
phone 0.0092 0 176 63 238
phone 0.0092 57 0 144 156
phone 0.0092 0 167 7 295
phone 0.0091 85 112 157 179
phone 0.0090 210 162 247 222
phone 0.0090 119 55 153 113
phone 0.0090 36 254 114 375
phone 0.0089 89 86 122 143
phone 0.0089 196 117 230 174
phone 0.0089 145 221 189 285
phone 0.0089 178 284 249 345
phone 0.0088 88 133 123 189
phone 0.0088 242 84 308 145
phone 0.0088 225 221 294 285
phone 0.0087 102 163 140 220
phone 0.0086 71 147 109 206
phone 0.0086 208 232 292 350
phone 0.0086 173 257 254 312
phone 0.0085 55 250 126 318
phone 0.0085 133 301 202 359
phone 0.0085 196 110 261 181
phone 0.0085 54 284 126 345
phone 0.0084 7 255 82 313
phone 0.0084 199 51 258 117
phone 0.0084 116 193 156 252
phone 0.0084 73 101 107 159
phone 0.0084 117 103 186 188
phone 0.0084 0 241 49 296
phone 0.0083 134 39 169 97
phone 0.0083 143 285 222 344
phone 0.0083 168 227 259 280
phone 0.0083 24 271 96 328
phone 0.0083 222 192 297 253
phone 0.0082 42 116 76 175
phone 0.0082 211 128 278 194
phone 0.0081 104 286 137 343
phone 0.0081 119 256 153 312
phone 0.0081 176 72 251 127
phone 0.0080 57 147 92 205
phone 0.0080 259 157 319 227
phone 0.0080 150 0 216 99
phone 0.0080 243 172 307 242
phone 0.0080 214 228 274 309
phone 0.0080 103 133 138 189
phone 0.0080 142 188 192 257
phone 0.0079 226 147 261 205
phone 0.0078 194 195 232 250
phone 0.0078 145 94 220 167
phone 0.0078 245 202 305 274
phone 0.0078 230 69 289 130
phone 0.0078 57 101 92 159
phone 0.0078 150 286 184 343
phone 0.0077 37 221 113 286
phone 0.0077 8 159 81 224
phone 0.0077 116 161 157 222
phone 0.0077 198 78 260 151
phone 0.0077 240 112 310 179
phone 0.0076 243 225 276 282
phone 0.0076 159 269 237 330
phone 0.0076 258 124 319 197
phone 0.0076 10 127 79 194
phone 0.0075 213 264 275 335
phone 0.0075 196 286 230 343
phone 0.0075 70 267 142 332
phone 0.0075 147 49 218 120
phone 0.0075 212 70 245 129
phone 0.0075 13 91 75 139
phone 0.0075 7 221 81 285
phone 0.0075 73 302 138 358
phone 0.0075 164 301 232 360
phone 0.0075 238 145 312 208
phone 0.0074 243 117 276 174
phone 0.0074 13 57 76 172
phone 0.0073 131 64 203 135
phone 0.0073 130 206 173 270
phone 0.0073 170 24 226 82
phone 0.0073 261 91 319 169
phone 0.0073 0 202 62 273
phone 0.0072 12 163 45 220
phone 0.0072 220 163 299 221
phone 0.0072 154 237 241 300
phone 0.0072 226 84 261 145
phone 0.0072 165 257 200 311
phone 0.0072 105 0 168 95
phone 0.0072 137 13 197 64
phone 0.0072 161 84 235 145
phone 0.0072 12 193 45 252
phone 0.0072 196 87 230 143
phone 0.0072 0 134 29 248
phone 0.0071 74 286 107 344
phone 0.0071 20 239 99 299
phone 0.0071 258 178 291 236
phone 0.0071 29 85 60 143
phone 0.0071 0 168 30 215
phone 0.0071 212 116 245 175
phone 0.0071 0 0 1 99
phone 0.0071 132 131 171 191
phone 0.0071 153 90 319 308
phone 0.0070 27 255 60 313
phone 0.0070 43 270 76 328
phone 0.0070 244 55 275 112
phone 0.0070 73 255 107 313
phone 0.0070 0 148 63 204
phone 0.0070 0 224 29 282
phone 0.0070 242 194 276 250
phone 0.0070 196 256 230 312
phone 0.0069 273 147 307 206
phone 0.0069 177 147 218 206
phone 0.0069 58 210 92 266
phone 0.0069 245 59 305 109
phone 0.0069 8 190 81 256
phone 0.0069 27 116 61 175
phone 0.0068 212 225 245 282
phone 0.0068 215 43 274 94
phone 0.0068 0 162 13 221
phone 0.0068 227 116 261 174
phone 0.0068 229 254 290 314
phone 0.0067 196 56 230 112
phone 0.0067 105 90 168 170
phone 0.0067 59 285 91 344
phone 0.0067 117 79 187 151
phone 0.0066 0 273 60 325
phone 0.0066 0 136 44 186
phone 0.0066 90 29 152 77
phone 0.0066 258 117 292 174
phone 0.0066 274 178 307 236
phone 0.0066 227 238 261 299
phone 0.0066 88 255 123 313
phone 0.0066 165 287 199 343
phone 0.0066 44 85 75 144
phone 0.0066 27 163 61 220
phone 0.0066 149 40 184 97
phone 0.0066 200 304 257 356
phone 0.0066 103 301 171 359
phone 0.0066 260 55 291 112
phone 0.0066 0 106 44 154
phone 0.0066 136 8 168 67
phone 0.0066 183 41 244 96
phone 0.0065 213 304 276 399
phone 0.0065 90 300 121 360
phone 0.0065 166 8 199 67
phone 0.0065 179 118 216 173
phone 0.0065 229 39 260 98
phone 0.0065 245 29 305 77
phone 0.0064 74 45 137 93
phone 0.0064 21 207 98 269
phone 0.0064 27 138 92 214
phone 0.0064 119 286 153 343
phone 0.0064 181 287 215 343
phone 0.0064 288 96 319 226
phone 0.0064 244 0 306 110
phone 0.0063 241 220 309 348
phone 0.0063 258 148 291 205
phone 0.0063 184 321 242 369
phone 0.0063 212 255 245 312
phone 0.0063 59 60 122 108
phone 0.0063 29 75 91 123
phone 0.0063 291 367 319 399
phone 0.0063 276 45 319 93
phone 0.0063 106 24 136 82
phone 0.0063 261 291 319 338
phone 0.0063 196 226 230 280
phone 0.0063 117 315 149 338
phone 0.0063 24 172 95 242
phone 0.0063 0 254 29 314
phone 0.0062 276 260 319 308
phone 0.0062 120 23 153 82
phone 0.0062 275 11 319 125
phone 0.0062 12 115 45 175
phone 0.0062 74 332 138 399
phone 0.0062 125 311 140 342
phone 0.0062 273 116 307 175
phone 0.0062 306 367 319 399
phone 0.0062 289 132 319 190
phone 0.0062 153 321 212 370
phone 0.0062 259 258 319 371
phone 0.0062 0 76 59 123
phone 0.0062 105 332 169 399
phone 0.0062 274 227 319 340
phone 0.0062 247 274 303 325
phone 0.0062 92 7 151 129
phone 0.0062 244 270 275 329
phone 0.0062 260 23 290 83
phone 0.0062 305 332 319 399
phone 0.0061 255 173 319 302
phone 0.0061 0 51 46 167
phone 0.0061 104 102 138 158
phone 0.0061 117 280 187 350
phone 0.0061 212 286 245 344
phone 0.0061 27 225 61 282
phone 0.0061 262 212 318 264
phone 0.0061 276 23 305 83
phone 0.0061 270 125 319 258
phone 0.0061 91 39 121 98
phone 0.0061 148 182 178 209
phone 0.0061 165 40 200 97
phone 0.0061 128 320 137 333
phone 0.0061 277 229 319 278
phone 0.0061 135 332 200 399
phone 0.0061 262 72 319 127
phone 0.0060 14 85 44 144
phone 0.0060 275 285 306 344
phone 0.0060 0 116 29 175
phone 0.0060 0 198 29 247
phone 0.0060 245 322 305 369
phone 0.0060 14 60 74 108
phone 0.0060 291 30 319 77
phone 0.0060 260 269 290 329
phone 0.0060 229 331 260 390
phone 0.0060 75 54 106 113
phone 0.0060 274 332 319 399
phone 0.0060 14 269 44 330
phone 0.0059 244 289 307 399
phone 0.0059 44 290 106 399
phone 0.0059 182 9 214 67
phone 0.0059 306 147 319 206
phone 0.0059 60 367 121 399
phone 0.0059 242 148 276 204
phone 0.0059 29 367 90 399
phone 0.0059 150 71 184 128
phone 0.0059 13 332 76 399
phone 0.0059 200 337 258 385
phone 0.0059 180 56 215 112
phone 0.0059 58 255 91 312
phone 0.0059 291 60 319 108
phone 0.0059 232 290 287 340
phone 0.0059 60 70 90 128
phone 0.0059 124 307 156 331
phone 0.0059 14 29 74 77
phone 0.0059 199 315 228 376
phone 0.0059 134 269 169 329
phone 0.0058 0 192 13 252
phone 0.0058 60 316 90 375
phone 0.0058 165 71 200 128
phone 0.0058 45 323 105 368
phone 0.0058 132 303 148 335
phone 0.0058 91 367 152 399
phone 0.0058 244 367 306 399
phone 0.0058 59 0 122 95
phone 0.0058 0 45 59 92
phone 0.0058 275 208 306 267
phone 0.0058 13 0 76 110
phone 0.0058 230 337 290 385
phone 0.0058 0 270 1 390
phone 0.0058 0 337 59 385
phone 0.0058 260 316 290 374
phone 0.0058 306 23 319 83
phone 0.0058 0 24 0 144
phone 0.0058 155 179 172 212
phone 0.0058 0 178 1 297
phone 0.0058 180 87 215 143
phone 0.0057 291 337 319 385
phone 0.0057 245 23 275 82
phone 0.0057 44 363 75 399
phone 0.0057 0 231 36 354
phone 0.0057 0 367 44 399
phone 0.0057 29 363 60 399
phone 0.0057 275 363 306 399
phone 0.0057 166 332 231 399
phone 0.0057 0 116 1 236
phone 0.0057 275 307 319 354
phone 0.0057 14 54 44 113
phone 0.0057 0 332 30 399
phone 0.0057 0 131 13 190
phone 0.0057 75 362 106 399
phone 0.0057 27 194 61 251
phone 0.0057 59 362 91 399
phone 0.0057 214 331 244 390
phone 0.0057 42 241 76 297
phone 0.0057 29 54 59 113
phone 0.0057 45 29 105 77
phone 0.0057 306 54 319 113
phone 0.0057 291 270 319 328
phone 0.0057 90 362 122 399
phone 0.0057 121 367 183 399
phone 0.0057 0 85 29 144
phone 0.0057 259 363 291 399
phone 0.0056 275 55 306 113
phone 0.0056 168 315 198 376
phone 0.0056 30 45 90 93
phone 0.0056 0 70 0 190
phone 0.0056 12 224 45 282
phone 0.0056 0 292 43 338
phone 0.0056 244 316 275 375
phone 0.0056 29 331 60 390
phone 0.0056 177 209 218 267
phone 0.0056 289 197 319 309
phone 0.0056 121 0 183 46
phone 0.0056 44 11 106 125
phone 0.0056 123 320 181 371
phone 0.0056 291 178 319 236
phone 0.0056 0 363 14 399
phone 0.0056 45 54 75 113
phone 0.0056 119 85 153 144
phone 0.0056 29 23 59 82
phone 0.0055 183 315 213 376
phone 0.0055 0 238 14 299
phone 0.0055 278 197 319 248
phone 0.0055 135 71 169 128
phone 0.0055 0 30 44 77
phone 0.0055 105 362 137 399
phone 0.0055 14 331 44 390
phone 0.0055 289 41 319 157
phone 0.0055 164 102 200 158
phone 0.0055 144 145 190 208
phone 0.0055 76 23 105 82
phone 0.0055 42 147 76 206
phone 0.0055 117 130 156 191
phone 0.0055 306 223 319 282
phone 0.0055 230 14 289 62
phone 0.0055 290 288 319 399
phone 0.0055 270 207 303 230
phone 0.0055 214 367 275 399
phone 0.0055 0 0 45 110
phone 0.0055 261 14 319 62
phone 0.0055 244 363 275 399
phone 0.0054 271 62 319 198
phone 0.0054 45 23 75 82
phone 0.0054 0 60 28 108
phone 0.0054 291 245 319 292
phone 0.0054 60 23 90 82
phone 0.0054 0 30 13 77
phone 0.0054 76 14 136 62
phone 0.0054 152 367 213 399
phone 0.0054 183 353 244 399
phone 0.0054 275 316 306 374
phone 0.0054 0 76 13 123
phone 0.0054 120 362 153 399
phone 0.0054 136 312 145 325
phone 0.0054 183 0 244 64
phone 0.0054 246 241 304 296
phone 0.0054 153 315 182 376
phone 0.0054 30 338 90 385
phone 0.0054 279 203 294 234
phone 0.0054 0 0 14 109
phone 0.0054 104 256 137 312
phone 0.0054 161 131 203 191
phone 0.0054 199 29 258 78
phone 0.0054 152 0 183 51
phone 0.0054 292 91 319 139
phone 0.0053 0 337 13 385
phone 0.0053 136 362 168 399
phone 0.0053 15 0 74 30
phone 0.0053 229 285 260 345
phone 0.0053 307 0 319 30
phone 0.0053 199 0 259 46
phone 0.0053 121 0 152 51
phone 0.0053 169 0 228 30
phone 0.0053 306 316 319 375
phone 0.0053 183 347 214 399
phone 0.0053 282 212 291 225
phone 0.0053 0 269 13 329
phone 0.0053 152 0 213 46
phone 0.0053 292 214 319 262
phone 0.0053 276 0 319 30
phone 0.0053 213 0 275 78
phone 0.0053 228 363 260 399
phone 0.0053 164 144 194 170
phone 0.0053 30 14 89 62
phone 0.0053 290 0 319 64
phone 0.0053 45 353 105 399
phone 0.0053 151 362 184 399
phone 0.0053 0 0 12 30
phone 0.0052 0 224 1 344
phone 0.0052 180 257 215 311
phone 0.0052 306 254 319 313
phone 0.0052 44 331 75 390
phone 0.0052 198 347 229 399
phone 0.0052 91 0 151 46
phone 0.0052 306 285 319 344
phone 0.0052 140 303 156 335
phone 0.0052 214 0 244 51
phone 0.0052 229 8 260 67
phone 0.0052 306 85 319 144
phone 0.0052 0 14 59 62
phone 0.0052 0 100 13 159
phone 0.0052 45 0 105 30
phone 0.0052 90 304 152 399
phone 0.0052 42 178 76 236
phone 0.0052 245 0 305 46
phone 0.0052 14 275 75 385
phone 0.0052 138 0 197 30
phone 0.0052 307 199 319 246
phone 0.0051 306 116 319 174
phone 0.0051 42 210 76 266
phone 0.0051 136 320 145 333
phone 0.0051 215 0 274 30
phone 0.0051 198 0 229 51
phone 0.0051 106 331 136 391
phone 0.0051 167 362 199 399
phone 0.0051 213 363 245 399
phone 0.0051 29 300 60 360
phone 0.0051 0 17 134 317
phone 0.0051 14 307 74 353
phone 0.0051 106 0 136 51
phone 0.0051 30 0 59 37
phone 0.0051 214 24 244 82
phone 0.0051 304 166 319 278
phone 0.0051 137 315 167 376
phone 0.0051 0 322 28 369
phone 0.0051 76 0 135 30
phone 0.0051 304 73 319 187
phone 0.0051 179 167 209 194
phone 0.0051 0 289 14 399
phone 0.0051 275 0 306 51
phone 0.0051 244 0 275 51
phone 0.0051 170 141 187 173
phone 0.0051 260 0 290 51
phone 0.0051 90 8 122 67
phone 0.0051 270 84 302 107
phone 0.0050 184 0 213 37
phone 0.0050 133 101 170 160
phone 0.0050 14 0 44 37
phone 0.0050 0 289 45 399
