phone 0.8515 165 111 253 203
phone 0.2071 37 88 237 241
phone 0.0894 114 111 270 231
phone 0.0707 181 132 233 211
phone 0.0567 185 91 393 232
phone 0.0530 70 137 258 266
phone 0.0434 80 70 324 255
phone 0.0399 129 182 267 266
phone 0.0365 181 104 233 178
phone 0.0350 29 9 193 211
phone 0.0284 163 123 311 219
phone 0.0259 172 162 344 266
phone 0.0237 178 36 283 187
phone 0.0222 167 0 248 251
phone 0.0217 216 123 361 259
phone 0.0213 188 8 337 212
phone 0.0210 132 138 220 206
phone 0.0207 169 123 214 189
phone 0.0203 117 40 228 182
phone 0.0194 44 156 181 266
phone 0.0182 156 234 239 266
phone 0.0178 22 64 140 204
phone 0.0173 0 59 58 206
phone 0.0167 189 237 267 266
phone 0.0165 0 6 98 136
phone 0.0162 206 192 310 266
phone 0.0152 232 0 356 155
phone 0.0146 182 118 263 255
phone 0.0142 89 192 202 266
phone 0.0139 244 207 331 266
phone 0.0138 255 72 386 196
phone 0.0135 96 236 180 266
phone 0.0134 274 171 369 266
phone 0.0126 218 241 297 266
phone 0.0126 0 124 74 249
phone 0.0124 56 13 144 175
phone 0.0123 213 135 293 208
phone 0.0118 218 92 319 220
phone 0.0114 0 66 95 184
phone 0.0113 20 129 139 257
phone 0.0113 157 142 195 201
phone 0.0111 90 1 188 150
phone 0.0105 198 155 278 219
phone 0.0103 185 0 285 109
phone 0.0103 12 158 88 266
phone 0.0103 90 65 201 216
phone 0.0101 65 204 165 266
phone 0.0099 25 204 113 266
phone 0.0098 0 186 66 266
phone 0.0098 232 120 305 192
phone 0.0098 0 0 39 0
phone 0.0097 134 217 218 266
phone 0.0095 22 30 117 158
phone 0.0094 197 217 279 266
phone 0.0094 218 143 257 200
phone 0.0093 0 41 55 118
phone 0.0093 68 237 146 266
phone 0.0092 121 116 200 196
phone 0.0091 122 0 225 116
phone 0.0091 47 120 121 192
phone 0.0091 0 0 142 266
phone 0.0091 0 263 41 266
phone 0.0090 17 32 89 95
phone 0.0088 248 156 320 217
phone 0.0088 12 83 94 137
phone 0.0086 0 173 61 231
phone 0.0086 0 129 79 183
phone 0.0086 60 183 139 252
phone 0.0085 61 88 137 163
phone 0.0085 35 19 103 78
phone 0.0084 250 233 319 266
phone 0.0083 177 31 238 158
phone 0.0083 49 0 120 114
phone 0.0081 102 36 159 91
phone 0.0080 33 236 105 266
phone 0.0080 235 143 271 200
phone 0.0080 228 34 310 185
phone 0.0080 0 112 63 169
phone 0.0080 31 49 107 110
phone 0.0079 251 142 286 201
phone 0.0079 0 145 64 198
phone 0.0079 144 221 178 266
phone 0.0079 136 105 217 177
phone 0.0078 178 67 237 122
phone 0.0078 157 250 227 266
phone 0.0077 74 164 155 240
phone 0.0077 165 259 236 266
phone 0.0076 128 221 162 266
phone 0.0076 46 152 122 222
phone 0.0076 0 121 44 191
phone 0.0076 248 185 320 250
phone 0.0076 0 76 59 144
phone 0.0075 61 134 138 209
phone 0.0075 176 65 208 123
phone 0.0075 254 0 336 104
phone 0.0075 0 99 81 151
phone 0.0075 145 30 209 158
phone 0.0075 53 253 116 266
phone 0.0075 18 108 89 174
phone 0.0074 36 35 70 92
phone 0.0074 127 250 196 266
phone 0.0073 234 147 265 173
phone 0.0073 207 101 299 181
phone 0.0073 38 0 100 42
phone 0.0073 220 173 255 231
phone 0.0073 204 250 272 266
phone 0.0073 136 258 205 266
phone 0.0073 132 53 190 106
phone 0.0072 267 158 301 215
phone 0.0072 0 154 44 220
phone 0.0072 97 206 132 260
phone 0.0072 241 144 258 176
phone 0.0072 36 97 70 153
phone 0.0072 238 253 300 266
phone 0.0072 81 251 149 266
phone 0.0071 21 128 54 183
phone 0.0071 8 238 68 266
phone 0.0071 159 236 193 266
phone 0.0070 244 109 324 173
phone 0.0070 113 206 147 260
phone 0.0070 160 65 193 123
phone 0.0070 32 169 106 236
phone 0.0070 204 176 272 259
phone 0.0070 0 0 41 32
phone 0.0069 221 221 255 266
phone 0.0069 261 140 338 264
phone 0.0069 56 4 113 61
phone 0.0069 267 46 333 173
phone 0.0069 54 0 84 46
phone 0.0069 38 234 69 266
phone 0.0069 255 68 313 122
phone 0.0068 82 205 116 261
phone 0.0068 270 94 329 156
phone 0.0068 0 88 43 163
phone 0.0068 103 132 188 211
phone 0.0068 150 171 233 234
phone 0.0068 35 73 103 146
phone 0.0068 175 236 208 266
phone 0.0068 236 236 270 266
phone 0.0068 33 136 105 207
phone 0.0068 52 235 85 266
phone 0.0068 65 53 134 136
phone 0.0068 180 139 211 165
phone 0.0067 6 219 39 266
phone 0.0067 67 127 101 185
phone 0.0067 187 136 204 168
phone 0.0067 52 51 85 107
phone 0.0067 5 189 39 246
phone 0.0067 223 54 284 104
phone 0.0067 267 221 301 266
phone 0.0066 69 249 99 266
phone 0.0066 222 19 285 138
phone 0.0066 82 0 148 110
phone 0.0066 270 175 329 229
phone 0.0066 0 110 27 133
phone 0.0065 284 80 315 139
phone 0.0065 140 142 181 201
phone 0.0065 195 261 269 266
phone 0.0065 86 22 144 75
phone 0.0065 193 162 253 242
phone 0.0065 191 250 223 266
phone 0.0065 245 154 254 166
phone 0.0064 115 19 146 77
phone 0.0064 70 0 129 41
phone 0.0064 3 106 19 137
phone 0.0064 69 0 100 46
phone 0.0064 272 252 288 266
phone 0.0064 129 50 163 108
phone 0.0064 268 124 331 188
phone 0.0064 0 0 41 111
phone 0.0063 254 249 284 266
phone 0.0063 145 250 177 266
phone 0.0063 0 95 27 117
phone 0.0063 72 15 127 81
phone 0.0063 206 250 239 266
phone 0.0063 23 233 53 266
phone 0.0063 238 50 269 108
phone 0.0063 164 69 219 151
phone 0.0063 67 34 101 93
phone 0.0063 6 107 16 120
phone 0.0063 75 117 155 195
phone 0.0063 264 256 296 266
phone 0.0063 6 115 16 128
phone 0.0063 23 0 85 75
phone 0.0062 7 0 69 42
phone 0.0062 6 100 16 112
phone 0.0062 39 0 99 11
phone 0.0062 36 67 70 122
phone 0.0062 98 235 131 266
phone 0.0062 251 221 286 266
phone 0.0062 222 249 254 266
phone 0.0062 83 235 116 266
phone 0.0062 270 249 299 266
phone 0.0062 20 34 55 92
phone 0.0062 3 91 19 121
phone 0.0061 114 250 146 266
phone 0.0061 129 250 162 266
phone 0.0061 5 65 40 123
phone 0.0061 23 0 84 26
phone 0.0061 283 190 316 245
phone 0.0061 196 170 227 196
phone 0.0061 6 34 39 93
phone 0.0061 301 255 360 266
phone 0.0061 70 0 130 11
phone 0.0061 8 0 68 11
phone 0.0061 85 0 115 46
phone 0.0061 21 159 55 215
phone 0.0061 275 261 285 266
phone 0.0061 202 167 220 199
phone 0.0060 284 237 346 266
phone 0.0060 54 0 114 26
phone 0.0060 299 222 362 266
phone 0.0060 39 0 69 46
phone 0.0060 123 88 199 162
phone 0.0060 223 50 253 108
phone 0.0060 266 190 301 245
phone 0.0060 363 53 399 165
phone 0.0060 235 163 303 242
phone 0.0060 75 72 154 148
phone 0.0060 0 125 27 148
phone 0.0060 54 264 84 266
phone 0.0060 361 85 399 134
phone 0.0059 254 50 284 108
phone 0.0059 226 131 257 158
phone 0.0059 54 0 84 16
phone 0.0059 236 72 301 148
phone 0.0059 23 0 53 47
phone 0.0059 100 0 160 11
phone 0.0059 191 146 200 158
phone 0.0059 85 0 145 26
phone 0.0059 69 0 99 16
phone 0.0059 6 123 16 136
phone 0.0059 131 0 191 11
phone 0.0058 330 237 393 266
phone 0.0058 271 255 328 266
phone 0.0058 67 159 101 215
phone 0.0058 316 24 376 72
phone 0.0058 99 0 162 44
phone 0.0058 21 98 54 153
phone 0.0058 362 238 399 266
phone 0.0058 104 259 176 266
phone 0.0058 233 128 250 161
phone 0.0058 361 55 399 104
phone 0.0058 85 0 115 16
phone 0.0058 130 0 192 44
phone 0.0058 300 265 330 266
phone 0.0058 39 0 68 16
phone 0.0058 51 81 86 138
phone 0.0058 361 162 399 212
phone 0.0058 162 55 222 103
phone 0.0058 114 0 178 28
phone 0.0058 315 0 377 105
phone 0.0058 23 0 53 16
phone 0.0058 362 130 399 242
phone 0.0058 3 121 19 152
phone 0.0058 67 220 101 266
phone 0.0058 0 142 24 200
phone 0.0058 90 87 170 164
phone 0.0058 316 249 345 266
phone 0.0058 162 0 222 11
phone 0.0058 300 9 360 57
phone 0.0058 192 55 254 103
phone 0.0058 331 40 391 88
phone 0.0057 0 23 36 74
phone 0.0057 362 7 399 119
phone 0.0057 36 127 70 185
phone 0.0057 266 128 301 184
phone 0.0057 208 40 268 88
phone 0.0057 315 203 346 262
phone 0.0057 286 86 344 134
phone 0.0057 331 9 391 57
phone 0.0057 161 0 223 44
phone 0.0057 100 0 130 16
phone 0.0057 316 55 376 103
phone 0.0057 188 155 219 180
phone 0.0057 191 21 254 136
phone 0.0057 316 194 376 241
phone 0.0057 147 0 207 26
phone 0.0057 361 8 399 58
phone 0.0057 0 0 36 11
phone 0.0057 346 264 376 266
phone 0.0057 205 172 240 232
phone 0.0057 282 112 316 169
phone 0.0057 330 22 393 136
phone 0.0057 330 253 392 266
phone 0.0056 52 158 85 215
phone 0.0056 331 209 391 257
phone 0.0056 361 116 399 165
phone 0.0056 193 0 253 11
phone 0.0056 195 152 212 183
phone 0.0056 265 252 281 266
phone 0.0056 145 0 208 59
phone 0.0056 177 40 237 88
phone 0.0056 331 71 391 118
phone 0.0056 116 0 145 16
phone 0.0056 0 9 54 57
phone 0.0056 285 0 345 42
phone 0.0056 81 97 117 154
phone 0.0056 281 91 349 220
phone 0.0056 301 178 360 226
phone 0.0056 0 204 24 261
phone 0.0056 0 0 23 1
phone 0.0056 364 262 399 266
phone 0.0056 131 0 161 16
phone 0.0056 191 0 254 44
phone 0.0056 146 0 176 16
phone 0.0056 331 265 361 266
phone 0.0056 205 221 239 266
phone 0.0056 361 0 399 11
phone 0.0056 223 0 284 11
phone 0.0056 284 234 315 266
phone 0.0056 250 112 287 169
phone 0.0056 331 18 361 78
phone 0.0055 361 0 399 27
phone 0.0055 330 161 393 266
phone 0.0055 177 0 237 26
phone 0.0055 301 117 360 165
phone 0.0055 162 0 192 16
phone 0.0055 360 254 399 266
phone 0.0055 301 40 360 88
phone 0.0055 346 18 376 78
phone 0.0055 316 0 376 42
phone 0.0055 112 58 179 131
phone 0.0055 190 221 224 266
phone 0.0055 0 173 24 231
phone 0.0055 0 0 22 16
phone 0.0055 222 0 285 44
phone 0.0055 0 238 36 266
phone 0.0055 254 0 314 11
phone 0.0055 254 0 314 42
phone 0.0055 115 0 177 74
phone 0.0055 116 0 145 47
phone 0.0055 346 49 376 108
phone 0.0055 315 37 377 151
phone 0.0055 82 34 116 93
phone 0.0055 176 0 239 59
phone 0.0055 315 265 346 266
phone 0.0055 377 79 399 140
phone 0.0055 6 130 16 143
phone 0.0055 362 192 399 266
phone 0.0055 239 0 299 26
phone 0.0055 177 0 207 16
phone 0.0055 316 3 345 62
phone 0.0055 270 9 329 57
phone 0.0055 331 179 391 226
phone 0.0055 300 80 330 139
phone 0.0055 67 190 101 245
phone 0.0055 52 205 85 261
phone 0.0055 279 164 312 187
phone 0.0055 270 0 330 26
phone 0.0055 208 0 268 26
phone 0.0054 208 49 238 108
phone 0.0054 20 66 55 123
phone 0.0054 316 86 376 134
phone 0.0054 300 218 330 266
phone 0.0054 298 129 362 244
phone 0.0054 298 67 363 183
phone 0.0054 331 117 391 165
phone 0.0054 299 22 362 136
phone 0.0054 346 249 376 266
phone 0.0054 238 0 300 59
phone 0.0054 331 188 361 247
phone 0.0054 300 249 330 266
phone 0.0054 331 49 361 108
phone 0.0054 131 24 191 72
phone 0.0054 285 24 345 72
phone 0.0054 346 203 376 262
phone 0.0054 193 0 222 16
phone 0.0054 331 0 391 11
phone 0.0054 288 160 303 190
phone 0.0054 239 40 299 88
phone 0.0054 207 0 269 59
phone 0.0054 193 24 253 72
phone 0.0054 0 111 25 170
phone 0.0054 331 249 361 266
phone 0.0054 192 49 222 108
phone 0.0054 285 0 345 11
phone 0.0054 300 3 330 62
phone 0.0054 316 163 376 211
phone 0.0054 21 205 55 261
phone 0.0054 224 24 283 72
phone 0.0054 6 92 16 105
phone 0.0054 315 173 346 231
phone 0.0054 208 0 238 16
phone 0.0053 106 101 185 181
phone 0.0053 266 98 301 153
phone 0.0053 376 264 399 266
phone 0.0053 330 83 393 197
phone 0.0053 377 48 399 109
phone 0.0053 6 138 16 151
phone 0.0053 7 4 38 61
phone 0.0053 36 205 70 261
phone 0.0053 331 0 391 26
phone 0.0053 238 6 300 121
phone 0.0053 162 24 222 72
phone 0.0053 223 0 253 16
phone 0.0053 376 141 399 202
phone 0.0053 285 55 345 103
phone 0.0053 300 0 360 26
phone 0.0053 285 0 315 47
phone 0.0053 316 111 346 170
phone 0.0053 206 177 216 189
phone 0.0053 270 40 330 88
phone 0.0053 301 147 360 196
phone 0.0053 131 0 161 47
phone 0.0053 239 0 269 16
phone 0.0053 300 71 360 118
phone 0.0053 346 25 399 72
phone 0.0053 147 0 176 47
phone 0.0053 100 3 130 62
phone 0.0053 346 172 376 232
phone 0.0053 284 6 346 121
phone 0.0053 144 66 178 122
phone 0.0053 316 34 345 93
phone 0.0053 254 0 284 16
phone 0.0053 346 102 399 149
phone 0.0053 162 0 192 47
phone 0.0053 209 63 267 126
phone 0.0052 377 2 399 63
phone 0.0052 174 175 209 229
phone 0.0052 346 0 376 47
phone 0.0052 147 40 206 88
phone 0.0052 331 0 361 47
phone 0.0052 270 0 299 47
phone 0.0052 376 110 399 171
phone 0.0052 331 219 361 266
phone 0.0052 270 0 299 16
phone 0.0052 347 80 376 139
phone 0.0052 51 126 86 185
phone 0.0052 254 24 314 72
phone 0.0052 300 126 330 185
phone 0.0052 81 128 117 184
phone 0.0052 284 158 315 215
phone 0.0052 69 0 100 1
phone 0.0052 177 34 207 93
phone 0.0052 291 169 301 182
phone 0.0052 177 0 207 47
phone 0.0052 84 0 115 1
phone 0.0052 0 50 24 108
phone 0.0052 346 111 376 170
phone 0.0052 211 95 242 118
phone 0.0052 9 19 67 78
phone 0.0052 53 0 84 1
phone 0.0052 100 0 131 1
phone 0.0052 376 0 399 17
phone 0.0052 346 0 376 16
phone 0.0052 285 0 315 16
phone 0.0052 268 261 277 266
phone 0.0052 331 80 361 139
phone 0.0052 193 0 222 47
phone 0.0052 252 20 317 137
phone 0.0052 331 157 361 216
phone 0.0051 115 0 146 1
phone 0.0051 331 148 392 195
phone 0.0051 224 18 253 78
phone 0.0051 147 18 176 78
phone 0.0051 254 0 284 47
phone 0.0051 162 18 191 78
phone 0.0051 287 149 320 171
phone 0.0051 376 248 399 266
phone 0.0051 226 260 242 266
phone 0.0051 208 18 238 78
phone 0.0051 130 0 161 1
phone 0.0051 300 0 330 31
phone 0.0051 199 161 208 174
phone 0.0051 218 91 235 121
phone 0.0051 331 0 361 16
phone 0.0051 208 0 238 47
phone 0.0051 362 264 392 266
phone 0.0051 239 18 268 78
phone 0.0051 314 114 377 228
phone 0.0051 38 264 69 266
phone 0.0051 219 260 234 266
phone 0.0051 316 132 376 180
phone 0.0051 288 245 303 266
phone 0.0051 234 260 250 266
phone 0.0051 316 142 345 200
phone 0.0051 239 0 268 47
phone 0.0051 146 0 177 1
phone 0.0051 223 0 253 47
phone 0.0051 296 145 311 175
phone 0.0051 362 18 392 78
phone 0.0051 300 34 330 93
phone 0.0051 316 0 345 16
phone 0.0051 7 254 69 266
phone 0.0051 280 253 295 266
phone 0.0051 345 222 399 266
phone 0.0051 193 18 222 78
phone 0.0051 23 0 54 1
phone 0.0051 237 138 247 151
phone 0.0051 161 0 192 0
phone 0.0050 235 205 271 261
phone 0.0050 89 146 171 228
phone 0.0050 362 95 392 155
phone 0.0050 81 174 117 230
phone 0.0050 270 34 299 93
phone 0.0050 376 218 399 266
phone 0.0050 291 177 301 189
phone 0.0050 285 34 315 93
phone 0.0050 218 263 250 266
phone 0.0050 362 64 392 124
phone 0.0050 316 65 345 124
phone 0.0050 254 18 284 78
phone 0.0050 177 0 208 0
phone 0.0050 211 260 227 266
phone 0.0050 38 0 69 1
phone 0.0050 346 132 399 180
phone 0.0050 188 79 226 140
phone 0.0050 283 261 293 266
phone 0.0050 376 171 399 232
