phone 0.6776 30 214 100 324
phone 0.1672 45 240 114 330
phone 0.1036 57 232 103 305
phone 0.0899 22 139 143 333
phone 0.0671 38 107 207 301
phone 0.0566 8 238 92 300
phone 0.0515 20 103 102 303
phone 0.0493 43 192 183 327
phone 0.0378 42 217 88 289
phone 0.0364 0 187 84 341
phone 0.0361 5 158 228 363
phone 0.0295 14 68 106 213
phone 0.0290 19 80 153 266
phone 0.0277 0 41 123 357
phone 0.0272 31 237 68 301
phone 0.0242 0 86 76 253
phone 0.0238 72 235 150 303
phone 0.0218 63 239 165 390
phone 0.0217 65 170 157 306
phone 0.0197 94 99 199 250
phone 0.0189 93 219 160 288
phone 0.0188 172 233 253 349
phone 0.0182 50 285 125 399
phone 0.0179 87 214 207 364
phone 0.0168 52 217 138 291
phone 0.0167 0 199 41 321
phone 0.0159 23 236 102 387
phone 0.0152 31 34 145 187
phone 0.0152 45 192 115 285
phone 0.0150 76 205 146 271
phone 0.0148 94 250 158 318
phone 0.0146 141 182 288 342
phone 0.0145 101 166 183 309
phone 0.0144 92 240 129 298
phone 0.0140 144 256 215 387
phone 0.0139 73 73 172 213
phone 0.0139 0 244 71 386
phone 0.0139 109 239 143 299
phone 0.0137 78 265 144 334
phone 0.0136 1 253 67 315
phone 0.0133 173 170 253 292
phone 0.0128 176 111 254 228
phone 0.0128 30 127 100 195
phone 0.0123 0 32 72 166
phone 0.0122 3 295 96 399
phone 0.0117 59 189 132 256
phone 0.0115 100 298 185 399
phone 0.0115 16 0 105 165
phone 0.0114 2 223 67 284
phone 0.0114 17 240 51 298
phone 0.0114 17 197 82 279
phone 0.0114 125 130 221 253
phone 0.0111 63 300 128 360
phone 0.0111 75 240 116 298
phone 0.0109 124 189 221 317
phone 0.0109 86 7 160 145
phone 0.0109 42 116 119 176
phone 0.0109 0 141 41 259
phone 0.0108 109 208 143 268
phone 0.0108 83 140 171 274
phone 0.0107 93 209 128 267
phone 0.0105 93 270 128 329
phone 0.0105 93 188 160 256
phone 0.0105 140 79 226 198
phone 0.0104 154 229 184 255
phone 0.0104 125 221 190 286
phone 0.0103 109 34 196 182
phone 0.0102 49 171 112 243
phone 0.0102 34 177 96 269
phone 0.0102 110 201 174 274
phone 0.0100 145 127 284 277
phone 0.0100 44 147 116 206
phone 0.0100 60 267 100 332
phone 0.0099 48 132 82 190
phone 0.0097 57 132 134 190
phone 0.0097 137 319 209 399
phone 0.0097 79 314 143 377
phone 0.0096 51 23 248 253
phone 0.0096 160 225 177 258
phone 0.0096 51 275 110 355
phone 0.0096 0 148 52 205
phone 0.0094 13 113 86 178
phone 0.0094 109 269 143 329
phone 0.0094 126 247 188 321
phone 0.0093 2 239 35 298
phone 0.0093 16 347 83 399
phone 0.0092 110 345 174 399
phone 0.0092 80 155 277 313
phone 0.0091 0 201 1 325
phone 0.0091 63 133 97 189
phone 0.0090 117 165 197 219
phone 0.0090 29 95 101 166
phone 0.0089 108 173 175 241
phone 0.0089 113 93 171 167
phone 0.0089 96 282 157 347
phone 0.0088 17 70 50 129
phone 0.0088 140 239 174 298
phone 0.0088 47 51 114 117
phone 0.0088 77 115 145 176
phone 0.0086 77 271 114 328
phone 0.0086 168 300 239 360
phone 0.0086 80 34 142 103
phone 0.0086 58 101 133 159
phone 0.0085 15 143 84 210
phone 0.0085 230 137 261 162
phone 0.0085 125 240 158 297
phone 0.0084 164 236 174 248
phone 0.0084 77 194 113 251
phone 0.0084 0 71 54 188
phone 0.0083 32 360 98 399
phone 0.0083 0 231 3 354
phone 0.0083 0 313 53 378
phone 0.0083 31 296 99 364
phone 0.0083 237 134 254 165
phone 0.0082 31 208 68 268
phone 0.0082 0 129 70 192
phone 0.0082 0 91 35 138
phone 0.0081 120 195 194 250
phone 0.0081 94 329 159 393
phone 0.0081 137 146 209 206
phone 0.0081 92 136 122 163
phone 0.0081 63 163 97 221
phone 0.0081 5 55 64 114
phone 0.0081 135 178 210 236
phone 0.0080 64 357 127 399
phone 0.0080 238 306 269 332
phone 0.0080 17 101 51 159
phone 0.0080 78 344 144 399
phone 0.0080 95 138 158 215
phone 0.0080 140 265 206 334
phone 0.0079 63 316 97 375
phone 0.0079 27 331 103 391
phone 0.0079 78 133 112 189
phone 0.0079 0 85 19 144
phone 0.0078 124 114 190 177
phone 0.0078 97 47 156 121
phone 0.0078 59 207 101 269
phone 0.0078 173 187 234 257
phone 0.0078 33 132 66 190
phone 0.0077 245 302 262 335
phone 0.0077 47 177 82 237
phone 0.0077 43 83 117 147
phone 0.0077 125 193 159 252
phone 0.0077 125 85 158 144
phone 0.0077 32 302 66 358
phone 0.0076 58 6 134 130
phone 0.0076 2 131 35 190
phone 0.0076 0 262 34 378
phone 0.0076 135 210 211 266
phone 0.0076 94 132 128 190
phone 0.0076 0 268 52 331
phone 0.0075 173 157 233 226
phone 0.0075 78 332 112 390
phone 0.0075 32 332 66 389
phone 0.0075 157 347 189 399
phone 0.0075 140 209 174 267
phone 0.0075 110 300 143 360
phone 0.0075 111 68 172 131
phone 0.0075 98 132 116 166
phone 0.0074 0 49 4 162
phone 0.0074 138 296 207 364
phone 0.0074 63 55 97 113
phone 0.0074 0 0 188 223
phone 0.0074 144 358 202 399
phone 0.0074 156 164 189 220
phone 0.0074 0 45 50 92
phone 0.0073 241 143 250 156
phone 0.0073 0 161 69 223
phone 0.0073 77 174 146 240
phone 0.0073 153 251 223 317
phone 0.0073 17 60 82 139
phone 0.0073 0 11 50 126
phone 0.0073 76 66 146 133
phone 0.0073 205 176 281 284
phone 0.0073 186 302 220 359
phone 0.0073 15 284 84 346
phone 0.0072 79 56 112 112
phone 0.0072 155 314 221 377
phone 0.0072 140 164 174 219
phone 0.0072 0 119 52 173
phone 0.0072 48 301 81 359
phone 0.0071 153 280 223 349
phone 0.0070 154 182 184 209
phone 0.0070 175 233 232 304
phone 0.0070 95 78 158 151
phone 0.0070 47 343 113 399
phone 0.0070 207 318 223 350
phone 0.0070 199 322 231 346
phone 0.0070 17 132 51 190
phone 0.0069 124 163 159 221
phone 0.0069 2 301 35 359
phone 0.0069 0 42 34 156
phone 0.0069 125 270 158 328
phone 0.0069 109 147 143 206
phone 0.0069 78 102 112 158
phone 0.0069 152 156 225 288
phone 0.0069 43 264 87 335
phone 0.0068 155 270 189 328
phone 0.0068 187 283 251 346
phone 0.0068 109 178 143 236
phone 0.0068 4 361 65 399
phone 0.0068 110 122 174 200
phone 0.0068 186 178 220 236
phone 0.0068 158 105 218 155
phone 0.0068 17 209 51 267
phone 0.0067 126 278 189 352
phone 0.0067 140 269 174 329
phone 0.0067 190 320 247 370
phone 0.0067 131 298 161 324
phone 0.0067 249 312 258 325
phone 0.0067 123 367 153 393
phone 0.0067 125 316 158 375
phone 0.0067 140 331 174 390
phone 0.0067 169 266 238 333
phone 0.0067 0 331 35 399
phone 0.0067 32 178 66 236
phone 0.0066 79 163 112 220
phone 0.0066 48 333 81 389
phone 0.0066 187 208 220 267
phone 0.0066 0 304 19 399
phone 0.0066 3 29 65 77
phone 0.0066 47 102 82 159
phone 0.0066 171 162 205 221
phone 0.0066 63 102 97 158
phone 0.0066 109 362 143 399
phone 0.0066 94 55 128 113
phone 0.0066 0 134 19 248
phone 0.0065 156 194 189 250
phone 0.0065 0 116 19 175
phone 0.0065 191 368 223 392
phone 0.0065 94 102 128 159
phone 0.0065 173 101 204 159
phone 0.0065 49 0 112 95
phone 0.0065 0 168 20 215
phone 0.0065 199 365 215 395
phone 0.0065 0 102 34 219
phone 0.0065 94 23 128 83
phone 0.0064 160 179 178 213
phone 0.0064 34 29 96 77
phone 0.0064 140 102 174 158
phone 0.0064 140 361 174 399
phone 0.0064 102 143 112 156
phone 0.0064 0 362 19 399
phone 0.0064 146 298 176 324
phone 0.0064 253 134 268 164
phone 0.0064 0 331 3 391
phone 0.0064 296 367 299 399
phone 0.0064 210 328 220 341
phone 0.0064 184 346 215 369
phone 0.0063 0 196 19 310
phone 0.0063 256 143 266 156
phone 0.0063 155 240 189 297
phone 0.0063 295 332 299 399
phone 0.0063 17 301 51 359
phone 0.0063 245 138 277 161
phone 0.0063 187 147 220 205
phone 0.0063 140 133 174 189
phone 0.0063 157 101 188 158
phone 0.0063 19 24 49 82
phone 0.0063 0 60 35 108
phone 0.0063 156 301 189 359
phone 0.0063 171 255 205 313
phone 0.0063 143 60 202 108
phone 0.0063 280 332 299 399
phone 0.0063 281 367 299 399
phone 0.0063 18 0 81 95
phone 0.0063 115 167 146 193
phone 0.0063 109 39 143 98
phone 0.0062 0 162 3 221
phone 0.0062 251 0 299 30
phone 0.0062 0 214 20 261
phone 0.0062 172 362 204 399
phone 0.0062 17 178 51 236
phone 0.0062 204 316 234 375
phone 0.0062 84 228 115 255
phone 0.0062 94 162 128 221
phone 0.0062 84 244 115 270
phone 0.0062 100 313 130 340
phone 0.0062 168 179 185 213
phone 0.0062 180 264 258 395
phone 0.0062 35 24 65 82
phone 0.0062 129 363 147 397
phone 0.0061 109 101 143 159
phone 0.0061 137 294 155 328
phone 0.0061 32 101 66 159
phone 0.0061 140 25 206 142
phone 0.0061 15 167 45 194
phone 0.0061 195 351 204 363
phone 0.0061 17 331 51 390
phone 0.0061 189 76 249 123
phone 0.0061 32 70 67 128
phone 0.0061 50 24 80 82
phone 0.0061 4 23 34 82
phone 0.0061 65 24 96 82
phone 0.0061 230 314 262 338
phone 0.0061 265 0 299 64
phone 0.0061 191 342 208 372
phone 0.0061 238 311 253 342
phone 0.0061 202 374 212 387
phone 0.0061 173 60 234 108
phone 0.0060 188 42 250 156
phone 0.0060 158 54 188 113
phone 0.0060 0 223 3 283
phone 0.0060 223 113 253 139
phone 0.0060 172 27 235 141
phone 0.0060 0 45 18 93
phone 0.0060 107 290 138 317
phone 0.0060 220 0 279 30
phone 0.0059 53 275 84 301
phone 0.0059 0 254 20 314
phone 0.0059 2 192 67 253
phone 0.0059 122 164 139 197
phone 0.0059 169 182 199 209
phone 0.0059 2 208 35 267
phone 0.0059 0 11 19 125
phone 0.0059 81 13 142 63
phone 0.0059 249 332 299 399
phone 0.0059 171 192 205 252
phone 0.0059 152 294 170 328
phone 0.0059 84 175 114 201
phone 0.0059 60 272 77 303
phone 0.0059 281 0 299 37
phone 0.0059 0 362 4 399
phone 0.0058 171 286 205 344
phone 0.0058 173 91 234 139
phone 0.0058 229 111 247 142
phone 0.0058 158 76 218 123
phone 0.0058 128 29 187 78
phone 0.0058 171 224 205 282
phone 0.0058 235 184 295 231
phone 0.0058 140 301 174 359
phone 0.0058 241 320 250 333
phone 0.0058 204 70 234 129
phone 0.0058 0 193 3 252
phone 0.0058 156 133 189 189
phone 0.0058 202 271 235 328
phone 0.0058 203 114 283 224
phone 0.0058 0 285 20 344
phone 0.0058 189 70 219 129
phone 0.0058 186 255 220 313
phone 0.0058 156 42 220 157
phone 0.0058 203 0 265 64
phone 0.0058 124 0 191 112
phone 0.0058 233 150 297 264
phone 0.0057 171 329 237 399
phone 0.0057 158 29 218 77
phone 0.0057 265 363 296 399
phone 0.0057 234 367 296 399
phone 0.0057 0 39 3 98
phone 0.0057 235 0 264 37
phone 0.0057 189 0 248 30
phone 0.0057 220 337 279 385
phone 0.0057 157 0 219 110
phone 0.0057 189 45 249 93
phone 0.0057 191 226 247 280
phone 0.0057 175 132 232 190
phone 0.0057 222 111 239 142
phone 0.0057 0 69 3 129
phone 0.0056 106 309 124 343
phone 0.0056 91 225 108 259
phone 0.0056 91 240 108 274
phone 0.0056 21 163 39 197
phone 0.0056 100 367 130 394
phone 0.0056 0 0 2 30
phone 0.0056 54 336 84 363
phone 0.0056 142 24 172 82
phone 0.0056 188 101 219 159
phone 0.0056 65 0 126 64
phone 0.0056 0 0 3 64
phone 0.0056 220 0 249 37
phone 0.0056 249 363 281 399
phone 0.0056 124 131 159 191
phone 0.0056 250 177 280 236
phone 0.0056 173 70 203 128
phone 0.0056 204 60 264 108
phone 0.0056 188 0 250 110
phone 0.0055 65 0 96 51
phone 0.0055 189 39 218 98
phone 0.0055 164 189 174 202
phone 0.0055 53 272 69 304
phone 0.0055 0 14 49 62
phone 0.0055 203 26 266 141
phone 0.0055 296 0 299 64
phone 0.0055 0 159 30 186
phone 0.0055 51 0 110 31
phone 0.0055 297 0 299 37
phone 0.0055 173 23 203 82
phone 0.0055 125 55 158 112
phone 0.0055 266 137 299 185
phone 0.0054 204 0 234 37
phone 0.0054 35 0 95 46
phone 0.0054 235 331 265 390
phone 0.0054 2 177 35 237
phone 0.0054 114 286 131 320
phone 0.0054 0 254 4 314
phone 0.0054 266 245 299 293
phone 0.0054 281 199 299 246
phone 0.0054 175 179 193 213
phone 0.0054 204 29 264 77
phone 0.0054 80 8 112 67
phone 0.0054 83 240 101 274
phone 0.0054 265 104 299 218
phone 0.0054 137 363 155 397
phone 0.0054 204 39 234 98
phone 0.0054 91 171 108 205
phone 0.0054 203 239 235 298
phone 0.0054 235 153 295 200
phone 0.0054 281 152 299 200
phone 0.0054 265 211 299 325
phone 0.0054 0 106 3 154
phone 0.0054 281 122 299 170
phone 0.0054 266 168 299 216
phone 0.0054 280 165 299 279
phone 0.0053 0 131 3 190
phone 0.0053 250 230 299 277
phone 0.0053 204 91 265 139
phone 0.0053 230 310 246 342
phone 0.0053 50 0 80 51
phone 0.0053 172 189 181 202
phone 0.0053 173 0 234 64
phone 0.0053 0 0 19 64
phone 0.0053 281 260 299 308
phone 0.0053 281 29 299 77
phone 0.0053 34 0 65 51
phone 0.0053 172 331 204 391
phone 0.0053 141 305 150 317
phone 0.0053 280 119 299 233
phone 0.0053 133 374 143 386
phone 0.0053 219 70 249 128
phone 0.0053 203 343 212 356
phone 0.0053 129 294 147 328
phone 0.0053 0 307 4 353
phone 0.0053 281 322 299 370
phone 0.0053 266 214 299 262
phone 0.0053 0 274 4 385
phone 0.0053 4 0 65 46
phone 0.0053 281 291 299 339
phone 0.0052 77 236 107 263
phone 0.0052 191 338 223 361
phone 0.0052 220 45 280 93
phone 0.0052 250 199 299 246
phone 0.0052 280 0 299 110
phone 0.0052 248 320 258 333
phone 0.0052 280 227 299 341
phone 0.0052 296 337 299 385
phone 0.0052 202 163 235 221
phone 0.0052 281 91 299 139
phone 0.0052 281 229 299 277
phone 0.0052 280 273 299 387
phone 0.0052 189 14 249 62
phone 0.0052 250 260 299 308
phone 0.0052 106 363 124 397
phone 0.0052 250 122 299 169
phone 0.0052 174 366 232 399
phone 0.0052 280 73 299 187
phone 0.0052 296 192 299 252
phone 0.0052 126 174 135 186
phone 0.0052 176 330 208 353
phone 0.0052 220 39 249 98
phone 0.0052 218 11 281 126
phone 0.0052 205 353 264 399
phone 0.0052 264 303 299 399
phone 0.0052 220 168 279 216
phone 0.0052 225 120 235 133
phone 0.0052 20 0 79 30
phone 0.0052 296 131 299 190
phone 0.0052 158 0 218 30
phone 0.0052 250 147 280 205
phone 0.0051 249 181 299 294
phone 0.0051 189 0 218 37
phone 0.0051 266 276 299 323
phone 0.0051 0 166 4 278
phone 0.0051 187 335 197 348
phone 0.0051 184 327 200 357
phone 0.0051 296 60 299 108
phone 0.0051 281 60 299 108
phone 0.0051 190 174 248 239
phone 0.0051 19 0 50 51
phone 0.0051 64 282 74 294
phone 0.0051 187 343 196 356
phone 0.0051 60 332 78 367
phone 0.0051 296 162 299 221
phone 0.0051 199 335 215 364
phone 0.0051 144 89 202 141
phone 0.0051 100 351 130 378
phone 0.0051 296 107 299 154
phone 0.0051 81 0 111 37
phone 0.0051 234 363 265 399
phone 0.0051 84 259 115 286
phone 0.0051 215 314 246 339
phone 0.0051 295 89 299 202
phone 0.0051 296 254 299 313
phone 0.0051 208 236 278 349
phone 0.0051 297 23 299 83
phone 0.0051 295 27 299 141
phone 0.0051 47 71 82 128
phone 0.0051 100 328 130 355
phone 0.0051 77 336 107 363
phone 0.0051 219 75 280 123
phone 0.0051 202 72 267 187
phone 0.0051 203 208 234 267
phone 0.0051 195 343 204 356
phone 0.0051 56 282 66 294
phone 0.0050 45 259 77 286
phone 0.0050 234 162 265 220
phone 0.0050 220 14 279 62
phone 0.0050 235 29 295 77
phone 0.0050 206 197 262 248
phone 0.0050 297 300 299 359
phone 0.0050 235 60 295 108
phone 0.0050 6 155 24 190
phone 0.0050 177 174 207 201
phone 0.0050 296 230 299 277
phone 0.0050 295 166 299 279
phone 0.0050 156 305 166 317
phone 0.0050 241 312 250 325
phone 0.0050 245 134 261 165
phone 0.0050 142 0 203 64
phone 0.0050 233 120 243 133
phone 0.0050 219 346 250 399
phone 0.0050 188 106 249 154
phone 0.0050 53 256 70 289
phone 0.0050 206 304 262 356
phone 0.0050 235 54 265 113
