phone 0.9017 149 39 267 222
phone 0.0633 122 70 238 241
phone 0.0502 140 26 373 239
phone 0.0499 172 62 301 188
phone 0.0380 133 141 189 233
phone 0.0375 160 11 291 156
phone 0.0364 224 85 313 227
phone 0.0339 95 90 191 230
phone 0.0328 149 90 235 192
phone 0.0316 163 114 251 259
phone 0.0300 129 22 224 140
phone 0.0277 119 52 203 198
phone 0.0253 170 38 244 152
phone 0.0243 193 129 322 246
phone 0.0234 47 15 174 196
phone 0.0234 234 134 304 209
phone 0.0230 224 18 313 171
phone 0.0221 126 142 226 261
phone 0.0212 138 155 215 219
phone 0.0203 173 164 241 240
phone 0.0199 129 98 192 183
phone 0.0192 237 52 331 199
phone 0.0184 25 41 138 224
phone 0.0181 249 121 319 191
phone 0.0178 41 44 241 266
phone 0.0171 111 121 180 191
phone 0.0166 57 82 158 241
phone 0.0162 124 62 198 127
phone 0.0159 214 153 292 221
phone 0.0156 110 154 182 220
phone 0.0153 214 115 293 197
phone 0.0148 234 67 303 153
phone 0.0148 143 170 179 234
phone 0.0145 182 149 263 225
phone 0.0140 250 141 287 202
phone 0.0138 91 17 191 138
phone 0.0138 158 158 194 216
phone 0.0135 249 93 349 218
phone 0.0135 30 2 130 149
phone 0.0133 189 172 225 232
phone 0.0132 110 92 181 159
phone 0.0129 158 49 194 109
phone 0.0129 96 201 195 266
phone 0.0129 143 63 210 158
phone 0.0129 142 110 180 171
phone 0.0128 128 127 163 185
phone 0.0126 41 120 122 261
phone 0.0124 267 142 301 200
phone 0.0123 129 158 162 215
phone 0.0119 197 170 278 234
phone 0.0119 143 66 178 123
phone 0.0118 183 189 262 246
phone 0.0117 351 164 399 266
phone 0.0116 249 88 319 163
phone 0.0114 205 174 239 230
phone 0.0114 0 42 65 177
phone 0.0113 160 25 223 102
phone 0.0112 249 154 320 219
phone 0.0111 296 169 395 266
phone 0.0110 82 165 177 266
phone 0.0110 235 0 333 128
phone 0.0109 190 23 255 105
phone 0.0109 219 168 318 266
phone 0.0108 316 119 399 254
phone 0.0107 196 49 279 141
phone 0.0105 236 43 302 115
phone 0.0105 17 26 91 163
phone 0.0105 235 159 271 215
phone 0.0105 362 233 399 266
phone 0.0105 140 188 213 247
phone 0.0104 265 178 296 203
phone 0.0104 248 109 289 172
phone 0.0104 51 44 118 114
phone 0.0103 250 29 349 159
phone 0.0103 0 152 69 266
phone 0.0102 167 106 217 176
phone 0.0102 191 87 253 164
phone 0.0102 254 137 345 266
phone 0.0102 154 0 248 116
phone 0.0101 35 58 103 131
phone 0.0100 181 120 233 192
phone 0.0099 58 203 142 266
phone 0.0099 0 91 70 220
phone 0.0099 91 111 169 170
phone 0.0098 93 76 167 144
phone 0.0098 129 177 193 258
phone 0.0098 175 175 208 230
phone 0.0097 272 174 289 207
phone 0.0097 128 97 163 153
phone 0.0097 269 59 362 191
phone 0.0097 112 46 179 112
phone 0.0097 247 63 321 126
phone 0.0097 0 0 39 0
phone 0.0097 149 199 235 266
phone 0.0097 265 111 302 170
phone 0.0095 107 235 184 266
phone 0.0094 0 263 41 266
phone 0.0093 269 185 361 266
phone 0.0092 218 0 290 100
phone 0.0092 156 110 196 171
phone 0.0091 260 112 339 169
phone 0.0090 21 171 117 266
phone 0.0090 165 70 196 96
phone 0.0089 310 71 382 209
phone 0.0089 0 76 57 144
phone 0.0088 67 50 101 108
phone 0.0088 263 144 336 199
phone 0.0088 186 218 259 266
phone 0.0087 78 234 152 266
phone 0.0087 174 34 209 93
phone 0.0087 159 189 193 246
phone 0.0087 219 159 256 215
phone 0.0086 251 174 286 230
phone 0.0086 276 184 285 197
phone 0.0085 172 66 189 99
phone 0.0085 326 154 396 220
phone 0.0085 249 79 288 140
phone 0.0085 51 65 85 123
phone 0.0085 65 0 153 121
phone 0.0083 77 125 153 187
phone 0.0083 264 15 335 81
phone 0.0082 252 0 316 66
phone 0.0082 128 67 163 122
phone 0.0082 231 219 307 266
phone 0.0081 251 50 286 108
phone 0.0081 182 60 233 129
phone 0.0080 233 126 273 186
phone 0.0080 261 80 338 140
phone 0.0080 316 107 375 174
phone 0.0080 374 204 399 262
phone 0.0080 279 174 297 207
phone 0.0080 247 34 322 94
phone 0.0079 158 232 226 266
phone 0.0079 263 217 336 266
phone 0.0079 36 65 70 123
phone 0.0079 206 204 239 261
phone 0.0079 314 137 378 206
phone 0.0078 279 126 351 186
phone 0.0078 360 150 399 223
phone 0.0078 0 0 58 94
phone 0.0078 128 235 162 266
phone 0.0078 264 170 335 234
phone 0.0077 64 136 135 207
phone 0.0077 281 153 349 221
phone 0.0077 80 89 150 161
phone 0.0077 188 34 226 93
phone 0.0077 184 0 398 176
phone 0.0076 77 155 152 218
phone 0.0076 7 60 69 129
phone 0.0076 113 113 147 168
phone 0.0076 263 49 337 110
phone 0.0076 271 0 328 45
phone 0.0076 357 57 399 193
phone 0.0075 0 109 59 173
phone 0.0075 176 77 185 89
phone 0.0075 203 34 241 93
phone 0.0075 282 61 348 128
phone 0.0075 311 219 380 266
phone 0.0075 266 66 301 123
phone 0.0074 205 14 271 83
phone 0.0074 221 235 286 266
phone 0.0074 63 106 136 175
phone 0.0074 283 128 316 184
phone 0.0074 329 96 362 154
phone 0.0074 279 92 351 158
phone 0.0074 0 140 60 203
phone 0.0073 70 21 129 76
phone 0.0073 112 81 147 138
phone 0.0073 63 0 282 175
phone 0.0073 134 131 165 158
phone 0.0073 80 58 150 131
phone 0.0073 89 145 171 198
phone 0.0072 99 251 162 266
phone 0.0072 130 32 192 95
phone 0.0072 34 219 104 266
phone 0.0072 220 35 256 92
phone 0.0072 156 79 196 141
phone 0.0072 179 66 197 100
phone 0.0072 318 83 374 137
phone 0.0072 17 202 90 263
phone 0.0072 159 219 193 266
phone 0.0072 64 167 135 238
phone 0.0072 98 235 131 266
phone 0.0072 236 188 270 246
phone 0.0071 294 103 368 240
phone 0.0071 331 9 391 57
phone 0.0071 162 253 222 266
phone 0.0071 0 203 56 263
phone 0.0071 236 3 270 62
phone 0.0071 298 143 331 200
phone 0.0071 37 25 100 72
phone 0.0071 329 48 394 171
phone 0.0071 0 0 41 32
phone 0.0071 344 159 378 215
phone 0.0070 52 237 116 266
phone 0.0070 293 0 368 132
phone 0.0070 38 0 100 105
phone 0.0070 68 19 100 77
phone 0.0070 282 20 316 77
phone 0.0070 282 28 348 99
phone 0.0070 266 174 301 230
phone 0.0070 133 0 211 88
phone 0.0070 362 253 399 266
phone 0.0069 144 235 178 266
phone 0.0069 282 158 316 215
phone 0.0069 283 184 293 197
phone 0.0069 16 171 91 233
phone 0.0069 234 14 304 83
phone 0.0069 346 3 377 62
phone 0.0069 99 19 131 77
phone 0.0069 344 217 399 266
phone 0.0069 83 234 116 266
phone 0.0069 177 0 238 42
phone 0.0069 113 220 147 266
phone 0.0069 167 75 217 145
phone 0.0069 53 9 115 57
phone 0.0069 1 125 75 188
phone 0.0068 23 40 84 88
phone 0.0068 254 0 315 26
phone 0.0068 223 0 284 26
phone 0.0068 298 81 332 138
phone 0.0068 85 9 145 57
phone 0.0068 175 235 208 266
phone 0.0068 47 123 121 190
phone 0.0068 191 99 392 266
phone 0.0068 345 81 377 139
phone 0.0067 100 0 161 41
phone 0.0067 63 76 136 144
phone 0.0067 252 235 317 266
phone 0.0067 328 158 362 215
phone 0.0067 84 3 115 62
phone 0.0067 54 19 84 77
phone 0.0067 31 155 107 218
phone 0.0067 86 28 144 99
phone 0.0067 252 220 285 266
phone 0.0066 190 235 223 266
phone 0.0066 313 111 347 170
phone 0.0066 5 65 39 123
phone 0.0066 141 127 158 161
phone 0.0066 282 220 316 266
phone 0.0066 221 189 255 246
phone 0.0066 5 189 39 246
phone 0.0066 46 93 122 157
phone 0.0066 161 0 222 26
phone 0.0066 202 199 274 266
phone 0.0066 363 1 399 126
phone 0.0066 131 0 192 41
phone 0.0066 32 108 106 174
phone 0.0065 328 205 362 261
phone 0.0065 5 96 39 154
phone 0.0065 38 35 69 92
phone 0.0065 34 226 65 248
phone 0.0065 302 75 359 145
phone 0.0065 267 35 301 92
phone 0.0065 115 0 177 74
phone 0.0065 206 234 239 266
phone 0.0065 171 141 213 202
phone 0.0065 192 0 254 26
phone 0.0065 116 0 176 26
phone 0.0065 69 0 130 41
phone 0.0065 82 34 117 93
phone 0.0065 269 0 300 31
phone 0.0065 161 0 223 59
phone 0.0065 192 0 223 46
phone 0.0065 285 0 345 26
phone 0.0065 208 0 268 11
phone 0.0065 223 0 253 31
phone 0.0065 362 21 399 76
phone 0.0065 238 0 269 31
phone 0.0064 329 127 362 185
phone 0.0064 360 80 393 139
phone 0.0064 254 0 284 31
phone 0.0064 213 78 262 142
phone 0.0064 282 82 316 138
phone 0.0064 97 128 132 184
phone 0.0064 45 231 54 243
phone 0.0064 191 0 254 59
phone 0.0064 38 0 99 41
phone 0.0064 298 50 331 108
phone 0.0064 116 0 146 47
phone 0.0064 300 237 360 266
phone 0.0064 270 0 330 11
phone 0.0064 207 0 269 44
phone 0.0064 41 222 58 252
phone 0.0064 239 0 299 11
phone 0.0064 111 154 141 181
phone 0.0064 8 222 68 266
phone 0.0063 142 123 172 150
phone 0.0063 283 0 347 60
phone 0.0063 157 260 173 266
phone 0.0063 282 50 316 107
phone 0.0063 282 189 316 246
phone 0.0063 177 0 237 11
phone 0.0063 115 249 146 266
phone 0.0063 101 22 160 75
phone 0.0063 149 263 181 266
phone 0.0063 300 0 360 42
phone 0.0063 128 189 162 246
phone 0.0063 300 0 360 11
phone 0.0063 85 0 145 26
phone 0.0063 238 0 300 44
phone 0.0063 146 0 207 11
phone 0.0063 316 0 376 26
phone 0.0063 131 0 161 47
phone 0.0063 23 9 84 57
phone 0.0063 374 174 399 231
phone 0.0063 177 0 207 46
phone 0.0063 298 220 331 266
phone 0.0063 0 154 43 220
phone 0.0062 298 173 332 231
phone 0.0062 116 0 176 11
phone 0.0062 236 219 270 266
phone 0.0062 146 0 176 47
phone 0.0062 348 96 399 154
phone 0.0062 69 0 99 47
phone 0.0062 69 233 99 266
phone 0.0062 162 0 192 31
phone 0.0062 359 189 393 246
phone 0.0062 100 0 130 47
phone 0.0062 298 112 331 169
phone 0.0062 85 0 145 11
phone 0.0062 54 0 115 26
phone 0.0062 82 128 116 184
phone 0.0062 208 0 238 31
phone 0.0062 183 77 193 89
phone 0.0061 300 0 330 31
phone 0.0061 113 34 147 93
phone 0.0061 5 127 39 184
phone 0.0061 375 33 399 94
phone 0.0061 8 0 68 41
phone 0.0061 21 49 55 108
phone 0.0061 54 0 84 47
phone 0.0061 236 35 270 93
phone 0.0061 285 0 315 16
phone 0.0060 319 209 350 234
phone 0.0060 82 158 116 215
phone 0.0060 193 0 222 16
phone 0.0060 36 204 70 262
phone 0.0060 376 248 399 266
phone 0.0060 315 0 346 46
phone 0.0060 97 159 132 215
phone 0.0060 148 127 166 162
phone 0.0060 54 0 114 11
phone 0.0060 97 81 132 138
phone 0.0060 313 141 347 201
phone 0.0060 39 3 69 62
phone 0.0060 267 220 301 266
phone 0.0060 177 0 207 16
phone 0.0060 316 0 345 16
phone 0.0060 23 0 84 26
phone 0.0060 85 0 115 31
phone 0.0060 234 124 265 150
phone 0.0060 361 0 399 42
phone 0.0060 10 0 43 17
phone 0.0060 130 250 193 266
phone 0.0060 194 255 252 266
phone 0.0060 97 50 132 108
phone 0.0060 346 69 399 119
phone 0.0059 22 0 31 12
phone 0.0059 331 0 361 31
phone 0.0059 103 261 177 266
phone 0.0059 161 4 192 61
phone 0.0059 175 204 208 261
phone 0.0059 146 0 176 16
phone 0.0059 8 0 68 11
phone 0.0059 131 0 161 16
phone 0.0059 331 0 391 11
phone 0.0059 116 0 145 16
phone 0.0059 23 3 53 62
phone 0.0059 314 0 378 75
phone 0.0059 346 0 376 31
phone 0.0059 100 0 130 16
phone 0.0059 177 14 237 83
phone 0.0058 230 8 239 20
phone 0.0058 348 140 399 203
phone 0.0058 52 204 85 261
phone 0.0058 326 205 343 238
phone 0.0058 18 0 34 21
phone 0.0058 118 150 135 185
phone 0.0058 26 233 58 256
phone 0.0058 341 237 358 266
phone 0.0058 26 218 58 241
phone 0.0058 97 205 132 261
phone 0.0058 334 240 365 264
phone 0.0058 21 189 55 246
phone 0.0058 313 34 347 93
phone 0.0058 142 255 172 266
phone 0.0058 360 0 399 11
phone 0.0058 344 205 378 261
phone 0.0058 232 96 274 155
phone 0.0057 82 204 116 261
phone 0.0057 328 0 395 109
phone 0.0057 315 233 346 266
phone 0.0057 82 97 116 153
phone 0.0057 145 138 154 151
phone 0.0057 34 214 50 245
phone 0.0057 21 158 55 215
phone 0.0057 69 0 99 16
phone 0.0057 251 19 286 77
phone 0.0057 113 189 147 245
phone 0.0057 113 144 147 199
phone 0.0057 39 0 69 31
phone 0.0057 0 234 41 266
phone 0.0057 37 223 46 236
phone 0.0057 67 204 101 261
phone 0.0057 221 220 255 266
phone 0.0057 23 218 53 266
phone 0.0057 37 238 46 251
phone 0.0057 85 264 115 266
phone 0.0057 171 156 295 266
phone 0.0056 21 127 55 184
phone 0.0056 36 174 70 230
phone 0.0056 302 46 359 112
phone 0.0056 190 203 224 262
phone 0.0056 0 0 36 11
phone 0.0056 0 0 23 1
phone 0.0056 161 249 192 266
phone 0.0056 318 53 373 105
phone 0.0056 23 0 53 16
phone 0.0056 34 229 50 260
phone 0.0056 54 0 84 16
phone 0.0056 313 204 347 262
phone 0.0056 0 110 27 133
phone 0.0056 311 10 342 33
phone 0.0056 346 0 399 26
phone 0.0055 36 127 70 184
phone 0.0055 376 2 399 63
phone 0.0055 364 261 399 266
phone 0.0055 22 0 31 5
phone 0.0055 318 205 335 237
phone 0.0055 52 174 85 230
phone 0.0055 6 115 16 128
phone 0.0055 21 97 55 154
phone 0.0055 330 4 361 62
phone 0.0055 148 243 166 266
phone 0.0055 345 246 354 259
phone 0.0054 67 143 101 200
phone 0.0054 3 106 19 137
phone 0.0054 0 0 22 16
phone 0.0054 331 65 361 124
phone 0.0054 288 101 319 127
phone 0.0054 241 120 258 154
phone 0.0054 67 112 101 169
phone 0.0054 273 162 303 189
phone 0.0054 234 147 265 173
phone 0.0054 214 109 261 172
phone 0.0054 156 251 173 266
phone 0.0054 253 0 284 1
phone 0.0054 318 7 335 36
phone 0.0054 52 143 85 200
phone 0.0054 45 238 54 251
phone 0.0054 269 0 300 1
phone 0.0054 238 0 269 1
phone 0.0053 376 264 399 266
phone 0.0053 36 97 70 154
phone 0.0053 284 0 315 1
phone 0.0053 53 231 62 243
phone 0.0053 376 0 399 17
phone 0.0053 322 15 331 28
phone 0.0053 223 0 254 1
phone 0.0053 298 19 332 77
phone 0.0053 9 24 67 72
phone 0.0053 67 174 101 230
phone 0.0053 144 204 178 261
phone 0.0053 0 173 24 231
phone 0.0053 207 0 238 1
phone 0.0053 51 112 85 169
phone 0.0053 301 16 359 81
phone 0.0053 49 222 65 252
phone 0.0053 300 0 331 1
phone 0.0052 346 50 377 108
phone 0.0052 82 66 116 123
phone 0.0052 192 0 223 1
phone 0.0052 161 0 192 1
phone 0.0052 22 253 85 266
phone 0.0052 176 0 208 1
phone 0.0052 375 64 399 125
phone 0.0052 130 0 161 1
phone 0.0052 234 108 265 135
phone 0.0052 115 0 146 1
phone 0.0052 146 0 177 1
phone 0.0052 315 0 346 1
phone 0.0052 100 0 131 1
phone 0.0052 314 65 347 124
phone 0.0052 329 215 339 228
phone 0.0052 331 264 361 266
phone 0.0052 0 112 24 169
phone 0.0052 84 0 115 1
phone 0.0052 0 204 23 262
phone 0.0051 295 97 312 131
phone 0.0051 152 138 162 151
phone 0.0051 322 215 331 228
phone 0.0051 313 173 347 231
phone 0.0051 360 111 393 170
phone 0.0051 56 210 89 233
phone 0.0051 72 263 145 266
phone 0.0051 67 82 101 138
phone 0.0051 0 81 24 139
phone 0.0051 69 0 100 1
phone 0.0051 330 238 393 266
phone 0.0051 8 218 38 266
phone 0.0051 65 206 81 237
phone 0.0051 268 254 331 266
phone 0.0051 330 0 361 1
phone 0.0051 68 215 77 228
phone 0.0051 0 143 24 200
phone 0.0051 273 224 303 249
phone 0.0051 311 244 327 266
phone 0.0051 344 111 377 170
phone 0.0050 37 231 46 243
phone 0.0050 330 34 361 93
phone 0.0050 53 0 85 1
phone 0.0050 303 248 335 266
phone 0.0050 315 265 346 266
phone 0.0050 23 0 54 1
phone 0.0050 0 264 23 266
phone 0.0050 30 238 39 251
phone 0.0050 26 229 43 260
