phone 0.7431 128 160 183 256
phone 0.2662 89 143 197 265
phone 0.1113 60 39 219 242
phone 0.1047 0 148 91 306
phone 0.1006 89 292 169 399
phone 0.0922 16 133 123 275
phone 0.0808 123 137 218 247
phone 0.0801 48 154 157 291
phone 0.0794 77 0 201 175
phone 0.0594 38 109 171 243
phone 0.0559 16 189 119 322
phone 0.0511 137 178 251 340
phone 0.0476 43 28 164 196
phone 0.0474 1 218 82 358
phone 0.0450 75 170 144 245
phone 0.0440 55 254 158 391
phone 0.0433 30 1 117 162
phone 0.0426 115 76 198 246
phone 0.0418 11 165 85 249
phone 0.0415 18 51 125 231
phone 0.0403 33 101 240 298
phone 0.0371 133 141 179 212
phone 0.0358 82 177 186 333
phone 0.0356 35 287 111 399
phone 0.0328 0 84 159 313
phone 0.0324 151 255 237 382
phone 0.0323 29 148 98 237
phone 0.0322 165 221 266 361
phone 0.0318 98 206 129 231
phone 0.0305 105 203 122 235
phone 0.0298 0 126 61 272
phone 0.0298 126 61 251 219
phone 0.0288 119 157 163 227
phone 0.0287 149 175 193 239
phone 0.0285 79 303 141 388
phone 0.0280 6 280 80 399
phone 0.0277 167 154 266 306
phone 0.0276 107 249 204 381
phone 0.0275 109 213 119 225
phone 0.0275 40 165 118 250
phone 0.0252 27 236 100 302
phone 0.0245 118 59 193 141
phone 0.0244 82 163 168 221
phone 0.0240 129 186 214 260
phone 0.0237 82 207 248 370
phone 0.0232 116 28 226 171
phone 0.0229 0 21 91 195
phone 0.0229 121 215 153 238
phone 0.0221 129 211 145 242
phone 0.0217 35 224 123 374
phone 0.0216 75 138 144 215
phone 0.0213 132 220 142 233
phone 0.0212 90 161 129 223
phone 0.0210 92 61 190 199
phone 0.0201 57 0 157 120
phone 0.0198 28 175 69 239
phone 0.0195 179 12 266 142
phone 0.0193 23 169 184 399
phone 0.0193 36 175 68 200
phone 0.0190 44 172 60 204
phone 0.0184 119 282 193 348
phone 0.0181 11 216 85 291
phone 0.0179 132 212 142 225
phone 0.0179 52 153 136 231
phone 0.0178 104 76 178 154
phone 0.0178 0 252 52 386
phone 0.0177 91 314 128 377
phone 0.0177 34 273 93 357
phone 0.0177 40 220 118 287
phone 0.0174 47 182 57 194
phone 0.0169 106 43 176 126
phone 0.0168 101 0 176 98
phone 0.0162 45 240 81 298
phone 0.0161 141 158 233 226
phone 0.0158 11 250 85 318
phone 0.0156 15 132 82 221
phone 0.0154 106 315 144 376
phone 0.0154 122 316 159 375
phone 0.0154 56 297 132 364
phone 0.0153 43 160 84 223
phone 0.0152 55 201 134 275
phone 0.0150 173 170 231 275
phone 0.0150 155 291 218 369
phone 0.0149 157 118 248 266
phone 0.0149 60 49 129 120
phone 0.0146 91 193 128 252
phone 0.0145 42 61 116 138
phone 0.0141 0 157 67 227
phone 0.0141 107 163 143 220
phone 0.0140 44 249 114 319
phone 0.0139 140 0 250 121
phone 0.0138 76 274 144 356
phone 0.0137 134 121 209 201
phone 0.0137 40 317 118 374
phone 0.0135 45 299 82 361
phone 0.0135 160 309 244 399
phone 0.0132 129 206 160 231
phone 0.0130 182 186 253 260
phone 0.0130 73 65 146 134
phone 0.0129 136 203 153 235
phone 0.0129 61 240 96 297
phone 0.0129 30 240 66 298
phone 0.0129 104 121 177 202
phone 0.0128 51 172 68 204
phone 0.0126 15 177 50 237
phone 0.0125 123 284 221 399
phone 0.0124 58 176 100 238
phone 0.0124 138 286 174 344
phone 0.0124 0 185 57 321
phone 0.0123 61 302 96 359
phone 0.0123 136 69 176 130
phone 0.0121 0 235 70 303
phone 0.0121 180 238 255 300
phone 0.0121 59 75 130 155
phone 0.0121 8 0 89 119
phone 0.0121 62 232 127 306
phone 0.0120 46 26 112 111
phone 0.0120 150 146 192 207
phone 0.0118 121 69 160 130
phone 0.0117 140 212 149 225
phone 0.0116 170 210 235 297
phone 0.0113 183 160 214 185
phone 0.0112 201 212 266 310
phone 0.0112 168 199 198 223
phone 0.0112 68 190 98 216
phone 0.0111 55 182 65 194
phone 0.0111 77 225 112 282
phone 0.0111 40 138 118 215
phone 0.0111 106 194 176 283
phone 0.0110 131 44 212 125
phone 0.0110 169 300 204 360
phone 0.0110 31 286 65 343
phone 0.0109 30 104 98 187
phone 0.0109 116 318 196 374
phone 0.0108 210 243 266 340
phone 0.0108 154 301 189 359
phone 0.0108 74 92 146 168
phone 0.0108 77 318 111 374
phone 0.0107 46 270 81 329
phone 0.0107 175 90 261 231
phone 0.0107 133 93 210 168
phone 0.0107 129 175 160 201
phone 0.0107 42 92 116 168
phone 0.0107 0 115 68 177
phone 0.0106 75 220 144 286
phone 0.0104 190 156 207 189
phone 0.0104 76 55 112 113
phone 0.0104 147 114 227 177
phone 0.0104 58 22 131 85
phone 0.0103 120 251 192 317
phone 0.0103 0 269 70 330
phone 0.0103 136 172 153 204
phone 0.0103 129 160 160 185
phone 0.0102 167 179 206 235
phone 0.0102 191 263 266 396
phone 0.0102 74 186 92 220
phone 0.0102 29 78 98 152
phone 0.0101 174 194 192 228
phone 0.0100 56 331 134 391
phone 0.0100 61 259 128 340
phone 0.0100 27 50 100 118
phone 0.0099 153 159 183 186
phone 0.0099 31 39 65 98
phone 0.0099 129 344 160 370
phone 0.0099 1 239 34 298
phone 0.0098 0 79 54 198
phone 0.0097 151 202 223 274
phone 0.0096 1 285 34 344
phone 0.0096 183 154 252 229
phone 0.0095 136 341 153 374
phone 0.0095 200 241 234 297
phone 0.0095 205 141 266 272
phone 0.0095 70 39 150 98
phone 0.0095 30 4 98 72
phone 0.0094 55 122 134 200
phone 0.0094 201 36 266 180
phone 0.0094 0 346 68 399
phone 0.0094 135 204 177 272
phone 0.0094 113 202 130 236
phone 0.0094 169 360 235 399
phone 0.0094 15 23 82 84
phone 0.0093 136 156 153 189
phone 0.0093 164 252 240 316
phone 0.0093 104 263 177 336
phone 0.0093 140 182 149 194
phone 0.0093 16 255 50 313
phone 0.0092 92 71 128 128
phone 0.0092 146 67 228 132
phone 0.0092 194 166 203 179
phone 0.0092 159 155 176 189
phone 0.0092 134 264 208 335
phone 0.0092 136 221 207 286
phone 0.0092 60 70 97 129
phone 0.0092 178 205 188 217
phone 0.0091 93 356 157 399
phone 0.0091 91 132 128 190
phone 0.0091 0 205 52 270
phone 0.0091 168 135 236 218
phone 0.0090 58 207 99 269
phone 0.0090 52 259 83 286
phone 0.0090 16 147 50 205
phone 0.0089 17 91 80 169
phone 0.0089 202 312 264 379
phone 0.0089 200 209 235 267
phone 0.0089 92 28 159 109
phone 0.0089 186 6 249 70
phone 0.0089 106 159 136 186
phone 0.0089 87 113 164 178
phone 0.0089 0 302 73 358
phone 0.0089 185 347 219 399
phone 0.0089 78 197 88 209
phone 0.0088 46 361 112 399
phone 0.0088 29 145 68 207
phone 0.0088 91 285 128 345
phone 0.0088 179 269 257 330
phone 0.0088 77 245 143 323
phone 0.0088 127 0 216 90
phone 0.0087 93 224 127 282
phone 0.0087 182 156 200 189
phone 0.0087 214 207 266 268
phone 0.0087 14 65 83 134
phone 0.0086 182 116 253 176
phone 0.0086 119 28 193 110
phone 0.0086 0 52 67 116
phone 0.0086 136 99 176 161
phone 0.0086 199 98 266 162
phone 0.0086 0 204 19 320
phone 0.0086 61 270 97 329
phone 0.0086 74 162 115 222
phone 0.0085 122 347 190 399
phone 0.0085 140 220 149 233
phone 0.0085 1 316 34 375
phone 0.0085 144 156 161 189
phone 0.0084 109 220 119 232
phone 0.0084 31 317 65 374
phone 0.0084 122 286 159 344
phone 0.0084 59 256 76 289
phone 0.0084 153 190 182 217
phone 0.0084 46 71 81 128
phone 0.0084 204 360 262 399
phone 0.0083 139 318 173 374
phone 0.0083 122 101 159 159
phone 0.0083 140 166 149 179
phone 0.0083 175 168 206 193
phone 0.0083 113 155 130 189
phone 0.0083 107 70 143 129
phone 0.0083 140 351 149 363
phone 0.0082 178 197 188 210
phone 0.0082 155 0 219 56
phone 0.0082 145 213 175 240
phone 0.0082 47 9 80 66
phone 0.0082 1 178 34 236
phone 0.0082 77 25 111 82
phone 0.0081 153 231 221 307
phone 0.0081 76 285 113 344
phone 0.0081 108 347 142 399
phone 0.0081 138 256 173 312
phone 0.0081 28 207 68 269
phone 0.0080 117 213 126 225
phone 0.0080 73 192 116 253
phone 0.0080 169 209 204 266
phone 0.0079 216 256 250 312
phone 0.0079 165 283 240 346
phone 0.0079 3 13 64 63
phone 0.0079 198 66 266 132
phone 0.0079 161 55 243 113
phone 0.0079 123 9 158 67
phone 0.0079 108 229 173 308
phone 0.0078 92 345 127 399
phone 0.0078 153 117 190 175
phone 0.0078 215 175 266 239
phone 0.0078 75 86 113 144
phone 0.0078 17 8 49 68
phone 0.0078 0 58 33 171
phone 0.0078 163 166 173 178
phone 0.0078 159 186 176 220
phone 0.0078 76 254 112 314
phone 0.0078 154 225 188 281
phone 0.0078 231 255 265 313
phone 0.0077 0 92 34 138
phone 0.0077 29 343 99 399
phone 0.0077 0 289 17 399
phone 0.0077 164 99 240 162
phone 0.0077 91 0 159 60
phone 0.0077 183 34 252 103
phone 0.0077 107 133 143 189
phone 0.0077 194 174 203 186
phone 0.0077 186 166 195 179
phone 0.0077 169 118 204 173
phone 0.0077 198 128 266 194
phone 0.0077 151 209 168 243
phone 0.0077 106 286 144 344
phone 0.0076 135 329 208 393
phone 0.0076 0 322 19 369
phone 0.0076 0 291 19 338
phone 0.0076 181 346 254 399
phone 0.0076 31 101 65 159
phone 0.0076 216 326 266 399
phone 0.0076 0 366 32 399
phone 0.0076 216 101 249 159
phone 0.0076 60 38 98 99
phone 0.0075 185 317 219 374
phone 0.0075 107 102 142 158
phone 0.0075 164 24 241 82
phone 0.0075 108 224 142 282
phone 0.0075 78 348 111 399
phone 0.0075 199 178 236 237
phone 0.0075 182 176 222 238
phone 0.0075 56 0 133 54
phone 0.0075 121 131 160 191
phone 0.0074 0 85 18 144
phone 0.0074 191 121 221 147
phone 0.0074 198 360 229 385
phone 0.0074 117 187 164 258
phone 0.0074 206 356 222 389
phone 0.0074 147 166 157 179
phone 0.0074 92 41 127 96
phone 0.0074 83 244 114 270
phone 0.0074 91 101 128 159
phone 0.0073 183 222 221 284
phone 0.0073 0 315 2 375
phone 0.0073 0 84 68 145
phone 0.0073 216 301 250 359
phone 0.0073 116 0 196 54
phone 0.0073 0 285 2 344
phone 0.0073 16 287 49 343
phone 0.0073 16 101 49 159
phone 0.0073 46 331 81 390
phone 0.0073 139 362 173 399
phone 0.0073 16 362 49 399
phone 0.0073 144 171 161 204
phone 0.0073 205 0 261 35
phone 0.0072 45 116 82 175
phone 0.0072 185 255 219 313
phone 0.0072 63 266 72 279
phone 0.0072 40 190 87 255
phone 0.0072 0 11 48 126
phone 0.0071 180 299 255 362
phone 0.0071 218 53 266 115
phone 0.0071 180 84 255 146
phone 0.0071 16 317 50 374
phone 0.0071 31 70 65 128
phone 0.0071 16 70 49 128
phone 0.0071 200 271 234 327
phone 0.0071 60 101 97 159
phone 0.0071 46 40 81 97
phone 0.0071 15 224 51 283
phone 0.0071 147 34 226 103
phone 0.0070 197 117 215 151
phone 0.0070 0 260 18 308
phone 0.0070 217 142 266 210
phone 0.0070 200 132 234 190
phone 0.0070 117 166 126 179
phone 0.0070 219 82 266 147
phone 0.0070 0 30 50 77
phone 0.0069 168 183 198 209
phone 0.0069 90 240 107 274
phone 0.0069 109 205 119 217
phone 0.0069 178 212 188 225
phone 0.0069 62 333 95 389
phone 0.0069 108 9 142 67
phone 0.0069 45 267 75 293
phone 0.0069 32 8 65 67
phone 0.0069 201 0 234 51
phone 0.0069 132 228 142 240
phone 0.0069 231 194 265 251
phone 0.0068 169 87 204 142
phone 0.0068 201 25 234 82
phone 0.0068 2 38 33 98
phone 0.0068 204 16 262 90
phone 0.0068 168 148 205 205
phone 0.0067 0 254 2 314
phone 0.0067 0 230 18 277
phone 0.0067 0 132 49 190
phone 0.0067 169 9 204 66
phone 0.0067 92 254 128 314
phone 0.0067 220 111 266 180
phone 0.0067 186 174 195 187
phone 0.0066 0 157 28 313
phone 0.0066 214 129 244 155
phone 0.0066 216 70 250 128
phone 0.0066 0 121 34 170
phone 0.0066 209 366 218 379
phone 0.0066 16 38 49 98
phone 0.0066 107 39 143 98
phone 0.0066 122 39 159 99
phone 0.0066 153 271 189 328
phone 0.0065 155 332 188 389
phone 0.0065 31 363 65 399
phone 0.0065 60 147 98 205
phone 0.0065 62 8 96 67
phone 0.0065 2 8 33 67
phone 0.0065 216 132 250 189
phone 0.0065 145 197 175 224
phone 0.0065 152 0 183 23
phone 0.0065 159 0 176 27
phone 0.0065 155 220 165 232
phone 0.0065 163 197 173 209
phone 0.0065 0 115 18 175
phone 0.0064 0 223 2 283
phone 0.0064 232 40 265 97
phone 0.0064 0 199 18 246
phone 0.0064 185 10 219 66
phone 0.0064 0 54 18 113
phone 0.0064 231 224 265 282
phone 0.0064 1 146 34 206
phone 0.0064 51 263 69 297
phone 0.0063 201 348 234 399
phone 0.0063 45 182 75 209
phone 0.0063 185 132 219 190
phone 0.0063 200 55 235 113
phone 0.0063 235 14 266 62
phone 0.0063 0 362 3 399
phone 0.0063 169 239 204 298
phone 0.0063 216 0 266 66
phone 0.0063 129 328 160 355
phone 0.0062 169 270 205 329
phone 0.0062 151 70 191 129
phone 0.0062 185 287 219 343
phone 0.0062 234 0 264 37
phone 0.0062 124 363 157 399
phone 0.0062 99 221 129 247
phone 0.0062 216 39 250 98
phone 0.0062 248 8 266 67
phone 0.0062 152 305 183 332
phone 0.0062 138 10 173 66
phone 0.0062 3 0 63 33
phone 0.0062 231 163 265 220
phone 0.0062 231 173 266 303
phone 0.0061 198 357 214 388
phone 0.0061 0 193 2 252
phone 0.0061 147 182 157 194
phone 0.0061 0 332 4 399
phone 0.0061 221 125 238 158
phone 0.0061 0 147 17 256
phone 0.0061 201 102 234 159
phone 0.0061 151 194 169 228
phone 0.0061 185 102 219 158
phone 0.0061 231 71 265 128
phone 0.0061 0 206 29 232
phone 0.0061 174 178 192 213
phone 0.0061 185 72 219 127
phone 0.0061 215 226 250 281
phone 0.0061 185 41 219 96
phone 0.0060 122 239 158 298
phone 0.0060 114 206 144 232
phone 0.0060 129 190 160 216
phone 0.0060 0 211 31 381
phone 0.0060 231 286 265 344
phone 0.0060 140 174 149 186
phone 0.0059 201 128 211 140
phone 0.0059 77 0 111 51
phone 0.0059 114 67 145 93
phone 0.0059 94 251 103 263
phone 0.0059 0 168 18 215
phone 0.0059 167 0 237 39
phone 0.0059 200 318 234 373
phone 0.0059 229 111 266 241
phone 0.0059 215 195 250 250
phone 0.0059 108 194 142 251
phone 0.0059 169 346 204 399
phone 0.0059 136 325 153 359
phone 0.0058 5 202 22 235
phone 0.0058 37 229 68 255
phone 0.0058 121 64 138 97
phone 0.0058 61 0 96 36
phone 0.0058 163 5 172 17
phone 0.0058 105 217 123 251
phone 0.0058 168 56 204 112
phone 0.0058 168 214 198 239
phone 0.0058 145 182 175 209
phone 0.0057 231 132 265 190
phone 0.0057 215 164 250 219
phone 0.0057 265 76 266 123
phone 0.0057 0 23 18 82
phone 0.0057 136 187 153 220
phone 0.0057 75 132 113 190
phone 0.0057 0 116 2 175
phone 0.0057 44 226 61 257
phone 0.0057 0 162 2 221
phone 0.0057 265 106 266 154
phone 0.0057 250 60 266 108
phone 0.0057 114 252 144 278
phone 0.0057 93 10 127 65
phone 0.0057 263 42 266 156
phone 0.0057 265 29 266 77
phone 0.0056 0 91 2 139
phone 0.0056 0 45 2 93
phone 0.0056 159 302 177 336
phone 0.0056 246 25 266 142
phone 0.0056 248 209 266 267
phone 0.0056 201 366 211 379
phone 0.0056 264 367 266 399
phone 0.0056 263 332 266 399
phone 0.0056 0 57 3 172
phone 0.0056 263 0 266 110
phone 0.0056 0 11 3 125
phone 0.0056 250 337 266 385
phone 0.0056 18 0 48 37
phone 0.0056 265 60 266 108
phone 0.0056 154 362 188 399
phone 0.0055 265 245 266 293
phone 0.0055 168 283 198 308
phone 0.0055 175 206 206 232
phone 0.0055 78 189 88 202
phone 0.0055 55 274 65 286
phone 0.0055 264 54 266 113
phone 0.0055 265 306 266 354
phone 0.0055 247 304 266 399
phone 0.0055 3 0 33 37
phone 0.0055 0 223 6 246
phone 0.0055 265 229 266 277
phone 0.0055 263 211 266 326
phone 0.0054 151 179 169 212
phone 0.0054 224 135 234 148
phone 0.0054 0 0 18 51
phone 0.0054 265 260 266 308
phone 0.0054 265 291 266 339
phone 0.0054 250 121 266 170
phone 0.0054 163 190 173 201
phone 0.0054 263 273 266 387
phone 0.0054 51 187 69 220
phone 0.0054 175 279 191 312
phone 0.0054 249 0 266 37
phone 0.0054 0 104 3 218
phone 0.0054 0 353 18 399
phone 0.0054 47 189 57 202
phone 0.0053 246 86 266 204
phone 0.0053 230 234 266 364
phone 0.0053 120 201 138 236
phone 0.0053 107 255 143 313
phone 0.0053 250 306 266 355
phone 0.0053 120 248 138 282
phone 0.0053 264 331 266 390
phone 0.0053 178 189 188 202
phone 0.0053 248 147 266 205
phone 0.0053 190 117 207 151
phone 0.0053 92 0 127 36
phone 0.0053 265 122 266 169
phone 0.0053 0 0 2 64
phone 0.0053 143 340 161 374
phone 0.0053 175 210 192 243
phone 0.0053 264 116 266 174
phone 0.0053 265 183 266 231
phone 0.0053 265 168 266 216
phone 0.0053 265 276 266 323
phone 0.0053 136 40 175 98
phone 0.0053 182 202 199 235
phone 0.0053 46 0 81 36
phone 0.0053 0 0 1 30
phone 0.0052 265 0 266 30
phone 0.0052 265 322 266 369
phone 0.0052 263 88 266 202
phone 0.0052 263 150 266 264
phone 0.0052 249 178 266 236
phone 0.0052 122 167 152 193
phone 0.0052 0 165 3 279
phone 0.0052 153 236 183 263
phone 0.0052 153 9 189 67
phone 0.0052 250 90 266 139
phone 0.0051 264 300 266 359
phone 0.0051 0 288 3 399
phone 0.0051 222 228 252 255
phone 0.0051 155 205 165 217
phone 0.0051 55 189 65 202
phone 0.0051 265 214 266 262
phone 0.0051 9 212 19 225
phone 0.0051 78 205 88 217
phone 0.0051 231 5 266 132
phone 0.0051 124 74 134 86
phone 0.0051 264 8 266 67
phone 0.0051 213 125 230 159
phone 0.0051 0 242 3 356
phone 0.0050 185 0 219 35
phone 0.0050 249 367 266 399
phone 0.0050 259 169 266 191
phone 0.0050 233 316 264 375
phone 0.0050 140 197 149 209
phone 0.0050 36 171 53 205
