phone 0.8438 50 135 215 213
phone 0.1161 6 82 265 236
phone 0.1076 34 107 164 250
phone 0.0834 26 138 145 219
phone 0.0503 92 121 199 250
phone 0.0481 68 66 205 210
phone 0.0366 98 180 237 250
phone 0.0359 123 136 264 232
phone 0.0323 105 144 155 213
phone 0.0243 119 206 214 250
phone 0.0236 32 198 136 250
phone 0.0214 140 61 258 204
phone 0.0212 3 120 104 238
phone 0.0205 44 223 123 250
phone 0.0203 172 93 290 226
phone 0.0195 91 131 139 196
phone 0.0194 47 149 121 240
phone 0.0178 33 70 135 201
phone 0.0174 14 145 92 212
phone 0.0165 0 126 56 244
phone 0.0163 217 28 309 162
phone 0.0159 153 223 241 250
phone 0.0156 60 212 169 250
phone 0.0151 97 0 237 208
phone 0.0146 59 169 157 250
phone 0.0141 187 0 281 147
phone 0.0139 71 230 145 250
phone 0.0137 44 239 124 250
phone 0.0137 3 73 96 189
phone 0.0134 5 180 103 250
phone 0.0133 99 232 175 250
phone 0.0131 66 228 102 250
phone 0.0126 50 0 174 211
phone 0.0124 72 109 322 250
phone 0.0121 36 150 71 207
phone 0.0117 121 131 170 196
phone 0.0117 63 133 105 194
phone 0.0116 138 148 183 210
phone 0.0114 51 227 86 250
phone 0.0114 13 218 83 250
phone 0.0114 103 241 189 250
phone 0.0113 49 134 88 193
phone 0.0111 137 155 215 233
phone 0.0108 0 47 61 187
phone 0.0107 158 190 256 250
phone 0.0105 132 237 204 250
phone 0.0105 134 34 219 169
phone 0.0104 61 248 138 250
phone 0.0104 48 162 89 226
phone 0.0104 50 249 119 250
phone 0.0101 67 242 101 250
phone 0.0100 75 249 155 250
phone 0.0098 196 73 333 246
phone 0.0098 0 135 81 192
phone 0.0097 218 126 303 248
phone 0.0097 152 165 311 250
phone 0.0096 26 29 111 175
phone 0.0096 151 148 233 210
phone 0.0096 0 192 55 250
phone 0.0092 81 228 118 250
phone 0.0091 76 146 123 212
phone 0.0091 82 243 117 250
phone 0.0090 171 131 243 195
phone 0.0090 155 239 229 250
phone 0.0090 151 7 233 135
phone 0.0089 21 64 86 140
phone 0.0089 30 109 107 187
phone 0.0087 4 6 93 125
phone 0.0086 16 242 91 250
phone 0.0086 0 227 61 250
phone 0.0086 0 245 54 250
phone 0.0085 254 33 332 157
phone 0.0085 144 55 209 118
phone 0.0083 97 243 132 250
phone 0.0083 36 212 70 250
phone 0.0082 131 125 221 203
phone 0.0080 39 45 98 97
phone 0.0080 153 116 230 181
phone 0.0079 125 169 197 250
phone 0.0079 170 163 244 226
phone 0.0079 214 0 311 104
phone 0.0078 52 242 85 250
phone 0.0077 127 79 195 156
phone 0.0077 7 241 38 250
phone 0.0077 0 164 77 225
phone 0.0077 5 88 40 146
phone 0.0076 83 25 148 147
phone 0.0076 190 120 224 176
phone 0.0076 143 228 178 250
phone 0.0076 52 10 117 131
phone 0.0075 86 61 144 112
phone 0.0075 35 120 71 176
phone 0.0074 36 73 70 131
phone 0.0073 157 87 227 148
phone 0.0073 21 136 54 191
phone 0.0073 193 205 252 250
phone 0.0073 190 243 224 250
phone 0.0073 68 42 100 100
phone 0.0073 37 41 69 100
phone 0.0072 174 243 209 250
phone 0.0072 159 41 225 101
phone 0.0072 143 243 178 250
phone 0.0072 192 235 266 250
phone 0.0072 174 167 209 222
phone 0.0072 37 242 70 250
phone 0.0071 174 228 209 250
phone 0.0071 175 102 239 163
phone 0.0071 112 244 147 250
phone 0.0070 22 242 54 250
phone 0.0070 83 57 116 115
phone 0.0070 70 47 130 95
phone 0.0070 159 73 193 130
phone 0.0069 157 166 195 223
phone 0.0069 121 24 340 226
phone 0.0069 128 244 163 250
phone 0.0069 0 26 41 147
phone 0.0069 0 75 36 129
phone 0.0068 190 151 224 207
phone 0.0068 0 0 41 24
phone 0.0068 64 180 104 240
phone 0.0068 123 162 167 227
phone 0.0068 54 32 114 79
phone 0.0068 69 17 130 64
phone 0.0068 161 1 223 49
phone 0.0067 100 32 161 79
phone 0.0067 115 57 146 115
phone 0.0067 51 57 86 115
phone 0.0067 187 159 259 250
phone 0.0067 21 212 54 250
phone 0.0067 159 228 193 250
phone 0.0066 115 47 177 95
phone 0.0066 23 32 84 79
phone 0.0066 193 1 252 49
phone 0.0066 99 0 162 112
phone 0.0066 54 26 84 85
phone 0.0066 9 24 68 148
phone 0.0066 115 13 177 128
phone 0.0066 190 228 224 250
phone 0.0065 159 243 193 250
phone 0.0065 8 59 68 114
phone 0.0065 0 110 43 186
phone 0.0065 50 177 80 204
phone 0.0065 5 150 39 207
phone 0.0065 96 228 133 250
phone 0.0065 130 32 193 79
phone 0.0065 6 212 39 250
phone 0.0065 130 0 192 113
phone 0.0065 54 1 114 49
phone 0.0064 85 10 115 69
phone 0.0064 224 124 283 172
phone 0.0064 85 1 145 49
phone 0.0064 177 0 238 33
phone 0.0064 190 198 224 250
phone 0.0064 115 26 146 85
phone 0.0064 177 0 207 54
phone 0.0064 174 197 209 250
phone 0.0064 38 17 99 64
phone 0.0064 221 90 286 205
phone 0.0064 195 116 251 180
phone 0.0063 175 0 240 83
phone 0.0063 5 181 39 238
phone 0.0063 208 0 268 33
phone 0.0063 115 17 176 64
phone 0.0063 0 57 23 116
phone 0.0063 72 96 157 201
phone 0.0063 208 0 238 54
phone 0.0063 127 228 163 250
phone 0.0063 23 1 84 49
phone 0.0063 20 88 55 146
phone 0.0063 146 0 207 33
phone 0.0063 131 42 161 100
phone 0.0063 175 73 208 130
phone 0.0063 171 37 245 166
phone 0.0063 145 0 208 82
phone 0.0062 144 73 178 131
phone 0.0062 162 0 222 18
phone 0.0062 69 11 99 69
phone 0.0062 206 0 270 82
phone 0.0062 270 1 330 49
phone 0.0062 100 10 130 70
phone 0.0062 20 182 55 237
phone 0.0062 285 16 345 64
phone 0.0062 69 66 130 138
phone 0.0062 69 0 130 33
phone 0.0062 238 119 269 177
phone 0.0062 285 47 345 95
phone 0.0061 173 136 209 191
phone 0.0061 223 1 284 49
phone 0.0061 316 47 376 95
phone 0.0061 146 26 176 85
phone 0.0061 39 0 99 33
phone 0.0061 23 41 53 100
phone 0.0061 193 0 253 18
phone 0.0061 130 1 192 49
phone 0.0061 54 0 84 54
phone 0.0061 300 32 360 80
phone 0.0061 253 0 316 81
phone 0.0061 284 14 346 128
phone 0.0061 192 0 223 54
phone 0.0061 100 0 161 33
phone 0.0061 315 14 377 128
phone 0.0061 224 94 283 141
phone 0.0061 131 10 161 70
phone 0.0060 299 0 362 112
phone 0.0060 100 42 130 100
phone 0.0060 173 224 295 250
phone 0.0060 270 32 330 80
phone 0.0060 254 0 314 33
phone 0.0060 223 0 253 54
phone 0.0060 7 0 69 82
phone 0.0060 116 0 145 54
phone 0.0060 177 0 237 3
phone 0.0060 300 63 360 110
phone 0.0060 162 0 192 54
phone 0.0060 224 63 283 110
phone 0.0060 39 0 69 54
phone 0.0060 135 154 164 181
phone 0.0060 269 155 330 202
phone 0.0060 268 0 331 112
phone 0.0060 56 173 74 207
phone 0.0059 254 140 314 187
phone 0.0059 268 229 331 250
phone 0.0059 119 146 149 173
phone 0.0059 193 0 222 23
phone 0.0059 8 0 68 34
phone 0.0059 177 0 207 23
phone 0.0059 146 0 207 3
phone 0.0059 269 247 330 250
phone 0.0059 285 0 315 54
phone 0.0059 177 71 237 133
phone 0.0059 300 10 330 69
phone 0.0059 268 106 331 220
phone 0.0059 131 0 191 18
phone 0.0059 223 0 284 18
phone 0.0059 285 140 345 187
phone 0.0059 270 0 299 54
phone 0.0059 316 41 345 100
phone 0.0059 208 0 268 3
phone 0.0058 300 41 330 100
phone 0.0058 223 32 283 79
phone 0.0058 85 0 115 39
phone 0.0058 238 88 269 146
phone 0.0058 239 17 299 64
phone 0.0058 222 229 285 250
phone 0.0058 316 16 376 64
phone 0.0058 239 0 269 54
phone 0.0058 331 41 361 100
phone 0.0058 208 0 238 23
phone 0.0058 69 0 99 39
phone 0.0058 146 0 176 54
phone 0.0058 253 91 316 205
phone 0.0058 269 124 330 172
phone 0.0058 206 196 239 250
phone 0.0058 284 122 346 235
phone 0.0058 285 170 345 218
phone 0.0058 285 78 345 126
phone 0.0058 299 45 362 158
phone 0.0058 100 0 130 39
phone 0.0058 0 0 40 54
phone 0.0058 206 226 239 250
phone 0.0058 300 93 361 141
phone 0.0058 23 0 53 54
phone 0.0058 316 78 376 126
phone 0.0058 131 0 161 39
phone 0.0058 254 0 284 54
phone 0.0058 268 198 331 250
phone 0.0058 363 0 399 34
phone 0.0058 85 0 145 18
phone 0.0058 316 10 345 70
phone 0.0057 331 32 391 80
phone 0.0057 162 0 192 23
phone 0.0057 0 241 23 250
phone 0.0057 0 227 23 250
phone 0.0057 223 0 253 23
phone 0.0057 300 124 361 172
phone 0.0057 269 63 330 110
phone 0.0057 284 245 346 250
phone 0.0057 239 247 299 250
phone 0.0057 331 63 391 110
phone 0.0057 238 57 269 115
phone 0.0057 191 89 223 146
phone 0.0057 253 214 316 250
phone 0.0057 300 1 360 49
phone 0.0057 285 26 315 85
phone 0.0057 54 0 114 18
phone 0.0057 363 0 399 81
phone 0.0057 285 109 345 156
phone 0.0057 116 0 176 3
phone 0.0057 239 155 299 202
phone 0.0057 363 230 399 250
phone 0.0057 361 0 399 3
phone 0.0057 35 181 71 238
phone 0.0057 193 0 222 8
phone 0.0057 177 0 207 8
phone 0.0057 0 0 41 8
phone 0.0057 0 196 24 250
phone 0.0057 254 109 314 156
phone 0.0057 330 0 393 112
phone 0.0057 254 47 314 95
phone 0.0057 300 155 361 203
phone 0.0057 362 30 399 142
phone 0.0057 299 91 362 205
phone 0.0057 285 134 315 193
phone 0.0057 361 246 399 250
phone 0.0056 361 62 399 111
phone 0.0056 239 0 299 3
phone 0.0056 208 0 238 8
phone 0.0056 284 75 346 189
phone 0.0056 254 134 284 192
phone 0.0056 0 0 36 3
phone 0.0056 269 134 299 193
phone 0.0056 85 0 145 3
phone 0.0056 94 163 135 225
phone 0.0056 363 199 399 250
phone 0.0056 237 199 301 250
phone 0.0056 23 0 83 18
phone 0.0056 162 0 192 8
phone 0.0056 238 75 300 189
phone 0.0056 285 241 315 250
phone 0.0056 253 245 315 250
phone 0.0056 284 214 346 250
phone 0.0056 175 26 209 85
phone 0.0056 316 109 376 157
phone 0.0056 346 41 376 100
phone 0.0056 146 0 176 23
phone 0.0056 239 0 268 23
phone 0.0056 285 0 345 34
phone 0.0056 269 94 330 141
phone 0.0056 300 149 330 208
phone 0.0056 239 26 269 85
phone 0.0056 54 0 114 3
phone 0.0056 315 60 377 174
phone 0.0056 316 140 376 187
phone 0.0056 299 229 362 250
phone 0.0056 316 72 345 131
phone 0.0056 223 0 253 8
phone 0.0056 362 122 399 234
phone 0.0056 361 93 399 142
phone 0.0055 8 0 68 3
phone 0.0055 254 78 314 126
phone 0.0055 361 170 399 219
phone 0.0055 331 10 361 69
phone 0.0055 285 226 315 250
phone 0.0055 299 137 362 250
phone 0.0055 224 247 283 250
phone 0.0055 191 58 223 115
phone 0.0055 361 139 399 188
phone 0.0055 254 0 284 23
phone 0.0055 111 228 149 250
phone 0.0055 300 118 330 177
phone 0.0055 269 241 299 250
phone 0.0055 300 72 330 131
phone 0.0055 362 76 399 188
phone 0.0055 269 26 299 85
phone 0.0055 300 186 361 233
phone 0.0055 315 106 377 220
phone 0.0055 146 0 176 8
phone 0.0055 330 45 393 159
phone 0.0055 141 150 158 184
phone 0.0055 254 241 284 250
phone 0.0055 330 229 393 250
phone 0.0055 269 226 299 250
phone 0.0055 116 0 145 23
phone 0.0055 270 0 330 18
phone 0.0055 331 93 391 141
phone 0.0055 331 72 361 131
phone 0.0055 0 249 27 250
phone 0.0055 98 72 132 131
phone 0.0055 316 170 376 218
phone 0.0054 285 57 315 116
phone 0.0054 316 103 345 162
phone 0.0054 239 0 269 8
phone 0.0054 254 226 284 250
phone 0.0054 331 124 391 172
phone 0.0054 125 142 143 177
phone 0.0054 315 245 377 250
phone 0.0054 238 14 300 128
phone 0.0054 131 0 161 8
phone 0.0054 285 164 315 223
phone 0.0054 254 26 284 85
phone 0.0054 269 103 299 162
phone 0.0054 316 134 345 193
phone 0.0054 254 103 284 162
phone 0.0054 160 25 193 85
phone 0.0054 54 0 84 23
phone 0.0054 142 180 179 239
phone 0.0054 0 17 53 64
phone 0.0054 331 155 391 203
phone 0.0054 331 1 391 49
phone 0.0054 253 168 316 250
phone 0.0054 270 0 299 23
phone 0.0054 285 103 315 162
phone 0.0054 23 0 53 23
phone 0.0054 300 247 361 250
phone 0.0054 116 0 145 8
phone 0.0054 300 241 330 250
phone 0.0054 330 91 393 205
phone 0.0054 254 0 284 8
phone 0.0054 100 0 130 8
phone 0.0053 346 10 376 70
phone 0.0053 39 0 68 23
phone 0.0053 346 72 376 131
phone 0.0053 300 180 330 239
phone 0.0053 331 186 391 234
phone 0.0053 0 0 22 39
phone 0.0053 85 0 115 8
phone 0.0053 0 47 36 95
phone 0.0053 270 0 330 3
phone 0.0053 377 0 399 24
phone 0.0053 377 0 399 9
phone 0.0053 3 245 19 250
phone 0.0053 331 247 391 250
phone 0.0053 331 118 361 177
phone 0.0053 377 0 399 55
phone 0.0053 316 164 345 223
phone 0.0053 0 165 25 223
phone 0.0053 239 241 269 250
phone 0.0053 69 0 99 8
phone 0.0053 300 0 330 39
phone 0.0053 285 195 315 250
phone 0.0053 254 195 284 250
phone 0.0053 330 137 393 250
phone 0.0053 316 201 376 249
phone 0.0053 54 0 84 8
phone 0.0053 66 73 101 130
phone 0.0053 223 26 253 85
phone 0.0053 23 0 53 8
phone 0.0053 269 72 299 131
phone 0.0053 377 240 399 250
phone 0.0052 0 134 25 192
phone 0.0052 300 226 330 250
phone 0.0052 331 0 391 3
phone 0.0052 158 104 194 161
phone 0.0052 331 149 361 208
phone 0.0052 270 0 299 8
phone 0.0052 376 56 399 116
phone 0.0052 346 118 376 177
phone 0.0052 346 0 399 18
phone 0.0052 39 0 69 8
phone 0.0052 285 0 315 23
phone 0.0052 269 195 299 250
phone 0.0052 316 0 376 34
phone 0.0052 220 181 287 250
phone 0.0052 346 47 399 95
phone 0.0052 346 17 399 64
phone 0.0052 158 169 187 196
phone 0.0052 346 149 376 208
phone 0.0052 377 179 399 240
phone 0.0051 376 25 399 86
phone 0.0051 377 87 399 147
phone 0.0051 377 148 399 209
phone 0.0051 8 11 38 69
phone 0.0051 254 164 284 223
phone 0.0051 346 78 399 126
phone 0.0051 207 245 269 250
phone 0.0051 158 197 194 250
phone 0.0051 254 57 284 116
phone 0.0051 345 214 399 250
phone 0.0051 331 180 361 239
phone 0.0051 316 195 345 250
phone 0.0051 269 164 299 223
phone 0.0051 346 180 376 239
phone 0.0051 223 226 253 250
phone 0.0051 316 241 345 250
phone 0.0051 377 117 399 178
phone 0.0051 238 211 269 250
phone 0.0051 346 241 376 250
phone 0.0051 60 184 70 196
phone 0.0051 80 181 118 238
phone 0.0051 300 0 360 18
phone 0.0051 285 0 315 8
phone 0.0050 0 103 25 162
phone 0.0050 316 0 345 39
phone 0.0050 42 169 72 196
phone 0.0050 300 0 360 3
phone 0.0050 194 145 251 212
phone 0.0050 347 0 376 8
phone 0.0050 331 241 361 250
