phone 0.8873 235 92 312 261
phone 0.0707 241 134 297 219
phone 0.0684 191 54 341 287
phone 0.0580 206 116 302 236
phone 0.0473 257 152 311 231
phone 0.0442 143 108 256 281
phone 0.0412 233 136 332 298
phone 0.0404 188 67 287 224
phone 0.0401 243 114 386 274
phone 0.0336 214 144 293 209
phone 0.0317 61 80 156 263
phone 0.0256 259 124 309 198
phone 0.0249 88 112 195 282
phone 0.0215 263 181 381 330
phone 0.0215 39 157 120 304
phone 0.0213 123 56 227 229
phone 0.0203 261 66 383 226
phone 0.0203 236 146 271 207
phone 0.0200 181 157 286 286
phone 0.0198 220 46 313 185
phone 0.0193 245 30 323 230
phone 0.0191 128 145 222 301
phone 0.0187 224 185 309 321
phone 0.0183 142 156 210 228
phone 0.0179 303 156 396 295
phone 0.0178 173 154 241 230
phone 0.0176 251 179 317 266
phone 0.0169 155 31 251 190
phone 0.0163 158 167 225 248
phone 0.0159 249 135 349 220
phone 0.0156 172 188 242 257
phone 0.0152 156 140 227 213
phone 0.0149 249 218 265 250
phone 0.0149 241 222 273 246
phone 0.0145 115 22 290 253
phone 0.0145 158 182 240 327
phone 0.0145 295 90 399 255
phone 0.0144 132 134 190 219
phone 0.0142 50 72 228 320
phone 0.0141 190 3 280 153
phone 0.0139 252 228 262 240
phone 0.0132 297 152 364 232
phone 0.0131 159 162 194 221
phone 0.0131 245 170 293 244
phone 0.0130 266 167 364 217
phone 0.0129 187 176 258 239
phone 0.0125 71 181 142 339
phone 0.0124 175 126 239 196
phone 0.0124 141 189 212 256
phone 0.0124 328 221 399 347
phone 0.0123 68 154 131 229
phone 0.0123 159 237 256 361
phone 0.0122 219 108 288 184
phone 0.0121 190 144 255 209
phone 0.0120 253 173 345 242
phone 0.0119 340 96 399 225
phone 0.0119 81 173 179 302
phone 0.0118 157 160 188 185
phone 0.0118 344 173 399 303
phone 0.0117 211 221 242 247
phone 0.0115 35 106 121 235
phone 0.0115 173 162 210 221
phone 0.0114 188 162 225 222
phone 0.0113 241 218 258 250
phone 0.0112 257 80 312 150
phone 0.0111 157 201 227 275
phone 0.0111 49 191 119 254
phone 0.0111 164 156 181 189
phone 0.0110 85 7 197 211
phone 0.0110 205 235 302 363
phone 0.0109 110 80 183 211
phone 0.0109 218 217 235 251
phone 0.0109 264 45 335 184
phone 0.0109 189 193 225 252
phone 0.0107 133 101 336 351
phone 0.0107 265 191 303 254
phone 0.0105 245 228 254 240
phone 0.0105 134 183 165 209
phone 0.0105 143 145 179 207
phone 0.0104 360 246 399 322
phone 0.0104 82 162 116 221
phone 0.0104 159 194 193 251
phone 0.0103 205 162 240 221
phone 0.0103 249 215 328 357
phone 0.0100 211 167 242 193
phone 0.0100 314 133 377 219
phone 0.0100 83 128 147 194
phone 0.0099 211 190 242 216
phone 0.0099 207 103 269 157
phone 0.0099 270 130 359 193
phone 0.0099 131 219 223 349
phone 0.0099 280 100 349 160
phone 0.0098 143 124 210 198
phone 0.0098 84 221 177 347
phone 0.0098 141 179 158 212
phone 0.0098 168 166 177 179
phone 0.0097 316 163 376 252
phone 0.0096 178 203 268 334
phone 0.0096 266 237 364 361
phone 0.0096 362 268 399 392
phone 0.0095 238 74 299 125
phone 0.0095 222 228 231 240
phone 0.0095 211 205 242 232
phone 0.0095 312 162 348 222
phone 0.0095 114 113 177 178
phone 0.0094 205 133 271 189
phone 0.0094 0 0 39 67
phone 0.0094 67 193 100 251
phone 0.0094 236 116 270 175
phone 0.0094 287 8 367 150
phone 0.0093 218 163 235 197
phone 0.0093 341 268 399 331
phone 0.0092 253 70 284 128
phone 0.0092 248 220 320 286
phone 0.0092 218 186 235 220
phone 0.0091 274 197 356 249
phone 0.0091 297 165 332 218
phone 0.0091 269 70 300 128
phone 0.0091 357 219 399 287
phone 0.0091 206 133 376 381
phone 0.0091 157 183 188 209
phone 0.0091 0 78 59 193
phone 0.0090 238 196 300 279
phone 0.0090 169 270 245 328
phone 0.0090 79 176 151 238
phone 0.0090 236 177 270 237
phone 0.0089 211 151 241 178
phone 0.0089 324 126 398 196
phone 0.0089 323 206 399 270
phone 0.0089 141 219 211 288
phone 0.0089 112 159 180 225
phone 0.0088 354 190 399 255
phone 0.0088 275 226 355 281
phone 0.0088 186 208 259 268
phone 0.0087 310 34 398 193
phone 0.0087 218 202 235 236
phone 0.0087 336 241 399 296
phone 0.0087 353 144 399 209
phone 0.0086 145 189 154 202
phone 0.0086 0 329 41 399
phone 0.0086 93 209 168 267
phone 0.0086 48 221 120 285
phone 0.0085 258 270 322 372
phone 0.0085 211 136 241 163
phone 0.0085 164 179 181 212
phone 0.0084 143 176 179 238
phone 0.0084 324 174 398 241
phone 0.0084 169 240 246 297
phone 0.0084 0 0 36 32
phone 0.0084 322 255 399 313
phone 0.0084 222 220 231 232
phone 0.0082 80 253 150 314
phone 0.0082 354 113 399 178
phone 0.0082 218 148 235 182
phone 0.0082 362 0 399 33
phone 0.0082 331 74 391 125
phone 0.0082 304 253 388 376
phone 0.0082 216 269 291 330
phone 0.0082 174 209 209 267
phone 0.0082 172 156 189 189
phone 0.0081 129 148 162 205
phone 0.0081 204 193 272 252
phone 0.0081 111 190 181 255
phone 0.0080 277 162 321 222
phone 0.0080 374 240 399 297
phone 0.0080 134 159 165 186
phone 0.0080 0 216 52 352
phone 0.0080 222 174 231 186
phone 0.0080 298 105 363 187
phone 0.0079 221 116 254 175
phone 0.0079 348 85 399 145
phone 0.0079 232 266 287 377
phone 0.0079 222 197 231 209
phone 0.0079 346 70 377 128
phone 0.0078 91 150 170 203
phone 0.0078 97 148 132 205
phone 0.0078 93 238 168 299
phone 0.0078 140 251 213 317
phone 0.0078 218 132 235 166
phone 0.0078 269 75 330 124
phone 0.0077 327 161 364 222
phone 0.0077 221 147 254 205
phone 0.0076 222 205 231 217
phone 0.0076 329 91 393 170
phone 0.0076 248 252 321 316
phone 0.0076 79 221 151 285
phone 0.0076 190 271 224 327
phone 0.0076 222 182 231 194
phone 0.0075 180 159 211 186
phone 0.0075 222 213 231 225
phone 0.0075 261 269 338 330
phone 0.0075 298 195 331 250
phone 0.0075 284 70 315 128
phone 0.0075 141 156 158 189
phone 0.0075 267 224 301 282
phone 0.0075 261 239 338 299
phone 0.0075 252 287 316 342
phone 0.0074 374 270 399 329
phone 0.0074 168 189 177 202
phone 0.0074 159 224 193 282
phone 0.0074 164 0 361 230
phone 0.0074 327 286 395 344
phone 0.0074 374 210 399 266
phone 0.0074 159 287 225 342
phone 0.0074 127 252 196 376
phone 0.0073 330 70 361 128
phone 0.0073 298 225 331 281
phone 0.0073 222 166 231 179
phone 0.0073 205 225 239 281
phone 0.0073 158 131 194 190
phone 0.0073 188 249 257 319
phone 0.0073 97 179 132 236
phone 0.0073 130 288 192 341
phone 0.0073 134 0 213 163
phone 0.0072 174 132 209 190
phone 0.0072 129 178 162 236
phone 0.0072 64 237 136 300
phone 0.0072 0 165 53 294
phone 0.0072 238 248 348 399
phone 0.0072 278 252 352 316
phone 0.0072 67 224 101 282
phone 0.0072 98 116 131 175
phone 0.0071 109 253 183 316
phone 0.0071 108 221 183 285
phone 0.0071 299 183 362 262
phone 0.0071 133 104 189 187
phone 0.0071 222 189 231 202
phone 0.0071 224 85 283 145
phone 0.0071 300 74 361 125
phone 0.0071 176 166 185 179
phone 0.0071 113 210 147 266
phone 0.0071 37 209 101 267
phone 0.0071 251 207 286 268
phone 0.0071 217 236 290 302
phone 0.0070 175 271 208 328
phone 0.0070 64 203 135 273
phone 0.0070 0 366 36 399
phone 0.0070 257 218 273 250
phone 0.0070 222 159 231 171
phone 0.0070 260 209 339 267
phone 0.0070 311 232 380 305
phone 0.0070 187 156 204 189
phone 0.0070 282 286 349 343
phone 0.0070 293 267 368 332
phone 0.0070 344 209 378 266
phone 0.0070 361 70 392 128
phone 0.0069 207 218 269 289
phone 0.0069 190 241 224 297
phone 0.0069 38 182 100 232
phone 0.0069 299 85 331 144
phone 0.0069 376 299 399 361
phone 0.0069 374 164 399 219
phone 0.0069 126 235 197 302
phone 0.0069 347 306 399 354
phone 0.0069 362 320 399 371
phone 0.0069 374 133 399 188
phone 0.0068 11 173 79 287
phone 0.0068 211 121 241 147
phone 0.0068 113 133 147 189
phone 0.0068 221 209 254 267
phone 0.0068 221 178 254 236
phone 0.0067 160 109 223 183
phone 0.0067 290 264 349 379
phone 0.0067 236 271 270 328
phone 0.0067 315 70 346 128
phone 0.0067 222 143 231 155
phone 0.0067 53 177 84 237
phone 0.0066 344 256 378 312
phone 0.0066 134 296 150 326
phone 0.0066 315 60 376 108
phone 0.0066 82 193 116 251
phone 0.0066 358 47 399 182
phone 0.0066 126 299 158 323
phone 0.0066 130 100 162 160
phone 0.0066 222 151 231 163
phone 0.0065 301 0 360 30
phone 0.0065 128 201 194 275
phone 0.0065 145 166 154 179
phone 0.0065 98 209 132 266
phone 0.0065 68 162 100 221
phone 0.0065 315 0 376 64
phone 0.0064 328 192 363 253
phone 0.0064 300 45 360 93
phone 0.0064 268 285 300 345
phone 0.0064 113 240 147 297
phone 0.0064 343 132 378 190
phone 0.0064 331 45 391 93
phone 0.0064 343 179 378 236
phone 0.0064 312 131 348 191
phone 0.0064 128 209 162 266
phone 0.0064 159 270 193 328
phone 0.0064 345 1 399 153
phone 0.0064 146 284 176 345
phone 0.0063 327 131 364 191
phone 0.0063 284 0 345 64
phone 0.0063 284 285 315 345
phone 0.0063 98 240 131 297
phone 0.0063 111 83 142 108
phone 0.0063 52 224 85 282
phone 0.0063 362 300 391 360
phone 0.0063 205 255 239 313
phone 0.0063 238 26 300 141
phone 0.0063 206 101 239 159
phone 0.0063 218 117 235 151
phone 0.0062 331 0 361 37
phone 0.0062 316 0 345 37
phone 0.0062 238 70 269 128
phone 0.0062 98 270 163 328
phone 0.0062 54 338 115 385
phone 0.0062 207 52 270 177
phone 0.0062 260 228 270 240
phone 0.0062 267 255 301 312
phone 0.0062 270 0 329 30
phone 0.0062 318 80 374 149
phone 0.0062 288 220 318 248
phone 0.0062 331 39 361 98
phone 0.0062 131 75 191 123
phone 0.0062 84 106 146 155
phone 0.0062 222 136 231 148
phone 0.0062 207 284 270 345
phone 0.0062 224 45 283 93
phone 0.0061 331 0 391 30
phone 0.0061 137 305 147 317
phone 0.0061 221 239 255 298
phone 0.0061 347 39 376 98
phone 0.0061 22 332 86 399
phone 0.0061 142 295 157 327
phone 0.0061 33 206 105 330
phone 0.0061 301 0 330 37
phone 0.0061 270 45 330 93
phone 0.0061 118 81 135 111
phone 0.0061 191 166 200 179
phone 0.0061 282 225 316 281
phone 0.0061 316 39 345 98
phone 0.0061 361 44 399 93
phone 0.0061 0 15 62 132
phone 0.0061 207 75 269 124
phone 0.0060 285 29 345 77
phone 0.0060 236 209 270 267
phone 0.0060 346 368 399 399
phone 0.0060 268 11 331 125
phone 0.0060 236 240 270 297
phone 0.0060 343 101 379 159
phone 0.0060 313 193 347 252
phone 0.0060 298 271 331 328
phone 0.0060 83 240 116 297
phone 0.0060 364 292 397 315
phone 0.0060 296 133 333 189
phone 0.0060 0 252 41 316
phone 0.0060 254 29 314 77
phone 0.0060 38 367 100 399
phone 0.0060 254 0 315 64
phone 0.0060 207 304 270 399
phone 0.0060 316 29 376 77
phone 0.0060 373 288 388 319
phone 0.0060 53 149 115 204
phone 0.0060 221 270 255 328
phone 0.0060 208 29 268 77
phone 0.0059 9 0 68 30
phone 0.0059 190 116 224 174
phone 0.0059 239 0 298 30
phone 0.0059 285 0 314 37
phone 0.0059 347 0 376 37
phone 0.0059 330 332 393 399
phone 0.0059 254 60 314 108
phone 0.0059 129 255 162 312
phone 0.0059 328 271 362 328
phone 0.0059 69 331 99 390
phone 0.0059 222 0 285 110
phone 0.0059 55 0 114 30
phone 0.0059 253 285 284 345
phone 0.0059 285 60 345 108
phone 0.0059 300 39 330 98
phone 0.0059 146 70 176 128
phone 0.0059 69 367 130 399
phone 0.0059 54 258 114 309
phone 0.0059 191 0 255 95
phone 0.0059 376 69 399 129
phone 0.0059 54 60 114 108
phone 0.0059 24 75 83 123
phone 0.0059 346 60 399 108
phone 0.0059 69 0 130 64
phone 0.0059 239 39 268 98
phone 0.0059 53 121 116 170
phone 0.0058 69 45 130 93
phone 0.0058 53 289 116 399
phone 0.0058 0 289 51 340
phone 0.0058 24 307 83 354
phone 0.0058 85 0 145 30
phone 0.0058 85 29 145 77
phone 0.0058 254 39 284 98
phone 0.0058 53 27 116 141
phone 0.0058 376 297 385 310
phone 0.0058 282 256 316 312
phone 0.0058 147 29 207 77
phone 0.0058 53 363 85 399
phone 0.0058 22 42 85 156
phone 0.0058 346 0 399 64
phone 0.0058 8 60 68 108
phone 0.0058 144 255 178 313
phone 0.0058 113 164 147 219
phone 0.0058 285 39 315 98
phone 0.0058 68 363 100 399
phone 0.0058 208 0 268 30
phone 0.0058 8 322 68 369
phone 0.0058 328 224 363 283
phone 0.0058 38 0 99 64
phone 0.0058 116 29 176 77
phone 0.0058 68 11 131 125
phone 0.0058 269 39 299 98
phone 0.0058 295 217 312 251
phone 0.0058 177 29 237 77
phone 0.0058 173 306 203 331
phone 0.0058 270 0 299 37
phone 0.0058 223 70 253 128
phone 0.0058 131 367 192 399
phone 0.0058 39 91 99 139
phone 0.0058 83 332 147 399
phone 0.0057 69 91 130 139
phone 0.0057 299 332 362 399
phone 0.0057 145 332 209 399
phone 0.0057 6 289 70 399
phone 0.0057 84 363 115 399
phone 0.0057 99 0 162 110
phone 0.0057 38 363 69 399
phone 0.0057 222 236 231 248
phone 0.0057 39 45 99 93
phone 0.0057 237 304 300 399
phone 0.0057 129 0 193 95
phone 0.0057 160 0 224 95
phone 0.0057 180 114 211 139
phone 0.0057 39 322 99 369
phone 0.0057 38 57 100 172
phone 0.0057 179 303 197 335
phone 0.0057 161 367 223 399
phone 0.0057 223 23 253 82
phone 0.0057 254 0 284 37
phone 0.0057 24 0 53 37
phone 0.0057 116 0 175 30
phone 0.0057 69 57 131 172
phone 0.0057 315 367 376 399
phone 0.0057 54 29 114 77
phone 0.0057 224 337 283 385
phone 0.0057 313 271 347 328
phone 0.0057 70 0 99 37
phone 0.0057 85 0 114 37
phone 0.0057 22 199 85 246
phone 0.0057 53 72 115 187
phone 0.0057 0 225 51 282
phone 0.0057 100 367 161 399
phone 0.0057 114 332 178 399
phone 0.0057 38 11 100 126
phone 0.0056 268 304 331 399
phone 0.0056 54 331 84 390
phone 0.0056 239 0 268 37
phone 0.0056 257 221 288 247
phone 0.0056 8 91 68 139
phone 0.0056 162 60 222 108
phone 0.0056 208 23 238 83
phone 0.0056 99 57 162 172
phone 0.0056 285 353 345 399
phone 0.0056 85 331 115 390
phone 0.0056 38 240 100 297
phone 0.0056 70 54 99 113
phone 0.0056 99 363 131 399
phone 0.0056 193 337 252 385
phone 0.0056 377 38 399 99
phone 0.0056 211 84 242 107
phone 0.0056 176 332 239 399
phone 0.0056 54 0 84 37
phone 0.0056 116 89 176 140
phone 0.0056 8 29 68 77
phone 0.0056 359 179 393 235
phone 0.0056 24 106 83 154
phone 0.0056 23 316 53 375
phone 0.0056 101 0 130 37
phone 0.0056 161 363 192 399
phone 0.0056 145 363 177 399
phone 0.0056 315 363 346 399
phone 0.0056 38 300 69 359
phone 0.0056 255 337 314 385
phone 0.0056 100 76 161 123
phone 0.0056 39 69 68 129
phone 0.0056 145 305 154 317
phone 0.0056 131 284 161 345
phone 0.0056 54 69 84 129
phone 0.0056 85 39 115 98
phone 0.0056 192 367 253 399
phone 0.0056 224 0 253 37
phone 0.0055 144 208 178 267
phone 0.0055 23 70 53 129
phone 0.0055 100 23 130 82
phone 0.0055 162 23 192 83
phone 0.0055 176 363 208 399
phone 0.0055 330 363 362 399
phone 0.0055 328 100 363 160
phone 0.0055 69 116 99 175
phone 0.0055 8 214 68 262
phone 0.0055 193 23 222 83
phone 0.0055 264 218 281 250
phone 0.0055 130 363 162 399
phone 0.0055 146 23 176 83
phone 0.0055 116 0 145 37
phone 0.0055 100 338 161 384
phone 0.0055 147 0 206 30
phone 0.0055 116 23 145 82
phone 0.0055 115 363 146 399
phone 0.0055 374 102 399 158
phone 0.0055 157 115 188 138
phone 0.0055 223 367 284 399
phone 0.0055 131 23 161 82
phone 0.0055 39 0 68 37
phone 0.0055 157 205 188 232
phone 0.0055 54 147 84 205
phone 0.0055 178 0 237 30
phone 0.0055 101 14 160 62
phone 0.0055 223 331 254 390
phone 0.0055 270 14 330 62
phone 0.0055 299 363 331 399
phone 0.0054 131 0 161 37
phone 0.0054 315 305 377 399
phone 0.0054 126 296 142 326
phone 0.0054 192 363 223 399
phone 0.0054 85 85 115 144
phone 0.0054 177 23 207 83
phone 0.0054 54 39 84 98
phone 0.0054 224 14 283 62
phone 0.0054 100 45 161 93
phone 0.0054 69 322 130 369
phone 0.0054 238 331 269 390
phone 0.0054 269 367 330 399
phone 0.0054 301 14 360 62
phone 0.0054 222 89 231 102
phone 0.0054 207 363 239 399
phone 0.0054 70 85 99 144
phone 0.0054 187 110 204 143
phone 0.0054 38 331 69 390
phone 0.0054 70 23 99 82
phone 0.0054 347 300 376 361
phone 0.0054 208 0 237 37
phone 0.0054 176 11 239 126
phone 0.0054 147 0 176 37
phone 0.0054 313 224 347 282
phone 0.0054 222 363 254 399
phone 0.0054 218 81 235 111
phone 0.0054 8 168 68 216
phone 0.0054 272 218 289 250
phone 0.0054 7 367 69 399
phone 0.0054 174 240 209 297
phone 0.0054 207 331 238 390
phone 0.0054 122 89 131 102
phone 0.0054 22 0 85 95
phone 0.0054 38 193 69 252
phone 0.0054 193 89 252 141
phone 0.0054 346 30 399 77
phone 0.0054 54 100 84 159
phone 0.0054 23 39 53 98
phone 0.0054 269 331 300 390
phone 0.0054 100 331 130 390
phone 0.0054 254 331 284 390
phone 0.0054 103 77 134 99
phone 0.0054 119 291 150 316
phone 0.0053 147 88 206 142
phone 0.0053 177 54 207 113
phone 0.0053 315 316 346 375
phone 0.0053 37 223 70 283
phone 0.0053 238 363 269 399
phone 0.0053 39 39 68 98
phone 0.0053 284 331 315 390
phone 0.0053 376 331 399 391
phone 0.0053 234 229 265 254
phone 0.0053 39 100 68 159
phone 0.0053 346 331 377 390
phone 0.0053 131 338 191 385
phone 0.0053 115 85 146 144
phone 0.0053 6 134 70 248
phone 0.0053 302 322 359 369
phone 0.0053 222 128 231 140
phone 0.0053 144 100 178 160
phone 0.0053 194 305 252 355
phone 0.0053 115 331 146 390
phone 0.0053 0 45 53 92
phone 0.0053 131 331 161 390
phone 0.0053 219 303 234 334
phone 0.0053 54 300 84 359
phone 0.0053 23 209 54 266
phone 0.0053 193 60 253 108
phone 0.0053 331 331 361 390
phone 0.0053 284 363 315 399
phone 0.0053 210 307 243 330
phone 0.0053 162 0 191 37
phone 0.0053 253 363 285 399
phone 0.0053 69 253 99 314
phone 0.0052 21 257 86 372
phone 0.0052 85 60 145 108
phone 0.0052 38 137 100 185
phone 0.0052 164 111 181 142
phone 0.0052 0 29 36 78
phone 0.0052 129 305 139 317
phone 0.0052 300 331 330 390
phone 0.0052 0 39 41 159
phone 0.0052 193 0 222 37
phone 0.0052 201 269 258 373
phone 0.0052 111 61 142 84
phone 0.0052 141 115 173 138
phone 0.0052 192 331 223 390
phone 0.0052 269 363 300 399
phone 0.0052 22 363 54 399
phone 0.0052 0 0 22 52
phone 0.0052 22 88 85 202
phone 0.0052 84 27 147 141
phone 0.0052 284 8 315 67
phone 0.0052 69 259 130 370
phone 0.0052 362 23 392 83
phone 0.0052 114 82 123 94
phone 0.0052 300 8 330 67
phone 0.0052 372 284 399 308
phone 0.0052 146 331 177 390
phone 0.0052 376 361 399 399
phone 0.0052 177 0 207 37
phone 0.0052 0 270 24 329
phone 0.0052 94 102 248 399
phone 0.0051 8 137 68 185
phone 0.0051 0 76 53 123
phone 0.0051 116 323 176 369
phone 0.0051 6 240 39 297
phone 0.0051 315 8 346 67
phone 0.0051 380 280 396 312
phone 0.0051 161 305 223 399
phone 0.0051 0 60 36 108
phone 0.0051 110 74 127 102
phone 0.0051 193 54 222 113
phone 0.0051 269 8 300 67
phone 0.0051 222 312 231 325
phone 0.0051 162 70 192 128
phone 0.0051 114 41 178 157
phone 0.0051 164 202 181 236
phone 0.0051 238 8 269 67
phone 0.0051 331 8 361 67
phone 0.0051 248 99 289 162
phone 0.0051 161 331 192 390
phone 0.0051 23 100 53 159
phone 0.0051 376 7 399 68
phone 0.0051 253 8 284 67
phone 0.0051 54 307 114 354
phone 0.0051 70 292 130 338
phone 0.0051 23 162 53 221
phone 0.0051 84 285 115 344
phone 0.0051 99 290 162 399
phone 0.0051 84 8 115 67
phone 0.0051 84 116 115 175
phone 0.0050 100 85 130 144
phone 0.0050 288 189 318 217
phone 0.0050 0 39 22 98
phone 0.0050 242 296 257 326
phone 0.0050 168 120 177 133
phone 0.0050 208 54 238 113
phone 0.0050 149 111 166 142
phone 0.0050 100 54 130 113
phone 0.0050 8 39 38 98
phone 0.0050 177 331 207 390
phone 0.0050 211 236 242 263
phone 0.0050 332 322 390 369
