phone 0.7510 72 158 147 227
phone 0.2373 88 141 132 212
phone 0.1299 50 146 139 207
phone 0.0927 0 123 165 230
phone 0.0857 76 133 146 281
phone 0.0547 76 145 114 208
phone 0.0444 78 108 244 238
phone 0.0436 103 144 147 209
phone 0.0380 0 129 71 263
phone 0.0359 78 195 173 342
phone 0.0350 63 59 157 264
phone 0.0344 0 181 97 326
phone 0.0334 67 140 195 302
phone 0.0333 114 187 228 319
phone 0.0294 0 78 235 267
phone 0.0281 90 159 160 257
phone 0.0249 6 31 138 193
phone 0.0244 11 233 86 304
phone 0.0240 0 71 98 216
phone 0.0235 91 156 190 229
phone 0.0223 123 80 220 242
phone 0.0219 0 0 91 169
phone 0.0218 0 156 151 291
phone 0.0218 114 137 198 216
phone 0.0197 12 224 115 344
phone 0.0194 86 250 164 319
phone 0.0193 68 83 190 214
phone 0.0183 93 115 266 341
phone 0.0175 39 189 149 318
phone 0.0172 129 217 214 290
phone 0.0162 0 214 70 293
phone 0.0161 24 251 103 317
phone 0.0161 0 143 29 253
phone 0.0156 46 3 166 158
phone 0.0148 30 239 66 298
phone 0.0148 61 0 266 228
phone 0.0145 77 222 143 315
phone 0.0144 0 129 128 391
phone 0.0140 0 147 43 316
phone 0.0139 158 196 266 318
phone 0.0132 103 175 146 240
phone 0.0130 100 226 212 341
phone 0.0130 47 235 143 364
phone 0.0128 0 81 22 196
phone 0.0127 87 169 133 245
phone 0.0124 11 90 86 171
phone 0.0123 136 46 237 183
phone 0.0122 109 0 227 167
phone 0.0122 0 46 61 183
phone 0.0121 107 255 143 313
phone 0.0120 55 238 134 300
phone 0.0119 0 99 44 223
phone 0.0119 87 54 195 175
phone 0.0118 134 127 239 287
phone 0.0118 97 235 184 303
phone 0.0117 81 267 170 392
phone 0.0114 0 238 60 360
phone 0.0114 176 126 266 273
phone 0.0113 5 254 92 375
phone 0.0110 46 256 81 312
phone 0.0109 60 109 129 214
phone 0.0107 138 87 205 173
phone 0.0107 173 79 263 211
phone 0.0106 119 105 193 186
phone 0.0104 174 234 261 364
phone 0.0104 150 109 224 182
phone 0.0104 16 240 50 297
phone 0.0103 0 187 54 258
phone 0.0102 0 111 54 181
phone 0.0102 119 162 161 221
phone 0.0102 139 253 236 376
phone 0.0102 135 146 177 207
phone 0.0101 37 269 122 391
phone 0.0101 92 209 159 298
phone 0.0100 0 223 38 284
phone 0.0099 56 208 133 268
phone 0.0099 114 252 198 316
phone 0.0097 0 142 54 211
phone 0.0097 154 241 189 297
phone 0.0097 91 236 121 262
phone 0.0096 57 266 132 333
phone 0.0096 87 285 163 345
phone 0.0095 0 177 38 237
phone 0.0095 77 256 111 312
phone 0.0095 0 130 37 192
phone 0.0094 62 150 96 203
phone 0.0092 11 268 86 331
phone 0.0092 77 226 111 281
phone 0.0091 0 70 34 128
phone 0.0091 99 270 182 329
phone 0.0090 186 11 266 142
phone 0.0090 0 253 74 315
phone 0.0090 121 156 191 259
phone 0.0090 0 196 19 326
phone 0.0089 117 83 195 147
phone 0.0089 0 272 54 327
phone 0.0089 97 233 115 266
phone 0.0088 133 179 210 266
phone 0.0088 94 0 158 114
phone 0.0087 96 28 155 79
phone 0.0087 183 268 252 331
phone 0.0086 42 284 117 345
phone 0.0086 11 136 86 217
phone 0.0086 102 99 179 162
phone 0.0086 118 197 195 280
phone 0.0086 148 83 225 147
phone 0.0086 26 168 132 215
phone 0.0085 61 257 96 312
phone 0.0085 143 238 230 300
phone 0.0085 155 0 220 117
phone 0.0084 11 179 86 266
phone 0.0084 110 24 141 82
phone 0.0084 91 253 129 315
phone 0.0084 47 0 112 97
phone 0.0083 0 99 37 162
phone 0.0083 0 209 19 267
phone 0.0083 183 113 253 179
phone 0.0083 15 43 81 126
phone 0.0082 94 24 126 82
phone 0.0082 37 222 121 285
phone 0.0081 0 239 18 298
phone 0.0081 53 71 136 128
phone 0.0081 143 201 230 275
phone 0.0081 123 257 158 311
phone 0.0081 59 300 130 361
phone 0.0081 37 84 121 146
phone 0.0080 181 236 255 301
phone 0.0080 159 25 215 82
phone 0.0080 105 300 177 360
phone 0.0080 149 135 224 218
phone 0.0080 167 283 238 346
phone 0.0079 108 301 142 359
phone 0.0079 95 320 156 371
phone 0.0079 0 116 18 174
phone 0.0079 135 283 208 346
phone 0.0078 200 173 266 241
phone 0.0078 101 243 111 256
phone 0.0078 37 126 121 196
phone 0.0078 31 303 97 357
phone 0.0077 0 163 19 220
phone 0.0077 201 141 265 212
phone 0.0077 73 51 147 118
phone 0.0077 114 190 144 216
phone 0.0077 125 0 188 96
phone 0.0076 135 64 208 135
phone 0.0076 2 29 64 77
phone 0.0076 32 286 65 344
phone 0.0076 141 14 202 62
phone 0.0076 0 288 67 341
phone 0.0076 2 0 64 111
phone 0.0076 106 180 176 265
phone 0.0076 65 14 125 63
phone 0.0075 121 188 138 219
phone 0.0075 188 83 248 146
phone 0.0074 149 268 225 331
phone 0.0074 13 208 53 268
phone 0.0074 154 86 188 143
phone 0.0074 33 14 95 62
phone 0.0074 139 32 204 106
phone 0.0073 137 241 174 297
phone 0.0073 200 271 234 328
phone 0.0073 165 251 240 317
phone 0.0073 0 181 2 294
phone 0.0073 138 102 173 159
phone 0.0072 18 24 49 82
phone 0.0072 63 301 95 359
phone 0.0072 0 45 34 93
phone 0.0072 74 80 146 149
phone 0.0072 29 101 67 160
phone 0.0072 90 222 129 284
phone 0.0072 0 215 3 261
phone 0.0072 0 10 34 126
phone 0.0071 63 9 95 67
phone 0.0071 168 117 205 174
phone 0.0071 103 66 179 132
phone 0.0071 177 207 258 269
phone 0.0071 151 209 191 267
phone 0.0071 174 39 231 98
phone 0.0071 155 9 188 67
phone 0.0071 79 9 111 67
phone 0.0071 47 286 80 344
phone 0.0070 158 223 246 284
phone 0.0070 200 117 234 174
phone 0.0070 1 255 34 313
phone 0.0070 0 184 3 231
phone 0.0070 13 131 52 191
phone 0.0069 32 30 95 108
phone 0.0069 0 134 2 248
phone 0.0069 166 69 238 130
phone 0.0069 0 245 3 292
phone 0.0069 15 55 50 113
phone 0.0069 48 8 80 67
phone 0.0069 95 315 125 376
phone 0.0069 78 301 111 359
phone 0.0068 24 63 103 136
phone 0.0068 0 153 3 200
phone 0.0068 14 101 52 160
phone 0.0068 0 39 18 97
phone 0.0068 60 35 129 102
phone 0.0068 125 24 157 82
phone 0.0068 0 85 19 144
phone 0.0068 160 101 244 160
phone 0.0068 124 302 157 359
phone 0.0067 216 147 250 205
phone 0.0067 216 178 250 236
phone 0.0067 123 102 157 158
phone 0.0067 155 301 220 359
phone 0.0067 178 161 257 223
phone 0.0067 140 8 172 67
phone 0.0067 41 49 117 119
phone 0.0067 185 286 219 343
phone 0.0067 210 45 266 166
phone 0.0066 171 9 203 66
phone 0.0066 202 220 264 286
phone 0.0066 17 285 49 345
phone 0.0065 33 8 64 67
phone 0.0065 0 253 2 314
phone 0.0065 0 276 18 323
phone 0.0065 219 322 266 369
phone 0.0065 154 286 188 343
phone 0.0065 127 320 186 371
phone 0.0065 200 240 234 297
phone 0.0064 124 197 134 210
phone 0.0064 170 286 203 343
phone 0.0064 188 29 247 77
phone 0.0064 217 289 266 399
phone 0.0064 169 87 204 143
phone 0.0064 139 301 172 359
phone 0.0063 110 14 171 62
phone 0.0063 77 87 111 143
phone 0.0063 30 55 66 113
phone 0.0063 17 332 81 399
phone 0.0063 92 56 127 112
phone 0.0063 219 91 266 139
phone 0.0063 264 367 266 399
phone 0.0063 263 332 266 399
phone 0.0062 112 34 170 104
phone 0.0062 154 40 189 97
phone 0.0062 150 145 193 208
phone 0.0062 234 60 266 108
phone 0.0062 105 232 123 266
phone 0.0062 123 283 189 399
phone 0.0062 3 367 64 399
phone 0.0062 249 91 266 139
phone 0.0061 203 24 233 82
phone 0.0061 138 39 173 97
phone 0.0061 233 27 266 141
phone 0.0061 0 332 50 399
phone 0.0061 219 45 266 93
phone 0.0061 105 223 145 283
phone 0.0061 0 88 2 202
phone 0.0061 213 159 266 285
phone 0.0061 0 122 3 169
phone 0.0061 0 119 0 283
phone 0.0061 139 271 173 328
phone 0.0061 29 132 67 190
phone 0.0061 248 42 266 156
phone 0.0061 0 54 2 113
phone 0.0061 217 0 266 110
phone 0.0061 220 196 266 249
phone 0.0061 0 23 2 83
phone 0.0061 169 256 204 312
phone 0.0060 216 209 250 266
phone 0.0060 189 305 246 355
phone 0.0060 250 137 266 185
phone 0.0060 28 208 68 268
phone 0.0060 0 14 48 62
phone 0.0060 17 362 49 399
phone 0.0060 168 226 205 280
phone 0.0060 0 332 19 399
phone 0.0060 173 14 232 62
phone 0.0060 0 259 18 370
phone 0.0060 0 0 3 96
phone 0.0060 216 117 250 174
phone 0.0060 0 367 17 399
phone 0.0060 0 332 3 399
phone 0.0060 45 133 225 399
phone 0.0060 203 337 263 385
phone 0.0060 2 362 34 399
phone 0.0060 247 103 266 218
phone 0.0060 0 367 2 399
phone 0.0059 205 289 261 341
phone 0.0059 218 54 248 113
phone 0.0059 47 332 112 399
phone 0.0059 78 332 143 399
phone 0.0059 33 362 64 399
phone 0.0059 234 106 266 154
phone 0.0058 218 367 266 399
phone 0.0058 249 367 266 399
phone 0.0058 61 88 96 142
phone 0.0058 265 69 266 129
phone 0.0058 234 23 264 82
phone 0.0058 92 86 127 143
phone 0.0058 185 256 219 312
phone 0.0058 0 285 2 345
phone 0.0058 33 367 95 399
phone 0.0058 101 251 111 263
phone 0.0058 249 337 266 385
phone 0.0058 46 39 81 97
phone 0.0058 121 44 191 124
phone 0.0058 185 56 219 112
phone 0.0058 234 291 266 339
phone 0.0058 202 71 233 128
phone 0.0058 231 72 266 188
phone 0.0058 3 290 64 399
phone 0.0058 184 87 219 142
phone 0.0058 233 332 266 399
phone 0.0058 2 284 33 345
phone 0.0058 61 226 96 281
phone 0.0058 264 131 266 190
phone 0.0058 169 56 204 112
phone 0.0058 114 151 144 178
phone 0.0058 176 167 206 193
phone 0.0058 250 199 266 246
phone 0.0057 158 131 246 192
phone 0.0057 249 45 266 93
phone 0.0057 265 337 266 385
phone 0.0057 249 229 266 277
phone 0.0057 61 40 97 97
phone 0.0057 235 244 266 293
phone 0.0057 218 24 248 82
phone 0.0057 3 323 63 368
phone 0.0057 232 258 266 371
phone 0.0057 218 331 248 390
phone 0.0057 187 9 218 67
phone 0.0057 18 316 48 375
phone 0.0057 18 0 79 46
phone 0.0057 263 57 266 172
phone 0.0057 265 106 266 154
phone 0.0057 248 165 266 279
phone 0.0057 0 304 34 399
phone 0.0057 50 320 109 370
phone 0.0057 186 332 250 399
phone 0.0056 205 99 261 161
phone 0.0056 77 40 112 97
phone 0.0056 34 0 93 30
phone 0.0056 233 209 264 267
phone 0.0056 248 211 266 325
phone 0.0056 109 332 174 399
phone 0.0056 0 0 1 30
phone 0.0056 265 229 266 277
phone 0.0056 250 168 266 216
phone 0.0056 123 71 157 128
phone 0.0056 113 187 130 219
phone 0.0056 0 27 3 141
phone 0.0056 249 260 266 308
phone 0.0056 218 285 248 344
phone 0.0056 248 0 266 110
phone 0.0056 139 71 173 127
phone 0.0056 0 322 2 370
phone 0.0056 75 144 106 170
phone 0.0055 48 362 80 399
phone 0.0055 4 0 63 30
phone 0.0055 147 165 226 250
phone 0.0055 203 300 233 360
phone 0.0055 263 196 266 310
phone 0.0055 140 321 203 399
phone 0.0055 248 288 266 399
phone 0.0055 200 148 234 204
phone 0.0055 250 0 266 30
phone 0.0055 264 193 266 251
phone 0.0055 34 338 93 384
phone 0.0055 49 331 79 391
phone 0.0055 0 8 18 67
phone 0.0055 265 45 266 93
phone 0.0055 231 194 266 312
phone 0.0055 157 315 187 376
phone 0.0055 93 286 127 343
phone 0.0055 126 0 156 51
phone 0.0055 202 363 234 399
phone 0.0055 203 331 233 390
phone 0.0055 0 0 32 30
phone 0.0054 0 84 2 145
phone 0.0054 265 260 266 308
phone 0.0054 0 322 17 370
phone 0.0054 219 0 266 30
phone 0.0054 65 0 124 30
phone 0.0054 265 0 266 30
phone 0.0054 0 273 3 387
phone 0.0054 233 0 266 64
phone 0.0054 263 0 266 110
phone 0.0054 203 14 263 62
phone 0.0054 120 148 138 182
phone 0.0054 264 239 266 298
phone 0.0054 0 136 29 163
phone 0.0054 264 0 266 64
phone 0.0054 200 211 235 265
phone 0.0054 263 104 266 218
phone 0.0054 182 163 199 197
phone 0.0054 203 254 263 314
phone 0.0054 249 306 266 354
phone 0.0054 18 0 48 51
phone 0.0054 0 14 2 62
phone 0.0054 265 306 266 354
phone 0.0054 265 153 266 200
phone 0.0054 264 162 266 221
phone 0.0054 156 347 187 399
phone 0.0054 95 0 156 46
phone 0.0054 215 95 266 226
phone 0.0053 157 353 217 399
phone 0.0053 263 242 266 356
phone 0.0053 64 367 125 399
phone 0.0053 49 0 79 37
phone 0.0053 65 0 94 37
phone 0.0053 172 367 233 399
phone 0.0053 21 108 106 184
phone 0.0053 34 0 63 37
phone 0.0053 14 162 52 221
phone 0.0053 109 243 119 256
phone 0.0053 263 150 266 263
phone 0.0053 216 240 249 297
phone 0.0053 108 55 142 113
phone 0.0053 187 0 249 64
phone 0.0053 157 0 217 46
phone 0.0053 110 0 141 51
phone 0.0053 108 86 142 143
phone 0.0053 173 0 232 30
phone 0.0053 79 0 141 64
phone 0.0052 95 367 156 399
phone 0.0052 82 140 99 174
phone 0.0052 0 231 10 355
phone 0.0052 60 311 76 342
phone 0.0052 0 0 17 37
phone 0.0052 126 353 186 399
phone 0.0052 33 331 64 391
phone 0.0052 80 0 109 37
phone 0.0052 6 292 37 315
phone 0.0052 63 362 95 399
phone 0.0052 0 307 47 353
phone 0.0052 52 315 84 338
phone 0.0052 13 288 30 318
phone 0.0052 172 347 202 399
phone 0.0051 173 322 231 369
phone 0.0051 187 363 218 399
phone 0.0051 203 0 233 51
phone 0.0051 249 14 266 62
phone 0.0051 173 315 202 376
phone 0.0051 157 190 247 255
phone 0.0051 141 346 172 399
phone 0.0051 38 191 120 254
phone 0.0051 142 0 201 31
phone 0.0051 220 131 266 191
phone 0.0051 233 178 264 236
phone 0.0051 5 132 23 166
phone 0.0051 200 180 235 234
phone 0.0051 122 192 159 252
phone 0.0050 187 331 218 390
phone 0.0050 78 362 111 399
phone 0.0050 13 300 45 322
phone 0.0050 21 296 37 326
phone 0.0050 188 0 217 37
phone 0.0050 94 362 126 399
