phone 0.9176 90 147 171 299
phone 0.0888 42 115 221 341
phone 0.0792 99 166 152 248
phone 0.0709 61 192 166 314
phone 0.0675 109 178 173 267
phone 0.0576 96 185 210 320
phone 0.0470 84 106 186 258
phone 0.0450 65 153 157 261
phone 0.0443 98 196 154 280
phone 0.0334 82 170 227 275
phone 0.0323 136 198 244 316
phone 0.0313 50 245 164 394
phone 0.0300 79 225 181 341
phone 0.0273 28 196 112 323
phone 0.0233 195 123 266 280
phone 0.0231 0 215 88 371
phone 0.0228 32 137 116 270
phone 0.0210 91 190 129 255
phone 0.0198 115 122 227 261
phone 0.0197 24 250 117 386
phone 0.0193 6 179 205 399
phone 0.0175 155 181 218 265
phone 0.0169 160 154 245 291
phone 0.0157 68 236 98 262
phone 0.0151 123 176 220 239
phone 0.0150 205 209 266 311
phone 0.0148 10 154 88 291
phone 0.0148 74 233 92 266
phone 0.0146 117 83 211 209
phone 0.0143 186 68 266 211
phone 0.0142 85 281 178 399
phone 0.0135 49 113 140 239
phone 0.0134 121 222 222 345
phone 0.0130 170 203 235 273
phone 0.0129 78 243 88 256
phone 0.0128 117 219 164 288
phone 0.0126 67 78 148 211
phone 0.0122 168 219 266 348
phone 0.0120 0 97 89 246
phone 0.0119 15 186 82 259
phone 0.0118 43 65 266 278
phone 0.0117 122 213 221 264
phone 0.0115 100 254 212 375
phone 0.0114 158 207 216 300
phone 0.0113 168 192 205 253
phone 0.0112 0 191 72 315
phone 0.0110 153 153 221 231
phone 0.0105 106 249 175 319
phone 0.0105 12 285 85 344
phone 0.0105 75 219 145 288
phone 0.0105 169 169 235 245
phone 0.0104 159 296 246 399
phone 0.0103 35 322 110 399
phone 0.0102 185 208 219 267
phone 0.0101 133 241 210 297
phone 0.0101 31 193 65 252
phone 0.0099 111 313 202 399
phone 0.0099 66 308 142 399
phone 0.0098 47 145 112 208
phone 0.0097 32 152 96 231
phone 0.0097 32 74 116 210
phone 0.0096 160 198 190 224
phone 0.0096 28 266 100 333
phone 0.0095 40 286 118 344
phone 0.0094 102 285 179 345
phone 0.0092 96 79 155 243
phone 0.0092 14 249 83 319
phone 0.0091 137 144 206 209
phone 0.0091 27 301 101 360
phone 0.0090 181 300 255 360
phone 0.0090 52 182 137 232
phone 0.0089 32 285 64 344
phone 0.0088 117 302 196 359
phone 0.0087 170 345 235 399
phone 0.0086 167 194 184 228
phone 0.0086 55 271 134 328
phone 0.0086 180 254 256 314
phone 0.0085 93 224 127 283
phone 0.0085 155 241 188 296
phone 0.0085 170 235 235 302
phone 0.0085 66 364 124 399
phone 0.0085 105 346 177 399
phone 0.0085 91 161 128 222
phone 0.0084 189 363 246 399
phone 0.0083 154 211 188 265
phone 0.0082 111 121 171 171
phone 0.0082 152 180 190 235
phone 0.0082 133 271 210 328
phone 0.0082 0 125 57 285
phone 0.0081 46 162 81 221
phone 0.0081 53 213 136 263
phone 0.0081 93 360 158 399
phone 0.0081 153 359 220 399
phone 0.0081 123 255 158 313
phone 0.0081 0 273 68 325
phone 0.0080 111 163 266 355
phone 0.0080 160 213 190 239
phone 0.0080 42 192 116 253
phone 0.0080 125 117 157 174
phone 0.0080 190 265 266 395
phone 0.0080 62 316 95 374
phone 0.0080 56 299 133 361
phone 0.0080 17 239 49 298
phone 0.0079 0 199 50 246
phone 0.0078 105 235 145 302
phone 0.0078 127 129 186 193
phone 0.0078 169 221 205 285
phone 0.0078 16 208 49 267
phone 0.0077 170 264 235 335
phone 0.0077 5 300 75 399
phone 0.0077 184 177 220 237
phone 0.0077 88 330 163 392
phone 0.0076 109 116 141 174
phone 0.0076 81 133 139 220
phone 0.0076 46 255 81 313
phone 0.0076 134 208 177 268
phone 0.0076 98 122 153 200
phone 0.0076 79 120 141 171
phone 0.0075 47 301 80 359
phone 0.0075 78 332 111 390
phone 0.0075 31 255 65 313
phone 0.0075 2 193 33 252
phone 0.0075 41 222 117 285
phone 0.0075 171 205 180 217
phone 0.0075 169 162 205 222
phone 0.0075 202 188 265 257
phone 0.0075 62 287 96 343
phone 0.0075 40 253 118 315
phone 0.0075 0 259 48 370
phone 0.0075 171 212 180 225
phone 0.0074 200 302 234 358
phone 0.0074 156 243 218 325
phone 0.0074 52 243 137 295
phone 0.0074 0 292 49 338
phone 0.0074 32 162 65 221
phone 0.0074 78 236 88 248
phone 0.0073 179 222 256 284
phone 0.0073 94 116 126 174
phone 0.0073 109 347 142 399
phone 0.0073 123 287 157 343
phone 0.0073 185 332 219 390
phone 0.0072 198 283 266 347
phone 0.0072 94 346 126 399
phone 0.0072 185 254 219 313
phone 0.0072 78 180 111 234
phone 0.0072 200 256 234 312
phone 0.0072 19 148 79 205
phone 0.0072 166 209 184 243
phone 0.0072 124 347 157 399
phone 0.0072 3 285 33 344
phone 0.0071 2 323 64 369
phone 0.0071 216 239 250 298
phone 0.0071 139 302 173 358
phone 0.0071 17 269 49 329
phone 0.0070 18 316 48 375
phone 0.0070 185 159 250 225
phone 0.0070 216 208 250 267
phone 0.0070 77 272 111 327
phone 0.0070 18 338 79 384
phone 0.0069 0 63 54 222
phone 0.0069 2 137 64 185
phone 0.0069 203 347 233 399
phone 0.0069 0 260 49 308
phone 0.0069 64 133 125 189
phone 0.0069 154 271 188 327
phone 0.0069 172 91 233 139
phone 0.0069 201 329 266 399
phone 0.0069 18 122 79 169
phone 0.0069 48 121 110 170
phone 0.0069 33 331 64 391
phone 0.0069 147 249 229 380
phone 0.0069 154 147 188 205
phone 0.0068 68 251 98 278
phone 0.0068 171 58 233 171
phone 0.0068 46 225 81 282
phone 0.0068 188 121 247 170
phone 0.0067 95 91 155 139
phone 0.0067 127 0 186 30
phone 0.0067 204 0 263 30
phone 0.0067 94 257 157 342
phone 0.0067 65 91 125 139
phone 0.0067 110 0 171 64
phone 0.0067 218 0 266 64
phone 0.0067 187 0 248 64
phone 0.0066 173 0 232 30
phone 0.0066 96 0 155 30
phone 0.0066 141 117 172 174
phone 0.0066 141 0 202 64
phone 0.0066 63 58 126 171
phone 0.0066 18 131 48 190
phone 0.0066 110 57 172 172
phone 0.0066 64 116 95 174
phone 0.0065 62 179 96 235
phone 0.0065 188 85 217 144
phone 0.0065 31 224 65 282
phone 0.0065 157 76 217 123
phone 0.0065 77 302 111 358
phone 0.0065 80 76 140 123
phone 0.0065 34 116 64 175
phone 0.0065 78 210 111 265
phone 0.0065 202 116 233 174
phone 0.0065 2 167 64 216
phone 0.0065 0 228 49 278
phone 0.0065 142 91 202 139
phone 0.0065 203 91 263 139
phone 0.0065 74 248 92 282
phone 0.0065 172 140 232 213
phone 0.0065 156 42 218 156
phone 0.0065 155 348 188 399
phone 0.0065 34 91 94 139
phone 0.0065 250 0 266 30
phone 0.0064 126 76 186 123
phone 0.0064 79 42 141 156
phone 0.0064 49 76 109 123
phone 0.0064 79 0 140 64
phone 0.0064 142 0 171 37
phone 0.0064 219 0 248 37
phone 0.0064 126 0 156 37
phone 0.0064 234 0 263 37
phone 0.0064 17 73 80 187
phone 0.0064 263 332 266 399
phone 0.0064 157 120 217 171
phone 0.0064 203 0 232 37
phone 0.0064 264 367 266 399
phone 0.0064 140 58 203 171
phone 0.0064 139 363 173 399
phone 0.0064 34 368 94 399
phone 0.0064 77 248 144 320
phone 0.0064 111 85 140 144
phone 0.0064 172 85 202 144
phone 0.0064 0 0 32 30
phone 0.0064 125 42 187 156
phone 0.0064 218 106 266 154
phone 0.0064 203 85 233 144
phone 0.0064 3 367 64 399
phone 0.0064 188 0 217 37
phone 0.0064 95 85 125 144
phone 0.0064 2 238 33 299
phone 0.0064 48 42 111 156
phone 0.0064 157 0 186 37
phone 0.0063 188 76 248 123
phone 0.0063 65 0 124 30
phone 0.0063 173 0 202 37
phone 0.0063 80 85 110 144
phone 0.0063 111 0 140 37
phone 0.0063 0 87 165 372
phone 0.0063 19 0 78 30
phone 0.0063 126 85 156 144
phone 0.0063 185 301 219 359
phone 0.0063 17 161 49 222
phone 0.0063 0 0 48 64
phone 0.0063 0 332 50 399
phone 0.0063 187 42 249 156
phone 0.0063 65 85 94 144
phone 0.0063 79 117 110 174
phone 0.0063 33 0 94 64
phone 0.0063 48 362 80 399
phone 0.0062 171 220 180 233
phone 0.0062 3 106 63 154
phone 0.0062 76 277 144 352
phone 0.0062 265 0 266 37
phone 0.0062 34 134 94 188
phone 0.0062 96 0 125 37
phone 0.0062 17 362 49 399
phone 0.0062 154 302 188 358
phone 0.0062 0 0 1 30
phone 0.0062 0 0 17 64
phone 0.0062 157 85 187 144
phone 0.0062 139 332 173 389
phone 0.0061 218 85 248 144
phone 0.0061 0 0 2 64
phone 0.0061 49 85 79 144
phone 0.0061 142 69 171 129
phone 0.0061 249 322 266 369
phone 0.0061 2 362 33 399
phone 0.0061 108 317 142 374
phone 0.0061 33 362 64 399
phone 0.0061 216 286 250 343
phone 0.0061 200 225 234 281
phone 0.0061 80 0 109 37
phone 0.0061 34 85 64 144
phone 0.0061 221 255 266 313
phone 0.0061 217 57 266 172
phone 0.0061 200 178 234 236
phone 0.0061 123 317 157 373
phone 0.0061 34 0 63 37
phone 0.0061 264 0 266 64
phone 0.0060 62 210 96 266
phone 0.0060 171 116 203 174
phone 0.0060 50 0 79 37
phone 0.0060 214 232 266 366
phone 0.0060 19 0 48 37
phone 0.0060 0 122 48 169
phone 0.0060 248 289 266 399
phone 0.0060 0 153 48 200
phone 0.0060 65 0 94 37
phone 0.0060 218 116 249 174
phone 0.0060 219 137 266 185
phone 0.0060 64 362 95 399
phone 0.0060 18 76 79 123
phone 0.0060 234 337 266 385
phone 0.0060 0 332 19 399
phone 0.0060 187 116 218 174
phone 0.0060 0 367 17 399
phone 0.0059 65 60 125 108
phone 0.0059 142 60 202 108
phone 0.0059 172 60 232 108
phone 0.0059 216 103 266 218
phone 0.0059 0 332 3 399
phone 0.0059 18 100 48 159
phone 0.0059 169 254 204 314
phone 0.0059 249 367 266 399
phone 0.0059 77 241 111 296
phone 0.0059 0 367 2 399
phone 0.0059 3 162 33 221
phone 0.0059 111 60 171 108
phone 0.0059 122 144 152 170
phone 0.0059 75 326 91 358
phone 0.0059 264 316 266 375
phone 0.0059 0 223 18 282
phone 0.0058 126 106 187 154
phone 0.0058 67 330 99 354
phone 0.0058 234 85 264 144
phone 0.0058 0 303 34 399
phone 0.0058 3 131 33 190
phone 0.0058 234 116 264 174
phone 0.0058 108 286 142 344
phone 0.0058 49 116 79 174
phone 0.0058 160 229 190 255
phone 0.0058 93 317 127 374
phone 0.0058 94 26 157 141
phone 0.0057 34 60 94 108
phone 0.0057 172 54 202 113
phone 0.0057 61 256 96 312
phone 0.0057 265 337 266 385
phone 0.0057 170 332 204 389
phone 0.0057 33 26 95 141
phone 0.0057 249 137 266 185
phone 0.0057 157 54 187 113
phone 0.0056 80 54 110 113
phone 0.0056 93 255 127 313
phone 0.0056 188 54 217 113
phone 0.0056 0 254 18 313
phone 0.0056 216 178 250 236
phone 0.0056 2 42 64 156
phone 0.0056 0 91 48 139
phone 0.0056 168 205 198 232
phone 0.0056 65 54 94 113
phone 0.0056 233 147 264 205
phone 0.0056 126 54 156 113
phone 0.0056 220 303 266 357
phone 0.0056 248 104 266 218
phone 0.0056 95 54 125 113
phone 0.0056 108 124 174 229
phone 0.0055 3 100 33 159
phone 0.0055 218 75 266 123
phone 0.0055 111 54 140 113
phone 0.0055 128 140 146 174
phone 0.0055 232 270 265 328
phone 0.0055 249 100 266 159
phone 0.0055 0 162 17 221
phone 0.0055 78 336 88 348
phone 0.0054 49 54 79 113
phone 0.0054 78 259 88 271
phone 0.0054 157 45 217 93
phone 0.0054 0 199 17 246
phone 0.0054 0 131 17 190
phone 0.0054 218 367 266 399
phone 0.0054 265 137 266 185
phone 0.0054 203 54 233 113
phone 0.0054 156 117 187 174
phone 0.0054 0 291 17 339
phone 0.0054 18 70 48 129
phone 0.0054 203 60 263 108
phone 0.0054 49 45 109 93
phone 0.0054 126 45 186 93
phone 0.0054 140 11 203 126
phone 0.0053 3 60 63 108
phone 0.0053 263 104 266 218
phone 0.0053 0 337 2 385
phone 0.0053 95 45 156 93
phone 0.0053 205 148 261 204
phone 0.0053 170 285 204 344
phone 0.0053 202 26 264 141
phone 0.0053 0 322 17 370
phone 0.0053 249 168 266 216
phone 0.0053 63 11 126 126
phone 0.0053 171 11 234 126
phone 0.0053 110 11 172 126
phone 0.0053 0 57 34 172
phone 0.0053 0 214 2 262
phone 0.0053 0 183 2 231
phone 0.0053 34 54 64 113
phone 0.0053 265 307 266 354
phone 0.0053 0 152 2 200
phone 0.0053 139 272 173 327
phone 0.0053 265 168 266 216
phone 0.0053 0 245 2 293
phone 0.0053 0 273 18 387
phone 0.0052 0 275 2 323
phone 0.0052 264 147 266 205
phone 0.0052 265 106 266 154
phone 0.0052 0 106 17 154
phone 0.0052 171 228 180 240
phone 0.0052 250 199 266 247
phone 0.0052 92 286 127 343
phone 0.0052 0 180 3 295
phone 0.0052 0 134 3 249
phone 0.0052 265 199 266 246
phone 0.0052 188 45 248 93
phone 0.0052 247 149 266 264
phone 0.0052 0 122 2 170
phone 0.0052 171 197 180 209
phone 0.0052 190 369 222 392
phone 0.0052 65 29 125 77
phone 0.0052 265 29 266 77
phone 0.0052 263 273 266 386
phone 0.0052 34 29 94 77
phone 0.0052 263 150 266 264
phone 0.0052 18 45 79 93
phone 0.0052 0 226 3 341
phone 0.0052 202 374 211 387
phone 0.0052 0 75 32 123
phone 0.0052 265 245 266 292
phone 0.0052 142 29 202 77
phone 0.0052 0 306 2 354
phone 0.0052 137 182 167 209
phone 0.0051 111 29 171 77
phone 0.0051 166 225 184 259
phone 0.0051 198 365 214 396
phone 0.0051 0 88 3 202
phone 0.0051 160 182 190 209
phone 0.0051 263 0 266 110
phone 0.0051 17 11 80 126
phone 0.0051 218 54 248 113
phone 0.0051 0 29 2 77
phone 0.0051 172 29 232 77
phone 0.0051 0 91 2 139
phone 0.0051 263 212 266 325
phone 0.0051 0 273 3 387
phone 0.0051 142 39 171 98
phone 0.0051 250 291 266 339
phone 0.0051 248 0 266 95
phone 0.0051 174 201 192 236
phone 0.0051 3 29 63 77
phone 0.0051 263 57 266 172
phone 0.0051 264 178 266 236
phone 0.0051 265 291 266 339
phone 0.0050 233 239 264 298
phone 0.0050 265 75 266 123
phone 0.0050 49 14 109 62
phone 0.0050 120 140 138 174
phone 0.0050 19 14 78 62
phone 0.0050 0 60 2 108
phone 0.0050 0 0 34 95
phone 0.0050 250 14 266 62
phone 0.0050 218 331 248 391
phone 0.0050 0 29 17 77
phone 0.0050 249 75 266 123
phone 0.0050 0 42 3 156
