phone 0.7780 186 44 251 156
phone 0.1329 159 25 261 140
phone 0.0877 183 41 232 117
phone 0.0734 95 26 254 178
phone 0.0383 71 42 209 217
phone 0.0356 13 0 212 153
phone 0.0318 182 52 323 199
phone 0.0305 0 19 121 238
phone 0.0290 11 0 96 138
phone 0.0290 146 51 237 107
phone 0.0287 238 22 331 167
phone 0.0271 97 95 194 247
phone 0.0257 190 11 255 118
phone 0.0248 121 0 330 220
phone 0.0248 195 38 280 121
phone 0.0235 160 0 251 89
phone 0.0227 55 93 169 228
phone 0.0225 190 15 316 142
phone 0.0218 128 17 224 140
phone 0.0218 124 107 228 235
phone 0.0211 187 80 266 225
phone 0.0179 160 127 244 252
phone 0.0174 8 118 86 264
phone 0.0173 32 26 105 102
phone 0.0172 234 70 303 150
phone 0.0170 106 151 185 223
phone 0.0168 98 98 162 183
phone 0.0161 139 63 214 126
phone 0.0158 174 50 210 108
phone 0.0157 46 62 152 188
phone 0.0155 213 0 322 100
phone 0.0154 80 138 180 266
phone 0.0151 224 38 399 168
phone 0.0150 125 40 196 118
phone 0.0150 37 120 120 255
phone 0.0147 83 116 146 196
phone 0.0143 31 26 136 163
phone 0.0142 138 141 215 202
phone 0.0136 0 29 70 174
phone 0.0136 270 59 359 191
phone 0.0136 199 88 246 163
phone 0.0135 94 0 197 130
phone 0.0134 236 24 301 104
phone 0.0134 262 59 336 130
phone 0.0132 110 115 181 197
phone 0.0132 81 91 149 160
phone 0.0129 259 15 370 143
phone 0.0129 85 29 176 160
phone 0.0127 140 31 213 97
phone 0.0125 181 140 294 263
phone 0.0124 33 55 104 134
phone 0.0123 158 50 194 108
phone 0.0122 112 155 210 266
phone 0.0117 61 111 138 171
phone 0.0116 97 111 132 170
phone 0.0116 145 72 238 208
phone 0.0111 91 171 170 234
phone 0.0111 26 0 81 71
phone 0.0111 7 8 69 89
phone 0.0111 253 97 329 221
phone 0.0111 250 80 287 140
phone 0.0110 59 0 140 104
phone 0.0110 218 15 288 82
phone 0.0110 204 103 272 179
phone 0.0110 213 62 262 127
phone 0.0110 121 172 201 233
phone 0.0108 111 110 149 171
phone 0.0107 50 34 87 93
phone 0.0106 250 0 346 84
phone 0.0106 204 109 303 233
phone 0.0105 279 94 351 156
phone 0.0104 98 74 163 146
phone 0.0104 159 144 193 199
phone 0.0104 125 12 196 85
phone 0.0104 32 89 105 162
phone 0.0103 0 94 63 230
phone 0.0103 199 30 245 97
phone 0.0103 157 151 227 223
phone 0.0102 0 170 70 266
phone 0.0102 127 158 164 216
phone 0.0102 266 80 302 140
phone 0.0101 80 60 150 129
phone 0.0099 124 72 198 148
phone 0.0099 43 129 125 184
phone 0.0098 0 0 39 0
phone 0.0097 34 33 73 94
phone 0.0097 59 80 140 140
phone 0.0097 209 94 298 157
phone 0.0097 158 124 226 188
phone 0.0096 184 171 261 233
phone 0.0096 106 32 185 96
phone 0.0095 0 263 41 266
phone 0.0094 108 61 183 128
phone 0.0094 251 33 286 94
phone 0.0094 142 49 179 109
phone 0.0094 143 159 179 215
phone 0.0094 92 48 168 110
phone 0.0093 0 0 55 129
phone 0.0093 82 128 116 184
phone 0.0092 174 143 209 200
phone 0.0092 21 3 55 63
phone 0.0092 24 169 114 266
phone 0.0092 149 170 236 266
phone 0.0091 281 66 317 123
phone 0.0090 105 189 187 247
phone 0.0090 112 157 148 216
phone 0.0090 247 92 321 159
phone 0.0089 274 50 355 109
phone 0.0089 111 87 180 163
phone 0.0089 193 0 273 55
phone 0.0089 159 174 193 230
phone 0.0089 42 46 126 112
phone 0.0089 140 108 212 173
phone 0.0088 17 75 90 145
phone 0.0088 200 188 276 247
phone 0.0088 11 159 95 215
phone 0.0088 188 203 257 263
phone 0.0087 234 141 304 202
phone 0.0087 66 137 133 206
phone 0.0087 298 97 331 154
phone 0.0086 108 0 183 68
phone 0.0086 14 189 92 246
phone 0.0086 82 98 116 153
phone 0.0085 264 27 335 100
phone 0.0085 28 143 110 200
phone 0.0085 113 80 147 139
phone 0.0083 269 119 331 192
phone 0.0083 50 66 87 124
phone 0.0082 50 155 119 218
phone 0.0082 220 168 287 237
phone 0.0082 98 81 132 139
phone 0.0082 221 127 255 185
phone 0.0082 214 126 292 186
phone 0.0082 197 143 279 200
phone 0.0081 236 20 270 77
phone 0.0080 126 202 197 264
phone 0.0080 138 1 215 65
phone 0.0080 83 0 147 53
phone 0.0079 127 111 164 170
phone 0.0079 14 124 93 188
phone 0.0079 93 203 168 263
phone 0.0079 6 3 39 62
phone 0.0079 111 124 142 150
phone 0.0079 0 139 76 204
phone 0.0079 67 113 101 168
phone 0.0078 299 63 361 126
phone 0.0078 20 34 55 93
phone 0.0078 189 157 225 217
phone 0.0077 304 56 399 150
phone 0.0076 145 83 239 137
phone 0.0076 252 157 285 216
phone 0.0076 2 60 74 129
phone 0.0075 205 174 239 230
phone 0.0075 67 143 101 199
phone 0.0075 22 220 85 266
phone 0.0075 83 145 147 229
phone 0.0075 143 20 178 77
phone 0.0075 100 0 161 12
phone 0.0075 144 189 178 245
phone 0.0074 282 96 316 154
phone 0.0074 234 70 265 96
phone 0.0074 51 97 86 154
phone 0.0074 142 127 180 185
phone 0.0073 128 66 162 123
phone 0.0073 78 184 152 251
phone 0.0073 158 20 194 77
phone 0.0073 118 120 135 154
phone 0.0073 82 4 116 62
phone 0.0073 128 21 163 76
phone 0.0072 51 174 85 230
phone 0.0072 221 190 255 245
phone 0.0072 174 173 209 231
phone 0.0072 113 51 147 107
phone 0.0072 236 173 270 231
phone 0.0072 66 82 101 138
phone 0.0072 0 220 55 266
phone 0.0072 130 0 161 15
phone 0.0071 63 201 137 265
phone 0.0071 115 0 146 15
phone 0.0071 264 48 304 110
phone 0.0071 162 223 222 266
phone 0.0071 35 66 71 123
phone 0.0071 282 126 316 186
phone 0.0071 0 123 44 189
phone 0.0071 0 0 41 32
phone 0.0071 98 50 132 108
phone 0.0071 178 0 237 57
phone 0.0071 229 112 309 170
phone 0.0070 36 189 70 245
phone 0.0070 131 0 191 12
phone 0.0070 128 190 162 245
phone 0.0070 51 4 86 62
phone 0.0070 129 0 193 46
phone 0.0070 234 93 264 119
phone 0.0070 159 112 193 169
phone 0.0070 0 154 45 220
phone 0.0069 45 13 123 84
phone 0.0069 235 98 271 152
phone 0.0069 0 92 59 158
phone 0.0069 0 186 45 249
phone 0.0069 175 112 208 169
phone 0.0069 181 162 211 188
phone 0.0069 0 49 44 109
phone 0.0069 5 35 39 92
phone 0.0069 93 14 168 83
phone 0.0069 100 0 130 16
phone 0.0069 113 189 147 246
phone 0.0069 297 67 332 122
phone 0.0069 67 173 101 231
phone 0.0068 314 51 346 107
phone 0.0068 165 85 195 112
phone 0.0068 267 142 301 200
phone 0.0068 146 0 177 15
phone 0.0067 36 159 70 214
phone 0.0067 203 90 219 122
phone 0.0067 195 93 227 119
phone 0.0067 52 219 117 266
phone 0.0066 51 128 85 184
phone 0.0066 241 66 259 100
phone 0.0066 82 67 116 122
phone 0.0066 159 81 193 138
phone 0.0066 69 0 131 11
phone 0.0066 236 143 270 200
phone 0.0066 180 221 196 252
phone 0.0066 172 225 204 249
phone 0.0065 285 0 345 43
phone 0.0065 142 80 179 139
phone 0.0065 209 0 267 29
phone 0.0065 21 204 55 261
phone 0.0065 251 128 285 184
phone 0.0065 165 69 195 97
phone 0.0065 175 204 208 262
phone 0.0065 67 165 133 239
phone 0.0065 21 159 55 215
phone 0.0064 159 204 193 262
phone 0.0064 6 204 39 261
phone 0.0064 172 81 189 115
phone 0.0064 128 0 398 134
phone 0.0064 39 0 99 11
phone 0.0063 53 0 115 44
phone 0.0063 187 158 204 192
phone 0.0063 193 218 222 266
phone 0.0063 257 54 288 81
phone 0.0063 122 131 131 143
phone 0.0063 7 0 70 29
phone 0.0063 192 0 253 11
phone 0.0063 36 97 70 153
phone 0.0063 241 89 258 123
phone 0.0063 270 0 330 11
phone 0.0063 52 204 85 262
phone 0.0063 190 189 224 246
phone 0.0063 287 146 343 197
phone 0.0063 209 224 267 266
phone 0.0063 85 0 115 16
phone 0.0062 0 19 44 78
phone 0.0062 267 112 301 169
phone 0.0062 161 0 192 15
phone 0.0062 68 0 131 29
phone 0.0062 284 0 316 46
phone 0.0062 270 209 329 257
phone 0.0062 37 0 70 46
phone 0.0062 313 60 379 190
phone 0.0062 316 9 375 57
phone 0.0062 208 218 238 266
phone 0.0062 114 221 177 266
phone 0.0062 238 207 300 266
phone 0.0062 298 0 363 76
phone 0.0062 66 52 102 106
phone 0.0062 21 66 55 123
phone 0.0062 239 240 298 266
phone 0.0062 301 178 360 226
phone 0.0062 37 0 101 29
phone 0.0062 158 54 187 81
phone 0.0061 8 0 68 11
phone 0.0061 255 224 314 266
phone 0.0061 82 218 148 266
phone 0.0061 183 230 193 243
phone 0.0061 69 0 99 16
phone 0.0061 99 0 162 28
phone 0.0061 281 35 317 92
phone 0.0061 331 0 391 41
phone 0.0061 224 0 302 46
phone 0.0061 281 108 349 235
phone 0.0061 54 0 84 16
phone 0.0061 313 82 347 138
phone 0.0061 285 194 345 241
phone 0.0061 299 145 362 258
phone 0.0061 300 0 360 11
phone 0.0061 145 0 208 28
phone 0.0061 268 0 331 29
phone 0.0060 98 204 131 261
phone 0.0060 36 128 70 184
phone 0.0060 316 147 375 195
phone 0.0060 300 0 360 26
phone 0.0060 162 0 222 12
phone 0.0060 175 0 209 46
phone 0.0060 172 66 189 100
phone 0.0060 238 0 269 31
phone 0.0060 363 69 399 181
phone 0.0060 206 100 216 112
phone 0.0060 208 0 238 15
phone 0.0060 360 101 399 150
phone 0.0060 317 115 374 166
phone 0.0060 331 3 361 62
phone 0.0060 285 0 315 16
phone 0.0060 267 3 301 62
phone 0.0060 300 0 330 16
phone 0.0060 174 20 209 76
phone 0.0060 176 0 239 28
phone 0.0059 5 174 39 231
phone 0.0059 315 265 378 266
phone 0.0059 239 0 299 11
phone 0.0059 314 114 378 228
phone 0.0059 315 0 346 46
phone 0.0059 82 35 117 92
phone 0.0059 300 142 330 201
phone 0.0059 206 92 216 105
phone 0.0059 67 204 101 262
phone 0.0059 360 70 399 119
phone 0.0059 39 0 68 16
phone 0.0059 285 203 315 262
phone 0.0059 254 234 284 266
phone 0.0059 329 0 393 90
phone 0.0059 192 0 223 15
phone 0.0059 221 159 254 214
phone 0.0059 5 66 39 123
phone 0.0059 205 0 240 46
phone 0.0058 346 0 376 47
phone 0.0058 361 8 399 58
phone 0.0058 315 172 346 231
phone 0.0058 82 204 116 261
phone 0.0058 23 0 53 16
phone 0.0058 270 0 299 16
phone 0.0058 5 143 39 200
phone 0.0058 269 218 299 266
phone 0.0058 188 222 203 252
phone 0.0058 265 62 295 88
phone 0.0058 171 104 244 178
phone 0.0058 264 50 281 85
phone 0.0058 97 157 132 217
phone 0.0058 164 51 181 84
phone 0.0058 360 131 399 180
phone 0.0058 300 188 330 247
phone 0.0058 245 77 254 89
phone 0.0058 264 179 297 202
phone 0.0058 316 0 345 16
phone 0.0057 303 131 358 181
phone 0.0057 363 238 399 266
phone 0.0057 126 232 158 257
phone 0.0057 177 0 207 15
phone 0.0057 134 228 150 261
phone 0.0057 362 23 399 134
phone 0.0057 268 237 331 266
phone 0.0057 331 142 361 200
phone 0.0057 0 0 23 1
phone 0.0057 239 218 268 266
phone 0.0057 97 4 132 62
phone 0.0057 364 262 399 266
phone 0.0057 234 51 272 108
phone 0.0057 0 0 36 11
phone 0.0057 331 111 361 170
phone 0.0057 5 112 39 169
phone 0.0057 331 0 391 11
phone 0.0057 224 218 253 266
phone 0.0057 268 158 332 266
phone 0.0057 275 184 285 197
phone 0.0057 361 254 399 266
phone 0.0057 146 218 177 266
phone 0.0057 331 0 361 31
phone 0.0057 242 186 272 211
phone 0.0056 254 0 284 16
phone 0.0056 269 253 331 266
phone 0.0056 195 158 212 192
phone 0.0056 273 176 288 206
phone 0.0056 363 192 399 266
phone 0.0056 361 0 399 11
phone 0.0056 238 253 300 266
phone 0.0056 115 0 146 1
phone 0.0056 239 0 299 26
phone 0.0056 362 115 399 227
phone 0.0056 82 173 116 231
phone 0.0056 0 249 41 266
phone 0.0056 361 0 399 27
phone 0.0056 191 230 200 243
phone 0.0056 21 112 55 169
phone 0.0056 287 148 320 171
phone 0.0056 130 0 161 0
phone 0.0055 162 256 221 266
phone 0.0055 192 253 254 266
phone 0.0055 161 0 192 0
phone 0.0055 0 219 23 266
phone 0.0055 0 81 24 138
phone 0.0055 176 0 208 1
phone 0.0055 203 74 219 107
phone 0.0055 176 237 239 266
phone 0.0055 100 0 131 1
phone 0.0055 146 0 177 0
phone 0.0055 316 126 345 186
phone 0.0055 195 78 227 104
phone 0.0055 296 145 311 175
phone 0.0055 346 18 376 77
phone 0.0055 299 237 362 266
phone 0.0055 299 253 362 266
phone 0.0055 377 95 399 155
phone 0.0055 269 265 299 266
phone 0.0055 285 265 315 266
phone 0.0055 0 0 22 16
phone 0.0055 191 169 200 181
phone 0.0055 361 39 399 88
phone 0.0055 330 237 393 266
phone 0.0055 173 108 203 135
phone 0.0055 297 36 332 92
phone 0.0055 272 58 289 92
phone 0.0054 177 249 207 266
phone 0.0054 346 0 376 16
phone 0.0054 361 162 399 211
phone 0.0054 245 100 254 112
phone 0.0054 332 55 390 103
phone 0.0054 84 0 115 1
phone 0.0054 300 265 330 266
phone 0.0054 195 116 227 142
phone 0.0054 220 5 255 61
phone 0.0054 254 265 284 266
phone 0.0054 284 221 346 266
phone 0.0054 175 92 185 104
phone 0.0054 252 3 285 62
phone 0.0054 192 0 223 1
phone 0.0054 376 64 399 124
phone 0.0054 233 210 266 233
phone 0.0054 22 253 85 266
phone 0.0054 316 209 376 257
phone 0.0054 205 143 240 200
phone 0.0054 299 154 308 166
phone 0.0054 331 132 391 180
phone 0.0054 303 48 334 72
phone 0.0053 330 253 393 266
phone 0.0053 242 206 257 237
phone 0.0053 53 0 85 1
phone 0.0053 310 118 343 141
phone 0.0053 69 0 100 1
phone 0.0053 377 264 399 266
phone 0.0053 7 238 69 266
phone 0.0053 223 0 253 16
phone 0.0053 346 49 377 108
phone 0.0053 377 125 399 186
phone 0.0053 203 113 219 145
phone 0.0053 23 0 54 1
phone 0.0053 192 265 223 266
phone 0.0053 249 182 266 215
phone 0.0053 346 264 376 266
phone 0.0053 346 111 376 170
phone 0.0053 331 194 391 241
phone 0.0053 217 35 258 93
phone 0.0053 346 25 399 72
phone 0.0053 377 248 399 266
phone 0.0053 207 0 238 1
phone 0.0053 316 265 345 266
phone 0.0053 238 265 269 266
phone 0.0053 330 99 393 212
phone 0.0053 319 114 334 144
phone 0.0053 192 249 223 266
phone 0.0053 285 249 315 266
phone 0.0053 238 250 269 266
phone 0.0053 245 215 254 228
phone 0.0053 332 101 390 150
phone 0.0052 376 0 399 48
phone 0.0052 187 17 227 79
phone 0.0052 376 0 399 17
phone 0.0052 38 0 69 1
phone 0.0052 347 86 399 134
phone 0.0052 269 249 299 266
phone 0.0052 376 17 399 79
phone 0.0052 223 249 254 266
phone 0.0052 271 160 328 214
phone 0.0052 330 160 393 266
phone 0.0052 223 0 254 1
phone 0.0052 238 0 269 1
phone 0.0052 331 265 361 266
phone 0.0052 377 218 399 266
phone 0.0052 147 240 206 266
phone 0.0052 310 43 327 76
phone 0.0052 141 228 158 260
phone 0.0052 300 249 330 266
phone 0.0052 67 4 101 62
phone 0.0052 284 0 315 1
phone 0.0052 331 163 391 211
phone 0.0052 104 116 134 142
phone 0.0052 208 265 238 266
phone 0.0052 207 249 238 266
phone 0.0052 331 173 361 231
phone 0.0052 300 0 331 1
phone 0.0052 161 249 192 266
phone 0.0052 223 265 253 266
phone 0.0052 112 20 147 77
phone 0.0051 345 222 399 266
phone 0.0051 177 265 207 266
phone 0.0051 165 154 195 181
phone 0.0051 362 264 392 266
phone 0.0051 346 117 399 164
phone 0.0051 130 253 192 266
phone 0.0051 322 123 331 136
phone 0.0051 99 237 162 266
phone 0.0051 362 18 392 78
phone 0.0051 315 0 346 1
phone 0.0051 331 203 361 262
phone 0.0051 122 123 131 135
phone 0.0051 137 238 147 251
phone 0.0051 269 0 300 1
phone 0.0051 53 253 116 266
phone 0.0051 172 221 188 253
phone 0.0051 376 187 399 248
phone 0.0051 346 203 376 262
phone 0.0051 300 219 330 266
phone 0.0051 346 80 376 139
phone 0.0051 346 249 376 266
phone 0.0051 254 0 284 1
phone 0.0051 316 203 346 262
phone 0.0051 179 104 197 138
phone 0.0051 316 249 345 266
phone 0.0050 362 80 392 139
phone 0.0050 318 43 335 76
phone 0.0050 330 0 361 1
phone 0.0050 377 156 399 217
phone 0.0050 248 66 266 100
phone 0.0050 0 264 22 266
phone 0.0050 346 172 376 231
phone 0.0050 376 0 399 1
