phone 0.9433 200 74 276 207
phone 0.1061 143 55 280 223
phone 0.1051 182 95 264 187
phone 0.0802 183 111 283 251
phone 0.0619 122 61 225 207
phone 0.0560 212 53 293 177
phone 0.0528 237 87 333 226
phone 0.0354 144 157 263 266
phone 0.0331 145 193 208 266
phone 0.0303 268 67 361 214
phone 0.0288 226 88 280 163
phone 0.0283 135 127 210 251
phone 0.0275 82 28 207 183
phone 0.0258 271 104 328 208
phone 0.0243 245 119 323 193
phone 0.0238 199 118 247 193
phone 0.0226 156 12 349 258
phone 0.0225 151 0 254 158
phone 0.0219 239 43 342 181
phone 0.0218 146 110 206 202
phone 0.0217 181 108 354 203
phone 0.0209 253 151 346 266
phone 0.0205 192 155 319 266
phone 0.0205 123 107 199 174
phone 0.0175 213 125 293 218
phone 0.0175 94 129 184 256
phone 0.0172 280 103 350 179
phone 0.0172 188 194 258 266
phone 0.0164 140 85 212 166
phone 0.0159 157 186 195 249
phone 0.0158 56 0 165 176
phone 0.0155 279 87 399 239
phone 0.0155 30 64 124 203
phone 0.0151 57 85 160 238
phone 0.0148 126 137 196 206
phone 0.0146 265 126 303 186
phone 0.0145 267 80 331 170
phone 0.0144 248 196 320 266
phone 0.0143 143 112 178 169
phone 0.0139 106 94 185 157
phone 0.0139 175 205 208 261
phone 0.0137 209 0 268 188
phone 0.0134 122 74 200 146
phone 0.0131 157 124 195 188
phone 0.0131 154 217 230 266
phone 0.0129 277 137 352 206
phone 0.0124 200 180 276 256
phone 0.0124 191 235 268 266
phone 0.0121 54 139 145 265
phone 0.0120 98 185 193 266
phone 0.0120 202 92 244 159
phone 0.0119 204 45 399 222
phone 0.0119 144 142 178 200
phone 0.0119 247 75 321 146
phone 0.0118 85 78 175 203
phone 0.0116 144 205 178 261
phone 0.0114 363 100 399 181
phone 0.0114 123 0 219 132
phone 0.0111 96 122 164 190
phone 0.0111 350 133 399 266
phone 0.0111 154 109 230 172
phone 0.0110 297 95 333 155
phone 0.0110 226 189 311 246
phone 0.0109 204 203 241 263
phone 0.0108 282 204 316 262
phone 0.0107 265 132 295 157
phone 0.0107 294 35 399 186
phone 0.0106 127 166 195 239
phone 0.0106 278 0 373 157
phone 0.0106 335 76 399 204
phone 0.0106 158 168 225 237
phone 0.0104 66 75 133 144
phone 0.0103 276 173 353 231
phone 0.0102 51 91 117 160
phone 0.0102 271 200 359 266
phone 0.0102 211 203 296 263
phone 0.0101 286 77 344 143
phone 0.0101 285 166 376 266
phone 0.0100 219 204 256 262
phone 0.0100 254 142 315 232
phone 0.0100 271 65 328 124
phone 0.0099 165 98 249 153
phone 0.0099 155 142 229 201
phone 0.0099 266 203 302 262
phone 0.0099 129 113 162 169
phone 0.0098 0 0 39 1
phone 0.0097 296 127 333 185
phone 0.0096 223 11 284 147
phone 0.0095 79 202 151 263
phone 0.0095 272 128 289 161
phone 0.0095 50 140 119 202
phone 0.0095 0 263 40 266
phone 0.0094 157 95 195 155
phone 0.0094 193 57 252 132
phone 0.0093 212 47 264 142
phone 0.0092 152 77 231 143
phone 0.0092 63 172 136 233
phone 0.0091 311 122 381 190
phone 0.0090 358 182 399 253
phone 0.0089 82 81 116 139
phone 0.0089 95 218 166 266
phone 0.0089 344 123 399 189
phone 0.0089 175 235 208 266
phone 0.0089 266 231 333 266
phone 0.0088 362 71 399 149
phone 0.0088 144 173 178 231
phone 0.0088 157 155 195 218
phone 0.0088 186 0 281 124
phone 0.0087 297 158 332 215
phone 0.0087 99 55 162 134
phone 0.0087 162 132 252 181
phone 0.0087 67 96 101 154
phone 0.0087 251 245 328 266
phone 0.0086 77 109 153 172
phone 0.0086 249 260 265 266
phone 0.0085 276 138 285 151
phone 0.0085 280 94 319 156
phone 0.0085 161 252 223 266
phone 0.0085 241 264 273 266
phone 0.0084 113 127 147 185
phone 0.0084 322 143 399 200
phone 0.0084 343 201 399 264
phone 0.0084 0 42 59 157
phone 0.0084 6 0 210 245
phone 0.0084 79 137 151 205
phone 0.0083 142 81 179 139
phone 0.0083 374 125 399 187
phone 0.0083 231 233 307 266
phone 0.0083 175 128 208 184
phone 0.0083 174 173 209 231
phone 0.0083 251 191 286 245
phone 0.0082 61 127 138 185
phone 0.0082 216 168 291 237
phone 0.0082 342 152 399 221
phone 0.0082 97 81 132 138
phone 0.0081 257 260 273 266
phone 0.0081 225 51 282 108
phone 0.0081 37 113 101 228
phone 0.0081 113 237 179 266
phone 0.0081 297 205 332 261
phone 0.0081 95 169 166 235
phone 0.0081 227 159 310 215
phone 0.0080 311 153 380 220
phone 0.0080 98 204 131 262
phone 0.0080 174 97 209 154
phone 0.0080 9 103 82 224
phone 0.0080 264 96 304 155
phone 0.0080 204 250 272 266
phone 0.0079 314 90 378 160
phone 0.0079 374 95 399 155
phone 0.0079 344 92 399 158
phone 0.0078 169 157 246 217
phone 0.0078 190 114 224 168
phone 0.0078 325 170 397 234
phone 0.0078 107 159 184 215
phone 0.0078 67 127 101 185
phone 0.0078 312 216 380 266
phone 0.0077 83 173 116 231
phone 0.0077 221 235 255 266
phone 0.0077 206 235 239 266
phone 0.0076 282 234 316 266
phone 0.0076 169 182 246 253
phone 0.0076 129 190 162 245
phone 0.0076 359 143 393 200
phone 0.0076 242 260 257 266
phone 0.0075 319 116 349 142
phone 0.0075 231 140 275 203
phone 0.0075 113 65 147 123
phone 0.0075 374 173 399 231
phone 0.0075 272 155 304 180
phone 0.0075 113 97 147 154
phone 0.0075 191 154 254 251
phone 0.0074 190 220 224 266
phone 0.0074 251 221 285 266
phone 0.0074 245 0 349 124
phone 0.0074 142 231 211 266
phone 0.0074 68 158 100 216
phone 0.0074 288 193 319 219
phone 0.0074 75 74 269 266
phone 0.0074 280 152 296 184
phone 0.0073 328 127 363 185
phone 0.0073 362 218 392 266
phone 0.0073 333 239 389 266
phone 0.0072 330 55 392 103
phone 0.0072 236 206 270 260
phone 0.0072 348 65 399 124
phone 0.0072 266 156 302 218
phone 0.0072 299 233 362 266
phone 0.0071 130 234 162 266
phone 0.0071 141 52 212 137
phone 0.0071 330 20 393 137
phone 0.0071 281 172 318 233
phone 0.0071 236 236 270 266
phone 0.0071 84 203 115 263
phone 0.0071 235 60 302 129
phone 0.0071 98 128 132 184
phone 0.0071 123 217 199 266
phone 0.0070 161 249 192 266
phone 0.0070 82 143 116 200
phone 0.0070 115 233 146 266
phone 0.0070 325 112 343 146
phone 0.0069 344 143 378 199
phone 0.0069 113 189 147 246
phone 0.0069 295 189 312 223
phone 0.0069 194 264 269 266
phone 0.0069 372 149 399 171
phone 0.0069 313 96 347 154
phone 0.0069 276 146 285 159
phone 0.0069 329 95 362 155
phone 0.0069 322 113 399 169
phone 0.0068 346 50 376 108
phone 0.0068 129 143 162 199
phone 0.0068 254 54 314 104
phone 0.0068 252 18 317 139
phone 0.0068 380 145 396 175
phone 0.0068 53 95 84 155
phone 0.0068 276 131 285 143
phone 0.0068 328 158 362 216
phone 0.0068 100 38 161 89
phone 0.0068 285 254 344 266
phone 0.0068 347 233 376 266
phone 0.0067 375 203 399 262
phone 0.0067 383 153 393 166
phone 0.0067 53 126 84 186
phone 0.0067 0 0 41 32
phone 0.0067 235 250 302 266
phone 0.0067 283 161 293 174
phone 0.0067 190 83 224 137
phone 0.0067 127 81 163 139
phone 0.0066 132 40 190 119
phone 0.0066 313 204 347 261
phone 0.0066 22 148 85 195
phone 0.0066 344 173 378 231
phone 0.0066 251 160 285 214
phone 0.0066 98 173 132 231
phone 0.0066 272 64 304 87
phone 0.0066 190 159 224 214
phone 0.0066 38 70 100 118
phone 0.0065 84 6 146 121
phone 0.0065 54 193 115 266
phone 0.0065 383 146 393 159
phone 0.0065 38 37 100 152
phone 0.0065 361 50 392 108
phone 0.0065 269 50 300 108
phone 0.0064 70 224 130 266
phone 0.0064 265 147 296 172
phone 0.0064 115 34 146 92
phone 0.0064 144 235 177 266
phone 0.0064 38 161 99 266
phone 0.0064 163 47 221 112
phone 0.0064 85 24 145 72
phone 0.0064 38 142 69 201
phone 0.0063 147 36 206 91
phone 0.0063 69 218 99 266
phone 0.0063 113 158 147 215
phone 0.0063 38 194 100 241
phone 0.0063 130 34 162 93
phone 0.0062 100 34 130 92
phone 0.0062 316 40 376 88
phone 0.0062 24 55 83 103
phone 0.0062 22 86 85 134
phone 0.0062 53 55 115 103
phone 0.0062 54 65 84 123
phone 0.0062 316 249 345 266
phone 0.0062 70 9 130 57
phone 0.0062 82 112 116 169
phone 0.0062 331 24 391 72
phone 0.0062 265 193 295 219
phone 0.0062 54 171 84 232
phone 0.0062 22 22 85 136
phone 0.0062 315 6 377 121
phone 0.0061 53 21 115 136
phone 0.0061 22 117 85 164
phone 0.0061 300 249 330 266
phone 0.0061 39 24 99 72
phone 0.0061 235 174 271 230
phone 0.0061 376 48 399 109
phone 0.0061 328 204 362 262
phone 0.0061 279 60 296 91
phone 0.0061 329 123 339 135
phone 0.0061 38 0 100 105
phone 0.0061 234 260 250 266
phone 0.0060 283 69 293 81
phone 0.0060 8 40 68 88
phone 0.0060 0 253 65 266
phone 0.0060 173 193 203 219
phone 0.0060 39 65 68 124
phone 0.0060 363 0 399 104
phone 0.0060 361 24 399 73
phone 0.0060 69 40 130 88
phone 0.0060 299 200 308 212
phone 0.0060 142 155 172 180
phone 0.0060 100 249 130 266
phone 0.0060 85 256 145 266
phone 0.0060 226 263 258 266
phone 0.0060 227 264 298 266
phone 0.0060 7 6 69 120
phone 0.0060 302 189 320 223
phone 0.0059 347 18 376 78
phone 0.0059 257 178 288 204
phone 0.0059 331 34 361 93
phone 0.0059 8 71 68 118
phone 0.0059 344 80 378 139
phone 0.0059 85 18 115 78
phone 0.0059 115 24 176 72
phone 0.0059 23 68 84 182
phone 0.0059 69 49 99 108
phone 0.0059 191 249 223 266
phone 0.0059 39 240 99 266
phone 0.0059 272 143 289 176
phone 0.0059 316 9 376 57
phone 0.0059 38 111 69 170
phone 0.0058 101 9 160 57
phone 0.0058 23 9 84 57
phone 0.0058 131 254 191 266
phone 0.0058 54 18 84 77
phone 0.0058 54 0 114 41
phone 0.0058 245 111 292 170
phone 0.0058 39 34 68 93
phone 0.0058 346 264 377 266
phone 0.0058 115 0 177 106
phone 0.0058 100 3 130 62
phone 0.0058 70 3 99 62
phone 0.0058 85 0 145 42
phone 0.0058 271 189 289 223
phone 0.0058 253 249 285 266
phone 0.0058 69 187 100 248
phone 0.0058 267 235 301 266
phone 0.0058 346 40 399 88
phone 0.0058 224 9 283 57
phone 0.0057 301 24 360 72
phone 0.0057 23 49 53 108
phone 0.0057 39 255 99 266
phone 0.0057 250 85 280 112
phone 0.0057 285 50 315 108
phone 0.0057 361 0 399 42
phone 0.0057 131 0 191 11
phone 0.0057 361 254 399 266
phone 0.0057 0 234 40 266
phone 0.0057 0 0 40 77
phone 0.0057 9 178 68 226
phone 0.0057 191 50 224 107
phone 0.0057 23 225 83 266
phone 0.0057 342 162 372 188
phone 0.0057 162 0 222 11
phone 0.0057 313 174 347 230
phone 0.0057 130 0 193 44
phone 0.0057 208 0 268 42
phone 0.0057 301 68 360 121
phone 0.0057 193 9 252 57
phone 0.0056 6 145 70 259
phone 0.0056 100 0 160 11
phone 0.0056 344 112 377 169
phone 0.0056 238 0 300 90
phone 0.0056 7 237 69 266
phone 0.0056 161 0 223 44
phone 0.0056 54 234 84 266
phone 0.0056 84 50 115 108
phone 0.0056 208 24 268 72
phone 0.0056 85 0 115 47
phone 0.0056 239 0 299 42
phone 0.0056 226 260 242 266
phone 0.0056 254 9 314 57
phone 0.0056 361 0 399 11
phone 0.0056 70 0 130 26
phone 0.0056 362 239 399 266
phone 0.0056 331 3 361 62
phone 0.0056 0 0 36 11
phone 0.0056 193 0 253 11
phone 0.0056 265 116 295 142
phone 0.0056 116 3 145 62
phone 0.0056 23 18 53 78
phone 0.0056 8 0 68 42
phone 0.0056 100 0 160 26
phone 0.0056 177 0 237 26
phone 0.0055 87 0 313 190
phone 0.0055 39 3 68 62
phone 0.0055 145 0 209 28
phone 0.0055 179 189 197 223
phone 0.0055 180 252 196 266
phone 0.0055 285 9 345 57
phone 0.0055 23 172 53 231
phone 0.0055 377 18 399 78
phone 0.0055 157 155 188 180
phone 0.0055 70 0 130 11
phone 0.0055 187 189 204 223
phone 0.0055 270 0 330 42
phone 0.0055 176 0 239 75
phone 0.0055 39 264 68 266
phone 0.0055 0 9 53 57
phone 0.0055 239 3 268 62
phone 0.0055 300 0 360 42
phone 0.0055 188 193 219 219
phone 0.0055 164 151 181 184
phone 0.0055 218 172 257 232
phone 0.0055 316 34 345 93
phone 0.0055 331 0 391 42
phone 0.0055 224 3 253 62
phone 0.0055 172 256 204 266
phone 0.0055 364 262 399 266
phone 0.0055 223 0 284 11
phone 0.0055 177 39 237 88
phone 0.0054 39 218 69 266
phone 0.0054 54 264 84 266
phone 0.0054 268 0 331 90
phone 0.0054 146 0 176 16
phone 0.0054 162 0 192 16
phone 0.0054 316 3 345 62
phone 0.0054 8 0 68 11
phone 0.0054 223 0 284 26
phone 0.0054 23 80 53 139
phone 0.0054 39 0 99 26
phone 0.0054 0 0 22 16
phone 0.0054 254 3 284 62
phone 0.0054 346 9 399 57
phone 0.0054 39 0 99 11
phone 0.0054 131 0 161 16
phone 0.0054 177 0 207 16
phone 0.0054 254 34 284 92
phone 0.0054 23 265 53 266
phone 0.0054 85 239 145 266
phone 0.0054 148 151 166 185
phone 0.0054 54 0 84 47
phone 0.0054 0 0 23 1
phone 0.0054 0 55 53 103
phone 0.0054 254 0 314 11
phone 0.0054 332 255 390 266
phone 0.0054 208 3 238 62
phone 0.0054 189 189 225 246
phone 0.0054 254 0 314 26
phone 0.0054 331 0 391 11
phone 0.0054 207 50 239 108
phone 0.0054 69 264 99 266
phone 0.0054 116 0 145 16
phone 0.0054 69 249 99 266
phone 0.0053 8 209 68 257
phone 0.0053 193 0 222 16
phone 0.0053 264 174 282 208
phone 0.0053 0 0 22 47
phone 0.0053 39 249 69 266
phone 0.0053 270 3 299 62
phone 0.0053 256 81 274 116
phone 0.0053 69 253 131 266
phone 0.0053 100 0 130 16
phone 0.0053 146 18 176 77
phone 0.0053 349 158 366 192
phone 0.0053 208 0 238 16
phone 0.0053 193 0 222 47
phone 0.0053 285 0 345 11
phone 0.0053 251 66 286 123
phone 0.0053 8 102 68 149
phone 0.0053 276 154 285 166
phone 0.0053 285 0 345 26
phone 0.0053 300 3 330 62
phone 0.0053 314 0 378 28
phone 0.0053 23 0 53 47
phone 0.0053 195 190 212 222
phone 0.0053 23 249 53 266
phone 0.0052 285 55 345 103
phone 0.0052 145 0 208 75
phone 0.0052 85 0 115 16
phone 0.0052 285 3 315 62
phone 0.0052 173 66 209 122
phone 0.0052 223 0 253 16
phone 0.0052 331 264 361 266
phone 0.0052 346 0 376 47
phone 0.0052 38 172 69 231
phone 0.0052 376 249 399 266
phone 0.0052 0 264 23 266
phone 0.0052 0 39 36 88
phone 0.0052 376 0 399 17
phone 0.0052 70 0 99 16
phone 0.0052 239 0 268 16
phone 0.0052 265 260 280 266
phone 0.0052 131 3 161 62
phone 0.0052 372 126 399 148
phone 0.0052 23 0 53 16
phone 0.0052 254 0 284 16
phone 0.0051 54 0 84 16
phone 0.0051 211 123 241 150
phone 0.0051 256 264 289 266
phone 0.0051 177 0 207 47
phone 0.0051 0 18 22 78
phone 0.0051 312 128 348 184
phone 0.0051 346 0 376 16
phone 0.0051 157 151 173 184
phone 0.0051 23 219 53 266
phone 0.0051 8 50 38 108
phone 0.0051 85 249 115 266
phone 0.0051 383 161 393 174
phone 0.0051 270 0 299 16
phone 0.0051 223 34 253 92
phone 0.0051 23 142 54 200
phone 0.0051 85 264 115 266
phone 0.0051 330 65 362 123
phone 0.0051 183 261 193 266
phone 0.0051 127 154 157 181
phone 0.0051 306 200 316 212
phone 0.0051 162 24 222 72
phone 0.0051 0 86 52 134
phone 0.0051 346 0 399 26
phone 0.0051 146 264 176 266
phone 0.0051 285 0 315 16
phone 0.0051 39 0 68 16
phone 0.0051 131 265 161 266
phone 0.0051 311 244 327 266
phone 0.0050 383 131 393 143
phone 0.0050 162 0 192 47
phone 0.0050 162 19 192 77
phone 0.0050 276 161 285 174
phone 0.0050 376 264 399 266
phone 0.0050 331 0 361 16
phone 0.0050 147 0 176 47
phone 0.0050 300 0 330 16
phone 0.0050 380 122 396 152
phone 0.0050 146 0 177 0
phone 0.0050 161 0 192 0
phone 0.0050 130 0 161 0
phone 0.0050 177 0 208 0
