phone 0.9118 102 107 162 224
phone 0.0670 59 123 168 259
phone 0.0521 96 130 212 255
phone 0.0437 15 81 128 206
phone 0.0424 21 48 244 286
phone 0.0413 34 157 178 292
phone 0.0387 15 123 125 267
phone 0.0373 63 83 159 208
phone 0.0365 92 58 174 178
phone 0.0355 0 137 78 316
phone 0.0321 93 165 188 311
phone 0.0315 0 88 93 253
phone 0.0301 110 90 198 206
phone 0.0268 104 220 177 287
phone 0.0259 132 68 255 219
phone 0.0237 56 193 156 319
phone 0.0227 60 20 154 143
phone 0.0227 28 10 122 151
phone 0.0211 25 125 102 198
phone 0.0210 0 74 60 205
phone 0.0198 71 114 149 178
phone 0.0197 0 202 69 376
phone 0.0192 99 191 226 388
phone 0.0182 115 31 219 134
phone 0.0181 123 214 199 360
phone 0.0178 140 161 234 315
phone 0.0172 91 128 129 193
phone 0.0171 122 224 158 283
phone 0.0171 15 186 113 320
phone 0.0168 63 127 265 330
phone 0.0158 10 139 87 214
phone 0.0156 153 126 251 257
phone 0.0153 89 233 162 304
phone 0.0149 95 0 178 123
phone 0.0148 0 167 29 293
phone 0.0146 107 224 143 283
phone 0.0142 91 195 160 281
phone 0.0138 123 147 219 206
phone 0.0137 71 223 149 284
phone 0.0137 40 142 117 211
phone 0.0133 204 111 266 226
phone 0.0132 176 14 266 141
phone 0.0130 43 53 145 176
phone 0.0129 0 41 97 183
phone 0.0128 11 237 116 361
phone 0.0127 25 155 103 229
phone 0.0127 0 92 39 254
phone 0.0125 106 184 175 262
phone 0.0123 160 44 245 186
phone 0.0121 44 132 82 190
phone 0.0120 10 0 199 217
phone 0.0120 0 113 22 228
phone 0.0120 135 214 208 293
phone 0.0119 153 0 244 120
phone 0.0116 167 138 238 215
phone 0.0115 169 206 266 331
phone 0.0113 41 111 117 181
phone 0.0112 119 232 193 306
phone 0.0111 0 281 59 399
phone 0.0111 28 201 99 275
phone 0.0110 118 202 194 274
phone 0.0109 40 221 118 286
phone 0.0108 58 237 131 300
phone 0.0107 68 190 98 216
phone 0.0105 30 46 97 122
phone 0.0105 65 234 155 365
phone 0.0104 93 225 127 281
phone 0.0103 156 114 218 208
phone 0.0103 22 239 105 298
phone 0.0103 15 64 82 135
phone 0.0102 60 133 97 189
phone 0.0101 98 150 153 233
phone 0.0101 74 187 92 220
phone 0.0100 134 172 209 243
phone 0.0099 0 192 42 313
phone 0.0098 171 104 234 187
phone 0.0098 82 187 99 220
phone 0.0098 152 152 183 178
phone 0.0098 106 249 176 319
phone 0.0098 0 125 121 394
phone 0.0097 165 176 240 238
phone 0.0096 0 173 70 242
phone 0.0096 42 252 116 317
phone 0.0095 12 108 85 184
phone 0.0095 138 225 174 282
phone 0.0095 98 129 129 154
phone 0.0095 0 240 42 358
phone 0.0094 208 57 266 159
phone 0.0094 152 196 222 280
phone 0.0094 42 172 116 242
phone 0.0094 30 132 66 190
phone 0.0094 74 82 146 147
phone 0.0093 168 80 236 149
phone 0.0092 0 112 51 179
phone 0.0092 0 155 51 229
phone 0.0092 0 51 18 168
phone 0.0091 24 271 104 329
phone 0.0091 148 235 226 303
phone 0.0090 8 254 88 315
phone 0.0090 152 137 183 162
phone 0.0090 42 68 116 131
phone 0.0090 133 99 210 161
phone 0.0090 180 238 255 299
phone 0.0089 78 197 88 209
phone 0.0089 153 149 189 203
phone 0.0089 165 254 240 314
phone 0.0089 9 190 88 255
phone 0.0089 75 186 145 259
phone 0.0089 14 299 83 361
phone 0.0089 159 148 177 182
phone 0.0088 177 163 258 221
phone 0.0088 132 131 179 191
phone 0.0088 47 32 111 106
phone 0.0088 0 193 37 252
phone 0.0087 105 125 122 158
phone 0.0087 130 0 203 95
phone 0.0087 77 240 111 297
phone 0.0087 134 251 209 317
phone 0.0086 0 316 52 375
phone 0.0086 76 144 106 170
phone 0.0086 58 102 131 158
phone 0.0086 12 219 85 288
phone 0.0086 27 94 100 166
phone 0.0086 31 70 65 128
phone 0.0086 46 55 81 113
phone 0.0086 193 155 266 289
phone 0.0085 93 101 127 159
phone 0.0085 57 204 132 272
phone 0.0085 167 49 238 119
phone 0.0085 157 225 224 355
phone 0.0085 86 197 96 209
phone 0.0084 0 233 20 350
phone 0.0084 71 0 139 89
phone 0.0084 106 66 176 133
phone 0.0083 164 219 240 288
phone 0.0082 75 34 145 104
phone 0.0082 1 132 34 190
phone 0.0082 120 269 192 330
phone 0.0082 65 21 266 198
phone 0.0082 168 160 206 223
phone 0.0082 123 255 157 313
phone 0.0082 46 194 81 251
phone 0.0082 61 164 97 220
phone 0.0081 237 237 266 262
phone 0.0081 122 193 159 252
phone 0.0081 16 101 50 159
phone 0.0081 75 268 145 331
phone 0.0081 0 207 71 269
phone 0.0080 113 125 130 158
phone 0.0080 159 132 177 166
phone 0.0080 62 241 96 296
phone 0.0080 0 168 19 215
phone 0.0080 45 163 82 221
phone 0.0080 1 301 34 359
phone 0.0079 82 140 99 174
phone 0.0079 244 242 261 272
phone 0.0079 0 233 68 304
phone 0.0079 0 224 37 283
phone 0.0079 109 135 119 148
phone 0.0078 0 267 54 332
phone 0.0078 154 271 220 327
phone 0.0078 106 136 137 162
phone 0.0078 185 163 219 220
phone 0.0078 179 193 256 253
phone 0.0078 0 88 48 141
phone 0.0078 163 159 172 171
phone 0.0077 179 128 256 194
phone 0.0077 0 162 2 221
phone 0.0077 46 241 80 296
phone 0.0077 118 83 194 147
phone 0.0077 133 69 210 129
phone 0.0077 103 96 148 164
phone 0.0077 205 259 261 309
phone 0.0077 202 176 264 238
phone 0.0076 0 255 37 313
phone 0.0076 31 301 65 359
phone 0.0076 0 0 57 165
phone 0.0076 0 288 17 399
phone 0.0076 152 224 190 283
phone 0.0075 247 251 257 263
phone 0.0075 46 281 113 348
phone 0.0075 185 85 219 144
phone 0.0075 0 322 18 369
phone 0.0075 213 84 245 107
phone 0.0074 111 289 171 340
phone 0.0074 153 178 189 236
phone 0.0074 221 81 237 111
phone 0.0074 46 272 80 327
phone 0.0073 0 283 71 346
phone 0.0073 184 99 251 162
phone 0.0073 199 221 266 285
phone 0.0073 185 256 219 312
phone 0.0073 61 40 97 97
phone 0.0073 77 87 111 143
phone 0.0072 17 69 49 129
phone 0.0072 52 55 137 113
phone 0.0072 200 241 234 297
phone 0.0072 0 209 18 267
phone 0.0072 0 315 2 375
phone 0.0072 1 100 34 160
phone 0.0072 218 254 248 314
phone 0.0072 0 149 17 264
phone 0.0071 185 68 250 131
phone 0.0071 34 26 94 81
phone 0.0071 76 159 106 186
phone 0.0071 76 128 106 155
phone 0.0071 15 179 50 236
phone 0.0071 224 89 234 102
phone 0.0071 117 136 126 148
phone 0.0071 0 137 18 185
phone 0.0071 247 243 257 256
phone 0.0070 163 143 172 156
phone 0.0070 184 115 220 176
phone 0.0070 18 41 79 96
phone 0.0070 111 13 171 63
phone 0.0070 190 275 246 324
phone 0.0070 62 71 96 128
phone 0.0070 20 6 78 130
phone 0.0070 157 13 217 63
phone 0.0070 138 194 174 251
phone 0.0070 30 163 67 221
phone 0.0069 200 179 234 235
phone 0.0069 92 40 127 97
phone 0.0069 92 194 127 251
phone 0.0069 93 271 127 328
phone 0.0069 139 271 172 328
phone 0.0069 117 143 126 156
phone 0.0068 31 256 65 312
phone 0.0068 154 256 188 312
phone 0.0068 154 86 188 143
phone 0.0068 86 151 96 163
phone 0.0068 185 194 219 251
phone 0.0068 64 14 125 63
phone 0.0068 123 71 158 128
phone 0.0068 62 271 96 328
phone 0.0068 169 241 204 296
phone 0.0068 77 40 112 97
phone 0.0067 185 56 219 112
phone 0.0067 0 131 2 190
phone 0.0067 189 28 247 79
phone 0.0067 31 195 65 250
phone 0.0067 171 270 203 329
phone 0.0067 31 225 65 282
phone 0.0067 15 147 50 205
phone 0.0067 126 284 156 345
phone 0.0067 125 9 157 67
phone 0.0066 205 99 238 123
phone 0.0066 82 125 99 159
phone 0.0066 109 9 142 66
phone 0.0066 92 47 159 121
phone 0.0066 82 155 99 189
phone 0.0066 185 238 250 360
phone 0.0066 77 270 111 328
phone 0.0065 214 96 229 126
phone 0.0065 110 285 141 345
phone 0.0065 203 269 233 329
phone 0.0065 168 129 205 192
phone 0.0065 216 194 250 251
phone 0.0065 202 24 233 82
phone 0.0065 186 24 219 82
phone 0.0065 108 40 142 97
phone 0.0065 61 210 97 266
phone 0.0065 16 302 50 359
phone 0.0065 0 331 34 399
phone 0.0065 76 194 112 251
phone 0.0065 171 9 203 67
phone 0.0065 154 40 189 97
phone 0.0064 108 70 142 129
phone 0.0064 79 304 141 399
phone 0.0064 217 101 249 159
phone 0.0064 108 255 142 313
phone 0.0064 16 210 50 266
phone 0.0064 140 8 173 67
phone 0.0064 123 40 158 97
phone 0.0063 16 240 50 297
phone 0.0063 170 85 204 144
phone 0.0063 142 290 201 339
phone 0.0063 2 29 64 77
phone 0.0063 219 60 266 108
phone 0.0063 139 71 173 127
phone 0.0063 94 9 126 66
phone 0.0063 169 40 204 97
phone 0.0063 217 105 226 117
phone 0.0063 221 243 266 294
phone 0.0063 0 290 18 339
phone 0.0063 2 70 33 129
phone 0.0063 200 149 235 204
phone 0.0063 0 362 18 399
phone 0.0063 155 8 188 67
phone 0.0062 79 9 111 66
phone 0.0062 93 71 127 127
phone 0.0062 0 60 49 108
phone 0.0062 63 9 95 67
phone 0.0061 33 24 64 82
phone 0.0061 216 163 249 220
phone 0.0061 65 337 124 385
phone 0.0061 0 106 18 154
phone 0.0061 184 225 219 281
phone 0.0061 0 284 2 345
phone 0.0061 163 166 172 179
phone 0.0061 138 40 173 97
phone 0.0061 263 332 266 399
phone 0.0061 264 367 266 399
phone 0.0061 224 97 234 110
phone 0.0061 45 102 81 159
phone 0.0061 188 307 247 354
phone 0.0061 86 159 96 171
phone 0.0060 228 246 261 269
phone 0.0060 47 301 80 359
phone 0.0060 18 23 48 82
phone 0.0060 77 163 111 220
phone 0.0060 240 251 249 264
phone 0.0060 109 304 172 399
phone 0.0060 216 223 266 344
phone 0.0060 140 332 204 399
phone 0.0060 0 192 2 253
phone 0.0060 234 137 266 185
phone 0.0060 0 76 17 123
phone 0.0060 237 242 252 272
phone 0.0060 205 89 261 141
phone 0.0060 0 362 3 399
phone 0.0060 174 291 231 339
phone 0.0060 152 121 183 147
phone 0.0060 156 367 218 399
phone 0.0059 18 14 79 62
phone 0.0059 97 21 154 86
phone 0.0059 66 305 123 355
phone 0.0059 218 70 248 128
phone 0.0059 201 87 234 143
phone 0.0059 126 367 187 399
phone 0.0059 171 332 234 399
phone 0.0059 113 141 130 173
phone 0.0059 155 289 219 399
phone 0.0059 234 76 266 123
phone 0.0059 0 0 1 30
phone 0.0059 167 208 206 268
phone 0.0059 80 331 110 390
phone 0.0058 96 337 155 385
phone 0.0058 0 100 2 159
phone 0.0058 234 29 266 77
phone 0.0058 0 259 18 309
phone 0.0058 98 191 129 216
phone 0.0058 48 8 80 67
phone 0.0058 156 363 187 399
phone 0.0058 187 367 248 399
phone 0.0058 0 0 2 64
phone 0.0058 200 118 235 174
phone 0.0058 203 301 233 359
phone 0.0058 0 332 4 399
phone 0.0058 200 210 235 266
phone 0.0058 171 363 203 399
phone 0.0058 234 0 266 30
phone 0.0058 157 284 187 345
phone 0.0058 233 0 266 110
phone 0.0058 0 45 32 93
phone 0.0058 234 254 263 314
phone 0.0057 202 332 265 399
phone 0.0057 249 91 266 139
phone 0.0057 126 337 186 385
phone 0.0057 141 363 172 399
phone 0.0057 52 57 68 88
phone 0.0057 0 0 17 30
phone 0.0057 187 363 218 399
phone 0.0057 157 337 217 385
phone 0.0057 249 131 266 190
phone 0.0057 249 60 266 108
phone 0.0057 249 245 266 292
phone 0.0057 77 133 111 189
phone 0.0057 68 267 98 293
phone 0.0057 0 11 34 126
phone 0.0057 248 42 266 156
phone 0.0057 201 0 265 95
phone 0.0057 0 70 2 129
phone 0.0057 0 253 2 314
phone 0.0057 248 0 266 64
phone 0.0057 232 88 266 203
phone 0.0057 44 61 76 84
phone 0.0057 0 0 33 64
phone 0.0057 202 363 234 399
phone 0.0057 248 332 266 399
phone 0.0056 86 166 96 179
phone 0.0056 218 367 266 399
phone 0.0056 125 363 157 399
phone 0.0056 126 316 156 375
phone 0.0056 188 285 217 345
phone 0.0056 188 337 248 385
phone 0.0056 0 73 3 187
phone 0.0056 0 29 17 77
phone 0.0056 247 212 266 325
phone 0.0056 95 331 125 390
phone 0.0056 0 366 47 399
phone 0.0056 265 76 266 123
phone 0.0056 265 29 266 77
phone 0.0056 202 257 265 372
phone 0.0056 96 0 155 30
phone 0.0056 0 0 18 110
phone 0.0056 86 136 96 148
phone 0.0055 95 367 156 399
phone 0.0055 110 316 141 375
phone 0.0055 105 187 122 220
phone 0.0055 62 268 128 392
phone 0.0055 156 316 187 375
phone 0.0055 234 106 266 154
phone 0.0055 187 0 249 64
phone 0.0055 163 136 172 148
phone 0.0055 265 0 266 30
phone 0.0055 51 321 107 369
phone 0.0055 263 0 266 110
phone 0.0055 263 42 266 156
phone 0.0055 265 106 266 154
phone 0.0055 264 0 266 64
phone 0.0055 0 29 2 77
phone 0.0055 17 331 81 399
phone 0.0055 204 291 262 339
phone 0.0055 141 331 172 390
phone 0.0055 103 267 160 374
phone 0.0055 172 331 202 390
phone 0.0055 249 168 266 216
phone 0.0055 265 168 266 216
phone 0.0055 219 14 266 62
phone 0.0055 0 26 3 141
phone 0.0055 250 214 266 262
phone 0.0055 264 239 266 298
phone 0.0055 218 24 248 82
phone 0.0055 0 0 47 30
phone 0.0055 80 300 110 361
phone 0.0054 126 0 187 46
phone 0.0054 49 353 109 399
phone 0.0054 0 230 3 277
phone 0.0054 187 331 218 390
phone 0.0054 221 150 266 203
phone 0.0054 80 0 140 46
phone 0.0054 110 363 141 399
phone 0.0054 263 134 266 248
phone 0.0054 248 134 266 248
phone 0.0054 173 0 232 30
phone 0.0054 265 137 266 185
phone 0.0054 0 119 3 233
phone 0.0054 96 300 125 360
phone 0.0054 0 196 2 309
phone 0.0054 200 56 234 112
phone 0.0054 130 128 159 155
phone 0.0054 265 199 266 246
phone 0.0053 203 331 233 390
phone 0.0053 96 306 154 354
phone 0.0053 203 0 233 51
phone 0.0053 263 88 266 202
phone 0.0053 265 230 266 277
phone 0.0053 34 0 94 46
phone 0.0053 48 0 110 79
phone 0.0053 55 66 64 79
phone 0.0053 64 367 125 399
phone 0.0053 65 0 124 30
phone 0.0053 44 65 61 96
phone 0.0053 94 363 126 399
phone 0.0053 265 337 266 385
phone 0.0053 142 0 201 30
phone 0.0053 218 285 248 344
phone 0.0053 111 0 140 37
phone 0.0053 163 151 172 163
phone 0.0053 159 117 177 151
phone 0.0052 186 289 249 399
phone 0.0052 264 208 266 267
phone 0.0052 263 196 266 310
phone 0.0052 74 263 92 297
phone 0.0052 64 347 95 399
phone 0.0052 30 101 66 159
phone 0.0052 219 0 248 37
phone 0.0052 187 0 218 51
phone 0.0052 96 0 125 37
phone 0.0052 158 306 216 354
phone 0.0052 234 162 264 221
phone 0.0052 65 315 94 376
phone 0.0052 243 225 261 258
phone 0.0052 126 0 156 37
phone 0.0052 79 363 110 399
phone 0.0052 218 331 248 390
phone 0.0052 218 322 266 370
phone 0.0052 36 69 68 92
phone 0.0052 264 178 266 236
phone 0.0051 265 291 266 339
phone 0.0051 229 241 245 273
phone 0.0051 234 337 266 385
phone 0.0051 117 151 126 163
phone 0.0051 172 300 202 360
phone 0.0051 153 167 183 193
phone 0.0051 233 224 264 282
phone 0.0051 19 0 78 30
phone 0.0051 0 289 3 399
phone 0.0051 217 288 266 399
phone 0.0051 127 307 185 353
phone 0.0051 263 258 266 371
phone 0.0051 233 285 264 344
phone 0.0051 249 276 266 323
phone 0.0051 33 0 64 51
phone 0.0051 220 77 253 99
phone 0.0051 232 82 242 94
phone 0.0051 213 54 245 76
phone 0.0051 216 133 249 189
phone 0.0050 142 0 171 37
phone 0.0050 135 163 176 220
phone 0.0050 44 315 76 338
phone 0.0050 109 197 119 210
phone 0.0050 173 0 202 37
phone 0.0050 48 74 57 87
phone 0.0050 249 306 266 354
phone 0.0050 33 367 94 399
phone 0.0050 231 148 266 266
