phone 0.8560 212 186 268 291
phone 0.1440 177 184 276 322
phone 0.0729 118 239 224 338
phone 0.0645 204 108 277 307
phone 0.0635 145 104 256 242
phone 0.0506 97 216 198 352
phone 0.0498 152 233 263 342
phone 0.0475 187 182 264 263
phone 0.0470 62 51 218 229
phone 0.0433 121 136 222 267
phone 0.0429 43 99 176 304
phone 0.0417 13 82 151 252
phone 0.0400 167 270 281 399
phone 0.0338 0 61 112 218
phone 0.0328 53 229 166 353
phone 0.0323 236 247 281 389
phone 0.0307 110 57 281 282
phone 0.0300 200 218 281 352
phone 0.0298 0 188 111 340
phone 0.0290 80 155 197 310
phone 0.0284 232 205 279 271
phone 0.0280 217 229 265 308
phone 0.0270 14 242 151 397
phone 0.0268 97 112 199 240
phone 0.0260 112 41 232 186
phone 0.0243 95 182 281 397
phone 0.0220 131 183 227 323
phone 0.0219 203 200 249 275
phone 0.0209 200 311 280 381
phone 0.0206 35 145 245 373
phone 0.0201 91 267 174 332
phone 0.0199 149 163 209 252
phone 0.0197 112 275 184 355
phone 0.0191 0 123 111 279
phone 0.0185 144 269 182 330
phone 0.0182 85 0 207 173
phone 0.0182 19 27 140 195
phone 0.0176 110 144 186 209
phone 0.0175 127 231 200 307
phone 0.0174 189 38 281 249
phone 0.0173 67 278 157 399
phone 0.0171 70 96 165 226
phone 0.0170 99 120 167 202
phone 0.0165 163 48 256 181
phone 0.0165 128 156 199 228
phone 0.0164 32 147 133 313
phone 0.0163 277 252 281 390
phone 0.0163 150 156 238 288
phone 0.0162 77 254 203 384
phone 0.0158 236 84 281 269
phone 0.0151 128 254 168 315
phone 0.0145 42 296 120 399
phone 0.0145 145 197 212 279
phone 0.0140 248 156 281 311
phone 0.0140 256 272 281 399
phone 0.0138 98 284 247 399
phone 0.0135 183 259 213 286
phone 0.0134 220 278 281 352
phone 0.0133 160 190 228 255
phone 0.0133 31 6 112 131
phone 0.0132 81 0 154 105
phone 0.0131 273 215 281 353
phone 0.0130 161 234 227 303
phone 0.0129 213 260 245 285
phone 0.0128 190 256 207 289
phone 0.0127 272 164 281 312
phone 0.0127 222 317 259 375
phone 0.0125 160 176 198 238
phone 0.0125 221 257 237 288
phone 0.0123 76 286 159 344
phone 0.0123 126 125 201 197
phone 0.0123 213 245 245 269
phone 0.0123 146 137 212 216
phone 0.0123 111 110 186 182
phone 0.0123 82 108 153 183
phone 0.0122 221 241 237 273
phone 0.0122 183 244 213 270
phone 0.0121 114 271 151 328
phone 0.0120 187 295 263 365
phone 0.0120 237 317 274 375
phone 0.0120 254 214 281 293
phone 0.0120 129 284 167 345
phone 0.0119 146 163 181 221
phone 0.0119 24 80 88 150
phone 0.0119 130 148 166 205
phone 0.0118 156 95 233 166
phone 0.0118 224 266 234 279
phone 0.0117 228 242 245 272
phone 0.0116 266 95 281 258
phone 0.0116 141 110 217 182
phone 0.0114 224 251 234 264
phone 0.0114 95 158 170 226
phone 0.0114 190 240 207 274
phone 0.0113 171 179 248 235
phone 0.0112 38 221 105 286
phone 0.0111 193 266 203 279
phone 0.0111 175 83 245 147
phone 0.0111 81 140 153 213
phone 0.0111 129 296 198 365
phone 0.0111 21 251 91 317
phone 0.0111 86 313 180 399
phone 0.0110 150 96 281 367
phone 0.0109 158 160 230 224
phone 0.0109 169 213 250 263
phone 0.0109 208 318 241 374
phone 0.0108 161 256 196 312
phone 0.0108 185 331 265 391
phone 0.0108 139 285 218 345
phone 0.0108 229 323 281 399
phone 0.0107 108 178 188 237
phone 0.0107 114 147 151 206
phone 0.0106 232 251 241 263
phone 0.0106 64 129 140 193
phone 0.0106 37 37 106 100
phone 0.0105 66 97 138 164
phone 0.0104 119 325 209 399
phone 0.0104 139 11 219 157
phone 0.0103 144 239 182 298
phone 0.0103 177 209 211 267
phone 0.0103 128 186 199 259
phone 0.0103 65 265 139 334
phone 0.0102 252 187 281 258
phone 0.0102 72 6 132 70
phone 0.0102 266 184 281 323
phone 0.0101 54 17 119 89
phone 0.0100 217 173 264 242
phone 0.0100 39 85 72 144
phone 0.0099 124 95 203 166
phone 0.0099 59 124 146 259
phone 0.0099 232 256 281 312
phone 0.0098 19 164 93 220
phone 0.0098 193 251 203 263
phone 0.0098 79 249 156 319
phone 0.0098 177 178 211 236
phone 0.0097 270 326 281 399
phone 0.0097 99 132 135 189
phone 0.0096 256 158 281 225
phone 0.0096 162 261 227 338
phone 0.0096 83 346 153 399
phone 0.0095 280 133 281 281
phone 0.0094 100 272 134 327
phone 0.0094 21 112 91 179
phone 0.0094 183 221 213 247
phone 0.0093 93 300 172 361
phone 0.0093 105 8 161 68
phone 0.0093 187 102 263 159
phone 0.0092 260 236 281 262
phone 0.0092 114 167 144 193
phone 0.0091 39 255 72 313
phone 0.0091 54 22 151 146
phone 0.0091 221 358 281 399
phone 0.0091 269 223 281 283
phone 0.0091 54 39 88 97
phone 0.0091 146 301 180 359
phone 0.0090 84 118 119 173
phone 0.0090 192 179 226 235
phone 0.0089 114 116 151 175
phone 0.0089 94 232 171 305
phone 0.0089 11 258 88 383
phone 0.0089 50 112 123 180
phone 0.0089 74 47 161 182
phone 0.0088 257 363 281 399
phone 0.0088 111 78 186 152
phone 0.0088 35 302 108 359
phone 0.0088 213 256 230 289
phone 0.0088 194 149 257 234
phone 0.0088 20 286 92 343
phone 0.0088 67 332 138 390
phone 0.0088 160 224 197 283
phone 0.0088 6 131 75 191
phone 0.0087 97 93 168 168
phone 0.0087 36 96 106 165
phone 0.0087 143 314 216 377
phone 0.0087 190 217 207 251
phone 0.0086 70 24 103 82
phone 0.0086 111 216 185 291
phone 0.0086 190 360 260 399
phone 0.0086 233 162 281 222
phone 0.0086 191 121 221 147
phone 0.0086 34 179 109 235
phone 0.0086 252 330 281 391
phone 0.0086 177 254 211 314
phone 0.0085 120 163 138 197
phone 0.0085 162 64 227 135
phone 0.0085 8 55 74 174
phone 0.0085 173 225 247 374
phone 0.0085 161 287 196 342
phone 0.0085 131 179 165 235
phone 0.0085 161 147 197 206
phone 0.0085 174 310 245 381
phone 0.0084 193 210 226 266
phone 0.0084 192 86 227 143
phone 0.0084 262 233 281 365
phone 0.0083 25 52 88 116
phone 0.0083 237 267 267 293
phone 0.0083 270 162 281 221
phone 0.0083 170 116 249 175
phone 0.0082 50 83 123 146
phone 0.0082 39 163 72 221
phone 0.0082 217 266 226 279
phone 0.0082 26 191 86 315
phone 0.0082 145 132 181 190
phone 0.0082 210 92 271 168
phone 0.0081 243 264 261 296
phone 0.0081 129 360 198 399
phone 0.0081 160 359 229 399
phone 0.0080 65 298 139 362
phone 0.0080 157 128 232 194
phone 0.0080 197 117 215 151
phone 0.0080 127 61 199 138
phone 0.0080 271 289 281 371
phone 0.0080 247 301 281 360
phone 0.0080 33 129 109 193
phone 0.0080 54 240 88 297
phone 0.0080 193 259 203 271
phone 0.0080 171 148 248 205
phone 0.0080 130 117 166 175
phone 0.0079 52 190 122 255
phone 0.0079 193 274 203 286
phone 0.0079 33 269 110 330
phone 0.0079 224 109 281 182
phone 0.0079 0 92 57 138
phone 0.0079 67 157 137 227
phone 0.0079 8 223 74 344
phone 0.0079 176 102 212 158
phone 0.0078 274 364 281 399
phone 0.0078 218 228 281 279
phone 0.0078 100 302 134 358
phone 0.0078 266 225 281 259
phone 0.0078 39 117 73 174
phone 0.0078 50 281 124 348
phone 0.0078 85 271 119 328
phone 0.0078 238 270 273 328
phone 0.0077 83 171 152 244
phone 0.0077 36 66 107 133
phone 0.0077 224 274 234 287
phone 0.0077 252 97 281 224
phone 0.0076 50 250 123 318
phone 0.0076 191 128 259 194
phone 0.0076 96 189 169 256
phone 0.0076 146 194 181 251
phone 0.0076 269 193 281 252
phone 0.0076 208 102 241 158
phone 0.0076 10 85 41 144
phone 0.0076 160 117 197 174
phone 0.0075 116 302 149 358
phone 0.0075 85 148 119 205
phone 0.0075 266 240 281 274
phone 0.0075 260 221 281 247
phone 0.0075 101 362 134 399
phone 0.0075 206 268 237 292
phone 0.0075 147 50 210 118
phone 0.0074 270 261 281 337
phone 0.0074 39 286 72 344
phone 0.0074 193 228 203 240
phone 0.0074 55 301 88 359
phone 0.0074 51 142 123 210
phone 0.0074 97 35 169 103
phone 0.0074 124 174 134 186
phone 0.0074 192 260 258 339
phone 0.0073 25 29 87 78
phone 0.0073 55 178 88 236
phone 0.0073 205 175 245 239
phone 0.0073 258 132 281 190
phone 0.0073 162 317 196 374
phone 0.0073 69 102 104 158
phone 0.0072 270 243 280 256
phone 0.0072 10 242 71 296
phone 0.0072 208 348 242 399
phone 0.0072 56 0 118 47
phone 0.0072 158 295 230 365
phone 0.0072 7 272 74 327
phone 0.0072 239 348 273 399
phone 0.0072 84 78 151 151
phone 0.0071 65 68 139 131
phone 0.0071 10 167 71 278
phone 0.0071 254 272 281 327
phone 0.0071 196 72 254 127
phone 0.0071 274 155 281 228
phone 0.0071 114 45 182 124
phone 0.0071 24 116 57 175
phone 0.0071 223 100 257 160
phone 0.0070 66 35 138 103
phone 0.0070 72 0 132 31
phone 0.0070 247 274 257 286
phone 0.0070 10 0 72 110
phone 0.0070 193 243 203 255
phone 0.0070 71 0 103 51
phone 0.0070 178 20 243 147
phone 0.0070 25 238 56 298
phone 0.0070 116 0 182 100
phone 0.0070 67 231 137 306
phone 0.0070 173 344 247 399
phone 0.0070 86 346 118 399
phone 0.0070 54 86 88 143
phone 0.0070 40 14 103 62
phone 0.0070 85 317 118 374
phone 0.0070 40 24 72 82
phone 0.0070 97 63 168 136
phone 0.0070 0 88 56 202
phone 0.0070 88 0 147 48
phone 0.0069 10 199 71 246
phone 0.0069 48 53 125 115
phone 0.0069 71 316 103 375
phone 0.0069 271 132 281 189
phone 0.0069 26 192 56 252
phone 0.0069 24 147 57 206
phone 0.0069 181 57 239 111
phone 0.0068 201 128 211 140
phone 0.0068 100 163 134 220
phone 0.0068 0 292 57 338
phone 0.0068 160 221 190 247
phone 0.0068 208 147 242 205
phone 0.0068 25 213 87 262
phone 0.0068 0 122 57 169
phone 0.0068 193 316 226 375
phone 0.0068 24 84 56 145
phone 0.0068 175 175 206 201
phone 0.0068 9 44 72 93
phone 0.0068 75 195 91 227
phone 0.0068 55 8 87 67
phone 0.0067 270 236 280 248
phone 0.0067 67 199 99 223
phone 0.0067 26 24 56 82
phone 0.0067 70 193 103 251
phone 0.0067 178 55 211 113
phone 0.0067 260 252 281 278
phone 0.0067 40 208 71 268
phone 0.0067 147 363 180 399
phone 0.0067 116 363 149 399
phone 0.0066 134 35 193 103
phone 0.0066 10 285 40 344
phone 0.0066 131 363 165 399
phone 0.0066 129 182 159 209
phone 0.0066 81 217 154 290
phone 0.0066 87 0 117 37
phone 0.0066 177 363 211 399
phone 0.0066 210 131 271 221
phone 0.0066 10 115 41 175
phone 0.0066 192 269 227 329
phone 0.0066 69 271 103 328
phone 0.0066 221 236 252 262
phone 0.0066 130 210 165 266
phone 0.0066 162 363 196 399
phone 0.0066 193 363 226 399
phone 0.0066 69 132 103 190
phone 0.0065 177 286 211 343
phone 0.0065 193 148 226 204
phone 0.0065 0 61 57 108
phone 0.0065 223 348 257 399
phone 0.0065 145 102 181 159
phone 0.0065 0 229 56 277
phone 0.0065 103 0 133 37
phone 0.0065 192 118 226 173
phone 0.0065 270 251 280 263
phone 0.0065 216 274 226 287
phone 0.0065 0 27 56 140
phone 0.0065 0 184 56 230
phone 0.0065 54 117 88 174
phone 0.0064 54 271 88 327
phone 0.0064 191 213 221 240
phone 0.0064 146 332 180 389
phone 0.0064 85 86 119 143
phone 0.0064 238 148 273 205
phone 0.0064 0 30 56 77
phone 0.0064 166 217 184 251
phone 0.0064 195 0 275 152
phone 0.0064 163 40 195 97
phone 0.0064 115 179 150 235
phone 0.0064 0 196 56 310
phone 0.0064 116 332 149 389
phone 0.0064 57 366 117 399
phone 0.0064 24 269 56 329
phone 0.0064 10 177 40 237
phone 0.0064 67 202 137 274
phone 0.0064 226 75 281 124
phone 0.0063 10 323 71 368
phone 0.0063 0 275 56 385
phone 0.0063 0 260 57 308
phone 0.0063 99 101 135 159
phone 0.0063 182 171 199 205
phone 0.0063 225 70 256 128
phone 0.0063 131 317 165 374
phone 0.0063 26 315 56 375
phone 0.0063 224 39 281 159
phone 0.0063 239 100 273 159
phone 0.0062 0 214 40 262
phone 0.0062 90 326 106 358
phone 0.0062 42 0 101 31
phone 0.0062 10 54 41 113
phone 0.0062 10 223 40 282
phone 0.0062 85 178 119 236
phone 0.0062 54 148 88 204
phone 0.0062 71 362 103 399
phone 0.0062 82 330 114 354
phone 0.0062 228 226 245 258
phone 0.0061 84 24 119 82
phone 0.0061 10 23 40 82
phone 0.0061 177 317 211 374
phone 0.0061 78 205 88 217
phone 0.0061 0 107 40 154
phone 0.0061 0 137 41 185
phone 0.0061 67 195 83 227
phone 0.0061 130 40 165 97
phone 0.0061 10 254 41 313
phone 0.0061 0 337 40 385
phone 0.0061 136 178 153 213
phone 0.0061 24 333 88 399
phone 0.0061 0 332 26 399
phone 0.0060 257 91 281 139
phone 0.0060 0 332 11 399
phone 0.0060 25 368 87 399
phone 0.0060 0 165 41 279
phone 0.0060 0 367 10 399
phone 0.0060 0 134 56 248
phone 0.0060 0 58 41 171
phone 0.0060 130 86 166 144
phone 0.0060 176 133 212 189
phone 0.0060 195 29 255 77
phone 0.0060 0 199 24 246
phone 0.0060 224 0 281 95
phone 0.0060 52 200 83 223
phone 0.0060 183 275 213 301
phone 0.0060 254 55 281 174
phone 0.0060 115 40 150 97
phone 0.0060 242 29 281 77
phone 0.0059 0 76 40 123
phone 0.0059 55 208 87 267
phone 0.0059 0 116 25 175
phone 0.0059 160 71 197 128
phone 0.0059 100 25 134 82
phone 0.0059 103 0 162 31
phone 0.0059 168 290 198 316
phone 0.0059 10 14 71 62
phone 0.0059 0 322 24 369
phone 0.0059 145 55 181 113
phone 0.0059 0 45 40 92
phone 0.0059 60 196 75 226
phone 0.0059 257 45 281 93
phone 0.0059 0 245 40 292
phone 0.0059 152 290 182 317
phone 0.0059 256 0 281 110
phone 0.0059 40 362 72 399
phone 0.0059 0 319 5 399
phone 0.0059 25 0 87 46
phone 0.0059 0 85 25 144
phone 0.0059 0 0 9 30
phone 0.0059 221 221 252 247
phone 0.0059 0 260 25 308
phone 0.0058 197 209 215 244
phone 0.0058 57 0 86 37
phone 0.0058 100 55 134 113
phone 0.0058 273 121 281 170
phone 0.0058 272 45 281 93
phone 0.0058 0 260 9 308
phone 0.0058 0 0 10 64
phone 0.0058 134 14 193 62
phone 0.0058 0 0 41 110
phone 0.0058 0 322 9 370
phone 0.0058 114 240 151 297
phone 0.0058 10 71 72 127
phone 0.0058 0 211 26 325
phone 0.0058 56 362 87 399
phone 0.0058 0 229 25 277
phone 0.0058 272 85 281 144
phone 0.0058 85 55 119 112
phone 0.0058 163 0 226 95
phone 0.0058 271 11 281 126
phone 0.0058 270 228 280 240
phone 0.0058 0 183 9 231
phone 0.0058 0 227 10 341
phone 0.0057 0 106 9 154
phone 0.0057 100 194 134 251
phone 0.0057 224 258 234 271
phone 0.0057 0 214 9 262
phone 0.0057 0 168 24 216
phone 0.0057 41 0 71 51
phone 0.0057 242 60 281 108
phone 0.0057 257 0 281 30
phone 0.0057 69 71 103 127
phone 0.0057 211 23 240 82
phone 0.0057 0 367 40 399
phone 0.0057 266 209 281 244
phone 0.0057 41 331 71 391
phone 0.0057 70 163 103 220
phone 0.0057 211 60 271 108
phone 0.0057 0 152 9 200
phone 0.0057 226 23 256 83
phone 0.0057 0 150 10 264
phone 0.0057 0 0 24 30
phone 0.0057 0 73 10 187
phone 0.0057 63 205 72 217
phone 0.0057 180 14 239 62
phone 0.0057 42 337 101 384
phone 0.0057 0 54 25 113
phone 0.0057 118 0 148 37
phone 0.0057 149 29 209 78
phone 0.0057 0 291 9 339
phone 0.0056 94 335 103 348
phone 0.0056 0 273 10 387
phone 0.0056 0 276 41 323
phone 0.0056 148 9 180 67
phone 0.0056 189 271 207 305
phone 0.0056 0 75 9 123
phone 0.0056 228 210 245 242
phone 0.0056 193 236 203 248
phone 0.0056 207 270 243 329
phone 0.0056 98 334 114 365
phone 0.0056 206 252 237 277
phone 0.0056 0 23 25 82
phone 0.0056 0 273 26 387
phone 0.0056 0 243 41 355
phone 0.0056 115 86 150 144
phone 0.0056 0 307 40 354
phone 0.0056 232 243 242 256
phone 0.0056 90 338 122 361
phone 0.0056 0 0 55 30
phone 0.0056 0 291 25 339
phone 0.0056 170 228 180 240
phone 0.0055 70 205 80 217
phone 0.0055 69 240 103 297
phone 0.0055 210 55 241 113
phone 0.0055 211 14 270 62
phone 0.0055 272 0 281 30
phone 0.0055 226 0 281 30
phone 0.0055 271 0 281 64
phone 0.0055 237 244 267 270
phone 0.0055 10 146 41 206
phone 0.0055 241 39 271 98
phone 0.0055 221 283 252 308
phone 0.0055 83 326 98 357
phone 0.0055 115 210 150 266
phone 0.0055 56 331 86 391
phone 0.0055 159 286 176 320
phone 0.0054 0 29 9 77
phone 0.0054 150 0 209 30
phone 0.0054 10 316 41 375
phone 0.0054 0 26 10 141
phone 0.0054 25 363 56 399
phone 0.0054 195 24 225 82
phone 0.0054 10 346 40 399
phone 0.0054 186 182 195 194
phone 0.0054 257 14 281 62
phone 0.0054 167 198 198 224
phone 0.0054 84 240 119 297
phone 0.0053 214 129 244 155
phone 0.0053 11 353 71 399
phone 0.0053 11 0 40 37
phone 0.0053 174 286 192 320
phone 0.0053 270 72 281 188
phone 0.0053 179 8 210 67
phone 0.0053 44 306 75 331
phone 0.0053 26 0 55 37
phone 0.0053 0 14 40 62
phone 0.0053 101 343 111 356
phone 0.0053 83 282 113 309
phone 0.0053 99 240 135 297
phone 0.0053 244 242 261 273
phone 0.0053 145 183 175 209
phone 0.0053 0 196 0 321
phone 0.0052 194 0 256 64
phone 0.0052 75 326 91 357
phone 0.0052 242 0 271 37
phone 0.0052 270 259 280 271
phone 0.0052 232 236 242 248
phone 0.0052 183 197 213 225
phone 0.0052 51 303 68 334
phone 0.0052 85 209 119 267
phone 0.0052 180 0 239 30
phone 0.0052 67 330 99 353
phone 0.0052 228 279 245 312
phone 0.0052 165 0 194 37
phone 0.0052 160 352 190 378
phone 0.0052 86 335 95 348
phone 0.0052 174 194 192 228
phone 0.0051 241 8 272 67
phone 0.0051 0 164 3 291
phone 0.0051 140 189 149 202
phone 0.0051 59 318 76 350
phone 0.0051 51 322 84 346
phone 0.0051 203 234 247 303
phone 0.0051 195 0 225 51
phone 0.0051 160 175 190 201
phone 0.0051 113 163 130 197
phone 0.0051 180 0 209 37
phone 0.0051 225 0 256 51
phone 0.0050 210 0 241 51
phone 0.0050 213 240 230 274
phone 0.0050 78 335 88 348
phone 0.0050 129 67 159 93
phone 0.0050 266 255 281 290
phone 0.0050 222 146 259 207
