phone 0.8828 112 130 200 311
phone 0.0923 80 86 242 323
phone 0.0718 120 144 192 241
phone 0.0600 35 146 122 299
phone 0.0432 129 170 214 277
phone 0.0382 131 185 181 260
phone 0.0379 54 163 164 297
phone 0.0342 43 106 163 242
phone 0.0310 0 153 63 303
phone 0.0308 44 182 114 263
phone 0.0215 0 125 102 279
phone 0.0211 6 116 209 338
phone 0.0205 126 131 246 253
phone 0.0197 0 185 93 333
phone 0.0189 44 217 114 289
phone 0.0189 120 174 250 327
phone 0.0182 11 84 137 263
phone 0.0182 114 221 208 343
phone 0.0180 171 116 266 285
phone 0.0178 120 212 192 294
phone 0.0175 90 82 187 209
phone 0.0168 59 192 99 254
phone 0.0161 0 101 56 242
phone 0.0158 122 286 204 399
phone 0.0151 0 64 90 222
phone 0.0151 55 204 134 272
phone 0.0145 30 198 98 278
phone 0.0144 32 163 95 252
phone 0.0140 53 228 155 342
phone 0.0135 158 94 247 228
phone 0.0132 61 224 97 283
phone 0.0129 213 64 266 214
phone 0.0126 74 283 176 399
phone 0.0126 18 266 110 394
phone 0.0119 0 222 60 345
phone 0.0118 27 214 117 360
phone 0.0116 0 174 51 240
phone 0.0116 127 76 216 246
phone 0.0115 44 152 114 232
phone 0.0114 45 191 82 253
phone 0.0114 119 252 193 316
phone 0.0113 175 224 266 351
phone 0.0113 144 171 198 243
phone 0.0110 140 236 233 362
phone 0.0110 56 169 133 246
phone 0.0109 155 197 249 248
phone 0.0109 60 237 129 301
phone 0.0108 185 167 250 247
phone 0.0106 83 159 114 186
phone 0.0106 16 125 81 197
phone 0.0105 109 190 173 286
phone 0.0105 195 171 266 304
phone 0.0104 139 240 173 298
phone 0.0103 0 145 69 208
phone 0.0103 0 194 40 312
phone 0.0101 90 156 107 189
phone 0.0101 119 173 162 241
phone 0.0100 112 122 170 230
phone 0.0099 161 227 244 280
phone 0.0098 77 225 112 282
phone 0.0097 157 297 247 399
phone 0.0097 92 129 159 193
phone 0.0097 167 130 237 192
phone 0.0096 56 26 155 192
phone 0.0095 27 302 101 359
phone 0.0094 158 164 246 220
phone 0.0094 0 254 54 314
phone 0.0093 133 234 210 304
phone 0.0092 202 156 265 227
phone 0.0092 0 204 52 272
phone 0.0091 185 200 250 276
phone 0.0090 150 253 224 315
phone 0.0090 31 132 65 190
phone 0.0090 0 285 68 344
phone 0.0090 183 367 214 393
phone 0.0090 82 205 170 331
phone 0.0090 89 160 162 223
phone 0.0090 0 193 34 252
phone 0.0089 88 332 162 390
phone 0.0089 165 193 207 252
phone 0.0089 41 255 117 313
phone 0.0089 69 195 151 251
phone 0.0087 94 166 103 179
phone 0.0087 152 284 222 346
phone 0.0087 124 358 188 399
phone 0.0086 213 247 266 382
phone 0.0086 121 283 191 346
phone 0.0086 16 148 50 205
phone 0.0086 60 322 130 399
phone 0.0086 190 364 207 397
phone 0.0085 126 105 186 156
phone 0.0085 75 194 113 251
phone 0.0084 75 314 145 377
phone 0.0084 167 271 238 328
phone 0.0084 0 165 17 279
phone 0.0084 94 254 189 375
phone 0.0083 185 211 219 265
phone 0.0083 70 227 150 279
phone 0.0083 215 192 250 253
phone 0.0083 0 196 74 250
phone 0.0083 140 101 172 159
phone 0.0083 109 132 142 190
phone 0.0083 183 284 253 345
phone 0.0082 204 244 263 324
phone 0.0082 0 199 19 246
phone 0.0082 187 135 248 217
phone 0.0082 84 303 167 357
phone 0.0082 77 253 143 315
phone 0.0082 11 268 85 331
phone 0.0081 145 139 228 214
phone 0.0081 135 329 208 393
phone 0.0081 94 360 157 399
phone 0.0081 186 132 218 190
phone 0.0081 200 192 235 253
phone 0.0080 43 284 115 346
phone 0.0080 42 316 116 375
phone 0.0080 11 158 85 225
phone 0.0080 219 281 266 348
phone 0.0080 172 359 232 399
phone 0.0079 0 242 37 295
phone 0.0079 0 192 2 252
phone 0.0079 31 137 96 216
phone 0.0079 143 113 200 179
phone 0.0079 0 223 70 284
phone 0.0079 148 205 194 271
phone 0.0078 76 282 144 348
phone 0.0078 0 228 17 340
phone 0.0078 2 270 33 329
phone 0.0078 182 364 199 397
phone 0.0078 215 223 266 284
phone 0.0078 184 236 252 301
phone 0.0078 133 269 210 330
phone 0.0077 156 101 187 158
phone 0.0077 32 301 64 360
phone 0.0077 59 141 129 211
phone 0.0077 0 261 18 307
phone 0.0077 134 144 178 209
phone 0.0077 139 271 172 328
phone 0.0076 90 204 161 272
phone 0.0076 185 329 250 393
phone 0.0076 109 163 142 220
phone 0.0076 80 344 140 399
phone 0.0076 153 345 220 399
phone 0.0076 108 332 142 389
phone 0.0076 33 91 95 139
phone 0.0075 60 162 98 221
phone 0.0075 124 115 157 175
phone 0.0075 106 313 175 378
phone 0.0075 194 374 203 386
phone 0.0075 0 254 2 314
phone 0.0075 0 162 34 221
phone 0.0075 187 90 248 139
phone 0.0075 2 106 65 154
phone 0.0075 79 117 140 174
phone 0.0075 33 111 95 181
phone 0.0075 62 271 96 327
phone 0.0075 0 229 18 277
phone 0.0075 0 122 49 169
phone 0.0074 200 161 235 222
phone 0.0074 170 286 203 343
phone 0.0074 151 314 223 378
phone 0.0074 187 56 249 173
phone 0.0073 1 269 66 390
phone 0.0073 46 162 82 222
phone 0.0073 202 126 264 196
phone 0.0073 201 286 234 343
phone 0.0073 185 286 219 343
phone 0.0072 65 361 124 399
phone 0.0072 0 223 2 283
phone 0.0072 91 235 160 302
phone 0.0072 25 237 103 300
phone 0.0072 31 179 65 235
phone 0.0072 46 224 81 282
phone 0.0072 170 116 203 174
phone 0.0072 169 256 204 312
phone 0.0072 33 101 64 159
phone 0.0072 17 57 80 172
phone 0.0071 93 240 126 297
phone 0.0071 16 270 50 328
phone 0.0071 49 85 79 143
phone 0.0071 57 247 134 383
phone 0.0071 21 27 249 249
phone 0.0071 107 344 175 399
phone 0.0071 93 332 126 390
phone 0.0071 202 85 233 144
phone 0.0071 18 101 48 159
phone 0.0071 139 301 173 359
phone 0.0071 201 255 234 313
phone 0.0070 46 123 113 199
phone 0.0070 47 316 80 375
phone 0.0070 29 306 60 331
phone 0.0070 155 70 219 189
phone 0.0070 0 137 34 185
phone 0.0070 156 106 217 155
phone 0.0070 47 287 80 343
phone 0.0070 232 270 265 329
phone 0.0070 36 303 53 334
phone 0.0070 216 147 250 206
phone 0.0069 93 270 127 328
phone 0.0069 185 180 219 234
phone 0.0069 93 211 126 265
phone 0.0069 185 241 219 296
phone 0.0069 93 301 127 359
phone 0.0069 154 301 188 359
phone 0.0069 186 374 195 387
phone 0.0069 123 222 158 284
phone 0.0068 0 168 18 215
phone 0.0068 88 268 163 331
phone 0.0068 18 319 79 371
phone 0.0068 0 131 32 252
phone 0.0068 153 241 189 296
phone 0.0068 231 239 265 298
phone 0.0068 113 268 145 293
phone 0.0068 154 332 188 389
phone 0.0068 172 76 233 123
phone 0.0068 216 253 250 314
phone 0.0068 62 317 96 374
phone 0.0067 108 224 142 282
phone 0.0067 202 294 264 366
phone 0.0067 121 264 137 296
phone 0.0067 108 302 142 358
phone 0.0067 48 56 111 173
phone 0.0067 108 194 142 251
phone 0.0067 171 42 233 156
phone 0.0067 201 115 234 175
phone 0.0067 64 261 125 337
phone 0.0067 16 194 49 250
phone 0.0067 81 199 246 399
phone 0.0066 0 131 18 190
phone 0.0066 46 132 81 190
phone 0.0066 124 301 157 359
phone 0.0066 201 317 234 374
phone 0.0066 167 367 199 393
phone 0.0066 168 225 205 282
phone 0.0066 231 209 265 266
phone 0.0066 31 271 65 328
phone 0.0066 0 367 48 399
phone 0.0066 234 106 266 154
phone 0.0066 110 91 171 139
phone 0.0066 201 224 234 282
phone 0.0065 126 76 186 123
phone 0.0065 0 73 49 187
phone 0.0065 18 76 79 123
phone 0.0065 0 162 2 221
phone 0.0065 250 0 266 30
phone 0.0065 33 42 95 156
phone 0.0065 166 163 207 221
phone 0.0065 141 91 202 139
phone 0.0065 125 42 187 156
phone 0.0064 233 0 266 64
phone 0.0064 64 85 95 144
phone 0.0064 16 225 50 282
phone 0.0064 109 57 173 172
phone 0.0064 188 70 217 129
phone 0.0064 188 60 248 108
phone 0.0064 175 364 192 397
phone 0.0064 140 57 203 172
phone 0.0064 218 85 249 144
phone 0.0064 203 76 263 123
phone 0.0063 185 317 219 374
phone 0.0063 49 76 110 123
phone 0.0063 3 100 33 159
phone 0.0063 1 333 66 399
phone 0.0063 172 70 202 129
phone 0.0063 170 332 204 389
phone 0.0063 202 42 265 156
phone 0.0063 18 299 48 361
phone 0.0063 249 101 266 159
phone 0.0063 219 0 266 30
phone 0.0063 157 60 217 108
phone 0.0063 96 0 155 30
phone 0.0063 126 85 156 144
phone 0.0062 96 104 155 156
phone 0.0062 265 0 266 37
phone 0.0062 205 101 261 160
phone 0.0062 110 0 171 64
phone 0.0062 0 332 19 399
phone 0.0062 141 70 171 129
phone 0.0062 0 367 17 399
phone 0.0062 156 26 218 141
phone 0.0062 127 0 186 30
phone 0.0062 157 70 187 129
phone 0.0062 40 312 49 325
phone 0.0062 18 331 48 390
phone 0.0062 34 70 64 129
phone 0.0062 31 210 65 266
phone 0.0062 154 271 188 327
phone 0.0061 45 306 75 332
phone 0.0061 157 0 217 30
phone 0.0061 0 91 48 139
phone 0.0061 141 0 202 64
phone 0.0061 79 0 140 64
phone 0.0061 228 143 266 271
phone 0.0061 111 60 171 108
phone 0.0061 2 42 65 156
phone 0.0061 231 179 265 235
phone 0.0061 264 0 266 64
phone 0.0061 232 301 265 360
phone 0.0061 33 331 95 399
phone 0.0061 124 274 134 287
phone 0.0061 188 0 247 30
phone 0.0061 0 323 48 369
phone 0.0061 203 54 233 113
phone 0.0061 216 301 250 359
phone 0.0061 93 179 126 235
phone 0.0061 65 0 124 30
phone 0.0061 79 91 141 139
phone 0.0061 172 0 233 64
phone 0.0060 0 363 3 399
phone 0.0060 0 0 32 30
phone 0.0060 0 332 3 399
phone 0.0060 3 316 33 375
phone 0.0060 94 101 126 159
phone 0.0060 111 0 140 37
phone 0.0060 126 0 156 37
phone 0.0060 19 0 78 30
phone 0.0060 0 0 48 64
phone 0.0060 110 101 141 159
phone 0.0060 46 256 80 312
phone 0.0060 0 0 1 30
phone 0.0059 218 54 248 113
phone 0.0059 142 0 171 37
phone 0.0059 80 60 140 108
phone 0.0059 49 0 110 64
phone 0.0059 0 100 17 159
phone 0.0059 34 60 94 108
phone 0.0059 83 175 114 201
phone 0.0059 77 270 111 329
phone 0.0059 78 332 111 390
phone 0.0059 157 0 186 37
phone 0.0059 75 163 113 220
phone 0.0059 96 0 125 37
phone 0.0059 0 0 2 64
phone 0.0059 51 302 69 335
phone 0.0059 94 26 157 141
phone 0.0059 139 332 173 390
phone 0.0059 173 0 202 37
phone 0.0059 18 368 79 399
phone 0.0059 83 251 114 278
phone 0.0059 18 70 48 129
phone 0.0059 63 42 126 156
phone 0.0059 0 131 2 190
phone 0.0059 93 148 126 205
phone 0.0059 172 45 232 93
phone 0.0058 188 0 217 37
phone 0.0058 0 353 33 399
phone 0.0058 234 70 264 128
phone 0.0058 108 271 142 328
phone 0.0058 48 362 80 399
phone 0.0058 203 0 232 37
phone 0.0058 202 347 233 399
phone 0.0058 0 0 17 64
phone 0.0058 80 0 109 37
phone 0.0058 126 54 156 113
phone 0.0058 186 11 249 126
phone 0.0058 6 222 37 246
phone 0.0058 0 300 18 360
phone 0.0058 0 104 3 218
phone 0.0058 264 367 266 399
phone 0.0058 263 332 266 399
phone 0.0058 3 60 63 108
phone 0.0057 265 214 266 262
phone 0.0057 65 0 94 37
phone 0.0057 0 337 2 385
phone 0.0057 34 0 63 37
phone 0.0057 33 362 64 399
phone 0.0057 77 133 111 189
phone 0.0057 19 0 48 37
phone 0.0057 50 0 79 37
phone 0.0057 265 337 266 385
phone 0.0057 31 240 65 297
phone 0.0057 216 326 266 399
phone 0.0057 265 322 266 369
phone 0.0057 33 331 64 391
phone 0.0057 13 218 30 250
phone 0.0057 178 374 188 387
phone 0.0057 111 54 140 113
phone 0.0057 247 87 266 203
phone 0.0057 203 45 263 93
phone 0.0057 265 106 266 154
phone 0.0057 262 180 266 295
phone 0.0057 249 75 266 123
phone 0.0057 0 165 3 279
phone 0.0056 142 45 202 93
phone 0.0056 80 70 110 128
phone 0.0056 0 291 2 339
phone 0.0056 95 54 125 113
phone 0.0056 95 76 156 123
phone 0.0056 0 76 33 123
phone 0.0056 49 54 79 113
phone 0.0056 0 106 2 154
phone 0.0056 250 137 266 185
phone 0.0056 265 260 266 308
phone 0.0056 140 11 203 126
phone 0.0056 265 306 266 354
phone 0.0056 263 73 266 187
phone 0.0056 90 171 107 205
phone 0.0056 188 29 248 77
phone 0.0056 0 257 3 372
phone 0.0056 265 291 266 339
phone 0.0056 188 39 217 98
phone 0.0056 90 248 107 282
phone 0.0056 65 54 94 113
phone 0.0055 244 212 266 307
phone 0.0055 123 254 158 314
phone 0.0055 95 45 155 93
phone 0.0055 262 273 266 387
phone 0.0055 157 29 217 77
phone 0.0055 0 212 3 325
phone 0.0055 262 227 266 341
phone 0.0055 110 11 172 126
phone 0.0055 77 301 111 359
phone 0.0055 264 116 266 174
phone 0.0055 199 267 229 293
phone 0.0055 65 45 125 93
phone 0.0055 18 45 79 93
phone 0.0055 248 163 266 220
phone 0.0055 97 155 115 190
phone 0.0054 172 39 202 98
phone 0.0054 61 132 97 190
phone 0.0054 79 11 141 126
phone 0.0054 250 321 266 370
phone 0.0054 34 29 94 77
phone 0.0054 17 11 80 126
phone 0.0054 265 137 266 185
phone 0.0054 48 11 111 126
phone 0.0054 126 29 186 77
phone 0.0054 3 29 63 77
phone 0.0054 265 69 266 129
phone 0.0054 0 57 3 172
phone 0.0054 157 39 187 98
phone 0.0053 246 286 266 399
phone 0.0053 217 11 266 126
phone 0.0053 0 45 48 93
phone 0.0053 0 70 17 129
phone 0.0053 0 26 34 141
phone 0.0053 263 104 266 218
phone 0.0053 265 183 266 231
phone 0.0053 142 39 171 98
phone 0.0053 0 75 2 123
phone 0.0053 80 29 140 77
phone 0.0053 203 23 233 82
phone 0.0053 187 101 218 159
phone 0.0053 265 353 266 399
phone 0.0053 265 153 266 200
phone 0.0053 218 29 266 77
phone 0.0053 265 168 266 216
phone 0.0053 249 285 266 344
phone 0.0052 78 101 111 159
phone 0.0052 248 26 266 141
phone 0.0052 0 156 155 399
phone 0.0052 265 29 266 77
phone 0.0052 228 220 266 348
phone 0.0052 250 353 266 399
phone 0.0052 80 39 110 98
phone 0.0052 34 39 64 98
phone 0.0052 0 29 2 77
phone 0.0052 19 14 78 62
phone 0.0052 203 14 263 62
phone 0.0052 231 148 265 204
phone 0.0052 153 267 183 293
phone 0.0051 263 0 266 110
phone 0.0051 49 23 79 82
phone 0.0051 234 39 264 98
phone 0.0051 96 14 155 62
phone 0.0051 216 116 250 175
phone 0.0051 0 29 17 77
phone 0.0051 65 23 94 82
phone 0.0051 18 23 48 82
phone 0.0051 249 29 266 77
phone 0.0051 126 23 156 82
phone 0.0051 65 14 125 62
phone 0.0051 55 313 65 325
phone 0.0051 248 194 266 251
phone 0.0051 0 11 3 126
phone 0.0051 197 363 215 397
phone 0.0050 17 228 26 240
phone 0.0050 205 360 261 399
phone 0.0050 111 23 140 82
phone 0.0050 95 23 125 82
phone 0.0050 3 23 33 82
phone 0.0050 264 301 266 359
