phone 0.7717 55 32 358 188
phone 0.1015 118 83 332 224
phone 0.0898 269 36 365 177
phone 0.0776 254 68 339 189
phone 0.0727 77 46 145 170
phone 0.0552 85 36 201 178
phone 0.0467 166 48 339 169
phone 0.0466 281 70 348 150
phone 0.0452 184 25 292 194
phone 0.0442 144 18 239 171
phone 0.0372 111 58 211 223
phone 0.0364 152 122 262 252
phone 0.0354 234 22 334 167
phone 0.0329 44 40 123 170
phone 0.0320 277 99 361 213
phone 0.0309 308 63 395 198
phone 0.0289 278 91 320 159
phone 0.0245 295 94 334 156
phone 0.0240 90 89 170 162
phone 0.0236 80 77 119 143
phone 0.0232 217 53 290 137
phone 0.0229 244 73 324 147
phone 0.0218 266 49 333 141
phone 0.0216 156 50 228 139
phone 0.0216 341 24 399 184
phone 0.0212 185 1 395 200
phone 0.0211 112 73 179 178
phone 0.0211 112 0 210 136
phone 0.0209 43 0 240 209
phone 0.0208 166 149 248 225
phone 0.0206 4 7 92 140
phone 0.0206 210 77 326 204
phone 0.0202 303 0 399 152
phone 0.0190 67 77 162 204
phone 0.0186 94 53 167 137
phone 0.0186 197 127 319 247
phone 0.0182 62 64 286 256
phone 0.0175 227 88 310 163
phone 0.0174 242 108 326 173
phone 0.0169 296 64 334 125
phone 0.0168 93 119 192 258
phone 0.0156 50 66 118 123
phone 0.0154 282 42 348 116
phone 0.0152 71 43 128 115
phone 0.0152 124 40 198 118
phone 0.0151 182 168 263 237
phone 0.0149 170 39 244 120
phone 0.0148 170 0 275 137
phone 0.0147 96 96 133 155
phone 0.0145 149 171 234 234
phone 0.0143 120 144 233 260
phone 0.0143 322 127 386 253
phone 0.0138 265 96 303 155
phone 0.0138 186 155 289 266
phone 0.0137 232 44 305 114
phone 0.0136 111 96 149 155
phone 0.0134 65 0 154 121
phone 0.0133 68 65 100 124
phone 0.0132 77 110 153 171
phone 0.0132 97 49 132 109
phone 0.0130 9 64 88 195
phone 0.0130 123 95 199 187
phone 0.0128 185 50 260 140
phone 0.0128 189 173 225 231
phone 0.0124 71 94 128 187
phone 0.0122 0 37 55 172
phone 0.0122 97 28 163 99
phone 0.0120 165 189 234 266
phone 0.0118 278 0 368 127
phone 0.0117 233 64 273 125
phone 0.0117 249 65 287 124
phone 0.0116 123 137 199 206
phone 0.0116 200 39 276 120
phone 0.0114 282 138 379 266
phone 0.0114 153 27 230 100
phone 0.0111 39 90 131 221
phone 0.0111 279 63 320 126
phone 0.0110 351 88 399 223
phone 0.0106 362 185 399 266
phone 0.0106 133 156 219 218
phone 0.0106 19 125 119 248
phone 0.0106 171 63 212 126
phone 0.0104 239 151 329 266
phone 0.0104 312 82 348 138
phone 0.0104 265 65 303 124
phone 0.0103 311 64 381 125
phone 0.0103 112 49 148 109
phone 0.0102 66 141 164 263
phone 0.0102 208 0 314 126
phone 0.0102 48 95 121 155
phone 0.0101 125 109 166 172
phone 0.0100 0 139 71 265
phone 0.0100 198 187 278 248
phone 0.0100 290 112 370 170
phone 0.0099 115 7 177 90
phone 0.0098 341 79 399 140
phone 0.0098 0 0 39 0
phone 0.0098 174 174 209 230
phone 0.0095 356 0 399 118
phone 0.0095 249 96 288 155
phone 0.0095 359 120 399 192
phone 0.0095 217 27 289 100
phone 0.0094 209 173 297 232
phone 0.0094 311 93 381 158
phone 0.0093 0 263 40 266
phone 0.0093 204 174 240 231
phone 0.0092 280 155 350 218
phone 0.0092 122 171 200 234
phone 0.0092 331 102 391 179
phone 0.0092 0 91 57 221
phone 0.0091 341 155 399 219
phone 0.0090 358 90 399 161
phone 0.0090 260 0 338 91
phone 0.0090 245 141 323 202
phone 0.0089 340 187 399 249
phone 0.0089 346 16 399 81
phone 0.0088 230 155 307 218
phone 0.0088 68 97 100 154
phone 0.0088 358 60 399 129
phone 0.0088 81 109 118 172
phone 0.0087 40 155 129 266
phone 0.0087 141 49 180 109
phone 0.0086 80 139 150 204
phone 0.0086 329 65 362 123
phone 0.0086 136 63 216 158
phone 0.0086 248 29 320 98
phone 0.0086 136 188 216 247
phone 0.0085 0 0 57 104
phone 0.0085 297 127 332 185
phone 0.0084 123 78 167 142
phone 0.0084 312 122 379 190
phone 0.0083 342 47 399 111
phone 0.0083 293 172 368 232
phone 0.0083 143 143 178 200
phone 0.0082 126 48 165 110
phone 0.0082 329 112 362 169
phone 0.0082 201 217 275 266
phone 0.0081 5 89 71 162
phone 0.0081 168 71 246 180
phone 0.0081 185 27 260 101
phone 0.0081 292 144 369 199
phone 0.0081 187 49 227 109
phone 0.0081 90 123 170 189
phone 0.0080 48 124 120 188
phone 0.0080 187 199 258 266
phone 0.0079 77 172 153 233
phone 0.0079 327 202 396 264
phone 0.0079 98 127 132 185
phone 0.0079 128 19 163 78
phone 0.0079 249 200 319 266
phone 0.0079 5 96 39 154
phone 0.0079 30 158 107 216
phone 0.0079 279 202 351 264
phone 0.0079 157 93 188 119
phone 0.0079 142 219 212 266
phone 0.0078 313 113 347 168
phone 0.0078 298 158 331 215
phone 0.0078 313 51 347 107
phone 0.0078 157 50 196 108
phone 0.0078 376 217 399 266
phone 0.0077 226 124 311 188
phone 0.0077 109 203 183 263
phone 0.0076 221 190 255 245
phone 0.0076 159 160 193 214
phone 0.0076 134 118 219 194
phone 0.0075 0 172 76 232
phone 0.0075 374 111 399 170
phone 0.0075 280 124 318 188
phone 0.0074 132 0 190 70
phone 0.0074 192 236 254 266
phone 0.0074 313 151 379 223
phone 0.0074 374 143 399 200
phone 0.0074 374 81 399 138
phone 0.0073 359 173 393 231
phone 0.0073 2 123 74 189
phone 0.0073 360 3 393 62
phone 0.0073 92 187 169 248
phone 0.0073 304 108 334 135
phone 0.0073 297 33 364 94
phone 0.0072 331 27 392 100
phone 0.0072 232 184 305 251
phone 0.0072 267 144 301 199
phone 0.0072 164 89 181 123
phone 0.0072 99 0 162 42
phone 0.0071 254 0 314 43
phone 0.0071 144 174 178 230
phone 0.0071 267 174 301 230
phone 0.0071 348 224 399 266
phone 0.0071 374 19 399 78
phone 0.0071 173 35 210 92
phone 0.0071 262 170 337 234
phone 0.0071 313 174 347 230
phone 0.0071 67 128 101 184
phone 0.0071 374 50 399 108
phone 0.0071 192 0 253 26
phone 0.0070 49 188 120 247
phone 0.0070 83 34 116 93
phone 0.0070 16 139 91 204
phone 0.0069 222 236 285 266
phone 0.0069 69 206 131 260
phone 0.0069 191 0 254 60
phone 0.0069 108 152 183 221
phone 0.0069 330 0 392 42
phone 0.0069 237 0 301 78
phone 0.0069 236 175 270 229
phone 0.0069 329 142 362 200
phone 0.0069 20 96 55 154
phone 0.0069 130 0 162 46
phone 0.0068 16 109 91 173
phone 0.0068 39 54 98 104
phone 0.0068 115 0 146 46
phone 0.0068 359 35 393 93
phone 0.0068 159 189 193 246
phone 0.0068 0 0 41 32
phone 0.0068 80 48 111 72
phone 0.0068 251 35 286 92
phone 0.0068 98 158 131 215
phone 0.0067 251 159 286 214
phone 0.0067 267 219 300 266
phone 0.0067 312 182 380 253
phone 0.0067 313 143 347 199
phone 0.0067 313 204 347 261
phone 0.0067 208 0 238 31
phone 0.0067 50 108 80 135
phone 0.0067 221 220 255 266
phone 0.0066 310 104 328 138
phone 0.0066 0 188 56 247
phone 0.0066 84 0 146 75
phone 0.0066 140 9 213 88
phone 0.0066 266 35 301 92
phone 0.0066 0 155 45 218
phone 0.0066 255 238 314 266
phone 0.0066 298 204 331 261
phone 0.0066 161 0 223 26
phone 0.0066 346 0 376 46
phone 0.0066 203 50 242 109
phone 0.0066 253 0 285 46
phone 0.0065 239 0 299 11
phone 0.0065 190 204 224 261
phone 0.0065 314 0 378 95
phone 0.0065 235 35 271 92
phone 0.0065 160 0 224 60
phone 0.0065 236 220 270 266
phone 0.0065 53 49 85 108
phone 0.0065 280 108 311 134
phone 0.0065 205 204 239 262
phone 0.0065 208 0 268 11
phone 0.0065 98 189 131 246
phone 0.0065 207 234 238 266
phone 0.0065 300 0 361 42
phone 0.0064 113 128 147 184
phone 0.0064 210 135 297 209
phone 0.0064 218 50 257 109
phone 0.0064 51 159 85 215
phone 0.0064 285 0 345 26
phone 0.0064 69 0 130 42
phone 0.0064 344 141 378 201
phone 0.0064 162 238 222 266
phone 0.0064 207 0 269 43
phone 0.0064 115 0 177 26
phone 0.0064 270 0 330 11
phone 0.0064 284 0 315 46
phone 0.0064 114 204 147 262
phone 0.0064 129 204 162 262
phone 0.0064 100 0 130 47
phone 0.0064 87 44 104 76
phone 0.0064 175 205 208 261
phone 0.0063 284 0 346 59
phone 0.0063 344 34 378 93
phone 0.0063 85 0 145 26
phone 0.0063 223 0 284 26
phone 0.0063 116 0 176 11
phone 0.0063 316 0 376 26
phone 0.0063 252 220 285 266
phone 0.0063 282 204 316 261
phone 0.0063 144 204 178 261
phone 0.0063 140 110 182 171
phone 0.0063 192 233 223 266
phone 0.0062 56 104 74 138
phone 0.0062 6 173 39 231
phone 0.0062 222 0 285 60
phone 0.0062 316 221 376 266
phone 0.0062 254 0 284 16
phone 0.0062 177 0 207 31
phone 0.0062 300 0 360 11
phone 0.0062 177 0 237 11
phone 0.0062 192 0 223 31
phone 0.0062 21 174 54 230
phone 0.0062 21 187 87 248
phone 0.0062 168 100 177 112
phone 0.0062 270 0 299 16
phone 0.0062 376 0 399 48
phone 0.0062 223 0 253 31
phone 0.0062 147 0 207 11
phone 0.0062 239 0 268 16
phone 0.0061 330 3 362 62
phone 0.0061 176 0 238 43
phone 0.0061 287 105 304 138
phone 0.0061 36 174 70 231
phone 0.0061 84 203 115 263
phone 0.0061 35 82 102 138
phone 0.0061 315 0 346 46
phone 0.0061 85 0 115 47
phone 0.0061 300 0 330 31
phone 0.0061 145 0 208 43
phone 0.0061 114 18 147 78
phone 0.0061 53 0 116 75
phone 0.0061 285 0 315 16
phone 0.0060 331 0 391 11
phone 0.0060 39 9 99 57
phone 0.0060 171 7 243 90
phone 0.0060 67 189 100 246
phone 0.0060 131 0 161 16
phone 0.0060 146 0 176 16
phone 0.0060 331 0 361 31
phone 0.0060 21 143 55 200
phone 0.0060 8 40 69 88
phone 0.0059 85 0 145 11
phone 0.0059 8 9 68 57
phone 0.0059 91 54 100 66
phone 0.0059 316 0 345 16
phone 0.0059 67 159 101 215
phone 0.0059 251 189 286 246
phone 0.0059 116 0 145 16
phone 0.0059 22 0 85 90
phone 0.0059 162 0 192 16
phone 0.0059 281 34 317 93
phone 0.0059 64 152 136 222
phone 0.0059 282 174 316 230
phone 0.0058 0 70 36 119
phone 0.0058 172 142 211 201
phone 0.0058 203 8 273 89
phone 0.0058 24 0 83 42
phone 0.0058 70 0 99 47
phone 0.0058 231 94 275 156
phone 0.0058 5 143 39 200
phone 0.0058 346 0 376 16
phone 0.0058 344 173 378 231
phone 0.0057 54 3 84 62
phone 0.0057 177 233 207 266
phone 0.0057 328 188 362 246
phone 0.0057 54 0 114 26
phone 0.0057 361 0 399 11
phone 0.0057 215 78 261 142
phone 0.0057 314 115 324 127
phone 0.0057 100 0 130 16
phone 0.0057 0 0 36 11
phone 0.0056 39 3 68 62
phone 0.0056 24 3 53 62
phone 0.0056 51 128 85 184
phone 0.0056 23 34 53 93
phone 0.0056 184 78 230 142
phone 0.0056 36 143 70 199
phone 0.0056 251 129 286 183
phone 0.0056 331 218 361 266
phone 0.0056 361 255 399 266
phone 0.0056 113 174 147 230
phone 0.0056 8 0 68 26
phone 0.0055 173 93 203 119
phone 0.0055 0 234 41 266
phone 0.0055 54 0 114 11
phone 0.0055 79 43 97 77
phone 0.0055 53 237 116 266
phone 0.0055 364 262 399 266
phone 0.0055 0 0 22 16
phone 0.0055 346 0 399 26
phone 0.0055 288 62 319 88
phone 0.0055 36 113 70 168
phone 0.0055 0 0 23 1
phone 0.0055 8 0 68 11
phone 0.0055 111 70 141 96
phone 0.0055 128 174 162 230
phone 0.0055 7 208 69 266
phone 0.0054 9 240 68 266
phone 0.0054 37 222 100 266
phone 0.0054 84 237 146 266
phone 0.0054 54 255 114 266
phone 0.0054 207 0 238 1
phone 0.0054 192 0 223 1
phone 0.0054 85 0 115 16
phone 0.0054 100 223 160 266
phone 0.0054 177 0 208 1
phone 0.0054 161 0 192 1
phone 0.0054 268 3 301 62
phone 0.0054 146 0 177 1
phone 0.0054 223 0 254 1
phone 0.0054 22 253 85 266
phone 0.0054 0 80 51 139
phone 0.0054 25 67 82 122
phone 0.0054 142 19 179 78
phone 0.0054 285 233 315 266
phone 0.0054 288 131 319 158
phone 0.0054 23 234 53 266
phone 0.0054 238 0 269 1
phone 0.0053 291 115 300 128
phone 0.0053 69 264 99 266
phone 0.0053 130 0 161 1
phone 0.0053 54 264 84 266
phone 0.0053 82 173 116 231
phone 0.0053 376 264 399 266
phone 0.0053 60 115 70 127
phone 0.0053 376 0 399 17
phone 0.0053 0 55 53 103
phone 0.0053 332 256 391 266
phone 0.0053 85 264 115 266
phone 0.0053 299 237 362 266
phone 0.0053 362 0 392 32
phone 0.0053 253 0 284 1
phone 0.0053 295 59 312 92
phone 0.0053 100 264 130 266
phone 0.0053 54 234 84 266
phone 0.0052 70 0 99 16
phone 0.0052 69 249 100 266
phone 0.0052 39 264 69 266
phone 0.0052 346 249 376 266
phone 0.0052 241 56 399 263
phone 0.0052 330 237 393 266
phone 0.0052 0 188 23 247
phone 0.0052 0 25 53 72
phone 0.0052 269 0 300 1
phone 0.0052 0 127 24 184
phone 0.0052 99 253 162 266
phone 0.0052 250 93 280 119
phone 0.0052 0 0 22 47
phone 0.0052 130 253 192 266
phone 0.0052 115 0 146 1
phone 0.0052 8 3 38 62
phone 0.0052 23 0 53 16
phone 0.0052 284 0 315 1
phone 0.0052 300 0 331 1
phone 0.0051 85 249 115 266
phone 0.0051 54 0 84 16
phone 0.0051 315 0 346 1
phone 0.0051 38 234 69 266
phone 0.0051 240 255 298 266
phone 0.0051 376 249 399 266
phone 0.0051 299 253 361 266
phone 0.0051 295 128 312 161
phone 0.0051 100 0 131 1
phone 0.0051 23 265 53 266
phone 0.0051 39 0 68 16
phone 0.0051 330 0 361 1
phone 0.0051 179 89 197 123
phone 0.0051 161 253 223 266
phone 0.0051 116 264 146 266
phone 0.0050 327 100 357 127
phone 0.0050 8 50 38 108
phone 0.0050 192 254 254 266
phone 0.0050 127 142 163 201
phone 0.0050 100 234 130 266
