phone 0.9358 100 22 284 201
phone 0.1186 109 94 237 210
phone 0.0655 88 57 203 224
phone 0.0514 147 0 266 158
phone 0.0450 173 93 272 216
phone 0.0424 100 135 184 241
phone 0.0365 181 34 293 155
phone 0.0316 204 59 306 201
phone 0.0285 105 1 216 157
phone 0.0281 69 102 150 221
phone 0.0276 64 37 165 182
phone 0.0236 150 133 245 238
phone 0.0227 120 136 202 207
phone 0.0213 37 94 121 232
phone 0.0212 146 120 237 193
phone 0.0206 237 36 347 170
phone 0.0191 188 117 257 195
phone 0.0191 130 71 223 181
phone 0.0185 205 0 302 131
phone 0.0185 203 104 273 177
phone 0.0184 89 118 171 195
phone 0.0168 159 107 254 175
phone 0.0164 35 25 124 184
phone 0.0146 90 70 171 151
phone 0.0141 211 66 295 124
phone 0.0140 243 0 345 110
phone 0.0131 104 52 187 138
phone 0.0127 203 111 241 170
phone 0.0125 142 142 180 201
phone 0.0125 76 87 154 164
phone 0.0124 127 142 164 201
phone 0.0122 186 16 259 113
phone 0.0122 219 111 256 170
phone 0.0120 273 78 372 189
phone 0.0120 71 143 158 200
phone 0.0120 247 91 334 235
phone 0.0119 122 52 328 263
phone 0.0117 56 138 144 265
phone 0.0117 217 32 290 95
phone 0.0117 189 128 225 184
phone 0.0116 61 123 138 189
phone 0.0114 190 121 286 252
phone 0.0114 35 51 251 266
phone 0.0114 274 11 374 130
phone 0.0112 88 187 174 266
phone 0.0108 138 157 215 217
phone 0.0108 153 17 230 111
phone 0.0108 237 50 301 108
phone 0.0106 188 247 219 266
phone 0.0106 6 111 85 217
phone 0.0106 187 245 204 266
phone 0.0105 158 143 194 200
phone 0.0105 26 0 195 226
phone 0.0104 171 126 211 186
phone 0.0104 133 138 220 266
phone 0.0104 112 143 148 200
phone 0.0103 195 244 212 266
phone 0.0102 236 67 270 122
phone 0.0102 77 56 152 133
phone 0.0101 52 87 117 163
phone 0.0101 217 93 289 157
phone 0.0101 49 155 120 219
phone 0.0101 90 156 171 218
phone 0.0099 217 80 258 140
phone 0.0098 0 0 39 0
phone 0.0098 217 49 258 109
phone 0.0098 205 142 240 201
phone 0.0097 161 171 254 266
phone 0.0097 203 252 219 266
phone 0.0097 0 263 40 266
phone 0.0097 191 254 200 266
phone 0.0096 174 4 240 93
phone 0.0096 202 138 274 205
phone 0.0096 195 256 227 266
phone 0.0094 236 77 302 142
phone 0.0094 34 128 104 184
phone 0.0093 64 171 135 233
phone 0.0093 206 261 216 266
phone 0.0092 63 0 154 119
phone 0.0092 216 124 290 189
phone 0.0091 97 128 132 184
phone 0.0091 253 35 285 92
phone 0.0091 252 66 285 123
phone 0.0090 199 254 208 266
phone 0.0090 203 188 274 247
phone 0.0090 101 0 185 105
phone 0.0090 199 261 208 266
phone 0.0089 64 71 135 149
phone 0.0089 198 61 247 128
phone 0.0086 82 143 116 200
phone 0.0086 109 218 182 266
phone 0.0086 36 97 102 153
phone 0.0085 206 12 270 85
phone 0.0084 96 81 133 139
phone 0.0084 175 159 208 215
phone 0.0084 235 35 271 92
phone 0.0084 67 157 101 216
phone 0.0083 53 60 116 129
phone 0.0083 53 111 84 170
phone 0.0083 190 203 256 262
phone 0.0082 217 171 290 233
phone 0.0082 92 40 168 119
phone 0.0081 234 106 303 175
phone 0.0080 156 201 228 265
phone 0.0080 236 97 270 154
phone 0.0080 53 142 84 201
phone 0.0080 67 111 101 170
phone 0.0079 125 170 198 234
phone 0.0079 83 188 115 247
phone 0.0079 67 80 101 139
phone 0.0079 131 0 192 80
phone 0.0079 189 150 256 224
phone 0.0078 98 159 131 215
phone 0.0078 22 118 85 164
phone 0.0078 190 158 224 216
phone 0.0078 68 207 132 259
phone 0.0078 23 68 84 181
phone 0.0078 98 204 131 262
phone 0.0078 230 137 308 266
phone 0.0078 211 70 242 96
phone 0.0077 220 143 255 200
phone 0.0077 221 189 254 246
phone 0.0077 114 219 147 266
phone 0.0077 222 4 255 61
phone 0.0076 204 62 234 88
phone 0.0076 115 0 177 42
phone 0.0075 38 110 69 170
phone 0.0075 68 48 100 109
phone 0.0075 236 128 270 184
phone 0.0074 123 202 199 264
phone 0.0074 100 6 161 60
phone 0.0074 81 112 117 169
phone 0.0073 68 41 131 118
phone 0.0073 110 80 150 140
phone 0.0073 256 177 312 227
phone 0.0073 159 173 193 231
phone 0.0073 218 66 235 100
phone 0.0073 143 183 210 252
phone 0.0073 145 0 177 46
phone 0.0073 195 2 251 65
phone 0.0073 130 0 161 46
phone 0.0072 22 148 85 194
phone 0.0072 129 220 162 266
phone 0.0072 86 19 144 78
phone 0.0072 252 96 285 154
phone 0.0071 6 172 80 266
phone 0.0071 271 145 328 197
phone 0.0071 0 71 50 197
phone 0.0070 83 33 116 93
phone 0.0070 38 141 69 201
phone 0.0070 100 237 161 266
phone 0.0070 0 7 54 135
phone 0.0069 175 219 208 266
phone 0.0069 224 8 283 58
phone 0.0069 210 58 228 92
phone 0.0069 225 208 281 257
phone 0.0069 163 0 220 67
phone 0.0069 38 70 100 119
phone 0.0069 236 174 270 230
phone 0.0068 162 237 221 266
phone 0.0068 270 172 299 232
phone 0.0068 0 0 41 32
phone 0.0068 22 86 85 133
phone 0.0068 241 192 297 243
phone 0.0068 251 127 286 185
phone 0.0068 38 144 100 260
phone 0.0068 128 235 194 266
phone 0.0067 115 0 146 46
phone 0.0067 100 3 130 62
phone 0.0067 186 8 396 197
phone 0.0067 144 173 178 231
phone 0.0067 53 24 115 72
phone 0.0067 256 89 312 162
phone 0.0067 134 90 188 161
phone 0.0067 267 141 332 263
phone 0.0067 238 4 269 61
phone 0.0066 113 174 147 230
phone 0.0066 252 158 285 216
phone 0.0066 161 0 193 46
phone 0.0066 128 174 162 230
phone 0.0066 285 157 314 217
phone 0.0066 53 64 84 124
phone 0.0066 144 220 178 266
phone 0.0065 251 57 319 193
phone 0.0065 38 80 69 139
phone 0.0065 175 189 208 246
phone 0.0065 38 40 100 88
phone 0.0064 38 178 100 226
phone 0.0064 53 192 115 242
phone 0.0064 109 110 151 171
phone 0.0064 239 203 268 263
phone 0.0064 172 248 204 266
phone 0.0064 257 62 312 126
phone 0.0064 38 6 100 120
phone 0.0064 69 9 130 57
phone 0.0064 240 22 297 74
phone 0.0064 180 245 196 266
phone 0.0064 282 0 367 76
phone 0.0064 284 127 315 185
phone 0.0064 69 19 99 77
phone 0.0064 254 187 284 248
phone 0.0063 44 200 108 266
phone 0.0063 253 14 317 144
phone 0.0063 159 219 193 266
phone 0.0063 84 0 146 41
phone 0.0063 222 77 231 89
phone 0.0062 270 210 330 256
phone 0.0062 81 81 117 139
phone 0.0062 224 240 283 266
phone 0.0062 285 71 344 118
phone 0.0062 286 162 344 211
phone 0.0062 38 172 69 232
phone 0.0062 316 9 376 57
phone 0.0062 177 0 237 11
phone 0.0062 53 171 84 233
phone 0.0062 54 34 84 93
phone 0.0061 177 0 238 42
phone 0.0061 100 0 161 26
phone 0.0061 131 0 192 26
phone 0.0061 69 241 130 266
phone 0.0061 255 38 313 90
phone 0.0061 127 193 157 219
phone 0.0061 193 234 222 266
phone 0.0061 69 218 100 266
phone 0.0061 131 0 191 11
phone 0.0061 85 3 115 62
phone 0.0061 208 0 268 42
phone 0.0061 84 234 115 266
phone 0.0061 300 0 361 41
phone 0.0061 0 248 64 266
phone 0.0061 208 0 268 11
phone 0.0060 207 223 270 266
phone 0.0060 203 18 241 78
phone 0.0060 150 107 202 174
phone 0.0060 183 253 193 266
phone 0.0060 254 225 314 266
phone 0.0060 208 256 268 266
phone 0.0060 205 173 239 231
phone 0.0060 238 234 269 266
phone 0.0060 191 0 255 29
phone 0.0060 222 0 285 29
phone 0.0060 160 0 224 29
phone 0.0060 104 131 134 157
phone 0.0060 331 25 391 72
phone 0.0060 314 0 377 105
phone 0.0060 284 203 315 262
phone 0.0060 187 18 226 78
phone 0.0060 214 69 224 81
phone 0.0060 300 65 330 123
phone 0.0060 207 0 238 46
phone 0.0059 270 0 330 11
phone 0.0059 100 0 161 11
phone 0.0059 267 142 301 200
phone 0.0059 315 265 378 266
phone 0.0059 268 237 331 266
phone 0.0059 315 40 376 87
phone 0.0059 285 194 345 241
phone 0.0059 300 157 330 216
phone 0.0059 239 0 299 11
phone 0.0059 253 0 316 29
phone 0.0059 285 0 345 26
phone 0.0059 300 25 361 72
phone 0.0059 285 9 345 57
phone 0.0059 39 9 99 57
phone 0.0059 331 0 391 41
phone 0.0059 300 0 361 11
phone 0.0059 124 64 167 125
phone 0.0059 268 0 331 44
phone 0.0059 269 34 299 93
phone 0.0059 54 203 84 263
phone 0.0059 316 71 376 118
phone 0.0059 84 224 146 266
phone 0.0059 69 187 100 248
phone 0.0059 222 69 231 81
phone 0.0059 300 55 361 103
phone 0.0059 238 0 300 44
phone 0.0059 192 0 223 46
phone 0.0059 331 3 361 62
phone 0.0059 331 56 391 103
phone 0.0059 193 0 222 16
phone 0.0058 316 0 376 26
phone 0.0058 23 55 84 103
phone 0.0058 299 37 362 151
phone 0.0058 208 0 238 16
phone 0.0058 254 256 315 266
phone 0.0058 0 0 96 164
phone 0.0058 54 0 114 41
phone 0.0058 129 265 194 266
phone 0.0058 177 0 207 16
phone 0.0058 331 86 391 134
phone 0.0058 223 249 253 266
phone 0.0058 363 238 399 266
phone 0.0058 314 53 377 166
phone 0.0058 330 22 393 135
phone 0.0058 269 219 300 266
phone 0.0058 85 256 145 266
phone 0.0058 316 3 346 62
phone 0.0058 146 0 176 16
phone 0.0058 22 22 85 136
phone 0.0058 316 102 376 149
phone 0.0058 162 0 192 16
phone 0.0058 223 0 253 16
phone 0.0058 23 24 84 72
phone 0.0058 300 86 361 134
phone 0.0058 147 255 205 266
phone 0.0058 100 249 130 266
phone 0.0058 69 0 130 11
phone 0.0058 346 3 376 62
phone 0.0057 300 179 361 226
phone 0.0057 0 128 50 261
phone 0.0057 131 0 161 16
phone 0.0057 69 0 130 26
phone 0.0057 271 113 327 168
phone 0.0057 331 117 391 164
phone 0.0057 208 218 238 266
phone 0.0057 284 253 346 266
phone 0.0057 285 40 345 88
phone 0.0057 362 0 399 73
phone 0.0057 0 0 40 77
phone 0.0057 211 139 241 165
phone 0.0057 8 9 68 57
phone 0.0057 269 265 299 266
phone 0.0057 364 262 399 266
phone 0.0057 285 265 315 266
phone 0.0057 239 0 268 16
phone 0.0057 330 68 393 182
phone 0.0057 8 40 68 88
phone 0.0057 346 34 376 93
phone 0.0057 0 234 40 266
phone 0.0057 299 145 362 258
phone 0.0057 300 188 330 246
phone 0.0057 331 34 361 93
phone 0.0057 254 0 284 31
phone 0.0057 121 108 170 174
phone 0.0057 116 0 145 16
phone 0.0057 190 189 224 246
phone 0.0057 285 0 315 16
phone 0.0056 315 163 376 210
phone 0.0056 361 254 399 266
phone 0.0056 254 265 284 266
phone 0.0056 300 0 330 16
phone 0.0056 316 0 345 31
phone 0.0056 270 0 299 16
phone 0.0056 37 237 100 266
phone 0.0056 62 252 154 266
phone 0.0056 316 132 376 180
phone 0.0056 331 148 391 195
phone 0.0056 300 0 330 47
phone 0.0056 331 0 391 11
phone 0.0056 7 132 69 180
phone 0.0056 316 65 345 124
phone 0.0056 54 3 84 62
phone 0.0056 331 65 361 124
phone 0.0056 253 0 315 74
phone 0.0056 346 65 376 124
phone 0.0056 286 101 344 149
phone 0.0056 133 189 151 223
phone 0.0056 300 148 360 195
phone 0.0056 362 38 399 150
phone 0.0056 362 192 399 266
phone 0.0056 299 237 362 266
phone 0.0056 23 0 84 41
phone 0.0056 254 234 284 266
phone 0.0056 39 49 69 108
phone 0.0056 100 0 130 16
phone 0.0056 39 256 99 266
phone 0.0056 314 130 377 243
phone 0.0056 284 222 346 266
phone 0.0056 0 0 36 11
phone 0.0056 315 34 346 93
phone 0.0056 330 114 393 228
phone 0.0056 360 70 399 119
phone 0.0056 331 0 361 31
phone 0.0056 96 50 133 108
phone 0.0055 269 249 300 266
phone 0.0055 361 0 399 11
phone 0.0055 330 237 393 266
phone 0.0055 110 128 127 161
phone 0.0055 316 194 376 241
phone 0.0055 23 195 84 241
phone 0.0055 300 265 330 266
phone 0.0055 361 0 399 27
phone 0.0055 224 218 253 266
phone 0.0055 7 0 70 29
phone 0.0055 360 39 399 88
phone 0.0055 69 0 99 47
phone 0.0055 270 55 329 103
phone 0.0055 346 95 376 154
phone 0.0055 238 265 269 266
phone 0.0055 191 238 254 266
phone 0.0055 331 178 391 226
phone 0.0055 8 102 69 149
phone 0.0055 315 253 377 266
phone 0.0055 331 95 361 154
phone 0.0055 300 18 330 78
phone 0.0055 39 0 99 11
phone 0.0055 39 18 69 78
phone 0.0055 285 249 315 266
phone 0.0055 0 0 23 1
phone 0.0055 8 71 69 118
phone 0.0055 39 0 99 26
phone 0.0055 285 3 315 62
phone 0.0055 267 111 301 170
phone 0.0055 315 173 346 231
phone 0.0055 360 101 399 150
phone 0.0055 300 209 361 257
phone 0.0055 282 111 349 232
phone 0.0055 346 126 376 185
phone 0.0055 85 0 115 16
phone 0.0055 69 264 100 266
phone 0.0055 139 49 182 109
phone 0.0055 54 264 84 266
phone 0.0055 23 264 53 266
phone 0.0055 346 9 399 57
phone 0.0054 300 117 360 164
phone 0.0054 362 84 399 196
phone 0.0054 270 25 330 72
phone 0.0054 8 163 69 210
phone 0.0054 23 18 53 77
phone 0.0054 362 130 399 242
phone 0.0054 8 0 68 11
phone 0.0054 126 19 164 78
phone 0.0054 361 178 399 227
phone 0.0054 8 225 68 266
phone 0.0054 300 96 330 154
phone 0.0054 7 37 70 151
phone 0.0054 0 0 22 16
phone 0.0054 39 264 69 266
phone 0.0054 270 0 299 47
phone 0.0054 23 126 53 185
phone 0.0054 346 0 376 16
phone 0.0054 360 147 399 196
phone 0.0054 331 157 361 216
phone 0.0054 346 264 376 266
phone 0.0054 192 265 223 266
phone 0.0054 377 264 399 266
phone 0.0054 331 209 391 257
phone 0.0054 331 126 361 185
phone 0.0054 316 224 376 266
phone 0.0054 54 249 84 266
phone 0.0054 316 265 345 266
phone 0.0053 346 157 376 216
phone 0.0053 0 0 22 47
phone 0.0053 300 249 330 266
phone 0.0053 330 160 393 266
phone 0.0053 315 142 346 200
phone 0.0053 70 0 99 16
phone 0.0053 285 50 315 108
phone 0.0053 23 49 53 108
phone 0.0053 0 25 53 72
phone 0.0053 162 249 192 266
phone 0.0053 207 265 238 266
phone 0.0053 39 0 68 47
phone 0.0053 69 249 100 266
phone 0.0053 23 0 53 47
phone 0.0053 331 265 361 266
phone 0.0053 172 19 211 78
phone 0.0053 111 35 149 93
phone 0.0053 331 188 361 247
phone 0.0053 376 0 399 48
phone 0.0053 23 95 53 154
phone 0.0053 316 96 346 154
phone 0.0053 377 248 399 266
phone 0.0052 39 234 69 266
phone 0.0052 23 157 53 216
phone 0.0052 97 262 184 266
phone 0.0052 0 264 22 266
phone 0.0052 286 131 344 181
phone 0.0052 254 3 284 62
phone 0.0052 300 219 330 266
phone 0.0052 315 203 346 262
phone 0.0052 54 0 84 16
phone 0.0052 223 265 253 266
phone 0.0052 218 135 235 169
phone 0.0052 23 203 53 262
phone 0.0052 84 264 115 266
phone 0.0052 316 249 345 266
phone 0.0052 346 188 376 247
phone 0.0052 177 265 207 266
phone 0.0052 130 0 161 1
phone 0.0052 161 0 192 1
phone 0.0052 146 0 177 1
phone 0.0052 115 0 146 1
phone 0.0052 149 248 181 266
phone 0.0052 176 0 208 1
phone 0.0052 23 249 53 266
phone 0.0052 376 218 399 266
phone 0.0052 192 0 223 1
phone 0.0052 376 0 399 17
phone 0.0052 346 133 399 180
phone 0.0051 23 0 53 16
phone 0.0051 346 249 376 266
phone 0.0051 203 226 235 248
phone 0.0051 362 264 392 266
phone 0.0051 157 244 173 266
phone 0.0051 207 0 238 1
phone 0.0051 100 0 131 1
phone 0.0051 376 18 399 78
phone 0.0051 253 0 285 1
phone 0.0051 376 64 399 124
phone 0.0051 39 0 68 16
phone 0.0051 223 0 254 1
phone 0.0051 269 0 300 1
phone 0.0051 238 0 269 1
phone 0.0051 361 49 392 108
phone 0.0051 300 0 331 1
phone 0.0051 284 0 315 1
phone 0.0051 345 222 399 266
phone 0.0051 315 0 346 0
phone 0.0051 331 218 361 266
phone 0.0051 84 0 115 1
phone 0.0051 361 80 392 139
phone 0.0051 300 126 330 185
phone 0.0051 100 265 130 266
phone 0.0051 346 163 399 210
phone 0.0051 331 249 361 266
phone 0.0051 150 200 180 227
phone 0.0051 376 187 399 248
phone 0.0051 376 95 399 155
phone 0.0051 211 222 227 252
phone 0.0050 0 18 22 78
phone 0.0050 182 46 232 112
phone 0.0050 0 188 41 266
phone 0.0050 134 100 165 127
phone 0.0050 0 40 36 88
phone 0.0050 214 230 224 243
phone 0.0050 0 56 53 103
phone 0.0050 330 0 361 1
phone 0.0050 346 194 399 241
phone 0.0050 376 156 399 217
phone 0.0050 69 0 100 1
