phone 0.8791 85 103 190 315
phone 0.0633 98 154 183 262
phone 0.0361 67 96 161 259
phone 0.0357 95 179 210 323
phone 0.0292 142 108 266 295
phone 0.0284 80 226 184 341
phone 0.0269 83 129 114 154
phone 0.0255 90 126 107 158
phone 0.0238 53 134 217 374
phone 0.0238 31 185 119 330
phone 0.0235 0 81 96 258
phone 0.0229 94 136 103 148
phone 0.0226 58 179 163 330
phone 0.0220 91 128 159 225
phone 0.0215 87 87 181 214
phone 0.0211 0 158 101 305
phone 0.0195 109 166 232 279
phone 0.0194 98 214 183 293
phone 0.0184 185 212 264 311
phone 0.0175 145 227 242 355
phone 0.0168 181 67 266 212
phone 0.0164 114 170 168 245
phone 0.0164 175 214 206 239
phone 0.0163 119 231 192 306
phone 0.0162 30 85 114 198
phone 0.0149 182 210 199 243
phone 0.0147 29 118 118 283
phone 0.0145 22 47 197 294
phone 0.0134 157 177 266 344
phone 0.0133 186 220 195 233
phone 0.0131 183 221 214 247
phone 0.0128 126 189 217 256
phone 0.0123 190 218 207 251
phone 0.0122 84 195 167 281
phone 0.0121 78 267 173 393
phone 0.0119 83 238 168 300
phone 0.0119 33 252 126 377
phone 0.0118 136 98 237 224
phone 0.0117 205 112 266 226
phone 0.0114 123 241 158 297
phone 0.0113 81 109 139 183
phone 0.0110 47 157 111 227
phone 0.0110 63 44 149 177
phone 0.0110 31 170 97 244
phone 0.0110 123 273 197 362
phone 0.0109 111 61 201 230
phone 0.0109 194 228 203 240
phone 0.0109 100 254 181 314
phone 0.0107 58 233 131 304
phone 0.0106 10 209 88 328
phone 0.0105 94 128 103 140
phone 0.0104 104 145 146 208
phone 0.0103 123 159 219 225
phone 0.0103 137 240 174 298
phone 0.0101 174 211 230 296
phone 0.0101 59 145 130 208
phone 0.0100 14 205 83 270
phone 0.0100 63 119 126 172
phone 0.0100 144 182 229 233
phone 0.0099 173 179 232 265
phone 0.0098 72 250 148 318
phone 0.0095 28 253 100 315
phone 0.0094 147 211 227 266
phone 0.0093 78 115 111 175
phone 0.0093 131 224 212 283
phone 0.0093 0 37 91 179
phone 0.0093 62 163 96 221
phone 0.0092 46 178 81 236
phone 0.0092 154 44 244 173
phone 0.0092 83 272 167 327
phone 0.0091 88 301 163 359
phone 0.0091 26 222 101 285
phone 0.0091 42 285 116 344
phone 0.0090 117 205 164 271
phone 0.0089 181 154 255 291
phone 0.0088 150 241 224 296
phone 0.0088 74 151 147 233
phone 0.0087 78 148 111 205
phone 0.0087 72 215 148 292
phone 0.0087 173 132 232 220
phone 0.0086 56 203 133 273
phone 0.0086 58 301 132 359
phone 0.0086 14 240 84 297
phone 0.0085 217 116 249 174
phone 0.0085 146 150 228 203
phone 0.0085 174 106 230 185
phone 0.0084 153 277 230 365
phone 0.0084 186 212 195 225
phone 0.0084 32 209 65 267
phone 0.0084 110 90 172 140
phone 0.0083 82 125 100 159
phone 0.0083 110 55 172 174
phone 0.0083 77 241 111 297
phone 0.0083 97 99 154 192
phone 0.0083 152 118 222 173
phone 0.0082 194 220 203 233
phone 0.0081 108 241 142 296
phone 0.0081 128 97 184 163
phone 0.0081 58 266 132 333
phone 0.0080 125 86 156 143
phone 0.0080 72 183 148 262
phone 0.0080 188 188 248 256
phone 0.0079 170 195 203 250
phone 0.0079 103 284 179 346
phone 0.0079 92 131 127 190
phone 0.0079 47 255 80 313
phone 0.0077 141 86 172 143
phone 0.0077 214 180 266 283
phone 0.0077 73 283 147 347
phone 0.0076 42 188 116 258
phone 0.0076 48 285 79 344
phone 0.0076 170 240 203 297
phone 0.0076 108 302 142 358
phone 0.0075 62 286 95 344
phone 0.0075 170 164 203 219
phone 0.0075 203 106 263 154
phone 0.0074 187 123 248 199
phone 0.0074 78 318 142 373
phone 0.0074 152 195 190 251
phone 0.0073 140 55 204 174
phone 0.0073 3 243 64 355
phone 0.0073 141 90 202 139
phone 0.0073 32 239 64 298
phone 0.0073 47 225 80 282
phone 0.0073 171 101 203 159
phone 0.0073 92 256 127 312
phone 0.0072 86 136 96 148
phone 0.0072 176 198 206 224
phone 0.0072 2 276 65 323
phone 0.0072 78 301 111 359
phone 0.0071 57 174 132 241
phone 0.0071 94 100 126 160
phone 0.0071 123 271 157 327
phone 0.0071 108 272 142 327
phone 0.0071 62 241 96 297
phone 0.0071 176 260 206 286
phone 0.0071 202 100 233 159
phone 0.0070 156 86 187 143
phone 0.0070 233 116 264 174
phone 0.0070 18 269 48 329
phone 0.0070 144 329 176 354
phone 0.0070 237 183 266 208
phone 0.0069 201 177 234 237
phone 0.0069 186 100 219 160
phone 0.0069 2 168 65 215
phone 0.0069 136 334 153 365
phone 0.0069 58 93 266 251
phone 0.0069 129 337 160 362
phone 0.0069 185 237 220 300
phone 0.0069 139 270 204 329
phone 0.0069 2 134 64 249
phone 0.0068 184 176 220 238
phone 0.0068 204 275 262 323
phone 0.0068 216 163 249 220
phone 0.0068 62 283 128 399
phone 0.0068 244 180 261 211
phone 0.0068 184 206 220 269
phone 0.0068 186 228 195 240
phone 0.0068 124 302 157 359
phone 0.0068 0 197 49 309
phone 0.0068 0 230 49 277
phone 0.0068 201 242 265 356
phone 0.0068 34 149 94 203
phone 0.0068 152 326 168 358
phone 0.0067 18 274 79 385
phone 0.0067 145 334 160 365
phone 0.0067 33 290 95 399
phone 0.0067 18 118 80 233
phone 0.0067 99 129 129 155
phone 0.0067 190 226 245 281
phone 0.0067 129 334 145 365
phone 0.0066 17 137 80 185
phone 0.0066 18 291 79 339
phone 0.0066 18 238 48 299
phone 0.0066 153 225 189 281
phone 0.0066 176 246 229 322
phone 0.0066 110 85 141 143
phone 0.0066 34 323 94 368
phone 0.0066 18 162 48 221
phone 0.0065 218 269 248 329
phone 0.0065 32 177 65 237
phone 0.0065 188 306 247 354
phone 0.0065 33 269 64 329
phone 0.0065 49 315 79 376
phone 0.0065 147 343 157 356
phone 0.0065 33 300 64 360
phone 0.0065 3 223 33 283
phone 0.0065 0 101 161 354
phone 0.0065 186 273 249 387
phone 0.0065 77 271 111 328
phone 0.0064 200 131 235 191
phone 0.0064 94 315 126 376
phone 0.0064 170 133 203 189
phone 0.0064 172 90 232 139
phone 0.0064 182 194 200 228
phone 0.0064 49 338 109 384
phone 0.0064 62 210 96 266
phone 0.0064 33 147 64 205
phone 0.0064 64 331 95 391
phone 0.0064 184 145 220 207
phone 0.0063 107 115 144 176
phone 0.0063 182 255 200 290
phone 0.0063 140 343 149 356
phone 0.0063 18 367 79 399
phone 0.0063 139 301 172 359
phone 0.0063 244 91 266 116
phone 0.0063 48 131 79 190
phone 0.0063 2 196 65 249
phone 0.0062 204 196 262 248
phone 0.0062 203 300 233 359
phone 0.0062 186 305 196 318
phone 0.0062 111 60 171 108
phone 0.0062 155 335 165 348
phone 0.0062 173 321 232 370
phone 0.0062 93 286 127 343
phone 0.0062 76 210 112 266
phone 0.0062 2 332 65 399
phone 0.0062 33 362 64 399
phone 0.0061 48 362 80 399
phone 0.0061 183 296 198 326
phone 0.0061 3 122 63 169
phone 0.0061 172 60 232 108
phone 0.0061 141 60 202 108
phone 0.0061 83 319 99 349
phone 0.0061 18 131 48 190
phone 0.0061 264 367 266 399
phone 0.0061 263 332 266 399
phone 0.0061 33 122 95 169
phone 0.0061 2 88 65 202
phone 0.0061 174 300 207 322
phone 0.0061 171 27 234 141
phone 0.0061 94 143 103 156
phone 0.0061 125 27 188 141
phone 0.0061 83 106 114 132
phone 0.0061 49 368 110 399
phone 0.0060 173 288 231 341
phone 0.0060 33 116 64 175
phone 0.0060 182 276 215 300
phone 0.0060 75 322 107 346
phone 0.0060 175 152 206 178
phone 0.0060 17 192 49 252
phone 0.0060 247 189 257 202
phone 0.0060 105 125 123 159
phone 0.0060 18 107 79 154
phone 0.0060 132 343 142 356
phone 0.0060 18 362 49 399
phone 0.0060 202 332 265 399
phone 0.0060 217 235 226 248
phone 0.0060 205 231 238 253
phone 0.0059 190 273 206 303
phone 0.0059 188 76 248 123
phone 0.0059 218 367 266 399
phone 0.0059 126 45 186 93
phone 0.0059 214 227 229 257
phone 0.0059 157 45 217 93
phone 0.0059 18 76 79 123
phone 0.0059 0 261 48 308
phone 0.0059 187 301 218 359
phone 0.0059 3 193 33 252
phone 0.0059 34 60 94 108
phone 0.0059 94 27 157 141
phone 0.0059 155 285 188 344
phone 0.0059 0 153 48 200
phone 0.0059 19 337 78 385
phone 0.0059 3 91 63 139
phone 0.0059 140 11 203 126
phone 0.0059 63 362 95 399
phone 0.0059 218 192 248 252
phone 0.0059 0 183 49 231
phone 0.0059 126 54 156 113
phone 0.0059 0 332 3 399
phone 0.0059 0 106 48 154
phone 0.0059 126 76 187 123
phone 0.0059 176 129 206 155
phone 0.0059 0 367 2 399
phone 0.0059 203 270 233 329
phone 0.0058 204 244 261 293
phone 0.0058 49 136 110 186
phone 0.0058 52 145 83 169
phone 0.0058 33 27 95 141
phone 0.0058 91 162 128 221
phone 0.0058 188 54 217 113
phone 0.0058 141 54 171 113
phone 0.0058 187 367 248 399
phone 0.0058 151 165 190 219
phone 0.0058 106 318 122 350
phone 0.0058 157 54 187 113
phone 0.0058 18 331 48 390
phone 0.0058 194 289 203 302
phone 0.0058 95 76 156 123
phone 0.0058 65 60 125 108
phone 0.0058 111 29 171 77
phone 0.0058 141 29 202 77
phone 0.0058 0 332 19 399
phone 0.0058 172 54 202 113
phone 0.0058 86 328 95 341
phone 0.0058 18 45 79 93
phone 0.0058 188 29 248 77
phone 0.0058 98 322 130 346
phone 0.0058 0 367 17 399
phone 0.0058 218 45 266 92
phone 0.0058 106 107 137 131
phone 0.0057 194 281 203 294
phone 0.0057 175 283 206 308
phone 0.0057 109 11 172 125
phone 0.0057 76 121 106 147
phone 0.0057 2 362 33 399
phone 0.0057 0 57 49 172
phone 0.0057 34 331 64 390
phone 0.0057 79 91 141 139
phone 0.0057 3 60 63 108
phone 0.0057 49 45 109 93
phone 0.0057 249 367 266 399
phone 0.0057 203 54 233 113
phone 0.0057 34 29 94 77
phone 0.0057 186 297 196 310
phone 0.0057 17 11 80 125
phone 0.0057 0 76 48 123
phone 0.0057 186 0 249 110
phone 0.0057 59 143 76 172
phone 0.0057 0 322 48 370
phone 0.0057 3 162 33 221
phone 0.0057 111 54 141 113
phone 0.0057 218 239 248 298
phone 0.0057 218 85 248 144
phone 0.0057 202 363 233 399
phone 0.0057 217 11 266 125
phone 0.0057 3 131 33 190
phone 0.0057 95 45 156 93
phone 0.0057 220 131 266 191
phone 0.0057 67 272 84 304
phone 0.0056 3 30 63 77
phone 0.0056 250 137 266 185
phone 0.0056 48 11 111 126
phone 0.0056 18 85 48 144
phone 0.0056 60 275 91 300
phone 0.0056 203 60 263 108
phone 0.0056 34 70 64 129
phone 0.0056 3 307 63 354
phone 0.0056 111 0 170 30
phone 0.0056 202 43 265 156
phone 0.0056 249 30 266 77
phone 0.0056 77 179 111 235
phone 0.0056 249 199 266 246
phone 0.0056 49 54 79 113
phone 0.0056 104 207 146 269
phone 0.0056 0 288 49 399
phone 0.0056 142 0 201 30
phone 0.0056 218 300 248 359
phone 0.0056 0 103 34 218
phone 0.0056 63 116 95 175
phone 0.0056 0 0 3 95
phone 0.0056 80 29 140 77
phone 0.0056 247 102 266 219
phone 0.0056 202 238 233 298
phone 0.0055 249 76 266 123
phone 0.0055 186 205 195 217
phone 0.0055 153 259 183 286
phone 0.0055 248 0 266 110
phone 0.0055 0 45 48 93
phone 0.0055 95 0 156 64
phone 0.0055 249 106 266 154
phone 0.0055 160 326 175 357
phone 0.0055 125 0 187 64
phone 0.0055 91 225 128 282
phone 0.0055 158 337 216 385
phone 0.0055 0 227 34 341
phone 0.0055 79 11 142 125
phone 0.0055 186 266 195 279
phone 0.0055 48 106 110 154
phone 0.0055 249 337 266 385
phone 0.0055 265 30 266 77
phone 0.0055 0 0 1 30
phone 0.0055 218 76 266 123
phone 0.0055 173 0 232 30
phone 0.0055 248 166 266 279
phone 0.0055 141 23 171 82
phone 0.0055 3 85 33 144
phone 0.0055 79 362 111 399
phone 0.0055 109 332 173 399
phone 0.0055 90 101 107 136
phone 0.0055 156 0 218 64
phone 0.0055 0 29 17 77
phone 0.0055 157 23 187 82
phone 0.0055 0 291 48 339
phone 0.0055 126 23 156 82
phone 0.0055 0 0 49 110
phone 0.0055 203 23 233 82
phone 0.0055 18 300 48 360
phone 0.0055 75 319 91 349
phone 0.0055 80 54 110 113
phone 0.0055 95 54 125 113
phone 0.0055 0 26 34 141
phone 0.0055 49 76 110 123
phone 0.0055 80 0 140 30
phone 0.0055 0 276 32 323
phone 0.0055 248 42 266 156
phone 0.0055 34 39 64 98
phone 0.0055 33 91 95 139
phone 0.0055 188 23 217 82
phone 0.0055 0 29 2 77
phone 0.0055 172 23 202 82
phone 0.0055 265 337 266 385
phone 0.0055 65 54 94 113
phone 0.0054 218 23 248 82
phone 0.0054 263 0 266 110
phone 0.0054 234 91 266 139
phone 0.0054 0 0 18 110
phone 0.0054 234 54 264 113
phone 0.0054 3 331 33 390
phone 0.0054 171 332 234 399
phone 0.0054 218 322 266 370
phone 0.0054 203 0 263 30
phone 0.0054 18 54 48 113
phone 0.0054 265 91 266 139
phone 0.0054 49 23 79 82
phone 0.0054 183 279 199 312
phone 0.0054 265 168 266 216
phone 0.0054 3 0 63 30
phone 0.0054 219 260 266 308
phone 0.0054 188 337 248 385
phone 0.0054 0 245 17 293
phone 0.0054 232 58 266 171
phone 0.0054 111 23 141 82
phone 0.0054 63 151 72 163
phone 0.0054 265 122 266 170
phone 0.0054 234 23 264 82
phone 0.0054 265 245 266 292
phone 0.0054 182 148 200 182
phone 0.0054 98 319 114 349
phone 0.0054 255 97 265 110
phone 0.0054 264 147 266 205
phone 0.0054 63 0 127 95
phone 0.0054 126 0 156 37
phone 0.0054 233 239 264 298
phone 0.0054 18 23 48 82
phone 0.0054 218 54 248 113
phone 0.0054 0 146 17 205
phone 0.0054 218 331 248 390
phone 0.0054 202 208 234 268
phone 0.0054 163 335 172 348
phone 0.0054 154 256 188 312
phone 0.0054 0 214 17 262
phone 0.0054 64 23 94 82
phone 0.0054 111 0 140 37
phone 0.0054 157 0 186 37
phone 0.0054 264 193 266 252
phone 0.0054 142 0 171 37
phone 0.0054 217 288 266 399
phone 0.0053 248 197 257 210
phone 0.0053 18 0 79 64
phone 0.0053 3 300 33 360
phone 0.0053 263 58 266 171
phone 0.0053 0 60 17 108
phone 0.0053 0 183 17 231
phone 0.0053 109 328 119 341
phone 0.0053 265 60 266 108
phone 0.0053 0 211 18 326
phone 0.0053 234 331 264 390
phone 0.0053 263 135 266 248
phone 0.0053 263 212 266 325
phone 0.0053 0 116 17 175
phone 0.0053 173 0 202 37
phone 0.0053 3 54 33 113
phone 0.0053 172 14 232 62
phone 0.0053 265 276 266 323
phone 0.0053 218 291 266 339
phone 0.0053 0 91 17 139
phone 0.0053 250 167 266 216
phone 0.0053 80 23 110 82
phone 0.0053 95 23 125 82
phone 0.0053 80 368 140 399
phone 0.0053 249 260 266 308
phone 0.0053 113 103 130 134
phone 0.0053 0 165 18 279
phone 0.0053 187 363 218 399
phone 0.0053 265 0 266 30
phone 0.0053 203 0 233 37
phone 0.0053 188 0 217 37
phone 0.0053 3 23 33 82
phone 0.0053 188 331 217 390
phone 0.0053 0 214 2 262
phone 0.0053 218 0 266 64
phone 0.0053 159 322 192 346
phone 0.0053 0 183 2 231
phone 0.0053 153 198 183 224
phone 0.0053 0 60 2 108
phone 0.0052 34 0 94 30
phone 0.0052 109 135 119 148
phone 0.0052 265 306 266 354
phone 0.0052 96 0 125 37
phone 0.0052 189 258 246 310
phone 0.0052 142 353 201 399
phone 0.0052 250 0 266 30
phone 0.0052 0 245 2 293
phone 0.0052 159 256 176 289
phone 0.0052 264 39 266 98
phone 0.0052 0 42 18 156
phone 0.0052 248 227 266 340
phone 0.0052 249 291 266 339
phone 0.0052 172 331 202 390
phone 0.0052 52 130 83 154
phone 0.0052 182 125 200 159
phone 0.0052 248 288 266 399
phone 0.0052 0 152 2 200
phone 0.0052 49 85 79 144
phone 0.0052 78 328 88 341
phone 0.0052 264 214 266 262
phone 0.0052 157 76 217 123
phone 0.0052 94 363 126 399
phone 0.0052 263 258 266 371
phone 0.0052 0 180 3 295
phone 0.0052 234 270 264 329
phone 0.0052 219 0 248 37
phone 0.0052 0 26 3 141
phone 0.0052 0 106 2 154
phone 0.0052 19 0 48 37
phone 0.0052 34 0 63 37
phone 0.0052 0 134 3 249
phone 0.0052 0 291 17 339
phone 0.0052 249 230 266 277
phone 0.0052 129 129 214 193
phone 0.0051 203 331 233 390
phone 0.0051 48 0 110 64
phone 0.0051 167 319 183 350
phone 0.0051 0 275 2 323
phone 0.0051 0 226 3 341
phone 0.0051 59 127 76 156
phone 0.0051 0 337 2 385
phone 0.0051 0 73 3 187
phone 0.0051 0 0 17 30
phone 0.0051 117 113 126 125
phone 0.0051 219 230 266 277
phone 0.0051 234 0 263 37
phone 0.0051 82 101 100 136
phone 0.0051 0 257 18 372
phone 0.0051 91 194 128 251
phone 0.0051 0 14 48 62
phone 0.0051 0 14 1 62
phone 0.0051 91 319 106 349
phone 0.0051 48 57 111 172
phone 0.0051 234 306 266 354
phone 0.0051 157 347 187 399
phone 0.0051 34 353 94 399
phone 0.0050 182 107 214 130
phone 0.0050 101 328 111 341
phone 0.0050 80 0 109 37
phone 0.0050 3 0 33 37
phone 0.0050 49 0 79 37
