phone 0.5087 145 84 261 198
phone 0.0491 99 39 302 226
phone 0.0411 124 50 229 200
phone 0.0370 196 61 386 210
phone 0.0318 180 103 234 178
phone 0.0303 238 37 349 172
phone 0.0279 134 101 219 181
phone 0.0271 90 93 194 226
phone 0.0260 174 102 300 209
phone 0.0249 182 135 270 235
phone 0.0233 127 132 218 239
phone 0.0232 28 60 128 203
phone 0.0221 167 42 284 183
phone 0.0216 129 113 193 199
phone 0.0209 79 33 202 186
phone 0.0169 193 120 325 258
phone 0.0147 154 0 250 164
phone 0.0147 199 124 245 189
phone 0.0139 156 158 259 266
phone 0.0139 143 140 179 203
phone 0.0138 33 11 120 133
phone 0.0137 167 133 247 210
phone 0.0135 192 178 253 257
phone 0.0133 272 83 375 184
phone 0.0133 107 109 184 172
phone 0.0128 198 141 278 203
phone 0.0128 81 138 179 266
phone 0.0128 143 182 209 253
phone 0.0124 168 92 216 159
phone 0.0124 128 128 162 184
phone 0.0124 170 124 213 188
phone 0.0121 56 27 144 161
phone 0.0120 63 0 137 114
phone 0.0118 155 109 197 172
phone 0.0115 99 186 193 266
phone 0.0113 59 124 141 249
phone 0.0111 217 0 311 152
phone 0.0110 247 169 332 266
phone 0.0110 206 185 301 266
phone 0.0109 206 129 300 184
phone 0.0108 150 200 234 266
phone 0.0103 205 187 240 248
phone 0.0102 92 93 168 157
phone 0.0101 50 77 118 142
phone 0.0100 159 188 193 247
phone 0.0100 168 190 246 246
phone 0.0100 126 0 197 101
phone 0.0099 51 47 231 266
phone 0.0098 0 263 41 266
phone 0.0098 218 128 257 184
phone 0.0097 66 76 164 205
phone 0.0096 0 0 39 0
phone 0.0096 86 131 175 182
phone 0.0094 95 220 166 266
phone 0.0094 92 0 170 117
phone 0.0094 65 155 135 218
phone 0.0094 223 93 315 219
phone 0.0094 81 170 149 234
phone 0.0093 203 217 274 266
phone 0.0093 7 73 83 195
phone 0.0091 159 158 194 216
phone 0.0091 65 61 134 128
phone 0.0091 82 19 116 77
phone 0.0090 225 65 282 124
phone 0.0089 158 235 226 266
phone 0.0089 256 135 312 207
phone 0.0089 78 141 152 202
phone 0.0087 67 81 101 139
phone 0.0087 124 86 198 165
phone 0.0086 221 204 254 262
phone 0.0085 151 174 232 230
phone 0.0084 113 204 147 262
phone 0.0084 110 153 182 220
phone 0.0084 147 0 206 44
phone 0.0083 190 190 224 245
phone 0.0083 34 112 104 169
phone 0.0082 272 144 370 242
phone 0.0082 215 158 292 215
phone 0.0082 81 205 150 260
phone 0.0082 219 85 249 111
phone 0.0081 113 113 147 168
phone 0.0081 221 158 255 215
phone 0.0080 188 141 226 202
phone 0.0080 124 216 198 266
phone 0.0080 82 14 147 83
phone 0.0079 236 144 270 199
phone 0.0079 160 0 224 78
phone 0.0079 237 214 300 266
phone 0.0079 113 237 179 266
phone 0.0079 83 157 116 216
phone 0.0079 82 66 116 123
phone 0.0079 65 121 134 191
phone 0.0078 240 77 297 143
phone 0.0078 100 0 161 43
phone 0.0078 234 103 303 178
phone 0.0077 113 11 179 86
phone 0.0077 31 110 107 232
phone 0.0077 182 0 290 120
phone 0.0076 77 108 153 174
phone 0.0076 144 4 178 62
phone 0.0076 176 0 208 46
phone 0.0076 72 32 104 57
phone 0.0075 113 174 147 230
phone 0.0075 69 0 130 42
phone 0.0075 0 0 56 97
phone 0.0075 107 76 184 144
phone 0.0075 80 29 96 60
phone 0.0075 160 4 193 62
phone 0.0075 225 81 243 115
phone 0.0075 142 15 211 82
phone 0.0074 177 0 237 42
phone 0.0074 205 157 240 216
phone 0.0074 130 0 162 46
phone 0.0073 48 140 120 202
phone 0.0073 98 158 131 216
phone 0.0073 144 188 178 246
phone 0.0073 129 158 162 215
phone 0.0073 0 39 56 164
phone 0.0072 128 98 163 153
phone 0.0072 38 68 100 121
phone 0.0072 190 45 255 113
phone 0.0072 65 89 134 161
phone 0.0072 235 167 303 237
phone 0.0071 175 220 208 266
phone 0.0071 134 154 165 181
phone 0.0071 84 0 115 46
phone 0.0071 53 0 116 76
phone 0.0071 140 66 212 154
phone 0.0071 99 203 131 262
phone 0.0071 267 126 301 185
phone 0.0071 95 60 166 129
phone 0.0071 100 0 130 46
phone 0.0070 190 220 224 266
phone 0.0070 53 64 85 124
phone 0.0070 242 252 257 266
phone 0.0070 82 43 148 115
phone 0.0070 192 0 223 46
phone 0.0070 98 19 131 77
phone 0.0070 52 127 85 185
phone 0.0070 55 0 286 181
phone 0.0070 109 46 183 112
phone 0.0070 236 220 270 266
phone 0.0070 234 255 265 266
phone 0.0069 252 204 285 262
phone 0.0069 130 234 161 266
phone 0.0069 221 234 254 266
phone 0.0069 251 142 286 200
phone 0.0069 113 19 147 77
phone 0.0068 0 0 41 32
phone 0.0068 83 38 93 51
phone 0.0068 234 252 250 266
phone 0.0068 69 0 100 46
phone 0.0068 267 157 301 216
phone 0.0067 141 43 212 115
phone 0.0066 256 83 313 137
phone 0.0066 163 254 221 266
phone 0.0066 174 174 209 230
phone 0.0066 21 0 194 224
phone 0.0066 191 0 255 76
phone 0.0066 141 151 158 184
phone 0.0066 38 0 100 42
phone 0.0066 144 220 178 266
phone 0.0066 300 40 361 87
phone 0.0066 68 191 132 243
phone 0.0066 222 50 254 107
phone 0.0065 331 40 392 87
phone 0.0065 271 175 328 229
phone 0.0065 37 40 100 87
phone 0.0065 115 0 177 26
phone 0.0065 128 19 163 77
phone 0.0065 265 122 335 251
phone 0.0065 315 56 376 103
phone 0.0065 299 7 362 120
phone 0.0065 82 127 116 185
phone 0.0065 0 95 50 229
phone 0.0064 285 56 345 103
phone 0.0064 229 92 239 104
phone 0.0064 330 7 393 120
phone 0.0064 52 96 85 154
phone 0.0064 159 219 193 266
phone 0.0064 314 23 377 135
phone 0.0064 174 26 240 101
phone 0.0064 128 204 162 261
phone 0.0064 245 261 254 266
phone 0.0064 285 25 345 72
phone 0.0064 209 8 267 58
phone 0.0064 284 22 347 135
phone 0.0064 315 25 376 72
phone 0.0064 54 34 84 93
phone 0.0064 269 40 330 87
phone 0.0063 208 0 238 46
phone 0.0063 249 56 320 194
phone 0.0063 193 253 252 266
phone 0.0063 85 0 145 26
phone 0.0063 239 25 299 72
phone 0.0063 268 7 331 120
phone 0.0063 98 128 132 184
phone 0.0063 22 86 85 134
phone 0.0063 285 256 345 266
phone 0.0063 346 34 376 93
phone 0.0063 284 80 315 139
phone 0.0063 268 238 331 266
phone 0.0062 300 34 330 93
phone 0.0062 315 34 346 93
phone 0.0062 68 18 100 78
phone 0.0062 54 0 114 26
phone 0.0062 5 16 85 130
phone 0.0062 54 0 84 46
phone 0.0062 331 34 361 93
phone 0.0062 212 89 294 162
phone 0.0062 300 71 361 118
phone 0.0062 126 57 196 132
phone 0.0062 237 261 247 266
phone 0.0062 84 202 115 263
phone 0.0062 283 223 347 266
phone 0.0062 67 142 101 200
phone 0.0062 115 233 146 266
phone 0.0062 162 0 222 26
phone 0.0062 22 55 85 103
phone 0.0061 236 189 270 246
phone 0.0061 223 3 254 62
phone 0.0061 251 173 286 231
phone 0.0061 82 69 148 151
phone 0.0061 8 0 68 41
phone 0.0061 112 81 147 138
phone 0.0061 116 0 146 31
phone 0.0061 38 95 69 155
phone 0.0061 53 177 115 266
phone 0.0061 285 34 315 93
phone 0.0061 70 0 130 11
phone 0.0060 299 53 362 166
phone 0.0060 300 9 361 57
phone 0.0060 177 248 207 266
phone 0.0060 316 86 376 134
phone 0.0060 116 0 176 11
phone 0.0060 254 9 314 57
phone 0.0060 315 237 377 266
phone 0.0060 37 237 100 266
phone 0.0060 157 48 227 141
phone 0.0060 254 19 284 77
phone 0.0060 284 158 315 216
phone 0.0060 39 0 99 11
phone 0.0060 113 144 146 199
phone 0.0060 22 0 85 74
phone 0.0060 162 0 192 31
phone 0.0060 146 0 176 31
phone 0.0060 235 114 271 167
phone 0.0060 251 112 286 169
phone 0.0060 315 65 346 124
phone 0.0060 331 65 361 124
phone 0.0060 98 50 132 108
phone 0.0060 254 55 314 103
phone 0.0060 300 249 330 266
phone 0.0060 193 248 222 266
phone 0.0059 23 0 84 26
phone 0.0059 23 130 84 182
phone 0.0059 270 71 329 118
phone 0.0059 69 225 130 266
phone 0.0059 331 117 391 164
phone 0.0059 82 96 116 154
phone 0.0059 331 71 392 118
phone 0.0059 38 65 69 124
phone 0.0059 52 52 117 106
phone 0.0059 7 148 69 195
phone 0.0059 253 21 316 136
phone 0.0059 284 265 315 266
phone 0.0059 316 163 376 211
phone 0.0059 286 101 344 149
phone 0.0059 270 18 299 78
phone 0.0059 331 9 391 57
phone 0.0059 330 84 393 197
phone 0.0059 300 65 330 124
phone 0.0059 238 3 269 62
phone 0.0059 331 178 391 226
phone 0.0059 146 0 207 11
phone 0.0058 69 203 100 262
phone 0.0058 315 255 376 266
phone 0.0058 269 65 300 123
phone 0.0058 85 241 145 266
phone 0.0058 284 188 315 247
phone 0.0058 331 148 391 195
phone 0.0058 206 234 239 266
phone 0.0058 204 208 234 235
phone 0.0058 23 0 53 47
phone 0.0058 362 115 399 227
phone 0.0058 8 0 68 11
phone 0.0058 315 130 377 243
phone 0.0058 360 147 399 196
phone 0.0058 361 8 399 58
phone 0.0058 7 117 69 164
phone 0.0058 316 132 376 180
phone 0.0058 0 234 40 266
phone 0.0058 39 34 69 93
phone 0.0058 301 178 360 226
phone 0.0058 54 264 84 266
phone 0.0058 299 191 362 266
phone 0.0058 330 145 393 259
phone 0.0058 331 265 361 266
phone 0.0058 39 255 99 266
phone 0.0058 267 188 301 247
phone 0.0058 37 126 69 186
phone 0.0058 360 178 399 227
phone 0.0058 39 0 69 47
phone 0.0058 331 95 361 154
phone 0.0057 85 0 115 16
phone 0.0057 7 237 69 266
phone 0.0057 239 0 299 42
phone 0.0057 346 264 376 266
phone 0.0057 193 0 253 26
phone 0.0057 362 7 399 119
phone 0.0057 362 161 399 266
phone 0.0057 8 25 68 72
phone 0.0057 361 39 399 88
phone 0.0057 113 50 147 108
phone 0.0057 69 264 99 266
phone 0.0057 69 0 99 16
phone 0.0057 145 161 154 174
phone 0.0057 316 194 376 241
phone 0.0057 300 3 330 62
phone 0.0057 316 3 345 62
phone 0.0057 131 0 161 16
phone 0.0057 0 188 41 266
phone 0.0057 362 238 399 266
phone 0.0057 85 256 145 266
phone 0.0057 100 0 130 16
phone 0.0057 346 111 376 170
phone 0.0057 100 233 130 266
phone 0.0057 346 65 376 124
phone 0.0057 54 0 84 16
phone 0.0057 300 148 360 195
phone 0.0057 300 117 360 164
phone 0.0057 360 116 399 165
phone 0.0057 285 3 315 62
phone 0.0057 346 56 399 103
phone 0.0057 222 0 285 75
phone 0.0057 346 25 399 72
phone 0.0057 300 96 330 154
phone 0.0057 39 264 69 266
phone 0.0057 361 0 399 27
phone 0.0057 22 221 85 266
phone 0.0057 23 142 53 201
phone 0.0057 159 35 193 92
phone 0.0057 239 249 268 266
phone 0.0057 8 255 68 266
phone 0.0056 346 157 376 216
phone 0.0056 0 0 36 11
phone 0.0056 128 51 162 107
phone 0.0056 240 255 298 266
phone 0.0056 8 71 68 118
phone 0.0056 361 0 399 11
phone 0.0056 196 200 226 227
phone 0.0056 144 35 178 92
phone 0.0056 361 208 399 257
phone 0.0056 346 3 376 62
phone 0.0056 361 70 399 119
phone 0.0056 299 114 362 228
phone 0.0056 177 0 237 11
phone 0.0056 315 265 346 266
phone 0.0056 331 3 361 62
phone 0.0056 331 157 361 216
phone 0.0056 272 207 327 259
phone 0.0056 23 49 53 108
phone 0.0056 331 209 391 257
phone 0.0056 315 219 346 266
phone 0.0056 300 265 330 266
phone 0.0056 331 249 361 266
phone 0.0056 174 35 209 92
phone 0.0056 188 252 204 266
phone 0.0056 362 69 399 180
phone 0.0055 39 0 68 16
phone 0.0055 142 96 179 154
phone 0.0055 315 95 346 154
phone 0.0055 364 262 399 266
phone 0.0055 23 111 53 169
phone 0.0055 315 249 346 266
phone 0.0055 315 173 346 231
phone 0.0055 23 0 53 16
phone 0.0055 270 0 330 42
phone 0.0055 254 50 284 108
phone 0.0055 85 264 115 266
phone 0.0055 23 265 53 266
phone 0.0055 54 249 84 266
phone 0.0055 331 126 361 185
phone 0.0055 68 253 131 266
phone 0.0055 23 19 53 77
phone 0.0055 0 0 22 16
phone 0.0055 361 254 399 266
phone 0.0055 346 188 376 247
phone 0.0055 361 49 392 108
phone 0.0055 316 0 376 42
phone 0.0055 0 0 23 1
phone 0.0055 39 249 69 266
phone 0.0054 254 0 284 47
phone 0.0054 162 248 192 266
phone 0.0054 177 0 207 16
phone 0.0054 362 18 392 78
phone 0.0054 331 188 361 247
phone 0.0054 223 0 284 26
phone 0.0054 69 249 99 266
phone 0.0054 315 142 346 200
phone 0.0054 346 249 376 266
phone 0.0054 377 0 399 48
phone 0.0054 0 264 22 266
phone 0.0054 23 249 53 266
phone 0.0054 300 219 330 266
phone 0.0054 208 0 268 11
phone 0.0054 23 218 53 266
phone 0.0053 377 141 399 201
phone 0.0053 146 264 176 266
phone 0.0053 197 71 278 149
phone 0.0053 272 145 327 198
phone 0.0053 0 255 36 266
phone 0.0053 190 35 224 93
phone 0.0053 269 265 300 266
phone 0.0053 331 219 361 266
phone 0.0053 270 0 299 47
phone 0.0053 193 0 222 16
phone 0.0053 210 204 228 238
phone 0.0053 235 80 271 139
phone 0.0053 345 38 399 150
phone 0.0053 331 0 391 11
phone 0.0053 377 172 399 232
phone 0.0053 211 248 242 266
phone 0.0053 286 162 344 211
phone 0.0053 268 96 300 154
phone 0.0053 67 49 100 108
phone 0.0053 218 244 235 266
phone 0.0053 376 33 399 94
phone 0.0053 346 132 399 180
phone 0.0053 346 163 399 211
phone 0.0053 331 0 391 26
phone 0.0053 6 130 70 242
phone 0.0053 0 0 22 47
phone 0.0053 8 209 68 257
phone 0.0053 223 0 253 31
phone 0.0053 137 240 198 266
phone 0.0052 376 264 399 266
phone 0.0052 376 0 399 17
phone 0.0052 346 194 399 241
phone 0.0052 346 218 376 266
phone 0.0052 376 110 399 171
phone 0.0052 202 204 220 239
phone 0.0052 0 249 22 266
phone 0.0052 39 218 69 266
phone 0.0052 208 0 238 16
phone 0.0052 65 24 96 49
phone 0.0052 254 0 314 26
phone 0.0052 377 202 399 263
phone 0.0052 239 0 299 11
phone 0.0052 38 195 99 241
phone 0.0052 300 157 330 215
phone 0.0052 23 80 53 139
phone 0.0052 269 234 299 266
phone 0.0052 256 249 289 266
phone 0.0052 239 0 268 31
phone 0.0052 206 35 239 93
phone 0.0052 376 64 399 125
phone 0.0052 72 21 89 53
phone 0.0051 268 254 277 266
phone 0.0051 97 96 132 154
phone 0.0051 253 234 284 266
phone 0.0051 100 264 130 266
phone 0.0051 285 0 345 26
phone 0.0051 54 188 84 247
phone 0.0051 346 87 399 133
phone 0.0051 0 218 23 266
phone 0.0051 84 249 115 266
phone 0.0051 270 0 330 11
phone 0.0051 362 264 392 266
phone 0.0051 300 0 360 11
phone 0.0051 8 265 38 266
phone 0.0051 191 261 200 266
phone 0.0051 362 126 392 185
phone 0.0051 376 248 399 266
phone 0.0051 0 86 52 134
phone 0.0051 362 157 392 216
phone 0.0051 347 0 376 16
phone 0.0051 8 3 38 62
phone 0.0050 54 218 84 266
phone 0.0050 265 245 280 266
phone 0.0050 285 249 315 266
phone 0.0050 22 147 85 257
phone 0.0050 362 187 392 247
phone 0.0050 23 179 83 225
phone 0.0050 130 0 161 0
phone 0.0050 249 252 265 266
phone 0.0050 146 0 177 0
phone 0.0050 84 0 115 1
phone 0.0050 115 0 146 1
phone 0.0050 69 0 100 0
