phone 0.9343 302 149 389 327
phone 0.0775 18 194 82 328
phone 0.0640 312 192 380 284
phone 0.0575 221 167 316 309
phone 0.0538 157 105 305 295
phone 0.0495 68 153 158 308
phone 0.0477 243 141 345 270
phone 0.0456 291 226 375 335
phone 0.0445 204 94 320 251
phone 0.0428 251 216 317 291
phone 0.0412 31 153 121 312
phone 0.0410 94 116 257 284
phone 0.0374 35 237 72 301
phone 0.0348 252 191 345 321
phone 0.0328 147 150 252 300
phone 0.0328 34 220 103 287
phone 0.0325 273 244 303 270
phone 0.0318 222 195 285 281
phone 0.0312 295 167 367 278
phone 0.0306 280 241 296 273
phone 0.0282 295 89 399 272
phone 0.0275 283 251 293 263
phone 0.0266 251 138 399 373
phone 0.0265 170 71 293 217
phone 0.0257 249 185 319 261
phone 0.0253 92 183 252 330
phone 0.0253 63 218 157 355
phone 0.0244 237 81 349 205
phone 0.0238 321 216 399 323
phone 0.0234 5 116 88 286
phone 0.0218 50 239 86 298
phone 0.0218 47 79 230 320
phone 0.0214 34 218 113 357
phone 0.0211 265 207 303 269
phone 0.0202 0 154 61 310
phone 0.0201 183 186 284 325
phone 0.0201 63 102 163 243
phone 0.0197 220 165 287 250
phone 0.0188 193 87 395 309
phone 0.0187 310 255 391 374
phone 0.0182 234 206 272 270
phone 0.0180 237 99 300 192
phone 0.0174 114 80 235 206
phone 0.0173 283 259 293 271
phone 0.0170 193 143 284 271
phone 0.0169 266 239 302 299
phone 0.0169 273 229 303 255
phone 0.0167 34 95 125 247
phone 0.0160 249 124 319 198
phone 0.0157 248 207 289 269
phone 0.0156 248 154 320 230
phone 0.0156 279 225 297 258
phone 0.0154 130 207 271 371
phone 0.0153 207 213 269 293
phone 0.0152 91 70 188 214
phone 0.0152 115 233 225 399
phone 0.0151 213 230 309 343
phone 0.0151 18 247 78 390
phone 0.0146 283 243 293 255
phone 0.0145 307 202 355 274
phone 0.0144 21 239 55 298
phone 0.0142 1 222 75 285
phone 0.0141 133 27 327 250
phone 0.0141 159 152 224 231
phone 0.0141 170 176 245 239
phone 0.0139 281 224 317 282
phone 0.0136 283 236 293 248
phone 0.0135 217 136 289 217
phone 0.0133 342 108 399 245
phone 0.0132 329 183 393 263
phone 0.0131 325 251 366 317
phone 0.0131 344 232 399 366
phone 0.0130 170 236 296 399
phone 0.0128 152 104 233 248
phone 0.0126 357 295 399 399
phone 0.0126 283 228 293 240
phone 0.0125 249 267 350 393
phone 0.0120 279 77 379 212
phone 0.0119 262 147 336 206
phone 0.0119 220 208 255 268
phone 0.0118 272 240 289 274
phone 0.0116 319 171 372 244
phone 0.0116 265 237 295 262
phone 0.0116 272 108 359 245
phone 0.0115 265 178 303 237
phone 0.0115 5 249 72 319
phone 0.0115 234 176 272 238
phone 0.0114 0 96 160 359
phone 0.0113 273 259 303 286
phone 0.0112 0 95 64 227
phone 0.0111 85 197 145 279
phone 0.0111 113 144 210 269
phone 0.0110 215 112 291 180
phone 0.0110 48 194 120 251
phone 0.0109 35 266 134 393
phone 0.0109 93 223 167 284
phone 0.0108 190 179 224 235
phone 0.0107 354 253 399 316
phone 0.0107 272 225 289 259
phone 0.0107 96 253 195 376
phone 0.0107 224 292 298 399
phone 0.0107 253 97 315 163
phone 0.0106 279 256 297 289
phone 0.0105 265 132 302 190
phone 0.0105 263 117 335 174
phone 0.0105 182 193 263 252
phone 0.0105 276 251 285 263
phone 0.0103 278 191 352 255
phone 0.0103 159 255 241 380
phone 0.0103 50 209 86 267
phone 0.0102 4 77 89 199
phone 0.0102 148 19 261 200
phone 0.0101 169 143 245 210
phone 0.0101 44 242 124 296
phone 0.0101 285 297 362 398
phone 0.0101 288 330 319 354
phone 0.0101 284 125 346 197
phone 0.0100 295 326 311 358
phone 0.0100 138 135 327 379
phone 0.0100 32 301 106 359
phone 0.0100 249 249 319 320
phone 0.0100 174 162 209 222
phone 0.0099 195 301 266 399
phone 0.0099 220 178 256 237
phone 0.0099 279 237 351 300
phone 0.0097 51 130 118 192
phone 0.0097 201 128 275 194
phone 0.0097 185 225 261 282
phone 0.0096 0 0 39 67
phone 0.0096 35 209 71 267
phone 0.0096 265 252 295 278
phone 0.0094 180 161 265 222
phone 0.0094 341 315 399 376
phone 0.0094 282 148 316 205
phone 0.0094 276 236 285 248
phone 0.0093 288 326 304 358
phone 0.0093 282 194 316 251
phone 0.0092 279 158 351 225
phone 0.0092 158 186 226 259
phone 0.0092 276 243 285 256
phone 0.0092 32 251 105 317
phone 0.0091 299 335 308 348
phone 0.0091 249 177 288 237
phone 0.0090 283 266 293 279
phone 0.0090 236 102 270 159
phone 0.0090 203 98 273 163
phone 0.0090 211 252 242 278
phone 0.0090 329 286 362 344
phone 0.0089 0 215 56 366
phone 0.0089 65 218 134 288
phone 0.0089 0 329 41 399
phone 0.0089 261 302 338 359
phone 0.0089 354 143 399 210
phone 0.0088 252 36 337 181
phone 0.0088 212 26 317 195
phone 0.0088 114 99 177 161
phone 0.0088 0 128 57 194
phone 0.0087 157 235 226 302
phone 0.0087 113 225 147 282
phone 0.0086 376 330 399 392
phone 0.0086 340 283 399 347
phone 0.0086 44 272 124 328
phone 0.0086 67 132 100 190
phone 0.0086 0 0 36 32
phone 0.0086 67 210 100 266
phone 0.0086 109 146 183 206
phone 0.0085 235 132 272 190
phone 0.0085 18 188 89 257
phone 0.0085 310 316 382 375
phone 0.0085 336 235 385 303
phone 0.0085 127 220 195 287
phone 0.0085 168 210 247 266
phone 0.0085 291 335 300 348
phone 0.0085 273 175 303 201
phone 0.0084 265 221 295 247
phone 0.0084 83 171 147 243
phone 0.0084 97 207 132 268
phone 0.0084 168 271 247 328
phone 0.0084 94 252 166 316
phone 0.0084 319 331 388 399
phone 0.0084 216 282 291 348
phone 0.0083 19 143 88 210
phone 0.0083 3 184 35 208
phone 0.0083 50 244 80 270
phone 0.0083 343 225 399 282
phone 0.0083 68 78 132 212
phone 0.0083 94 190 166 255
phone 0.0083 205 195 239 250
phone 0.0083 20 316 88 375
phone 0.0083 298 193 331 251
phone 0.0083 83 109 147 182
phone 0.0083 125 193 197 252
phone 0.0082 249 239 288 299
phone 0.0082 298 240 331 297
phone 0.0082 52 302 85 358
phone 0.0082 218 248 235 282
phone 0.0082 11 180 27 212
phone 0.0082 206 225 239 281
phone 0.0082 312 253 348 315
phone 0.0082 296 283 326 308
phone 0.0081 107 286 184 344
phone 0.0081 25 114 82 177
phone 0.0080 160 303 224 357
phone 0.0080 67 241 101 296
phone 0.0080 122 164 201 219
phone 0.0080 84 227 146 310
phone 0.0080 0 285 58 345
phone 0.0080 176 91 238 170
phone 0.0079 33 177 105 237
phone 0.0079 362 0 399 34
phone 0.0079 279 171 297 205
phone 0.0078 303 30 399 192
phone 0.0078 374 271 399 327
phone 0.0078 303 326 319 357
phone 0.0078 107 180 184 235
phone 0.0078 220 148 255 205
phone 0.0078 0 202 57 274
phone 0.0078 144 170 210 244
phone 0.0077 234 238 272 299
phone 0.0077 79 144 151 209
phone 0.0077 83 115 116 175
phone 0.0077 374 241 399 296
phone 0.0077 56 240 74 274
phone 0.0077 14 189 23 202
phone 0.0077 145 62 210 198
phone 0.0077 280 266 350 333
phone 0.0076 276 259 285 271
phone 0.0076 125 113 197 178
phone 0.0076 220 238 256 299
phone 0.0076 186 302 259 359
phone 0.0076 83 224 116 282
phone 0.0076 250 316 318 374
phone 0.0076 303 279 320 312
phone 0.0075 0 46 59 163
phone 0.0075 106 211 185 265
phone 0.0075 82 298 148 362
phone 0.0075 298 163 332 220
phone 0.0075 35 269 71 330
phone 0.0075 175 193 209 252
phone 0.0075 105 240 187 297
phone 0.0075 94 159 167 225
phone 0.0075 0 172 57 242
phone 0.0074 166 309 235 394
phone 0.0074 144 225 178 282
phone 0.0074 0 298 26 324
phone 0.0074 137 201 217 336
phone 0.0074 362 330 392 391
phone 0.0074 6 116 39 175
phone 0.0074 143 140 211 212
phone 0.0074 298 116 332 175
phone 0.0073 220 102 255 158
phone 0.0073 282 302 316 358
phone 0.0073 10 322 43 346
phone 0.0073 68 245 131 323
phone 0.0073 132 88 191 141
phone 0.0073 19 318 34 350
phone 0.0073 159 122 225 200
phone 0.0073 185 252 260 316
phone 0.0073 306 335 316 348
phone 0.0072 0 366 36 399
phone 0.0072 98 178 132 236
phone 0.0072 98 116 132 175
phone 0.0072 222 259 231 271
phone 0.0072 121 270 201 329
phone 0.0072 144 194 177 251
phone 0.0072 207 319 270 372
phone 0.0072 67 272 101 327
phone 0.0072 159 163 193 221
phone 0.0072 174 240 209 298
phone 0.0072 248 146 289 207
phone 0.0072 186 110 259 181
phone 0.0071 21 277 86 353
phone 0.0071 47 161 121 223
phone 0.0071 21 270 55 329
phone 0.0071 128 148 162 205
phone 0.0071 189 148 225 205
phone 0.0070 73 252 103 278
phone 0.0070 0 320 53 371
phone 0.0070 176 300 207 360
phone 0.0070 322 299 399 362
phone 0.0069 160 100 193 159
phone 0.0069 22 328 31 341
phone 0.0069 161 75 223 123
phone 0.0069 6 301 39 359
phone 0.0069 36 132 70 190
phone 0.0069 205 165 239 219
phone 0.0069 3 180 19 211
phone 0.0069 374 302 399 358
phone 0.0069 190 101 224 159
phone 0.0069 94 128 166 194
phone 0.0069 4 295 72 365
phone 0.0069 280 326 296 358
phone 0.0068 161 41 223 157
phone 0.0068 5 154 71 229
phone 0.0068 287 101 343 159
phone 0.0068 272 330 304 354
phone 0.0068 306 289 316 302
phone 0.0068 113 255 147 313
phone 0.0068 190 287 224 343
phone 0.0068 190 210 224 266
phone 0.0068 0 330 27 353
phone 0.0068 81 263 149 335
phone 0.0068 52 116 85 174
phone 0.0068 236 271 270 328
phone 0.0067 140 283 213 347
phone 0.0067 144 164 177 220
phone 0.0067 283 182 293 194
phone 0.0067 298 271 331 328
phone 0.0067 0 188 42 257
phone 0.0067 83 193 116 251
phone 0.0067 198 0 272 163
phone 0.0067 344 177 399 238
phone 0.0067 0 237 44 300
phone 0.0066 246 282 322 348
phone 0.0066 67 302 101 358
phone 0.0066 313 131 347 191
phone 0.0066 113 194 147 251
phone 0.0066 3 327 19 357
phone 0.0066 363 363 399 399
phone 0.0066 60 251 70 263
phone 0.0066 304 159 334 186
phone 0.0066 23 315 53 376
phone 0.0066 51 179 85 235
phone 0.0065 51 271 85 328
phone 0.0065 177 70 207 128
phone 0.0065 128 287 162 343
phone 0.0065 236 302 270 359
phone 0.0065 6 335 16 348
phone 0.0065 6 271 39 328
phone 0.0065 175 101 209 159
phone 0.0065 242 82 296 148
phone 0.0065 276 228 285 240
phone 0.0065 100 60 160 108
phone 0.0065 100 52 162 177
phone 0.0065 144 117 178 174
phone 0.0065 57 175 88 201
phone 0.0065 316 119 375 203
phone 0.0064 98 147 132 205
phone 0.0064 6 189 16 202
phone 0.0064 101 88 160 142
phone 0.0064 68 276 131 353
phone 0.0064 69 90 131 139
phone 0.0064 204 261 272 337
phone 0.0064 128 179 162 235
phone 0.0064 115 75 176 123
phone 0.0064 193 73 252 126
phone 0.0064 36 163 70 221
phone 0.0064 311 326 326 357
phone 0.0064 252 302 285 358
phone 0.0064 0 67 41 193
phone 0.0064 206 301 239 359
phone 0.0064 39 323 117 399
phone 0.0064 8 76 68 123
phone 0.0064 302 330 335 354
phone 0.0063 223 315 253 376
phone 0.0063 128 226 162 281
phone 0.0063 130 303 192 357
phone 0.0063 84 27 146 141
phone 0.0063 113 286 147 343
phone 0.0063 79 248 97 282
phone 0.0063 128 117 162 174
phone 0.0063 115 27 177 141
phone 0.0063 175 271 208 328
phone 0.0063 82 254 116 313
phone 0.0063 97 238 132 299
phone 0.0063 54 60 114 108
phone 0.0063 347 116 399 175
phone 0.0063 283 335 293 348
phone 0.0063 267 302 301 358
phone 0.0063 268 86 301 143
phone 0.0063 116 45 176 93
phone 0.0063 267 333 332 399
phone 0.0063 0 161 43 223
phone 0.0063 146 198 207 277
phone 0.0063 6 147 39 205
phone 0.0062 23 60 84 108
phone 0.0062 130 86 162 143
phone 0.0062 273 282 303 309
phone 0.0062 22 42 85 156
phone 0.0062 0 107 27 130
phone 0.0062 273 213 303 240
phone 0.0062 343 272 378 327
phone 0.0062 346 330 376 391
phone 0.0062 53 26 116 141
phone 0.0062 192 70 223 128
phone 0.0062 147 60 207 108
phone 0.0062 68 42 131 156
phone 0.0062 84 75 146 123
phone 0.0062 82 146 117 206
phone 0.0062 99 11 162 126
phone 0.0062 314 316 346 375
phone 0.0062 113 148 147 205
phone 0.0062 363 27 399 140
phone 0.0062 361 74 399 124
phone 0.0062 85 45 145 93
phone 0.0062 364 66 399 194
phone 0.0062 39 76 99 123
phone 0.0062 204 101 240 159
phone 0.0062 145 27 208 141
phone 0.0062 116 54 145 113
phone 0.0061 102 313 172 392
phone 0.0061 5 225 39 282
phone 0.0061 314 335 323 348
phone 0.0061 0 104 53 156
phone 0.0061 144 286 178 343
phone 0.0061 205 256 239 312
phone 0.0061 250 228 280 255
phone 0.0061 130 11 192 126
phone 0.0061 98 286 132 344
phone 0.0061 67 164 101 220
phone 0.0061 375 132 399 190
phone 0.0061 99 85 131 143
phone 0.0061 100 54 130 113
phone 0.0061 177 60 238 108
phone 0.0061 131 54 161 113
phone 0.0061 310 156 328 189
phone 0.0061 84 86 115 143
phone 0.0060 64 171 81 205
phone 0.0060 159 224 193 283
phone 0.0060 161 300 192 360
phone 0.0060 23 70 53 129
phone 0.0060 272 256 289 289
phone 0.0060 297 277 364 353
phone 0.0060 270 89 329 141
phone 0.0060 192 367 253 399
phone 0.0060 39 70 69 129
phone 0.0060 190 241 224 296
phone 0.0060 39 45 99 93
phone 0.0060 251 271 286 328
phone 0.0060 162 70 192 128
phone 0.0060 210 248 228 282
phone 0.0060 298 302 332 359
phone 0.0060 176 26 238 141
phone 0.0060 70 54 99 113
phone 0.0060 113 116 147 174
phone 0.0060 85 54 115 113
phone 0.0059 131 29 191 77
phone 0.0059 8 45 68 93
phone 0.0059 38 11 100 126
phone 0.0059 38 101 69 159
phone 0.0059 54 54 84 113
phone 0.0059 331 105 392 155
phone 0.0059 73 307 143 398
phone 0.0059 162 45 222 93
phone 0.0059 6 305 16 317
phone 0.0059 146 54 176 113
phone 0.0059 73 298 103 324
phone 0.0059 360 44 399 93
phone 0.0059 100 29 160 77
phone 0.0059 7 11 69 126
phone 0.0058 3 103 19 135
phone 0.0058 222 70 254 128
phone 0.0058 314 0 378 95
phone 0.0058 207 362 239 399
phone 0.0058 141 307 173 330
phone 0.0058 303 291 334 316
phone 0.0058 192 362 223 399
phone 0.0058 331 29 391 77
phone 0.0058 119 244 149 271
phone 0.0058 144 256 178 312
phone 0.0058 149 303 165 334
phone 0.0058 310 279 327 312
phone 0.0058 21 147 55 206
phone 0.0058 283 0 347 95
phone 0.0057 377 69 399 129
phone 0.0057 60 259 70 271
phone 0.0057 279 278 297 313
phone 0.0057 162 39 192 98
phone 0.0057 159 255 193 313
phone 0.0057 18 180 35 211
phone 0.0057 70 29 130 77
phone 0.0057 23 91 84 139
phone 0.0057 161 367 223 399
phone 0.0057 174 132 209 190
phone 0.0057 301 29 360 77
phone 0.0057 376 99 399 160
phone 0.0057 50 151 80 178
phone 0.0057 253 0 316 95
phone 0.0057 161 0 223 110
phone 0.0057 282 271 316 327
phone 0.0057 18 176 199 399
phone 0.0057 68 0 131 110
phone 0.0057 6 113 16 125
phone 0.0057 279 209 297 244
phone 0.0057 222 0 285 95
phone 0.0057 146 23 176 82
phone 0.0056 23 29 83 77
phone 0.0056 130 332 193 399
phone 0.0056 82 285 116 344
phone 0.0056 191 0 255 95
phone 0.0056 178 29 237 77
phone 0.0056 20 193 55 252
phone 0.0056 270 29 329 77
phone 0.0056 39 39 68 98
phone 0.0056 131 23 161 82
phone 0.0056 177 39 207 98
phone 0.0056 23 39 53 98
phone 0.0056 222 362 254 399
phone 0.0056 208 45 268 93
phone 0.0056 0 60 53 108
phone 0.0056 0 9 40 128
phone 0.0056 176 363 208 399
phone 0.0056 254 70 284 128
phone 0.0056 256 224 274 259
phone 0.0056 346 101 377 159
phone 0.0056 8 0 68 30
phone 0.0056 346 23 376 83
phone 0.0056 128 256 162 312
phone 0.0056 116 23 146 82
phone 0.0056 115 367 177 399
phone 0.0056 269 368 330 399
phone 0.0056 239 29 299 77
phone 0.0055 223 74 283 125
phone 0.0055 331 23 361 83
phone 0.0055 222 39 286 159
phone 0.0055 223 368 284 399
phone 0.0055 0 209 24 267
phone 0.0055 83 259 93 271
phone 0.0055 100 23 130 82
phone 0.0055 194 338 252 384
phone 0.0055 300 368 361 399
phone 0.0055 0 90 36 140
phone 0.0055 73 159 103 186
phone 0.0055 269 11 331 126
phone 0.0055 238 11 300 126
phone 0.0055 344 302 378 358
phone 0.0055 100 315 130 376
phone 0.0055 86 353 144 399
phone 0.0055 142 244 172 270
phone 0.0055 118 99 150 123
phone 0.0055 37 57 101 172
phone 0.0055 342 159 372 186
phone 0.0055 316 23 345 83
phone 0.0055 161 363 192 399
phone 0.0055 146 363 177 399
phone 0.0055 361 101 392 159
phone 0.0055 85 23 115 82
phone 0.0055 34 129 65 154
phone 0.0054 153 312 162 325
phone 0.0054 254 75 315 124
phone 0.0054 360 14 399 62
phone 0.0054 0 29 36 78
phone 0.0054 193 39 222 98
phone 0.0054 23 368 84 399
phone 0.0054 54 23 84 82
phone 0.0054 69 23 99 82
phone 0.0054 208 331 238 391
phone 0.0054 299 11 362 126
phone 0.0054 377 38 399 99
phone 0.0054 239 60 299 108
phone 0.0054 300 23 330 83
phone 0.0054 49 302 66 335
phone 0.0054 71 337 128 385
phone 0.0054 221 286 255 343
phone 0.0054 42 306 73 331
phone 0.0054 11 318 27 350
phone 0.0054 18 153 50 177
phone 0.0054 0 178 24 236
phone 0.0054 130 363 162 399
phone 0.0054 0 0 22 52
phone 0.0054 285 23 315 83
phone 0.0054 157 303 173 334
phone 0.0054 72 171 89 204
phone 0.0054 208 39 238 98
phone 0.0054 39 105 99 155
phone 0.0054 39 0 98 30
phone 0.0054 24 0 53 37
phone 0.0054 270 23 299 83
phone 0.0053 52 149 85 204
phone 0.0053 38 362 69 399
phone 0.0053 330 362 362 399
phone 0.0053 331 368 391 399
phone 0.0053 0 101 23 159
phone 0.0053 79 294 97 328
phone 0.0053 330 11 393 126
phone 0.0053 0 301 23 359
phone 0.0053 302 155 320 190
phone 0.0053 100 346 130 399
phone 0.0053 6 333 71 399
phone 0.0053 296 152 326 178
phone 0.0053 8 55 38 113
phone 0.0053 345 363 377 399
phone 0.0053 254 23 284 83
phone 0.0053 224 39 253 98
phone 0.0053 237 362 270 399
phone 0.0053 159 132 193 190
phone 0.0053 54 85 84 144
phone 0.0053 239 23 268 83
phone 0.0053 314 362 346 399
phone 0.0053 327 131 363 190
phone 0.0053 23 0 84 64
phone 0.0053 147 14 206 62
phone 0.0053 2 286 20 320
phone 0.0053 205 133 240 189
phone 0.0053 70 0 129 30
phone 0.0053 238 70 269 128
phone 0.0053 253 362 285 399
phone 0.0053 115 347 146 399
phone 0.0053 125 240 143 274
phone 0.0053 53 0 115 64
phone 0.0053 116 14 176 62
phone 0.0053 268 362 300 399
phone 0.0053 299 362 331 399
phone 0.0052 283 362 316 399
phone 0.0052 346 91 399 139
phone 0.0052 0 39 22 98
phone 0.0052 8 14 68 62
phone 0.0052 56 148 74 182
phone 0.0052 314 166 324 179
phone 0.0052 26 149 42 181
phone 0.0052 316 0 375 30
phone 0.0052 101 0 160 30
phone 0.0052 330 0 392 64
phone 0.0052 276 266 285 279
phone 0.0052 332 75 392 215
phone 0.0052 316 75 376 123
phone 0.0052 70 330 99 391
phone 0.0052 22 189 31 202
phone 0.0052 22 363 54 399
phone 0.0052 208 14 268 62
phone 0.0052 126 96 143 127
phone 0.0052 84 0 146 64
phone 0.0052 314 289 324 302
phone 0.0052 301 60 360 108
phone 0.0052 374 163 399 220
phone 0.0052 299 0 361 64
phone 0.0052 26 319 42 349
phone 0.0052 41 125 58 159
phone 0.0052 68 182 77 194
phone 0.0052 0 175 26 201
phone 0.0052 214 259 224 271
phone 0.0052 69 85 100 143
phone 0.0052 131 0 191 30
phone 0.0052 270 60 329 108
phone 0.0052 285 0 345 30
phone 0.0051 0 255 24 313
phone 0.0051 0 192 27 215
phone 0.0051 327 159 357 186
phone 0.0051 160 312 170 325
phone 0.0051 349 156 366 189
phone 0.0051 343 132 379 190
phone 0.0051 54 0 84 37
phone 0.0051 269 0 330 64
phone 0.0051 39 14 99 62
phone 0.0051 6 197 16 210
phone 0.0051 39 0 68 37
phone 0.0051 29 328 39 341
phone 0.0051 332 60 391 108
phone 0.0051 238 0 300 64
phone 0.0051 255 0 314 30
phone 0.0051 162 0 222 30
phone 0.0051 70 0 99 37
phone 0.0051 314 297 324 310
phone 0.0051 270 54 299 113
phone 0.0051 193 0 252 30
phone 0.0051 176 0 238 64
phone 0.0051 58 251 87 278
phone 0.0051 130 105 139 117
phone 0.0051 224 0 283 30
phone 0.0051 331 101 361 159
phone 0.0051 147 353 206 399
phone 0.0051 313 285 347 344
phone 0.0051 54 367 115 399
phone 0.0050 266 272 301 327
phone 0.0050 85 331 115 391
phone 0.0050 376 7 399 68
phone 0.0050 79 156 97 189
phone 0.0050 85 0 114 37
phone 0.0050 0 69 23 129
phone 0.0050 331 330 361 392
