phone 0.9441 161 122 224 240
phone 0.1112 179 124 235 207
phone 0.0896 204 115 319 257
phone 0.0868 160 78 237 201
phone 0.0838 291 84 399 235
phone 0.0814 103 128 183 245
phone 0.0744 154 134 246 280
phone 0.0709 19 0 201 149
phone 0.0676 127 111 228 219
phone 0.0649 259 68 393 193
phone 0.0647 153 46 298 222
phone 0.0627 78 40 194 159
phone 0.0612 229 97 343 228
phone 0.0592 113 32 232 170
phone 0.0512 224 139 314 314
phone 0.0509 220 12 399 241
phone 0.0499 181 159 233 233
phone 0.0488 152 171 311 315
phone 0.0487 102 163 243 315
phone 0.0453 209 72 314 200
phone 0.0449 135 87 386 285
phone 0.0419 92 77 169 223
phone 0.0395 277 132 377 247
phone 0.0368 123 222 274 315
phone 0.0363 102 7 353 248
phone 0.0332 62 121 163 260
phone 0.0326 68 71 281 315
phone 0.0316 142 0 241 147
phone 0.0315 38 42 186 219
phone 0.0308 311 150 396 280
phone 0.0298 238 37 353 169
phone 0.0296 180 253 277 315
phone 0.0277 82 0 194 108
phone 0.0255 28 63 123 193
phone 0.0245 101 210 191 315
phone 0.0241 61 178 157 315
phone 0.0237 124 254 214 315
phone 0.0234 139 138 303 223
phone 0.0228 316 23 399 180
phone 0.0228 0 0 106 137
phone 0.0227 218 0 319 150
phone 0.0227 26 0 136 108
phone 0.0226 182 225 335 315
phone 0.0223 163 7 295 136
phone 0.0216 109 113 182 187
phone 0.0208 299 171 362 252
phone 0.0203 24 142 114 280
phone 0.0200 87 149 174 304
phone 0.0199 307 161 384 231
phone 0.0195 256 0 394 148
phone 0.0186 226 217 311 298
phone 0.0181 166 111 218 188
phone 0.0181 109 131 151 199
phone 0.0179 233 182 305 271
phone 0.0178 126 150 164 211
phone 0.0173 221 72 286 167
phone 0.0172 75 67 154 141
phone 0.0170 158 132 196 198
phone 0.0166 234 132 304 229
phone 0.0160 48 204 120 280
phone 0.0153 155 28 228 118
phone 0.0151 273 149 356 212
phone 0.0150 72 230 158 285
phone 0.0150 312 165 348 226
phone 0.0150 320 143 399 219
phone 0.0150 135 159 219 233
phone 0.0149 98 257 178 315
phone 0.0148 17 103 199 315
phone 0.0147 138 51 215 126
phone 0.0143 193 148 284 305
phone 0.0143 5 51 92 201
phone 0.0142 78 115 152 185
phone 0.0139 258 196 372 315
phone 0.0136 32 192 105 262
phone 0.0135 342 61 399 207
phone 0.0134 251 0 343 101
phone 0.0133 25 210 113 315
phone 0.0133 108 162 152 230
phone 0.0133 127 120 164 180
phone 0.0132 6 112 90 265
phone 0.0131 60 192 138 262
phone 0.0130 194 0 271 78
phone 0.0129 170 165 274 228
phone 0.0129 188 153 288 209
phone 0.0128 74 260 139 315
phone 0.0128 0 30 59 164
phone 0.0128 347 157 399 296
phone 0.0128 208 240 298 306
phone 0.0127 200 84 276 154
phone 0.0126 74 147 155 215
phone 0.0125 18 66 89 141
phone 0.0124 33 159 104 233
phone 0.0124 72 178 158 245
phone 0.0123 56 52 143 125
phone 0.0122 327 166 363 225
phone 0.0121 128 243 163 302
phone 0.0121 70 0 148 84
phone 0.0120 163 0 242 80
phone 0.0120 291 96 369 173
phone 0.0120 30 51 107 126
phone 0.0120 158 64 226 143
phone 0.0117 335 112 399 249
phone 0.0117 98 230 131 285
phone 0.0117 165 241 249 305
phone 0.0116 108 83 183 155
phone 0.0116 47 171 121 252
phone 0.0116 232 20 306 96
phone 0.0116 165 57 249 120
phone 0.0116 247 273 329 315
phone 0.0116 295 122 365 208
phone 0.0115 226 136 281 256
phone 0.0114 255 165 343 228
phone 0.0114 240 150 358 272
phone 0.0114 101 54 190 123
phone 0.0114 111 103 149 166
phone 0.0112 112 242 148 303
phone 0.0112 218 33 289 112
phone 0.0112 116 40 205 107
phone 0.0112 271 184 358 239
phone 0.0111 43 70 125 137
phone 0.0110 352 4 399 141
phone 0.0110 274 112 356 188
phone 0.0109 34 80 104 158
phone 0.0109 232 62 306 146
phone 0.0109 0 164 68 288
phone 0.0108 200 52 275 125
phone 0.0107 360 224 399 291
phone 0.0105 133 0 209 80
phone 0.0105 97 121 132 178
phone 0.0104 257 128 342 203
phone 0.0104 202 177 274 246
phone 0.0104 297 169 332 223
phone 0.0102 66 213 102 271
phone 0.0102 263 43 336 134
phone 0.0102 60 162 138 230
phone 0.0101 96 74 133 133
phone 0.0101 17 37 90 109
phone 0.0101 51 198 86 255
phone 0.0101 323 177 399 246
phone 0.0101 357 193 399 261
phone 0.0100 234 73 272 134
phone 0.0100 228 256 309 315
phone 0.0100 0 0 60 96
phone 0.0100 81 214 117 271
phone 0.0099 0 288 41 315
phone 0.0099 126 181 164 241
phone 0.0099 247 118 290 182
phone 0.0098 112 183 179 271
phone 0.0098 118 74 203 134
phone 0.0098 59 136 140 195
phone 0.0097 33 127 104 203
phone 0.0096 181 75 264 133
phone 0.0096 0 85 57 214
phone 0.0096 0 0 39 25
phone 0.0095 341 242 373 265
phone 0.0095 2 54 74 122
phone 0.0095 257 95 342 174
phone 0.0095 349 238 365 269
phone 0.0093 194 116 282 185
phone 0.0093 165 282 236 315
phone 0.0093 141 97 212 172
phone 0.0093 348 0 399 58
phone 0.0093 310 194 382 259
phone 0.0092 46 101 122 168
phone 0.0092 277 243 353 302
phone 0.0092 173 59 210 118
phone 0.0092 143 61 178 115
phone 0.0092 15 189 79 312
phone 0.0091 47 143 121 219
phone 0.0091 195 281 267 315
phone 0.0091 352 247 362 260
phone 0.0091 114 0 179 58
phone 0.0090 274 77 355 161
phone 0.0090 158 59 195 118
phone 0.0090 52 229 85 286
phone 0.0090 248 196 289 258
phone 0.0090 135 282 205 315
phone 0.0090 342 167 379 225
phone 0.0089 222 0 285 58
phone 0.0089 35 75 71 133
phone 0.0089 47 240 121 306
phone 0.0089 221 183 254 240
phone 0.0089 358 168 394 224
phone 0.0088 251 13 286 71
phone 0.0088 329 0 395 92
phone 0.0088 51 167 86 225
phone 0.0087 52 0 117 57
phone 0.0087 220 90 256 148
phone 0.0087 56 90 142 148
phone 0.0086 356 83 399 155
phone 0.0086 219 245 256 301
phone 0.0086 343 208 399 276
phone 0.0085 248 227 289 288
phone 0.0085 180 36 264 110
phone 0.0085 235 14 270 70
phone 0.0084 115 293 176 315
phone 0.0084 219 164 249 189
phone 0.0084 331 0 391 37
phone 0.0084 144 261 178 315
phone 0.0083 204 246 240 300
phone 0.0083 343 40 399 106
phone 0.0083 0 198 59 256
phone 0.0082 96 152 133 209
phone 0.0082 342 238 357 269
phone 0.0082 248 165 289 227
phone 0.0082 17 227 90 288
phone 0.0082 96 199 133 255
phone 0.0082 272 215 358 269
phone 0.0081 197 218 278 297
phone 0.0081 188 192 257 261
phone 0.0081 82 76 117 131
phone 0.0081 318 195 399 315
phone 0.0081 190 261 224 315
phone 0.0081 50 75 87 132
phone 0.0081 374 213 399 271
phone 0.0080 1 85 75 153
phone 0.0080 314 225 378 289
phone 0.0080 129 274 162 315
phone 0.0080 362 0 399 23
phone 0.0080 220 153 255 208
phone 0.0079 257 228 342 287
phone 0.0079 21 75 55 132
phone 0.0079 83 245 116 301
phone 0.0079 232 102 274 166
phone 0.0079 111 74 149 133
phone 0.0079 282 260 316 315
phone 0.0079 189 61 224 116
phone 0.0079 374 43 399 102
phone 0.0078 127 90 164 148
phone 0.0078 248 89 289 149
phone 0.0078 345 247 354 260
phone 0.0078 241 202 326 283
phone 0.0078 308 108 383 192
phone 0.0077 329 198 362 255
phone 0.0077 256 0 312 63
phone 0.0077 3 211 74 273
phone 0.0077 298 245 331 301
phone 0.0077 341 70 399 137
phone 0.0077 361 0 392 40
phone 0.0076 16 178 91 245
phone 0.0076 84 273 115 315
phone 0.0076 300 202 361 282
phone 0.0076 353 112 399 187
phone 0.0075 82 138 116 193
phone 0.0075 0 0 41 58
phone 0.0075 22 0 86 54
phone 0.0075 220 60 256 116
phone 0.0075 304 187 334 213
phone 0.0075 225 160 243 193
phone 0.0075 251 260 285 315
phone 0.0075 81 183 117 240
phone 0.0075 234 44 272 102
phone 0.0075 116 140 206 191
phone 0.0074 175 261 208 315
phone 0.0074 17 98 89 171
phone 0.0074 281 168 317 224
phone 0.0074 16 146 90 215
phone 0.0074 374 183 399 239
phone 0.0074 193 152 388 315
phone 0.0074 146 289 176 315
phone 0.0073 234 245 272 301
phone 0.0073 225 283 298 315
phone 0.0073 159 261 193 315
phone 0.0073 205 76 239 131
phone 0.0073 37 260 101 315
phone 0.0073 38 0 99 21
phone 0.0073 330 0 361 40
phone 0.0073 0 165 60 227
phone 0.0072 0 0 135 262
phone 0.0072 66 76 102 132
phone 0.0072 36 44 71 102
phone 0.0072 267 275 300 315
phone 0.0072 116 0 176 22
phone 0.0071 296 137 333 193
phone 0.0071 359 13 393 71
phone 0.0071 0 72 44 135
phone 0.0070 65 183 103 240
phone 0.0070 5 60 39 117
phone 0.0070 202 169 241 223
phone 0.0070 0 71 26 97
phone 0.0070 0 41 44 104
phone 0.0070 281 13 318 71
phone 0.0070 70 0 130 22
phone 0.0069 332 248 390 297
phone 0.0069 294 21 366 95
phone 0.0069 67 244 101 302
phone 0.0069 161 289 192 315
phone 0.0069 219 179 249 205
phone 0.0069 51 136 86 194
phone 0.0069 1 117 75 183
phone 0.0069 7 0 69 20
phone 0.0069 0 103 45 166
phone 0.0069 317 0 375 58
phone 0.0069 37 228 70 286
phone 0.0069 344 13 378 71
phone 0.0068 306 41 385 105
phone 0.0068 310 183 328 217
phone 0.0068 322 56 399 121
phone 0.0068 37 0 69 24
phone 0.0068 311 120 349 179
phone 0.0068 158 105 194 163
phone 0.0068 148 0 205 42
phone 0.0068 362 262 399 314
phone 0.0068 66 106 101 162
phone 0.0068 52 0 85 25
phone 0.0067 121 195 200 259
phone 0.0067 313 243 347 302
phone 0.0067 205 198 240 255
phone 0.0067 210 0 266 41
phone 0.0067 286 278 344 315
phone 0.0067 221 275 255 315
phone 0.0067 229 170 239 183
phone 0.0067 255 294 313 315
phone 0.0067 376 242 399 304
phone 0.0066 21 44 55 101
phone 0.0066 50 44 87 102
phone 0.0066 156 163 197 229
phone 0.0066 0 134 45 196
phone 0.0066 109 211 151 273
phone 0.0066 301 0 360 37
phone 0.0066 374 74 399 133
phone 0.0066 126 60 164 116
phone 0.0066 173 0 210 56
phone 0.0066 359 59 393 117
phone 0.0066 176 289 208 315
phone 0.0066 144 123 178 177
phone 0.0066 50 105 86 163
phone 0.0066 236 275 270 315
phone 0.0065 82 107 116 162
phone 0.0065 205 275 239 315
phone 0.0065 22 0 54 24
phone 0.0065 375 0 399 41
phone 0.0065 68 0 101 25
phone 0.0065 21 213 54 271
phone 0.0065 298 215 331 269
phone 0.0065 256 197 343 257
phone 0.0064 37 290 101 315
phone 0.0064 53 258 84 315
phone 0.0064 346 242 376 303
phone 0.0064 192 0 253 20
phone 0.0064 99 274 131 315
phone 0.0064 66 137 101 193
phone 0.0063 249 44 288 102
phone 0.0063 329 290 393 315
phone 0.0063 316 295 375 315
phone 0.0063 233 162 274 229
phone 0.0063 6 183 39 240
phone 0.0063 349 234 381 258
phone 0.0063 316 0 376 20
phone 0.0063 357 239 372 269
phone 0.0063 331 242 361 303
phone 0.0063 266 246 302 300
phone 0.0062 264 26 304 88
phone 0.0062 314 262 377 315
phone 0.0062 229 178 239 191
phone 0.0062 344 198 378 255
phone 0.0062 172 171 204 197
phone 0.0062 225 175 243 209
phone 0.0062 254 289 284 315
phone 0.0062 143 92 178 146
phone 0.0062 180 168 196 200
phone 0.0062 145 0 178 25
phone 0.0062 360 247 370 260
phone 0.0062 365 231 380 261
phone 0.0062 191 289 223 315
phone 0.0062 295 106 334 163
phone 0.0062 283 0 347 72
phone 0.0062 233 160 250 193
phone 0.0062 300 273 330 315
phone 0.0061 54 278 114 315
phone 0.0061 114 274 147 315
phone 0.0061 7 290 70 315
phone 0.0061 36 198 70 255
phone 0.0061 331 289 361 315
phone 0.0061 68 291 132 315
phone 0.0061 0 215 37 269
phone 0.0061 270 0 329 38
phone 0.0061 114 0 147 25
phone 0.0060 98 0 132 25
phone 0.0060 368 239 377 252
phone 0.0060 313 211 348 272
phone 0.0060 226 172 257 197
phone 0.0060 173 88 210 149
phone 0.0060 229 163 239 175
phone 0.0060 285 289 315 315
phone 0.0060 36 168 70 224
phone 0.0060 161 0 222 21
phone 0.0060 207 0 239 24
phone 0.0060 5 90 39 148
phone 0.0060 285 0 345 20
phone 0.0059 165 203 196 228
phone 0.0059 314 194 324 206
phone 0.0059 301 311 360 315
phone 0.0059 174 198 241 286
phone 0.0059 24 281 83 315
phone 0.0059 8 311 68 315
phone 0.0059 226 156 257 182
phone 0.0059 199 136 245 195
phone 0.0059 117 171 206 222
phone 0.0059 5 152 39 209
phone 0.0059 315 0 346 25
phone 0.0059 36 106 70 163
phone 0.0059 171 27 213 88
phone 0.0059 38 273 69 315
phone 0.0059 0 195 40 315
phone 0.0059 280 137 319 194
phone 0.0059 21 106 55 163
phone 0.0059 346 274 377 315
phone 0.0058 346 0 377 25
phone 0.0058 282 230 317 285
phone 0.0058 305 80 386 158
phone 0.0058 254 0 315 20
phone 0.0058 5 29 39 86
phone 0.0058 162 178 222 275
phone 0.0058 5 121 39 178
phone 0.0058 182 97 263 173
phone 0.0058 100 0 161 4
phone 0.0058 191 0 223 24
phone 0.0058 278 74 320 134
phone 0.0058 99 0 161 37
phone 0.0057 360 239 370 252
phone 0.0057 157 14 195 70
phone 0.0057 373 106 399 163
phone 0.0057 315 305 346 315
phone 0.0057 172 199 189 231
phone 0.0057 38 0 99 4
phone 0.0057 239 0 299 38
phone 0.0057 38 0 100 86
phone 0.0057 299 0 331 25
phone 0.0057 298 0 332 56
phone 0.0057 160 0 193 24
phone 0.0056 115 0 146 9
phone 0.0056 23 304 53 315
phone 0.0056 36 137 70 193
phone 0.0056 21 182 55 240
phone 0.0056 179 0 235 43
phone 0.0056 130 0 161 9
phone 0.0056 0 227 23 288
phone 0.0056 188 90 225 148
phone 0.0056 269 0 300 25
phone 0.0056 69 0 130 4
phone 0.0056 6 78 16 91
phone 0.0056 223 0 284 20
phone 0.0056 193 0 253 4
phone 0.0056 54 0 84 9
phone 0.0056 10 0 67 41
phone 0.0055 254 0 314 4
phone 0.0055 232 132 274 198
phone 0.0055 316 273 346 315
phone 0.0055 100 0 130 9
phone 0.0055 69 273 99 315
phone 0.0055 326 136 365 194
phone 0.0055 176 0 208 24
phone 0.0055 69 0 100 9
phone 0.0055 222 0 254 24
phone 0.0055 237 170 247 183
phone 0.0055 229 186 239 198
phone 0.0055 21 152 55 209
phone 0.0055 223 0 284 4
phone 0.0054 284 0 315 25
phone 0.0054 328 29 363 85
phone 0.0054 219 14 256 70
phone 0.0054 0 310 36 315
phone 0.0054 316 0 376 4
phone 0.0054 84 0 115 9
phone 0.0054 38 0 69 9
phone 0.0054 361 295 399 315
phone 0.0054 207 0 238 9
phone 0.0054 269 0 300 9
phone 0.0054 0 197 23 256
phone 0.0054 223 0 253 9
phone 0.0054 343 60 378 116
phone 0.0054 334 233 365 259
phone 0.0054 142 194 172 221
phone 0.0054 183 178 193 191
phone 0.0054 139 203 213 282
phone 0.0053 238 0 269 9
phone 0.0053 285 0 345 4
phone 0.0053 0 273 23 315
phone 0.0053 331 311 391 315
phone 0.0053 8 0 68 4
phone 0.0053 346 0 376 9
phone 0.0053 131 0 192 4
phone 0.0053 331 0 361 9
phone 0.0053 254 0 284 9
phone 0.0053 64 44 104 102
phone 0.0053 8 247 68 298
phone 0.0053 39 304 69 315
phone 0.0053 143 199 178 254
phone 0.0053 0 0 36 5
phone 0.0053 284 0 315 9
phone 0.0053 0 0 22 10
phone 0.0053 162 0 222 4
phone 0.0052 192 0 223 9
phone 0.0052 373 153 399 208
phone 0.0052 315 0 346 9
phone 0.0052 0 304 23 315
phone 0.0052 159 198 193 255
phone 0.0052 331 305 361 315
phone 0.0052 54 289 84 315
phone 0.0052 313 13 347 71
phone 0.0052 300 0 330 9
phone 0.0052 23 0 53 9
phone 0.0052 146 0 177 9
phone 0.0052 23 258 53 315
phone 0.0052 238 0 270 25
phone 0.0052 203 45 241 101
phone 0.0052 0 167 24 224
phone 0.0052 0 13 24 71
phone 0.0052 23 289 53 315
phone 0.0052 346 304 376 315
phone 0.0051 175 209 185 221
phone 0.0051 172 156 203 182
phone 0.0051 219 121 256 179
phone 0.0051 177 0 207 9
phone 0.0051 179 153 196 185
phone 0.0051 361 0 399 5
phone 0.0051 158 248 187 274
phone 0.0051 257 300 273 315
phone 0.0051 237 178 247 191
phone 0.0051 249 304 281 315
phone 0.0051 154 215 229 300
phone 0.0050 161 0 192 9
phone 0.0050 326 11 358 35
phone 0.0050 300 305 330 315
phone 0.0050 376 288 399 315
phone 0.0050 219 148 249 174
