phone 0.8974 170 74 232 207
phone 0.0750 58 17 217 192
phone 0.0663 167 85 217 165
phone 0.0552 125 47 238 228
phone 0.0502 99 8 299 260
phone 0.0466 114 2 231 153
phone 0.0445 1 22 157 187
phone 0.0392 162 122 236 241
phone 0.0346 159 94 283 187
phone 0.0344 175 46 270 180
phone 0.0322 205 88 309 225
phone 0.0314 89 60 189 204
phone 0.0283 207 40 318 181
phone 0.0201 184 75 230 145
phone 0.0184 84 0 198 123
phone 0.0181 164 171 196 195
phone 0.0177 228 0 361 167
phone 0.0175 96 135 180 248
phone 0.0174 172 167 188 199
phone 0.0164 175 177 185 189
phone 0.0164 159 109 292 263
phone 0.0162 235 103 302 178
phone 0.0159 118 149 222 266
phone 0.0157 170 0 245 160
phone 0.0154 185 137 229 206
phone 0.0153 113 56 178 133
phone 0.0145 204 170 234 196
phone 0.0143 146 11 377 198
phone 0.0141 180 167 196 198
phone 0.0141 61 95 159 224
phone 0.0138 210 166 227 199
phone 0.0136 90 47 170 111
phone 0.0134 51 0 148 139
phone 0.0133 183 177 193 189
phone 0.0128 224 91 283 190
phone 0.0126 200 111 244 171
phone 0.0124 0 8 105 141
phone 0.0124 66 46 164 173
phone 0.0123 142 85 172 112
phone 0.0123 95 121 166 192
phone 0.0121 234 107 334 235
phone 0.0120 98 71 163 149
phone 0.0120 214 177 224 189
phone 0.0120 249 78 350 202
phone 0.0117 227 135 311 266
phone 0.0116 174 168 270 266
phone 0.0115 149 81 166 115
phone 0.0112 165 86 195 111
phone 0.0112 251 110 286 171
phone 0.0112 102 188 190 266
phone 0.0112 56 66 143 123
phone 0.0109 0 68 60 198
phone 0.0108 71 156 160 266
phone 0.0108 17 78 120 203
phone 0.0108 142 100 172 127
phone 0.0108 359 91 399 220
phone 0.0107 169 133 215 209
phone 0.0106 127 65 163 124
phone 0.0105 12 99 84 221
phone 0.0103 38 127 131 246
phone 0.0102 178 41 236 117
phone 0.0102 149 97 166 130
phone 0.0102 110 105 181 177
phone 0.0101 134 0 219 97
phone 0.0101 137 98 216 152
phone 0.0100 172 82 189 115
phone 0.0100 172 147 203 173
phone 0.0100 361 125 399 187
phone 0.0099 107 31 183 96
phone 0.0099 0 0 39 0
phone 0.0097 152 92 162 104
phone 0.0097 0 263 40 266
phone 0.0097 142 154 172 181
phone 0.0097 112 66 147 123
phone 0.0097 125 50 197 108
phone 0.0096 179 143 197 176
phone 0.0095 204 132 234 157
phone 0.0095 139 66 214 123
phone 0.0095 237 185 301 250
phone 0.0095 238 67 300 152
phone 0.0094 337 57 399 193
phone 0.0093 184 0 283 116
phone 0.0092 152 100 162 112
phone 0.0092 234 138 303 205
phone 0.0091 301 75 391 206
phone 0.0091 145 186 239 266
phone 0.0091 210 129 227 160
phone 0.0091 112 127 147 185
phone 0.0090 201 157 275 216
phone 0.0090 73 30 156 98
phone 0.0090 149 151 166 184
phone 0.0089 176 92 185 105
phone 0.0089 142 116 172 142
phone 0.0089 41 81 127 139
phone 0.0089 273 38 375 170
phone 0.0088 251 0 337 116
phone 0.0088 142 131 172 158
phone 0.0088 5 58 71 132
phone 0.0088 225 57 282 132
phone 0.0087 271 99 372 226
phone 0.0086 262 111 338 170
phone 0.0086 152 108 162 120
phone 0.0086 64 172 136 232
phone 0.0085 81 90 149 161
phone 0.0085 204 66 272 124
phone 0.0085 124 218 198 266
phone 0.0084 183 154 193 166
phone 0.0084 149 112 166 146
phone 0.0084 188 218 257 266
phone 0.0083 149 128 166 161
phone 0.0083 140 171 213 233
phone 0.0083 160 97 192 154
phone 0.0083 34 159 104 214
phone 0.0083 250 171 319 233
phone 0.0083 219 63 250 87
phone 0.0082 243 128 325 184
phone 0.0082 316 68 375 121
phone 0.0082 162 23 221 104
phone 0.0082 80 205 150 260
phone 0.0081 97 52 132 106
phone 0.0081 190 132 286 181
phone 0.0080 82 67 116 122
phone 0.0080 29 111 108 170
phone 0.0080 221 158 254 215
phone 0.0080 284 75 346 145
phone 0.0078 127 128 163 184
phone 0.0078 214 138 224 151
phone 0.0078 35 40 103 119
phone 0.0078 125 0 196 66
phone 0.0078 160 66 193 123
phone 0.0077 172 124 204 150
phone 0.0077 179 82 197 115
phone 0.0077 69 0 130 43
phone 0.0077 361 74 399 146
phone 0.0077 0 141 58 201
phone 0.0077 180 121 196 153
phone 0.0077 252 142 285 200
phone 0.0077 201 186 275 249
phone 0.0077 252 65 286 124
phone 0.0077 152 161 162 174
phone 0.0076 46 125 122 187
phone 0.0076 0 0 56 103
phone 0.0076 264 138 335 205
phone 0.0076 129 219 162 266
phone 0.0076 20 65 55 123
phone 0.0076 98 82 132 138
phone 0.0076 152 85 162 97
phone 0.0076 137 129 216 183
phone 0.0076 163 0 221 66
phone 0.0075 172 62 211 126
phone 0.0075 225 59 243 92
phone 0.0075 165 186 196 211
phone 0.0075 0 16 41 141
phone 0.0075 234 123 272 189
phone 0.0075 144 36 178 92
phone 0.0075 299 124 362 187
phone 0.0075 39 18 98 78
phone 0.0075 327 90 395 160
phone 0.0075 152 115 162 127
phone 0.0075 114 204 147 262
phone 0.0075 242 97 326 153
phone 0.0074 64 107 135 175
phone 0.0073 345 65 377 123
phone 0.0073 235 93 271 157
phone 0.0073 78 138 152 205
phone 0.0073 0 126 27 148
phone 0.0073 282 113 316 168
phone 0.0073 98 188 131 246
phone 0.0073 159 174 193 230
phone 0.0073 83 173 116 231
phone 0.0073 329 80 362 139
phone 0.0072 53 0 115 75
phone 0.0072 15 125 92 187
phone 0.0072 190 173 224 231
phone 0.0072 300 87 361 163
phone 0.0072 128 36 163 92
phone 0.0072 24 35 83 93
phone 0.0071 172 182 189 215
phone 0.0071 3 122 19 152
phone 0.0071 223 162 284 242
phone 0.0071 177 238 237 266
phone 0.0071 6 130 16 143
phone 0.0071 205 205 239 261
phone 0.0071 159 35 193 92
phone 0.0071 310 110 381 171
phone 0.0071 267 173 300 231
phone 0.0071 52 157 85 216
phone 0.0071 152 138 162 150
phone 0.0071 145 236 208 266
phone 0.0071 15 92 91 158
phone 0.0071 99 0 161 26
phone 0.0071 67 67 101 122
phone 0.0071 152 123 162 135
phone 0.0070 221 199 286 266
phone 0.0070 267 143 301 199
phone 0.0070 99 0 162 60
phone 0.0070 144 220 177 266
phone 0.0070 229 69 239 82
phone 0.0069 0 109 77 172
phone 0.0069 5 81 39 138
phone 0.0069 69 0 99 46
phone 0.0069 285 54 345 104
phone 0.0069 159 4 193 61
phone 0.0069 183 131 193 143
phone 0.0069 0 0 41 32
phone 0.0068 375 111 399 170
phone 0.0068 113 158 147 215
phone 0.0068 112 36 148 91
phone 0.0068 284 101 346 180
phone 0.0068 67 158 100 215
phone 0.0068 86 0 145 82
phone 0.0068 174 33 209 94
phone 0.0068 314 80 347 139
phone 0.0068 189 100 286 151
phone 0.0068 183 92 193 105
phone 0.0067 299 65 331 123
phone 0.0067 115 0 146 31
phone 0.0067 7 160 69 213
phone 0.0067 82 97 116 153
phone 0.0067 0 53 36 105
phone 0.0067 284 145 357 243
phone 0.0066 331 55 392 103
phone 0.0066 176 0 208 46
phone 0.0066 316 40 376 88
phone 0.0066 344 109 399 172
phone 0.0066 298 142 331 201
phone 0.0066 144 189 178 245
phone 0.0066 23 9 84 57
phone 0.0066 298 20 363 137
phone 0.0066 221 189 255 246
phone 0.0066 315 6 377 120
phone 0.0065 330 21 393 136
phone 0.0065 69 193 130 266
phone 0.0065 284 50 316 107
phone 0.0065 116 0 176 11
phone 0.0065 131 0 161 31
phone 0.0065 282 143 316 200
phone 0.0065 6 138 16 151
phone 0.0065 205 14 272 143
phone 0.0065 38 0 100 42
phone 0.0065 214 146 224 158
phone 0.0065 176 192 185 205
phone 0.0065 38 157 69 217
phone 0.0065 110 112 212 229
phone 0.0064 131 0 192 27
phone 0.0064 160 127 192 184
phone 0.0064 115 0 177 44
phone 0.0064 52 128 85 184
phone 0.0064 204 85 234 112
phone 0.0064 0 124 44 188
phone 0.0064 285 24 345 72
phone 0.0064 173 77 203 104
phone 0.0064 36 50 70 108
phone 0.0064 192 233 222 266
phone 0.0064 315 50 346 108
phone 0.0063 85 0 145 11
phone 0.0063 143 5 178 61
phone 0.0063 16 47 202 266
phone 0.0063 346 34 376 93
phone 0.0063 344 97 378 154
phone 0.0063 84 218 115 266
phone 0.0063 331 34 361 93
phone 0.0063 54 0 115 26
phone 0.0063 53 3 84 62
phone 0.0063 190 204 224 261
phone 0.0063 332 130 390 181
phone 0.0063 254 40 315 88
phone 0.0063 159 220 193 266
phone 0.0063 39 3 69 62
phone 0.0063 209 239 267 266
phone 0.0062 223 39 284 88
phone 0.0062 67 128 101 184
phone 0.0062 51 50 86 108
phone 0.0062 0 93 45 158
phone 0.0062 298 96 332 154
phone 0.0062 100 0 130 31
phone 0.0062 165 132 196 157
phone 0.0062 208 233 238 266
phone 0.0062 239 24 299 72
phone 0.0062 127 96 164 154
phone 0.0062 152 154 162 166
phone 0.0062 237 5 301 122
phone 0.0061 146 0 177 31
phone 0.0061 54 210 115 256
phone 0.0061 116 238 176 266
phone 0.0061 160 0 224 29
phone 0.0061 165 101 196 126
phone 0.0061 177 233 207 266
phone 0.0061 205 174 239 230
phone 0.0061 85 0 115 31
phone 0.0061 331 24 391 72
phone 0.0061 69 203 99 263
phone 0.0061 147 0 207 11
phone 0.0061 178 0 237 11
phone 0.0061 221 129 254 183
phone 0.0061 300 18 330 78
phone 0.0061 98 127 132 185
phone 0.0061 54 0 114 11
phone 0.0060 214 131 224 143
phone 0.0060 183 123 193 135
phone 0.0060 254 9 314 57
phone 0.0060 270 224 329 266
phone 0.0060 316 18 345 78
phone 0.0060 329 112 362 169
phone 0.0060 178 0 237 43
phone 0.0060 183 138 193 151
phone 0.0060 67 98 101 153
phone 0.0060 303 161 358 212
phone 0.0060 53 237 116 266
phone 0.0060 191 0 255 29
phone 0.0060 287 177 343 227
phone 0.0060 152 169 162 181
phone 0.0060 241 223 297 266
phone 0.0060 285 18 315 78
phone 0.0060 8 0 68 42
phone 0.0059 7 24 69 72
phone 0.0059 267 113 301 168
phone 0.0059 238 34 269 92
phone 0.0059 269 34 300 92
phone 0.0059 267 66 301 123
phone 0.0059 152 146 162 158
phone 0.0059 23 156 53 217
phone 0.0059 223 9 283 57
phone 0.0059 85 241 145 266
phone 0.0059 152 131 162 143
phone 0.0059 98 158 132 215
phone 0.0059 252 188 316 266
phone 0.0059 254 34 284 92
phone 0.0059 255 240 314 266
phone 0.0059 208 0 268 11
phone 0.0059 100 233 130 266
phone 0.0059 222 50 254 108
phone 0.0059 6 112 39 169
phone 0.0059 161 0 192 31
phone 0.0059 0 234 40 266
phone 0.0059 362 0 399 104
phone 0.0059 361 24 399 73
phone 0.0059 236 172 271 232
phone 0.0059 54 255 114 266
phone 0.0059 210 81 228 116
phone 0.0058 361 162 399 211
phone 0.0058 23 0 83 26
phone 0.0058 207 0 269 44
phone 0.0058 346 40 399 87
phone 0.0058 377 141 399 202
phone 0.0058 239 255 299 266
phone 0.0058 144 66 178 123
phone 0.0058 36 128 70 184
phone 0.0058 22 237 85 266
phone 0.0058 239 0 299 42
phone 0.0058 54 0 84 31
phone 0.0058 363 0 399 43
phone 0.0058 193 0 222 16
phone 0.0058 375 64 399 124
phone 0.0058 69 264 99 266
phone 0.0058 193 36 252 91
phone 0.0058 316 157 345 217
phone 0.0058 204 116 234 142
phone 0.0058 70 0 99 16
phone 0.0058 208 0 238 16
phone 0.0058 270 218 299 266
phone 0.0058 361 0 399 11
phone 0.0058 51 98 85 153
phone 0.0057 284 237 346 266
phone 0.0057 254 3 284 62
phone 0.0057 22 253 85 266
phone 0.0057 224 0 283 26
phone 0.0057 0 0 36 11
phone 0.0057 270 3 299 62
phone 0.0057 8 0 68 11
phone 0.0057 208 24 267 73
phone 0.0057 85 264 115 266
phone 0.0057 224 233 253 266
phone 0.0057 362 238 399 266
phone 0.0057 128 189 162 246
phone 0.0057 37 222 100 266
phone 0.0057 346 126 376 186
phone 0.0057 285 218 315 266
phone 0.0057 300 9 360 57
phone 0.0057 54 264 84 266
phone 0.0057 270 0 330 42
phone 0.0057 282 82 316 137
phone 0.0057 315 237 377 266
phone 0.0057 180 141 265 203
phone 0.0057 299 253 362 266
phone 0.0057 21 127 54 184
phone 0.0057 177 0 207 16
phone 0.0057 172 128 189 161
phone 0.0057 332 163 390 210
phone 0.0057 24 0 53 47
phone 0.0056 329 130 393 242
phone 0.0056 180 186 211 211
phone 0.0056 269 253 331 266
phone 0.0056 23 19 53 77
phone 0.0056 316 194 376 241
phone 0.0056 239 3 268 62
phone 0.0056 254 218 284 266
phone 0.0056 364 262 399 266
phone 0.0056 223 3 253 62
phone 0.0056 128 159 163 215
phone 0.0056 223 0 253 16
phone 0.0056 7 156 38 217
phone 0.0056 300 172 330 232
phone 0.0056 69 249 99 266
phone 0.0056 362 34 392 93
phone 0.0056 239 0 299 11
phone 0.0056 0 40 54 87
phone 0.0056 0 0 22 16
phone 0.0056 254 249 284 266
phone 0.0056 346 157 377 216
phone 0.0056 39 264 69 266
phone 0.0056 176 100 185 112
phone 0.0056 314 161 377 266
phone 0.0056 0 0 23 1
phone 0.0055 82 127 116 184
phone 0.0055 172 143 189 176
phone 0.0055 6 123 16 136
phone 0.0055 330 253 393 266
phone 0.0055 269 250 300 266
phone 0.0055 361 254 399 266
phone 0.0055 300 265 330 266
phone 0.0055 362 146 399 257
phone 0.0055 286 209 344 257
phone 0.0055 54 249 84 266
phone 0.0055 346 264 376 266
phone 0.0055 99 253 162 266
phone 0.0055 172 97 189 131
phone 0.0055 316 265 345 266
phone 0.0055 23 265 53 266
phone 0.0055 7 222 69 266
phone 0.0055 299 221 362 266
phone 0.0055 239 0 268 16
phone 0.0055 285 265 315 266
phone 0.0055 254 0 314 26
phone 0.0055 22 191 85 266
phone 0.0055 0 264 22 266
phone 0.0055 36 97 70 153
phone 0.0055 0 172 41 266
phone 0.0055 331 265 361 266
phone 0.0054 142 169 172 196
phone 0.0054 187 182 204 215
phone 0.0054 115 0 146 1
phone 0.0054 100 223 161 266
phone 0.0054 23 0 53 16
phone 0.0054 117 256 175 266
phone 0.0054 331 157 361 216
phone 0.0054 130 0 161 1
phone 0.0054 346 9 399 57
phone 0.0054 161 0 192 1
phone 0.0054 146 0 177 1
phone 0.0054 202 81 242 138
phone 0.0054 377 18 399 78
phone 0.0054 39 0 68 16
phone 0.0054 285 0 315 47
phone 0.0054 331 188 361 247
phone 0.0054 0 255 36 266
phone 0.0054 100 264 130 266
phone 0.0054 272 193 327 242
phone 0.0054 100 0 131 1
phone 0.0054 190 0 255 75
phone 0.0054 205 51 240 107
phone 0.0054 177 0 208 1
phone 0.0054 38 161 99 266
phone 0.0054 330 222 393 266
phone 0.0054 361 193 399 242
phone 0.0054 204 146 234 173
phone 0.0054 377 0 399 17
phone 0.0054 210 113 227 145
phone 0.0053 39 249 69 266
phone 0.0053 7 34 38 92
phone 0.0053 285 249 315 266
phone 0.0053 207 264 238 266
phone 0.0053 115 249 146 266
phone 0.0053 226 132 257 157
phone 0.0053 0 142 24 200
phone 0.0053 254 0 284 16
phone 0.0053 131 249 161 266
phone 0.0053 346 3 376 62
phone 0.0053 84 0 115 1
phone 0.0053 192 0 223 1
phone 0.0053 269 265 300 266
phone 0.0053 39 195 98 240
phone 0.0053 39 218 69 266
phone 0.0053 300 203 330 262
phone 0.0053 0 9 53 57
phone 0.0053 178 255 236 266
phone 0.0053 331 3 361 62
phone 0.0053 179 182 197 215
phone 0.0053 176 169 185 182
phone 0.0053 181 85 211 112
phone 0.0053 376 264 399 266
phone 0.0053 23 249 53 266
phone 0.0053 300 249 330 266
phone 0.0053 316 249 345 266
phone 0.0053 54 188 84 247
phone 0.0053 85 249 115 266
phone 0.0052 0 249 23 266
phone 0.0052 0 65 24 124
phone 0.0052 331 249 361 266
phone 0.0052 207 0 238 1
phone 0.0052 331 0 391 42
phone 0.0052 346 0 399 26
phone 0.0052 21 97 55 153
phone 0.0052 174 204 209 261
phone 0.0052 69 0 100 1
phone 0.0052 346 249 376 266
phone 0.0052 208 0 238 46
phone 0.0052 66 34 102 93
phone 0.0052 165 155 196 180
phone 0.0052 331 0 391 11
phone 0.0052 270 0 330 11
phone 0.0052 300 0 330 47
phone 0.0052 223 0 254 1
phone 0.0052 238 218 269 266
phone 0.0052 223 265 254 266
phone 0.0052 191 3 223 62
phone 0.0051 315 203 346 262
phone 0.0051 254 265 284 266
phone 0.0051 148 166 166 200
phone 0.0051 23 219 53 266
phone 0.0051 183 146 193 158
phone 0.0051 8 265 38 266
phone 0.0051 164 166 182 200
phone 0.0051 376 248 399 266
phone 0.0051 54 218 84 266
phone 0.0051 176 138 185 151
phone 0.0051 270 0 299 16
phone 0.0051 54 0 84 1
phone 0.0051 376 0 399 1
phone 0.0051 238 0 269 1
phone 0.0051 207 253 269 266
phone 0.0051 130 254 192 266
phone 0.0051 233 72 266 94
phone 0.0051 346 218 376 266
phone 0.0051 0 34 23 93
phone 0.0051 0 0 22 47
phone 0.0051 210 143 227 176
phone 0.0051 285 187 315 247
phone 0.0051 202 166 220 199
phone 0.0051 362 264 392 266
phone 0.0051 173 162 203 188
phone 0.0051 267 156 332 266
phone 0.0051 314 0 378 28
phone 0.0051 165 116 196 142
phone 0.0050 285 0 345 26
phone 0.0050 8 3 38 62
phone 0.0050 346 188 376 247
phone 0.0050 331 219 361 266
phone 0.0050 254 0 284 0
phone 0.0050 125 81 198 139
phone 0.0050 376 172 399 232
phone 0.0050 183 84 193 97
phone 0.0050 238 265 269 266
