phone 0.9357 188 65 328 224
phone 0.1107 71 33 270 198
phone 0.0659 204 124 302 209
phone 0.0627 0 0 222 185
phone 0.0571 143 69 272 212
phone 0.0495 142 22 261 159
phone 0.0432 20 73 136 206
phone 0.0341 0 34 105 195
phone 0.0232 193 142 279 224
phone 0.0230 137 48 217 191
phone 0.0229 193 12 283 196
phone 0.0216 210 23 316 166
phone 0.0203 86 116 192 215
phone 0.0200 157 93 226 178
phone 0.0196 234 97 364 204
phone 0.0193 0 14 64 157
phone 0.0193 37 111 118 223
phone 0.0191 229 131 278 201
phone 0.0190 235 136 333 196
phone 0.0184 164 17 399 218
phone 0.0165 309 43 399 192
phone 0.0163 170 129 244 203
phone 0.0161 171 66 243 143
phone 0.0161 258 59 371 180
phone 0.0144 253 120 346 182
phone 0.0142 116 85 206 215
phone 0.0140 8 0 98 136
phone 0.0137 145 65 208 144
phone 0.0136 92 57 198 182
phone 0.0136 37 0 131 155
phone 0.0135 183 103 262 198
phone 0.0134 159 49 224 128
phone 0.0132 127 101 195 170
phone 0.0127 187 53 258 125
phone 0.0127 121 0 225 132
phone 0.0126 218 150 257 212
phone 0.0123 220 149 318 224
phone 0.0121 285 133 376 224
phone 0.0121 0 82 56 202
phone 0.0120 299 40 363 168
phone 0.0119 143 149 241 224
phone 0.0119 302 76 359 132
phone 0.0115 276 104 354 167
phone 0.0114 43 98 125 172
phone 0.0113 172 104 211 166
phone 0.0112 254 0 315 149
phone 0.0111 265 138 302 193
phone 0.0110 238 70 330 171
phone 0.0110 51 135 148 224
phone 0.0110 174 137 209 195
phone 0.0109 2 54 74 124
phone 0.0109 56 120 143 181
phone 0.0109 158 120 195 181
phone 0.0108 157 89 195 150
phone 0.0108 83 12 178 165
phone 0.0108 144 106 178 164
phone 0.0108 189 137 225 195
phone 0.0106 141 130 212 202
phone 0.0105 286 0 365 121
phone 0.0103 204 152 240 211
phone 0.0102 69 105 160 165
phone 0.0100 188 75 226 134
phone 0.0099 106 90 185 150
phone 0.0099 282 138 316 193
phone 0.0098 208 40 268 107
phone 0.0097 173 38 241 109
phone 0.0096 285 61 344 117
phone 0.0096 267 143 332 220
phone 0.0096 185 0 285 104
phone 0.0096 112 116 180 185
phone 0.0095 104 0 188 108
phone 0.0093 0 119 86 224
phone 0.0093 172 73 211 135
phone 0.0093 156 198 228 224
phone 0.0093 30 80 107 160
phone 0.0092 17 66 89 143
phone 0.0092 313 89 347 150
phone 0.0092 249 0 344 92
phone 0.0090 239 114 298 187
phone 0.0090 280 181 350 224
phone 0.0090 16 101 91 170
phone 0.0089 73 138 157 194
phone 0.0089 144 76 178 132
phone 0.0089 297 107 332 163
phone 0.0088 187 105 227 165
phone 0.0088 77 0 154 110
phone 0.0088 204 60 240 118
phone 0.0088 231 183 307 224
phone 0.0086 128 107 162 163
phone 0.0085 68 186 131 224
phone 0.0085 159 21 224 96
phone 0.0085 344 14 399 154
phone 0.0085 111 184 181 224
phone 0.0084 205 51 271 157
phone 0.0084 256 41 312 106
phone 0.0083 19 20 87 97
phone 0.0082 20 60 55 117
phone 0.0082 66 123 101 178
phone 0.0082 165 103 196 129
phone 0.0081 77 167 153 224
phone 0.0081 313 168 347 224
phone 0.0081 159 60 193 118
phone 0.0081 330 90 362 149
phone 0.0081 32 166 105 224
phone 0.0080 0 5 52 80
phone 0.0080 0 86 76 153
phone 0.0080 218 196 289 224
phone 0.0080 124 58 198 119
phone 0.0080 142 39 211 108
phone 0.0079 236 168 270 224
phone 0.0079 250 154 286 209
phone 0.0079 226 219 258 224
phone 0.0079 125 148 197 214
phone 0.0079 172 99 189 132
phone 0.0078 267 168 301 224
phone 0.0078 168 182 247 224
phone 0.0078 131 0 191 37
phone 0.0078 234 215 250 224
phone 0.0077 129 7 193 79
phone 0.0077 0 150 60 212
phone 0.0077 52 122 85 178
phone 0.0076 174 44 209 103
phone 0.0076 298 183 331 224
phone 0.0076 283 44 316 102
phone 0.0075 84 182 115 224
phone 0.0075 219 59 256 118
phone 0.0075 140 180 213 224
phone 0.0075 187 196 259 224
phone 0.0074 82 123 116 178
phone 0.0074 252 199 285 224
phone 0.0074 223 216 284 224
phone 0.0074 130 200 193 224
phone 0.0074 242 215 258 224
phone 0.0074 161 0 192 41
phone 0.0074 160 198 193 224
phone 0.0073 129 183 162 224
phone 0.0072 161 217 223 224
phone 0.0072 32 33 105 114
phone 0.0072 100 0 160 37
phone 0.0072 98 8 163 77
phone 0.0072 64 36 135 111
phone 0.0072 144 137 178 194
phone 0.0072 51 21 117 96
phone 0.0072 189 45 225 102
phone 0.0071 97 38 164 109
phone 0.0071 175 183 208 224
phone 0.0071 0 41 45 106
phone 0.0071 113 123 147 178
phone 0.0071 250 196 319 224
phone 0.0071 130 0 162 40
phone 0.0071 224 98 283 173
phone 0.0071 333 156 389 206
phone 0.0071 97 138 131 193
phone 0.0070 297 136 332 195
phone 0.0070 0 72 45 136
phone 0.0070 0 104 45 166
phone 0.0070 116 0 176 57
phone 0.0070 69 0 130 37
phone 0.0069 190 169 224 224
phone 0.0069 332 95 390 144
phone 0.0069 176 110 185 122
phone 0.0069 36 107 70 163
phone 0.0069 19 177 34 208
phone 0.0069 144 14 178 72
phone 0.0068 11 181 42 205
phone 0.0068 326 119 396 224
phone 0.0068 5 60 39 118
phone 0.0068 0 0 41 11
phone 0.0068 69 181 99 224
phone 0.0068 302 203 358 224
phone 0.0068 280 108 318 163
phone 0.0068 236 198 270 224
phone 0.0067 5 167 72 224
phone 0.0067 226 215 242 224
phone 0.0067 52 168 85 224
phone 0.0067 98 168 131 224
phone 0.0067 221 198 254 224
phone 0.0067 238 212 269 224
phone 0.0067 346 152 376 211
phone 0.0067 346 90 377 148
phone 0.0067 318 187 373 224
phone 0.0067 128 77 163 132
phone 0.0066 91 68 169 140
phone 0.0066 128 29 162 87
phone 0.0066 222 39 285 139
phone 0.0066 97 108 132 162
phone 0.0066 299 108 362 193
phone 0.0066 35 76 71 133
phone 0.0066 162 0 222 36
phone 0.0066 84 0 115 41
phone 0.0066 191 215 254 224
phone 0.0065 146 197 176 224
phone 0.0065 100 0 131 41
phone 0.0065 85 0 145 21
phone 0.0065 39 0 99 20
phone 0.0065 202 90 243 150
phone 0.0065 35 45 71 102
phone 0.0065 57 80 142 160
phone 0.0065 239 33 299 83
phone 0.0065 175 0 240 88
phone 0.0065 147 0 207 20
phone 0.0064 82 153 116 209
phone 0.0064 144 168 178 224
phone 0.0064 128 136 162 195
phone 0.0064 254 212 284 224
phone 0.0064 222 29 254 86
phone 0.0064 177 212 207 224
phone 0.0064 0 135 45 196
phone 0.0064 38 0 100 53
phone 0.0064 84 0 146 54
phone 0.0064 22 186 31 199
phone 0.0064 114 182 146 224
phone 0.0064 21 91 55 148
phone 0.0064 69 0 100 41
phone 0.0064 145 0 208 54
phone 0.0063 316 197 345 224
phone 0.0063 331 182 361 224
phone 0.0063 255 217 314 224
phone 0.0063 68 9 131 76
phone 0.0063 159 152 193 210
phone 0.0063 19 28 56 88
phone 0.0063 205 198 239 224
phone 0.0063 39 0 99 5
phone 0.0063 115 0 176 21
phone 0.0063 177 0 237 20
phone 0.0063 346 182 376 224
phone 0.0063 113 13 147 72
phone 0.0062 192 212 223 224
phone 0.0062 177 0 207 41
phone 0.0062 70 0 130 5
phone 0.0062 222 212 254 224
phone 0.0062 316 59 346 118
phone 0.0062 254 29 284 87
phone 0.0062 100 0 160 5
phone 0.0062 316 99 375 171
phone 0.0062 54 0 84 26
phone 0.0062 192 0 223 56
phone 0.0062 131 0 191 5
phone 0.0061 328 138 362 194
phone 0.0061 250 80 280 106
phone 0.0061 332 204 391 224
phone 0.0061 22 0 85 38
phone 0.0061 267 198 300 224
phone 0.0061 26 177 42 209
phone 0.0061 112 92 148 147
phone 0.0061 208 0 268 36
phone 0.0061 162 0 222 5
phone 0.0061 6 122 39 179
phone 0.0061 193 3 252 52
phone 0.0061 67 153 101 209
phone 0.0060 8 0 68 5
phone 0.0060 362 217 399 224
phone 0.0060 269 29 300 87
phone 0.0060 283 198 316 224
phone 0.0060 218 215 235 224
phone 0.0060 116 0 145 26
phone 0.0060 211 219 242 224
phone 0.0060 39 0 68 26
phone 0.0060 222 0 285 69
phone 0.0060 36 153 70 210
phone 0.0060 54 0 84 10
phone 0.0060 70 0 99 10
phone 0.0060 200 119 244 182
phone 0.0060 36 14 70 71
phone 0.0059 238 29 269 87
phone 0.0059 21 122 54 179
phone 0.0059 193 0 222 26
phone 0.0059 347 111 399 159
phone 0.0059 8 0 68 20
phone 0.0059 193 27 252 90
phone 0.0059 254 3 314 51
phone 0.0059 239 0 299 36
phone 0.0059 85 0 115 10
phone 0.0059 5 29 40 87
phone 0.0059 211 215 227 224
phone 0.0059 113 44 147 102
phone 0.0059 282 167 316 224
phone 0.0059 39 0 68 10
phone 0.0059 347 189 399 224
phone 0.0059 146 0 176 26
phone 0.0059 144 45 178 102
phone 0.0059 208 0 238 26
phone 0.0059 100 0 130 10
phone 0.0059 300 44 330 102
phone 0.0059 116 0 145 10
phone 0.0058 131 0 161 10
phone 0.0058 363 0 399 98
phone 0.0058 113 152 147 210
phone 0.0058 7 0 69 53
phone 0.0058 362 123 399 178
phone 0.0058 147 0 176 10
phone 0.0058 286 219 344 224
phone 0.0058 0 182 41 224
phone 0.0058 193 0 253 5
phone 0.0058 162 0 192 10
phone 0.0058 207 213 238 224
phone 0.0058 331 219 391 224
phone 0.0058 361 64 399 113
phone 0.0058 0 0 40 25
phone 0.0058 256 76 274 110
phone 0.0058 223 0 284 21
phone 0.0058 177 0 207 10
phone 0.0058 223 0 253 41
phone 0.0058 270 19 329 67
phone 0.0058 316 0 376 36
phone 0.0058 239 0 268 41
phone 0.0058 345 122 377 179
phone 0.0057 66 29 101 87
phone 0.0057 362 202 399 224
phone 0.0057 361 0 399 37
phone 0.0057 0 13 24 72
phone 0.0057 270 0 330 36
phone 0.0057 24 0 53 11
phone 0.0057 116 220 175 224
phone 0.0057 114 0 178 8
phone 0.0057 5 91 39 148
phone 0.0057 362 155 399 207
phone 0.0057 131 213 161 224
phone 0.0057 269 212 299 224
phone 0.0057 82 29 116 87
phone 0.0057 83 0 147 8
phone 0.0057 53 0 116 8
phone 0.0057 285 3 345 51
phone 0.0057 331 3 391 51
phone 0.0057 193 0 222 10
phone 0.0057 145 0 209 7
phone 0.0056 270 0 299 57
phone 0.0056 346 213 376 224
phone 0.0056 254 0 284 41
phone 0.0056 207 14 239 71
phone 0.0056 22 0 85 8
phone 0.0056 331 0 391 21
phone 0.0056 254 0 314 21
phone 0.0056 0 152 24 210
phone 0.0056 208 18 268 67
phone 0.0056 315 0 377 84
phone 0.0056 23 0 53 26
phone 0.0056 285 0 345 21
phone 0.0056 176 117 185 130
phone 0.0056 361 0 399 6
phone 0.0056 312 137 348 195
phone 0.0056 50 29 87 87
phone 0.0056 38 216 100 224
phone 0.0056 99 216 162 224
phone 0.0056 325 174 358 196
phone 0.0056 223 0 284 5
phone 0.0055 29 186 39 199
phone 0.0055 176 0 239 7
phone 0.0055 0 213 40 224
phone 0.0055 285 0 315 57
phone 0.0055 208 0 238 10
phone 0.0055 159 29 193 87
phone 0.0055 24 187 83 224
phone 0.0055 49 91 88 148
phone 0.0055 334 170 349 200
phone 0.0055 285 212 315 224
phone 0.0055 0 26 26 52
phone 0.0055 346 0 376 41
phone 0.0055 331 0 391 5
phone 0.0055 331 0 361 41
phone 0.0055 301 19 360 67
phone 0.0055 301 213 330 224
phone 0.0055 337 179 347 191
phone 0.0055 98 29 132 86
phone 0.0055 316 65 376 113
phone 0.0055 254 0 314 5
phone 0.0054 68 216 131 224
phone 0.0054 300 13 330 72
phone 0.0054 206 0 270 7
phone 0.0054 37 201 100 224
phone 0.0054 300 0 330 41
phone 0.0054 285 0 345 5
phone 0.0054 316 0 345 41
phone 0.0054 223 0 253 10
phone 0.0054 6 194 16 207
phone 0.0054 0 189 27 212
phone 0.0054 377 27 399 88
phone 0.0054 361 94 399 145
phone 0.0053 377 0 399 57
phone 0.0053 84 201 147 224
phone 0.0053 237 0 301 7
phone 0.0053 331 213 361 224
phone 0.0053 377 58 399 119
phone 0.0053 314 0 378 7
phone 0.0053 241 220 273 224
phone 0.0053 316 213 345 224
phone 0.0053 3 185 19 215
phone 0.0053 249 216 265 224
phone 0.0053 215 87 261 152
phone 0.0053 0 219 35 224
phone 0.0053 268 0 332 7
phone 0.0053 174 14 209 71
phone 0.0053 239 0 268 10
phone 0.0053 376 135 399 196
phone 0.0053 7 216 69 224
phone 0.0053 285 34 345 82
phone 0.0053 78 49 152 129
phone 0.0053 346 0 376 10
phone 0.0052 315 216 377 224
phone 0.0052 7 201 69 224
phone 0.0052 316 13 345 72
phone 0.0052 254 0 284 10
phone 0.0052 376 166 399 224
phone 0.0052 377 0 399 11
phone 0.0052 331 59 361 118
phone 0.0052 331 34 391 82
phone 0.0052 331 0 361 10
phone 0.0052 270 0 299 10
phone 0.0052 3 173 34 197
phone 0.0052 318 181 350 204
phone 0.0052 333 158 366 181
phone 0.0052 285 0 315 10
phone 0.0051 345 0 399 68
phone 0.0051 346 81 399 128
phone 0.0051 331 13 361 72
phone 0.0051 0 0 23 41
phone 0.0051 300 0 330 10
phone 0.0051 347 13 376 72
phone 0.0051 342 154 357 185
phone 0.0051 316 0 345 10
phone 0.0051 326 178 342 208
phone 0.0051 330 1 393 115
phone 0.0051 39 197 68 224
phone 0.0051 376 104 399 165
phone 0.0051 10 169 27 201
phone 0.0051 130 217 193 224
phone 0.0050 258 103 310 168
