phone 0.9096 96 105 196 245
phone 0.0986 50 69 231 266
phone 0.0866 115 127 177 216
phone 0.0495 59 73 171 215
phone 0.0472 112 89 207 203
phone 0.0445 106 150 155 224
phone 0.0381 92 152 170 254
phone 0.0288 30 20 131 190
phone 0.0263 8 0 91 153
phone 0.0258 70 157 160 217
phone 0.0234 23 92 138 240
phone 0.0220 117 169 205 237
phone 0.0207 64 0 157 158
phone 0.0207 0 94 64 236
phone 0.0205 56 163 143 266
phone 0.0204 95 122 255 221
phone 0.0201 51 195 117 266
phone 0.0193 135 121 186 192
phone 0.0191 2 55 93 214
phone 0.0179 0 14 60 190
phone 0.0173 136 153 185 221
phone 0.0171 0 7 172 254
phone 0.0158 142 74 241 207
phone 0.0156 64 212 134 266
phone 0.0151 97 158 133 215
phone 0.0148 0 172 106 266
phone 0.0148 114 27 179 223
phone 0.0140 130 154 223 266
phone 0.0133 158 1 248 144
phone 0.0131 122 158 230 216
phone 0.0130 188 33 276 182
phone 0.0129 92 0 196 125
phone 0.0127 217 36 309 170
phone 0.0123 81 199 180 266
phone 0.0122 47 167 121 237
phone 0.0122 58 138 140 205
phone 0.0121 76 119 153 193
phone 0.0121 66 219 102 266
phone 0.0121 252 69 336 198
phone 0.0120 152 139 232 205
phone 0.0119 131 39 191 180
phone 0.0119 167 130 249 266
phone 0.0115 82 219 117 266
phone 0.0112 10 216 97 266
phone 0.0112 77 22 207 200
phone 0.0111 175 186 270 266
phone 0.0111 35 0 127 113
phone 0.0106 66 188 102 247
phone 0.0105 223 90 365 238
phone 0.0105 244 133 340 255
phone 0.0104 51 205 86 261
phone 0.0103 140 186 213 249
phone 0.0101 154 110 229 171
phone 0.0099 118 0 228 171
phone 0.0098 0 152 57 266
phone 0.0097 185 105 291 238
phone 0.0097 0 90 56 160
phone 0.0096 0 0 39 0
phone 0.0095 29 154 108 220
phone 0.0094 148 201 237 266
phone 0.0094 0 262 41 266
phone 0.0093 80 229 150 266
phone 0.0092 132 80 190 140
phone 0.0091 124 205 198 261
phone 0.0091 18 249 89 266
phone 0.0090 205 155 302 266
phone 0.0090 126 236 208 266
phone 0.0090 16 95 90 156
phone 0.0089 159 189 193 246
phone 0.0089 81 91 149 160
phone 0.0088 0 0 60 100
phone 0.0087 97 40 164 180
phone 0.0087 3 134 73 209
phone 0.0087 64 102 135 180
phone 0.0086 174 172 209 232
phone 0.0086 94 248 166 266
phone 0.0085 81 189 117 246
phone 0.0084 174 144 209 199
phone 0.0084 82 159 117 215
phone 0.0083 41 254 115 266
phone 0.0083 97 220 132 266
phone 0.0083 20 31 87 97
phone 0.0082 36 205 70 260
phone 0.0082 3 168 73 237
phone 0.0082 191 67 255 213
phone 0.0081 63 246 136 266
phone 0.0081 69 71 130 148
phone 0.0081 236 153 301 221
phone 0.0080 173 234 241 266
phone 0.0080 44 232 125 266
phone 0.0079 0 62 56 127
phone 0.0079 0 233 61 266
phone 0.0079 179 97 236 154
phone 0.0078 126 186 165 249
phone 0.0078 50 224 80 250
phone 0.0078 34 47 104 112
phone 0.0078 162 85 222 135
phone 0.0078 251 168 317 236
phone 0.0078 118 76 173 175
phone 0.0077 0 213 48 266
phone 0.0077 183 172 262 233
phone 0.0077 144 205 177 261
phone 0.0077 18 118 89 194
phone 0.0077 127 116 157 142
phone 0.0077 17 64 90 125
phone 0.0077 160 49 225 170
phone 0.0077 37 250 70 266
phone 0.0077 190 110 224 171
phone 0.0077 220 137 287 206
phone 0.0076 157 160 194 214
phone 0.0076 96 128 133 184
phone 0.0076 66 159 102 215
phone 0.0075 31 80 107 140
phone 0.0075 52 58 116 131
phone 0.0075 0 79 42 140
phone 0.0075 160 250 235 266
phone 0.0075 177 111 237 201
phone 0.0075 220 203 287 263
phone 0.0074 5 112 39 169
phone 0.0074 51 174 85 230
phone 0.0074 70 255 147 266
phone 0.0074 177 81 207 138
phone 0.0074 0 252 56 266
phone 0.0073 194 105 251 176
phone 0.0073 21 204 55 262
phone 0.0073 174 112 209 169
phone 0.0073 113 236 147 266
phone 0.0073 10 258 85 266
phone 0.0073 6 44 70 114
phone 0.0072 36 97 70 153
phone 0.0072 56 31 113 96
phone 0.0072 206 220 239 266
phone 0.0072 36 35 70 93
phone 0.0072 133 112 151 146
phone 0.0072 6 50 39 107
phone 0.0071 52 35 85 92
phone 0.0071 233 186 305 249
phone 0.0071 7 72 70 147
phone 0.0071 56 220 74 254
phone 0.0071 48 115 120 197
phone 0.0070 52 85 116 166
phone 0.0070 21 19 54 77
phone 0.0070 0 0 41 32
phone 0.0070 67 50 101 108
phone 0.0070 251 158 286 215
phone 0.0069 187 135 259 208
phone 0.0069 190 220 224 266
phone 0.0069 97 97 132 154
phone 0.0068 0 186 45 249
phone 0.0068 208 100 268 151
phone 0.0068 21 158 55 215
phone 0.0068 101 80 159 140
phone 0.0068 128 220 162 266
phone 0.0068 256 144 313 199
phone 0.0068 25 4 82 62
phone 0.0068 82 264 148 266
phone 0.0068 127 31 335 241
phone 0.0067 82 250 116 266
phone 0.0067 144 250 177 266
phone 0.0067 267 158 301 215
phone 0.0067 267 111 332 231
phone 0.0067 20 111 55 170
phone 0.0067 0 125 44 187
phone 0.0067 40 18 97 79
phone 0.0067 225 113 282 168
phone 0.0066 82 80 117 139
phone 0.0066 6 4 39 62
phone 0.0066 67 250 101 266
phone 0.0066 38 264 69 266
phone 0.0066 0 156 45 218
phone 0.0066 203 122 272 190
phone 0.0066 32 104 106 177
phone 0.0066 284 157 316 215
phone 0.0065 223 96 254 154
phone 0.0065 196 157 280 217
phone 0.0065 98 250 132 266
phone 0.0065 52 250 85 266
phone 0.0065 81 128 118 185
phone 0.0065 36 66 70 123
phone 0.0065 7 249 38 266
phone 0.0065 236 143 270 200
phone 0.0064 127 247 157 266
phone 0.0064 100 260 178 266
phone 0.0064 125 243 143 266
phone 0.0064 0 97 24 154
phone 0.0064 96 188 133 247
phone 0.0064 36 159 70 214
phone 0.0064 21 50 55 108
phone 0.0064 113 205 147 261
phone 0.0063 0 33 44 94
phone 0.0063 286 162 344 212
phone 0.0063 52 66 85 123
phone 0.0063 142 90 210 161
phone 0.0063 188 156 226 218
phone 0.0063 316 132 376 180
phone 0.0063 240 129 297 183
phone 0.0063 9 0 67 44
phone 0.0062 112 96 148 154
phone 0.0062 5 142 39 200
phone 0.0062 67 80 101 139
phone 0.0062 137 123 147 135
phone 0.0062 116 40 176 88
phone 0.0062 314 99 377 213
phone 0.0062 150 126 364 261
phone 0.0062 360 85 399 134
phone 0.0062 362 54 399 165
phone 0.0062 81 0 146 94
phone 0.0062 210 239 266 266
phone 0.0062 116 9 176 57
phone 0.0062 24 0 83 11
phone 0.0061 360 55 399 103
phone 0.0061 300 148 360 195
phone 0.0061 114 264 146 266
phone 0.0061 316 101 376 149
phone 0.0061 254 204 314 261
phone 0.0061 60 231 70 243
phone 0.0061 316 40 376 88
phone 0.0061 236 81 302 200
phone 0.0061 300 157 331 215
phone 0.0061 114 265 178 266
phone 0.0061 331 117 391 164
phone 0.0061 70 0 130 41
phone 0.0061 299 114 362 229
phone 0.0061 315 52 377 167
phone 0.0060 300 55 360 103
phone 0.0060 362 7 399 119
phone 0.0060 239 218 269 266
phone 0.0060 316 71 376 118
phone 0.0060 131 24 191 72
phone 0.0060 270 24 330 72
phone 0.0060 315 6 377 121
phone 0.0060 285 40 345 88
phone 0.0060 115 70 176 119
phone 0.0060 38 0 100 44
phone 0.0060 54 0 114 26
phone 0.0060 331 126 361 185
phone 0.0060 21 80 55 139
phone 0.0060 68 265 100 266
phone 0.0060 53 265 85 266
phone 0.0060 269 126 300 185
phone 0.0060 159 235 193 266
phone 0.0060 330 68 393 182
phone 0.0060 299 22 362 136
phone 0.0060 147 264 176 266
phone 0.0060 331 86 391 134
phone 0.0060 51 97 85 153
phone 0.0060 133 243 151 266
phone 0.0060 268 0 331 105
phone 0.0060 252 189 285 246
phone 0.0060 331 148 391 195
phone 0.0060 300 117 360 165
phone 0.0060 101 24 160 72
phone 0.0060 147 9 207 57
phone 0.0060 85 183 256 266
phone 0.0059 68 264 131 266
phone 0.0059 193 249 222 266
phone 0.0059 300 24 361 72
phone 0.0059 190 188 224 247
phone 0.0059 70 24 129 73
phone 0.0059 53 0 115 59
phone 0.0059 100 0 160 42
phone 0.0059 331 55 391 103
phone 0.0059 361 8 399 57
phone 0.0059 361 116 399 165
phone 0.0059 301 86 360 134
phone 0.0059 131 34 161 93
phone 0.0059 131 55 191 103
phone 0.0059 331 24 391 72
phone 0.0059 254 9 314 57
phone 0.0059 99 265 131 266
phone 0.0059 86 66 143 123
phone 0.0059 316 126 345 185
phone 0.0059 330 114 393 228
phone 0.0059 205 174 239 230
phone 0.0059 203 245 219 266
phone 0.0059 54 0 114 11
phone 0.0059 64 220 81 254
phone 0.0059 145 0 208 105
phone 0.0059 146 70 207 119
phone 0.0059 254 111 284 169
phone 0.0059 330 22 393 136
phone 0.0059 131 264 161 266
phone 0.0059 131 3 161 62
phone 0.0059 162 24 222 72
phone 0.0058 239 24 299 72
phone 0.0058 101 55 159 103
phone 0.0058 39 0 69 16
phone 0.0058 85 0 145 26
phone 0.0058 192 80 223 139
phone 0.0058 177 249 207 266
phone 0.0058 223 9 283 57
phone 0.0058 331 95 361 154
phone 0.0058 5 173 39 231
phone 0.0058 346 95 376 155
phone 0.0058 162 264 191 266
phone 0.0058 147 40 206 88
phone 0.0058 116 3 145 62
phone 0.0058 131 0 191 42
phone 0.0058 222 219 254 266
phone 0.0058 236 189 270 246
phone 0.0058 83 265 116 266
phone 0.0058 285 132 345 180
phone 0.0058 299 68 362 182
phone 0.0058 362 99 399 212
phone 0.0058 177 9 237 57
phone 0.0058 346 126 376 185
phone 0.0058 238 0 300 105
phone 0.0058 316 163 376 211
phone 0.0058 331 34 361 93
phone 0.0058 54 0 84 16
phone 0.0058 361 147 399 196
phone 0.0058 22 0 85 29
phone 0.0058 131 65 161 123
phone 0.0058 146 65 176 123
phone 0.0058 85 0 115 47
phone 0.0058 85 0 145 11
phone 0.0058 316 34 345 93
phone 0.0058 254 40 314 88
phone 0.0058 100 34 130 93
phone 0.0058 299 253 362 266
phone 0.0058 0 66 24 123
phone 0.0058 285 9 345 57
phone 0.0057 269 185 330 250
phone 0.0057 331 65 361 124
phone 0.0057 192 86 253 134
phone 0.0057 147 3 176 62
phone 0.0057 207 0 269 90
phone 0.0057 285 18 315 78
phone 0.0057 331 179 391 226
phone 0.0057 300 34 330 93
phone 0.0057 346 34 376 93
phone 0.0057 316 9 376 57
phone 0.0057 284 98 346 213
phone 0.0057 314 237 377 266
phone 0.0057 70 0 99 31
phone 0.0057 60 238 70 251
phone 0.0057 100 0 130 47
phone 0.0057 316 64 345 124
phone 0.0057 162 55 222 103
phone 0.0057 116 0 176 26
phone 0.0057 193 24 253 72
phone 0.0057 267 189 301 246
phone 0.0057 147 34 176 93
phone 0.0057 270 18 299 78
phone 0.0057 194 255 251 266
phone 0.0057 377 79 399 140
phone 0.0057 315 157 346 215
phone 0.0057 346 102 399 149
phone 0.0057 270 55 329 103
phone 0.0057 162 3 192 62
phone 0.0057 162 0 222 42
phone 0.0057 346 64 376 124
phone 0.0057 85 19 115 77
phone 0.0057 361 0 399 27
phone 0.0056 177 71 237 118
phone 0.0056 23 0 53 16
phone 0.0056 208 0 268 42
phone 0.0056 238 96 269 154
phone 0.0056 240 224 298 266
phone 0.0056 361 0 399 11
phone 0.0056 239 0 299 42
phone 0.0056 285 70 345 118
phone 0.0056 377 48 399 109
phone 0.0056 116 0 176 11
phone 0.0056 57 231 88 258
phone 0.0056 0 204 24 261
phone 0.0056 362 192 399 266
phone 0.0056 330 253 393 266
phone 0.0056 0 0 36 11
phone 0.0056 162 65 192 123
phone 0.0056 129 254 139 266
phone 0.0056 115 49 146 108
phone 0.0056 132 262 209 266
phone 0.0056 254 3 284 62
phone 0.0056 0 249 23 266
phone 0.0056 177 3 207 62
phone 0.0056 346 157 376 216
phone 0.0056 316 95 345 154
phone 0.0056 284 37 346 151
phone 0.0056 346 71 399 118
phone 0.0056 223 86 283 134
phone 0.0056 270 117 330 165
phone 0.0056 177 40 237 88
phone 0.0055 346 264 376 266
phone 0.0055 35 127 71 185
phone 0.0055 239 3 268 62
phone 0.0055 206 253 216 266
phone 0.0055 362 239 399 266
phone 0.0055 254 86 314 134
phone 0.0055 47 0 289 222
phone 0.0055 0 0 23 1
phone 0.0055 85 0 115 16
phone 0.0055 331 157 361 216
phone 0.0055 162 34 192 93
phone 0.0055 313 144 378 259
phone 0.0055 346 3 376 62
phone 0.0055 270 0 330 42
phone 0.0055 331 265 361 266
phone 0.0055 224 40 283 88
phone 0.0055 193 3 222 62
phone 0.0055 223 3 253 62
phone 0.0055 331 0 391 42
phone 0.0055 220 128 255 184
phone 0.0055 146 0 207 26
phone 0.0055 208 3 238 62
phone 0.0055 300 126 330 185
phone 0.0055 100 0 130 16
phone 0.0055 346 40 399 87
phone 0.0055 208 71 268 118
phone 0.0055 239 55 299 103
phone 0.0055 364 262 399 266
phone 0.0055 285 101 345 149
phone 0.0055 193 55 253 103
phone 0.0055 300 3 330 62
phone 0.0055 253 22 315 136
phone 0.0055 377 2 399 63
phone 0.0055 269 253 331 266
phone 0.0055 239 255 298 266
phone 0.0054 362 95 392 155
phone 0.0054 146 0 207 11
phone 0.0054 376 110 399 171
phone 0.0054 360 178 399 226
phone 0.0054 208 80 238 139
phone 0.0054 331 3 361 62
phone 0.0054 346 133 399 180
phone 0.0054 116 0 145 16
phone 0.0054 177 49 207 108
phone 0.0054 38 0 69 46
phone 0.0054 220 190 255 245
phone 0.0054 177 0 237 26
phone 0.0054 316 194 375 241
phone 0.0054 222 22 285 136
phone 0.0054 0 0 22 16
phone 0.0054 316 3 345 62
phone 0.0054 285 49 315 108
phone 0.0054 71 47 128 111
phone 0.0054 299 207 362 266
phone 0.0054 331 0 391 11
phone 0.0054 300 0 360 42
phone 0.0053 300 64 330 124
phone 0.0053 177 0 237 11
phone 0.0053 362 64 392 124
phone 0.0053 285 126 315 185
phone 0.0053 187 110 219 133
phone 0.0053 361 255 399 266
phone 0.0053 223 0 284 26
phone 0.0053 254 34 284 93
phone 0.0053 131 0 161 16
phone 0.0053 223 265 253 266
phone 0.0053 126 94 165 156
phone 0.0053 208 249 238 266
phone 0.0053 315 265 346 266
phone 0.0053 208 0 268 11
phone 0.0053 270 0 299 47
phone 0.0053 254 249 284 266
phone 0.0053 193 49 222 108
phone 0.0053 346 210 399 256
phone 0.0053 254 0 314 26
phone 0.0053 362 34 392 93
phone 0.0053 239 0 299 11
phone 0.0053 376 141 399 202
phone 0.0053 175 219 209 266
phone 0.0053 346 188 376 247
phone 0.0053 315 234 346 266
phone 0.0053 330 222 393 266
phone 0.0053 270 49 299 108
phone 0.0052 239 34 268 93
phone 0.0052 239 101 299 149
phone 0.0052 146 0 176 16
phone 0.0052 23 0 54 1
phone 0.0052 285 0 315 47
phone 0.0052 376 0 399 17
phone 0.0052 254 218 284 266
phone 0.0052 239 64 268 124
phone 0.0052 270 0 330 11
phone 0.0052 314 0 378 28
phone 0.0052 331 188 361 247
phone 0.0052 270 80 299 139
phone 0.0052 254 80 284 139
phone 0.0052 362 126 392 185
phone 0.0052 34 252 50 266
phone 0.0052 155 128 197 184
phone 0.0052 224 64 253 124
phone 0.0052 268 237 331 266
phone 0.0052 208 49 238 108
phone 0.0052 285 95 315 155
phone 0.0052 223 34 253 93
phone 0.0052 376 217 399 266
phone 0.0052 137 254 147 266
phone 0.0052 300 95 330 155
phone 0.0052 162 0 192 16
phone 0.0052 346 163 399 210
phone 0.0052 164 263 241 266
phone 0.0052 195 244 212 266
phone 0.0052 282 152 349 266
phone 0.0052 49 17 81 41
phone 0.0052 50 144 86 199
phone 0.0052 188 252 203 266
phone 0.0051 26 256 58 266
phone 0.0051 285 0 345 26
phone 0.0051 300 0 360 11
phone 0.0051 301 178 359 227
phone 0.0051 346 249 377 266
phone 0.0051 346 0 376 16
phone 0.0051 180 256 212 266
phone 0.0051 177 0 207 16
phone 0.0051 69 3 100 62
phone 0.0051 180 252 196 266
phone 0.0051 204 142 240 200
phone 0.0051 193 0 222 16
phone 0.0051 376 187 399 247
phone 0.0051 345 146 399 258
phone 0.0051 208 0 238 16
phone 0.0051 119 162 150 188
phone 0.0051 376 264 399 266
phone 0.0051 331 249 361 266
phone 0.0050 223 0 253 16
phone 0.0050 0 264 22 266
phone 0.0050 239 0 268 16
phone 0.0050 220 159 255 214
phone 0.0050 68 231 77 243
phone 0.0050 239 249 269 266
phone 0.0050 38 0 69 1
phone 0.0050 361 157 392 216
phone 0.0050 254 0 284 16
