phone 0.8071 105 162 166 286
phone 0.0784 118 172 163 243
phone 0.0773 104 185 148 260
phone 0.0727 61 135 165 282
phone 0.0692 91 176 182 323
phone 0.0592 97 170 213 275
phone 0.0579 118 201 163 275
phone 0.0383 36 112 231 342
phone 0.0364 108 108 216 246
phone 0.0340 54 220 159 359
phone 0.0323 121 122 266 279
phone 0.0227 21 129 123 277
phone 0.0226 108 206 212 367
phone 0.0222 0 69 104 272
phone 0.0217 156 182 218 263
phone 0.0201 154 157 220 226
phone 0.0200 162 156 243 288
phone 0.0200 199 141 266 257
phone 0.0185 30 186 116 332
phone 0.0183 134 190 252 323
phone 0.0179 171 172 233 243
phone 0.0177 134 192 177 253
phone 0.0171 0 153 88 307
phone 0.0166 181 69 266 212
phone 0.0164 124 195 219 251
phone 0.0148 97 137 154 246
phone 0.0148 176 220 266 362
phone 0.0144 169 191 205 253
phone 0.0144 185 162 219 221
phone 0.0136 183 229 213 255
phone 0.0135 61 65 149 219
phone 0.0133 185 193 219 252
phone 0.0131 168 206 236 270
phone 0.0130 6 253 92 375
phone 0.0129 26 24 126 193
phone 0.0126 190 225 207 258
phone 0.0123 171 145 234 208
phone 0.0117 207 209 266 308
phone 0.0116 0 221 72 346
phone 0.0113 52 283 138 399
phone 0.0112 159 248 246 381
phone 0.0111 136 144 206 209
phone 0.0110 70 196 150 249
phone 0.0110 94 65 180 224
phone 0.0110 194 236 203 248
phone 0.0107 162 92 242 229
phone 0.0107 26 172 183 399
phone 0.0106 0 97 57 250
phone 0.0105 0 206 68 270
phone 0.0104 74 161 146 223
phone 0.0103 92 253 175 384
phone 0.0103 153 195 189 250
phone 0.0103 57 255 132 314
phone 0.0101 134 222 209 285
phone 0.0101 111 133 171 220
phone 0.0101 12 286 85 343
phone 0.0100 0 141 67 211
phone 0.0099 125 266 218 393
phone 0.0099 118 25 220 193
phone 0.0098 117 150 194 234
phone 0.0098 0 173 67 241
phone 0.0098 157 211 217 295
phone 0.0096 119 240 194 298
phone 0.0094 108 146 142 206
phone 0.0094 75 190 106 216
phone 0.0093 25 253 103 315
phone 0.0093 117 272 195 327
phone 0.0092 39 306 104 395
phone 0.0092 59 316 130 375
phone 0.0091 28 302 100 358
phone 0.0091 94 194 126 250
phone 0.0091 182 221 253 285
phone 0.0091 11 55 199 280
phone 0.0091 0 164 51 280
phone 0.0090 26 191 102 254
phone 0.0090 82 187 99 220
phone 0.0089 44 235 114 302
phone 0.0089 16 208 49 267
phone 0.0089 167 269 238 330
phone 0.0088 47 174 142 301
phone 0.0088 150 37 250 180
phone 0.0087 93 163 126 220
phone 0.0087 27 220 100 286
phone 0.0087 98 307 164 393
phone 0.0086 120 300 192 361
phone 0.0086 25 160 102 224
phone 0.0085 32 286 65 344
phone 0.0085 154 225 188 281
phone 0.0084 16 147 49 205
phone 0.0084 154 148 189 205
phone 0.0084 42 175 116 239
phone 0.0084 77 256 111 312
phone 0.0083 200 209 234 266
phone 0.0083 201 163 234 221
phone 0.0083 16 178 49 236
phone 0.0083 63 15 266 261
phone 0.0083 0 271 68 328
phone 0.0083 11 238 86 300
phone 0.0082 43 266 116 333
phone 0.0082 216 208 250 268
phone 0.0081 170 299 235 361
phone 0.0081 16 239 49 298
phone 0.0081 160 221 190 247
phone 0.0080 156 128 218 194
phone 0.0080 135 254 209 315
phone 0.0080 0 199 34 246
phone 0.0080 155 97 218 163
phone 0.0080 106 251 176 317
phone 0.0079 16 122 81 201
phone 0.0079 0 135 33 248
phone 0.0079 139 240 173 297
phone 0.0079 4 117 63 174
phone 0.0078 74 238 146 300
phone 0.0078 44 204 114 272
phone 0.0078 0 169 34 215
phone 0.0078 86 197 96 209
phone 0.0078 0 192 18 252
phone 0.0077 135 283 208 346
phone 0.0077 185 271 219 328
phone 0.0077 73 267 147 332
phone 0.0077 47 301 80 359
phone 0.0077 139 271 172 327
phone 0.0077 62 256 96 312
phone 0.0077 60 147 129 206
phone 0.0077 185 282 250 348
phone 0.0077 185 130 250 192
phone 0.0077 106 282 176 348
phone 0.0076 157 318 217 373
phone 0.0076 147 220 228 347
phone 0.0076 73 299 147 361
phone 0.0075 0 162 18 221
phone 0.0075 18 104 79 157
phone 0.0075 184 250 252 318
phone 0.0074 125 127 187 195
phone 0.0074 189 321 246 370
phone 0.0074 47 256 80 312
phone 0.0074 167 217 184 251
phone 0.0074 122 146 159 206
phone 0.0073 156 75 218 124
phone 0.0073 0 197 33 309
phone 0.0073 206 236 237 263
phone 0.0073 0 230 34 277
phone 0.0073 34 111 93 180
phone 0.0073 139 302 173 359
phone 0.0072 216 162 249 221
phone 0.0072 0 106 49 154
phone 0.0072 0 135 49 186
phone 0.0071 46 194 80 251
phone 0.0071 0 73 49 187
phone 0.0071 77 286 111 343
phone 0.0071 31 255 65 313
phone 0.0070 46 225 80 281
phone 0.0070 57 224 132 282
phone 0.0070 189 89 247 141
phone 0.0070 194 228 203 240
phone 0.0070 0 223 18 283
phone 0.0070 169 112 236 179
phone 0.0070 201 270 234 328
phone 0.0069 140 41 203 157
phone 0.0069 172 70 202 128
phone 0.0069 168 239 237 299
phone 0.0069 2 91 64 139
phone 0.0069 64 76 125 123
phone 0.0069 203 315 233 376
phone 0.0069 34 76 94 123
phone 0.0068 63 316 95 375
phone 0.0068 187 315 217 376
phone 0.0068 154 256 188 312
phone 0.0068 172 315 202 376
phone 0.0068 127 317 193 388
phone 0.0068 49 60 109 108
phone 0.0068 63 42 126 156
phone 0.0068 160 205 190 232
phone 0.0068 33 42 95 156
phone 0.0068 124 270 157 328
phone 0.0068 187 70 218 128
phone 0.0068 0 275 48 385
phone 0.0068 124 316 157 374
phone 0.0067 93 256 127 312
phone 0.0067 48 27 111 141
phone 0.0067 185 225 219 282
phone 0.0067 48 101 80 159
phone 0.0067 213 232 230 266
phone 0.0067 75 205 106 232
phone 0.0067 0 307 48 353
phone 0.0067 18 60 79 108
phone 0.0067 108 317 142 374
phone 0.0067 125 91 188 139
phone 0.0067 141 60 202 108
phone 0.0067 110 76 171 123
phone 0.0067 0 261 33 307
phone 0.0067 31 132 65 190
phone 0.0067 62 164 96 219
phone 0.0067 46 164 80 220
phone 0.0066 125 57 187 172
phone 0.0066 219 106 266 154
phone 0.0066 156 70 187 128
phone 0.0066 154 286 188 343
phone 0.0066 17 27 80 141
phone 0.0066 110 42 172 156
phone 0.0066 156 316 187 375
phone 0.0066 156 27 218 141
phone 0.0066 34 45 94 92
phone 0.0066 2 42 65 156
phone 0.0066 46 77 113 214
phone 0.0066 95 121 156 170
phone 0.0066 3 300 33 360
phone 0.0065 18 85 48 144
phone 0.0065 95 91 156 139
phone 0.0065 172 60 232 108
phone 0.0065 50 104 109 156
phone 0.0065 80 60 140 108
phone 0.0065 49 70 79 129
phone 0.0065 80 70 110 128
phone 0.0065 64 70 94 129
phone 0.0065 79 27 141 141
phone 0.0065 157 45 217 93
phone 0.0065 187 27 249 141
phone 0.0064 93 225 126 282
phone 0.0064 34 70 64 129
phone 0.0064 3 323 63 368
phone 0.0064 65 45 125 92
phone 0.0064 216 254 250 314
phone 0.0064 218 85 249 144
phone 0.0064 0 254 18 313
phone 0.0064 62 195 96 250
phone 0.0064 123 239 158 298
phone 0.0064 171 228 180 240
phone 0.0064 95 70 125 128
phone 0.0064 18 316 48 375
phone 0.0064 126 70 156 129
phone 0.0063 203 60 263 108
phone 0.0063 126 45 186 93
phone 0.0063 139 332 204 399
phone 0.0063 0 131 18 190
phone 0.0063 95 45 155 93
phone 0.0063 220 225 266 282
phone 0.0063 0 122 33 169
phone 0.0063 141 54 171 113
phone 0.0063 141 85 171 144
phone 0.0063 49 30 109 77
phone 0.0063 110 116 141 174
phone 0.0063 235 275 266 324
phone 0.0063 3 85 33 144
phone 0.0063 171 11 234 125
phone 0.0063 170 285 204 344
phone 0.0063 94 11 157 125
phone 0.0063 49 39 79 98
phone 0.0063 125 11 187 125
phone 0.0063 82 202 100 236
phone 0.0063 93 302 127 358
phone 0.0063 32 0 95 110
phone 0.0063 77 179 111 235
phone 0.0063 110 85 141 144
phone 0.0063 80 30 140 77
phone 0.0062 231 239 266 359
phone 0.0062 80 107 140 154
phone 0.0062 0 76 48 123
phone 0.0062 18 30 79 77
phone 0.0062 204 265 262 333
phone 0.0062 111 54 141 113
phone 0.0062 18 368 79 399
phone 0.0062 63 0 126 110
phone 0.0062 17 285 49 345
phone 0.0062 203 54 233 113
phone 0.0062 79 101 110 159
phone 0.0062 64 39 94 98
phone 0.0062 3 45 63 92
phone 0.0062 0 367 33 399
phone 0.0062 167 202 184 236
phone 0.0062 202 42 265 157
phone 0.0062 188 45 248 93
phone 0.0062 110 106 172 154
phone 0.0062 17 333 81 399
phone 0.0062 250 260 266 308
phone 0.0062 62 286 96 343
phone 0.0062 250 0 266 30
phone 0.0061 0 332 19 399
phone 0.0061 111 29 171 77
phone 0.0061 31 225 65 282
phone 0.0061 34 39 64 98
phone 0.0061 172 39 202 98
phone 0.0061 249 0 266 64
phone 0.0061 218 76 266 123
phone 0.0061 0 337 32 385
phone 0.0061 80 39 110 98
phone 0.0061 157 39 187 98
phone 0.0061 247 226 266 341
phone 0.0061 78 332 142 390
phone 0.0061 18 54 48 113
phone 0.0061 141 29 202 77
phone 0.0061 108 286 142 343
phone 0.0060 0 243 33 355
phone 0.0060 250 168 266 216
phone 0.0060 81 133 139 188
phone 0.0060 33 362 64 399
phone 0.0060 188 39 217 98
phone 0.0060 218 54 248 113
phone 0.0060 185 116 219 174
phone 0.0060 265 0 266 30
phone 0.0060 126 39 156 98
phone 0.0060 264 367 266 399
phone 0.0060 0 332 3 399
phone 0.0060 0 100 17 159
phone 0.0060 263 332 266 399
phone 0.0060 0 367 2 399
phone 0.0060 95 39 125 98
phone 0.0060 247 134 266 249
phone 0.0060 95 101 125 159
phone 0.0060 172 29 232 77
phone 0.0060 264 0 266 64
phone 0.0060 170 255 204 313
phone 0.0060 171 220 180 232
phone 0.0059 33 331 64 391
phone 0.0059 111 23 141 82
phone 0.0059 48 362 80 399
phone 0.0059 0 0 1 30
phone 0.0059 186 332 250 399
phone 0.0059 234 91 266 139
phone 0.0059 0 0 2 64
phone 0.0059 264 254 266 313
phone 0.0059 17 362 49 399
phone 0.0059 170 116 203 175
phone 0.0059 46 132 81 189
phone 0.0059 2 0 65 110
phone 0.0059 233 239 264 298
phone 0.0059 201 101 234 159
phone 0.0058 204 0 263 30
phone 0.0058 232 73 266 187
phone 0.0058 49 368 110 399
phone 0.0058 31 194 65 251
phone 0.0058 126 101 156 159
phone 0.0058 234 122 266 170
phone 0.0058 217 243 226 256
phone 0.0058 205 304 261 356
phone 0.0058 264 162 266 221
phone 0.0058 218 0 266 64
phone 0.0058 141 23 171 82
phone 0.0057 218 338 266 384
phone 0.0057 77 225 111 281
phone 0.0057 187 0 248 64
phone 0.0057 194 243 203 256
phone 0.0057 64 362 95 399
phone 0.0057 3 54 33 113
phone 0.0057 202 346 233 399
phone 0.0057 171 236 180 248
phone 0.0057 173 0 232 30
phone 0.0057 141 368 202 399
phone 0.0057 203 29 263 77
phone 0.0057 62 116 96 174
phone 0.0057 34 338 94 384
phone 0.0057 142 0 201 30
phone 0.0057 142 331 171 391
phone 0.0057 79 330 110 391
phone 0.0057 218 367 266 399
phone 0.0057 249 106 266 154
phone 0.0057 0 29 48 77
phone 0.0057 265 337 266 385
phone 0.0056 249 291 266 339
phone 0.0056 156 0 218 64
phone 0.0056 202 0 265 110
phone 0.0056 234 322 266 369
phone 0.0056 249 337 266 385
phone 0.0056 234 54 264 113
phone 0.0056 0 322 17 370
phone 0.0056 0 70 17 129
phone 0.0056 108 255 142 313
phone 0.0056 219 0 248 37
phone 0.0056 234 0 263 37
phone 0.0056 249 137 266 185
phone 0.0056 0 26 34 141
phone 0.0056 31 163 65 220
phone 0.0056 203 23 233 82
phone 0.0056 49 331 79 391
phone 0.0055 203 0 233 37
phone 0.0055 248 88 266 202
phone 0.0055 250 198 266 247
phone 0.0055 232 289 266 399
phone 0.0055 96 14 155 62
phone 0.0055 263 227 266 341
phone 0.0055 233 209 264 267
phone 0.0055 187 367 248 399
phone 0.0055 218 300 248 360
phone 0.0055 65 14 125 62
phone 0.0055 218 45 266 93
phone 0.0055 0 337 2 385
phone 0.0055 125 0 187 64
phone 0.0055 265 137 266 185
phone 0.0055 265 245 266 293
phone 0.0055 0 152 2 200
phone 0.0055 265 276 266 323
phone 0.0055 249 367 266 399
phone 0.0055 250 229 266 277
phone 0.0055 249 70 266 129
phone 0.0055 79 362 110 399
phone 0.0055 265 199 266 246
phone 0.0055 0 116 2 175
phone 0.0055 111 0 170 30
phone 0.0055 188 0 217 37
phone 0.0054 173 0 202 37
phone 0.0054 157 0 186 37
phone 0.0054 0 183 2 231
phone 0.0054 205 232 223 267
phone 0.0054 0 208 2 267
phone 0.0054 199 175 229 201
phone 0.0054 0 285 18 344
phone 0.0054 0 119 3 233
phone 0.0054 263 104 266 218
phone 0.0054 34 14 94 62
phone 0.0054 218 23 248 82
phone 0.0054 0 0 17 30
phone 0.0054 155 362 188 399
phone 0.0054 247 180 266 295
phone 0.0054 263 165 266 279
phone 0.0054 175 322 207 346
phone 0.0054 0 239 2 298
phone 0.0054 265 100 266 159
phone 0.0054 176 221 206 247
phone 0.0054 265 306 266 354
phone 0.0054 248 273 266 386
phone 0.0054 264 285 266 344
phone 0.0054 0 165 3 279
phone 0.0054 94 362 126 399
phone 0.0054 86 213 96 225
phone 0.0054 183 318 199 350
phone 0.0053 0 91 2 139
phone 0.0053 140 363 172 399
phone 0.0053 142 0 171 37
phone 0.0053 0 73 3 187
phone 0.0053 81 367 139 399
phone 0.0053 66 119 123 173
phone 0.0053 111 334 171 387
phone 0.0053 0 118 123 399
phone 0.0053 263 273 266 387
phone 0.0053 3 353 63 399
phone 0.0053 171 213 180 225
phone 0.0053 0 275 2 323
phone 0.0053 264 208 266 267
phone 0.0052 0 300 2 360
phone 0.0052 19 0 78 30
phone 0.0052 0 29 17 77
phone 0.0052 154 116 188 175
phone 0.0052 171 362 203 399
phone 0.0052 80 0 140 30
phone 0.0052 0 211 3 326
phone 0.0052 264 316 266 375
phone 0.0052 126 0 156 37
phone 0.0052 135 163 176 221
phone 0.0052 236 254 266 276
phone 0.0052 247 259 257 271
phone 0.0052 94 8 126 67
phone 0.0052 265 29 266 77
phone 0.0052 173 353 232 399
phone 0.0052 263 57 266 172
phone 0.0052 3 14 63 62
phone 0.0052 110 363 141 399
phone 0.0052 125 8 156 67
phone 0.0052 0 0 18 110
phone 0.0052 0 257 3 372
phone 0.0052 234 23 264 82
phone 0.0052 156 8 187 67
phone 0.0052 0 29 2 77
phone 0.0052 265 75 266 123
phone 0.0052 79 8 110 67
phone 0.0051 50 0 109 30
phone 0.0051 172 8 203 67
phone 0.0051 0 0 33 64
phone 0.0051 64 8 95 67
phone 0.0051 187 346 218 399
phone 0.0051 0 60 2 108
phone 0.0051 263 0 266 110
phone 0.0051 125 363 157 399
phone 0.0051 0 0 47 30
phone 0.0051 111 0 140 37
phone 0.0051 249 29 266 77
phone 0.0051 187 8 218 67
phone 0.0051 111 367 170 399
phone 0.0051 48 8 80 67
phone 0.0051 105 220 145 286
phone 0.0051 244 250 260 280
phone 0.0051 33 8 64 67
phone 0.0051 0 26 3 141
phone 0.0050 140 115 172 175
phone 0.0050 218 347 249 399
phone 0.0050 37 295 53 327
phone 0.0050 34 0 63 37
