phone 0.7900 107 194 296 306
phone 0.0420 93 186 220 321
phone 0.0406 113 229 257 327
phone 0.0311 116 126 262 298
phone 0.0262 29 167 285 347
phone 0.0255 137 208 239 300
phone 0.0227 100 237 183 301
phone 0.0216 68 136 175 275
phone 0.0198 11 92 106 249
phone 0.0185 165 215 272 293
phone 0.0184 70 213 183 324
phone 0.0184 42 127 135 279
phone 0.0171 111 214 203 294
phone 0.0162 76 68 168 216
phone 0.0160 184 180 299 295
phone 0.0153 145 253 231 315
phone 0.0148 133 98 234 258
phone 0.0147 113 64 197 221
phone 0.0144 0 72 74 206
phone 0.0139 124 240 159 297
phone 0.0133 9 190 90 316
phone 0.0133 135 29 233 189
phone 0.0132 197 68 293 212
phone 0.0129 0 113 62 239
phone 0.0123 153 238 254 361
phone 0.0120 118 251 197 317
phone 0.0119 178 219 290 344
phone 0.0118 167 238 209 300
phone 0.0116 6 20 110 194
phone 0.0116 87 218 166 288
phone 0.0114 208 223 291 284
phone 0.0113 7 253 92 375
phone 0.0112 25 78 218 319
phone 0.0112 56 324 136 399
phone 0.0111 96 312 187 399
phone 0.0110 233 235 299 364
phone 0.0107 0 221 74 347
phone 0.0106 16 223 84 284
phone 0.0106 101 199 182 277
phone 0.0105 179 254 258 314
phone 0.0104 201 269 298 391
phone 0.0103 93 238 191 360
phone 0.0102 34 285 127 399
phone 0.0101 200 241 237 297
phone 0.0101 38 56 143 225
phone 0.0101 0 129 53 193
phone 0.0099 231 204 299 272
phone 0.0098 108 266 206 394
phone 0.0097 160 284 247 399
phone 0.0096 109 241 143 296
phone 0.0096 20 159 110 286
phone 0.0096 249 204 299 333
phone 0.0095 227 149 299 262
phone 0.0094 138 240 176 298
phone 0.0093 140 126 206 196
phone 0.0093 83 256 170 313
phone 0.0092 140 327 206 399
phone 0.0092 186 256 220 312
phone 0.0091 18 95 82 166
phone 0.0091 48 218 144 350
phone 0.0090 168 61 257 224
phone 0.0090 215 226 252 281
phone 0.0090 63 248 159 382
phone 0.0090 245 284 299 345
phone 0.0090 63 360 129 399
phone 0.0090 270 143 299 263
phone 0.0090 14 286 86 344
phone 0.0089 127 362 187 399
phone 0.0088 155 256 189 313
phone 0.0088 0 168 67 292
phone 0.0088 164 271 243 328
phone 0.0087 28 301 102 359
phone 0.0087 78 108 145 244
phone 0.0087 232 226 266 280
phone 0.0086 229 300 299 361
phone 0.0086 91 360 162 399
phone 0.0086 62 157 129 226
phone 0.0084 215 315 284 376
phone 0.0084 115 0 198 160
phone 0.0084 2 238 67 299
phone 0.0084 2 147 35 205
phone 0.0084 0 163 54 221
phone 0.0083 183 0 254 164
phone 0.0083 68 239 154 298
phone 0.0082 156 111 220 180
phone 0.0082 297 138 299 264
phone 0.0082 111 136 173 185
phone 0.0082 189 115 279 269
phone 0.0082 14 177 86 237
phone 0.0081 244 252 299 316
phone 0.0081 178 220 229 287
phone 0.0081 45 143 115 210
phone 0.0081 126 132 158 190
phone 0.0081 168 315 239 376
phone 0.0080 32 101 66 159
phone 0.0080 248 209 282 267
phone 0.0080 217 255 251 313
phone 0.0080 0 271 69 328
phone 0.0080 43 316 118 375
phone 0.0080 35 75 95 124
phone 0.0080 34 40 97 159
phone 0.0080 2 116 35 175
phone 0.0080 104 267 180 332
phone 0.0079 17 116 51 174
phone 0.0079 155 132 189 190
phone 0.0079 96 0 270 279
phone 0.0078 46 95 114 166
phone 0.0078 0 46 8 163
phone 0.0078 0 73 5 200
phone 0.0078 135 268 211 331
phone 0.0078 36 187 126 320
phone 0.0077 83 146 139 207
phone 0.0077 240 36 299 181
phone 0.0076 206 191 292 255
phone 0.0076 49 70 81 128
phone 0.0076 143 100 203 160
phone 0.0076 152 299 224 362
phone 0.0076 33 285 66 344
phone 0.0076 29 191 101 254
phone 0.0075 79 347 112 399
phone 0.0075 216 247 283 321
phone 0.0075 17 255 50 313
phone 0.0074 72 269 150 330
phone 0.0074 197 299 271 362
phone 0.0074 125 348 158 399
phone 0.0074 170 126 237 196
phone 0.0074 12 145 87 207
phone 0.0074 120 299 195 362
phone 0.0074 3 76 65 123
phone 0.0074 0 87 34 203
phone 0.0074 29 159 101 225
phone 0.0073 87 0 164 162
phone 0.0073 48 301 81 359
phone 0.0073 34 70 65 128
phone 0.0073 261 240 299 298
phone 0.0073 3 41 66 157
phone 0.0073 125 138 189 215
phone 0.0072 263 269 299 330
phone 0.0072 0 132 36 250
phone 0.0072 202 271 235 328
phone 0.0072 28 129 102 193
phone 0.0072 168 322 200 346
phone 0.0072 95 152 157 231
phone 0.0072 277 220 299 348
phone 0.0072 171 116 205 174
phone 0.0071 176 319 192 350
phone 0.0071 78 163 113 220
phone 0.0071 201 263 268 336
phone 0.0071 0 119 19 233
phone 0.0071 87 284 165 346
phone 0.0071 19 305 80 399
phone 0.0071 96 131 126 190
phone 0.0071 59 251 133 317
phone 0.0071 0 103 49 157
phone 0.0071 0 153 20 200
phone 0.0070 184 281 254 349
phone 0.0070 140 332 174 390
phone 0.0070 26 269 104 330
phone 0.0070 109 363 143 399
phone 0.0070 116 180 198 265
phone 0.0070 19 70 50 128
phone 0.0070 44 174 116 241
phone 0.0069 159 335 217 387
phone 0.0069 33 178 66 236
phone 0.0069 59 281 132 349
phone 0.0069 74 202 148 274
phone 0.0069 28 236 102 302
phone 0.0069 283 256 299 312
phone 0.0069 187 317 220 374
phone 0.0069 47 101 82 159
phone 0.0069 186 286 220 343
phone 0.0068 34 331 65 391
phone 0.0068 19 60 80 108
phone 0.0068 65 346 96 399
phone 0.0068 140 271 174 328
phone 0.0068 179 328 189 341
phone 0.0067 205 121 264 170
phone 0.0067 34 332 96 399
phone 0.0067 74 297 148 364
phone 0.0067 0 146 3 206
phone 0.0067 18 26 81 141
phone 0.0067 44 204 116 271
phone 0.0067 63 148 97 205
phone 0.0067 268 305 299 355
phone 0.0067 0 91 35 139
phone 0.0067 296 255 299 313
phone 0.0067 64 317 97 374
phone 0.0067 49 26 112 141
phone 0.0067 189 106 248 155
phone 0.0067 171 271 204 328
phone 0.0067 49 60 112 108
phone 0.0066 220 136 279 186
phone 0.0066 90 183 163 262
phone 0.0066 156 317 189 374
phone 0.0066 202 331 266 391
phone 0.0066 112 76 172 123
phone 0.0066 252 320 299 371
phone 0.0066 142 76 203 123
phone 0.0066 63 102 97 159
phone 0.0066 171 317 204 374
phone 0.0066 64 70 97 128
phone 0.0066 235 152 295 201
phone 0.0065 0 230 50 277
phone 0.0065 233 103 297 218
phone 0.0065 0 60 49 108
phone 0.0065 0 100 19 159
phone 0.0065 149 222 196 285
phone 0.0065 219 116 250 174
phone 0.0065 94 347 127 399
phone 0.0065 63 114 128 177
phone 0.0065 19 284 50 345
phone 0.0064 125 271 158 328
phone 0.0064 49 362 81 399
phone 0.0064 204 101 234 159
phone 0.0064 250 137 299 185
phone 0.0064 4 323 65 368
phone 0.0064 297 163 299 300
phone 0.0064 94 163 128 220
phone 0.0064 48 209 82 267
phone 0.0064 111 104 173 248
phone 0.0064 19 368 80 399
phone 0.0064 0 275 50 385
phone 0.0064 127 70 157 128
phone 0.0063 235 122 295 169
phone 0.0063 234 131 265 190
phone 0.0063 19 316 49 375
phone 0.0063 59 219 133 287
phone 0.0063 186 117 220 174
phone 0.0063 281 300 299 360
phone 0.0063 157 70 188 128
phone 0.0063 232 255 266 313
phone 0.0063 261 178 299 287
phone 0.0063 59 188 132 257
phone 0.0063 0 307 49 353
phone 0.0063 3 177 34 237
phone 0.0063 65 30 126 77
phone 0.0062 250 147 280 205
phone 0.0062 18 178 50 236
phone 0.0062 237 334 293 387
phone 0.0062 0 227 34 340
phone 0.0062 34 362 65 399
phone 0.0062 0 261 35 307
phone 0.0062 161 130 192 154
phone 0.0062 64 11 127 125
phone 0.0062 32 255 66 313
phone 0.0062 0 27 35 141
phone 0.0062 19 362 50 399
phone 0.0062 94 241 128 296
phone 0.0062 168 127 185 157
phone 0.0062 4 300 34 360
phone 0.0062 4 45 64 92
phone 0.0062 206 365 263 399
phone 0.0061 220 106 279 154
phone 0.0061 152 138 223 215
phone 0.0061 48 163 82 220
phone 0.0061 0 45 34 93
phone 0.0061 109 272 143 327
phone 0.0061 0 192 19 253
phone 0.0061 281 338 299 385
phone 0.0061 155 286 189 343
phone 0.0061 266 153 299 200
phone 0.0061 140 302 174 358
phone 0.0061 50 330 80 391
phone 0.0061 296 368 299 399
phone 0.0061 108 162 144 221
phone 0.0061 127 60 188 108
phone 0.0060 32 148 66 205
phone 0.0060 0 332 20 399
phone 0.0060 217 302 251 359
phone 0.0060 0 367 19 399
phone 0.0060 65 82 126 148
phone 0.0060 97 60 156 108
phone 0.0060 186 139 251 214
phone 0.0060 0 70 19 129
phone 0.0060 250 116 280 175
phone 0.0060 168 318 184 350
phone 0.0060 250 106 299 154
phone 0.0060 295 332 299 399
phone 0.0060 17 148 51 205
phone 0.0060 81 23 111 82
phone 0.0060 172 363 204 399
phone 0.0060 159 368 217 399
phone 0.0060 33 0 97 94
phone 0.0060 266 116 295 175
phone 0.0060 0 337 33 385
phone 0.0060 65 23 96 82
phone 0.0060 78 101 112 159
phone 0.0059 81 45 141 92
phone 0.0059 0 254 19 313
phone 0.0059 278 270 299 390
phone 0.0059 218 57 281 172
phone 0.0059 159 89 217 141
phone 0.0059 19 39 50 98
phone 0.0059 235 91 295 139
phone 0.0059 139 147 175 205
phone 0.0059 142 70 173 128
phone 0.0059 0 363 4 399
phone 0.0059 3 208 34 267
phone 0.0059 202 302 235 359
phone 0.0059 250 331 280 391
phone 0.0059 250 76 299 123
phone 0.0059 172 136 181 148
phone 0.0058 111 132 142 190
phone 0.0058 232 286 266 343
phone 0.0058 281 367 299 399
phone 0.0058 235 100 265 159
phone 0.0058 141 27 204 141
phone 0.0058 35 39 65 98
phone 0.0058 0 29 18 77
phone 0.0058 111 55 142 113
phone 0.0058 281 131 299 190
phone 0.0058 48 133 82 189
phone 0.0058 0 116 3 175
phone 0.0058 265 78 299 198
phone 0.0058 218 0 281 95
phone 0.0058 50 14 111 62
phone 0.0058 204 91 264 139
phone 0.0058 3 362 35 399
phone 0.0058 94 271 128 327
phone 0.0058 0 0 19 110
phone 0.0058 124 318 159 373
phone 0.0057 122 209 161 267
phone 0.0057 0 85 3 144
phone 0.0057 250 29 299 77
phone 0.0057 0 322 18 370
phone 0.0057 95 55 127 113
phone 0.0057 296 285 299 344
phone 0.0057 189 29 249 77
phone 0.0057 48 271 81 327
phone 0.0057 63 178 97 236
phone 0.0057 142 30 203 77
phone 0.0057 50 39 80 98
phone 0.0057 48 240 82 297
phone 0.0057 281 162 299 221
phone 0.0057 235 60 295 108
phone 0.0057 249 0 299 110
phone 0.0057 79 69 112 129
phone 0.0057 188 85 219 144
phone 0.0057 153 322 184 346
phone 0.0057 78 271 112 328
phone 0.0056 156 0 220 109
phone 0.0056 0 230 18 277
phone 0.0056 112 30 172 77
phone 0.0056 0 45 3 92
phone 0.0056 202 132 235 189
phone 0.0056 145 330 177 354
phone 0.0056 220 76 280 123
phone 0.0056 153 326 169 357
phone 0.0056 0 331 3 390
phone 0.0056 184 319 200 349
phone 0.0056 250 85 280 144
phone 0.0056 266 85 295 144
phone 0.0056 281 106 299 154
phone 0.0056 0 12 4 125
phone 0.0056 111 0 173 110
phone 0.0056 248 271 282 328
phone 0.0056 19 30 80 77
phone 0.0056 109 333 143 389
phone 0.0056 63 209 97 266
phone 0.0055 266 0 299 30
phone 0.0055 266 45 299 93
phone 0.0055 281 76 299 123
phone 0.0055 172 328 181 340
phone 0.0055 265 26 299 141
phone 0.0055 296 146 299 206
phone 0.0055 0 0 3 64
phone 0.0055 0 273 19 387
phone 0.0055 96 23 126 82
phone 0.0055 0 177 3 237
phone 0.0055 263 285 299 399
phone 0.0055 142 39 172 98
phone 0.0055 0 30 49 77
phone 0.0055 0 0 2 30
phone 0.0055 161 318 177 350
phone 0.0055 280 57 299 171
phone 0.0055 234 0 296 64
phone 0.0055 127 90 188 140
phone 0.0055 158 45 218 92
phone 0.0055 219 85 249 144
phone 0.0055 174 61 233 108
phone 0.0055 189 76 249 123
phone 0.0055 3 0 66 109
phone 0.0055 158 23 188 82
phone 0.0055 281 29 299 77
phone 0.0055 173 23 203 82
phone 0.0055 4 213 64 263
phone 0.0055 266 353 299 399
phone 0.0055 79 317 112 374
phone 0.0055 160 330 193 353
phone 0.0054 33 208 66 267
phone 0.0054 297 230 299 277
phone 0.0054 203 42 265 156
phone 0.0054 79 132 112 190
phone 0.0054 0 223 3 283
phone 0.0054 251 367 299 399
phone 0.0054 171 27 235 140
phone 0.0054 297 259 299 309
phone 0.0054 188 24 219 82
phone 0.0054 280 0 299 64
phone 0.0054 0 291 18 339
phone 0.0054 204 23 234 82
phone 0.0054 234 362 266 399
phone 0.0054 293 223 299 345
phone 0.0054 203 362 235 399
phone 0.0054 172 335 181 348
phone 0.0054 168 138 200 161
phone 0.0054 296 0 299 64
phone 0.0054 127 23 157 82
phone 0.0054 250 54 280 113
phone 0.0054 108 209 144 266
phone 0.0054 156 335 166 348
phone 0.0054 176 134 192 165
phone 0.0054 251 166 299 217
phone 0.0054 187 328 197 341
phone 0.0054 0 289 4 399
phone 0.0054 0 300 3 360
phone 0.0054 297 0 299 30
phone 0.0054 296 116 299 175
phone 0.0053 18 208 50 268
phone 0.0053 203 0 265 64
phone 0.0053 296 85 299 144
phone 0.0053 280 11 299 125
phone 0.0053 235 69 265 129
phone 0.0053 0 14 10 134
phone 0.0053 94 302 128 358
phone 0.0053 164 335 174 348
phone 0.0053 188 362 219 399
phone 0.0053 184 133 200 165
phone 0.0053 109 302 143 358
phone 0.0053 231 196 267 249
phone 0.0053 158 14 218 62
phone 0.0053 220 0 279 30
phone 0.0053 158 346 188 399
phone 0.0053 247 239 282 298
phone 0.0053 93 210 128 266
phone 0.0053 188 54 219 113
phone 0.0053 296 23 299 83
phone 0.0052 82 14 141 62
phone 0.0052 235 23 265 83
phone 0.0052 189 0 248 30
phone 0.0052 19 0 80 46
phone 0.0052 221 351 278 399
phone 0.0052 296 54 299 113
phone 0.0052 204 70 234 128
phone 0.0052 78 240 112 297
phone 0.0052 63 286 97 343
phone 0.0052 4 353 64 399
phone 0.0052 204 60 264 108
phone 0.0052 180 143 189 156
phone 0.0052 0 254 3 313
phone 0.0052 220 23 249 83
phone 0.0052 251 0 280 37
phone 0.0052 0 12 183 261
phone 0.0052 0 193 6 326
phone 0.0052 296 316 299 375
phone 0.0051 112 24 142 82
phone 0.0051 50 0 80 51
phone 0.0051 266 14 299 62
phone 0.0051 34 0 65 52
phone 0.0051 279 225 299 281
phone 0.0051 200 155 267 229
phone 0.0051 173 54 204 113
phone 0.0051 146 313 176 339
phone 0.0051 288 133 299 274
phone 0.0051 0 243 4 356
phone 0.0051 296 177 299 236
phone 0.0051 78 194 112 251
phone 0.0050 295 274 299 386
phone 0.0050 63 255 97 313
phone 0.0050 220 0 249 37
phone 0.0050 184 145 215 169
phone 0.0050 295 135 299 248
phone 0.0050 295 58 299 171
phone 0.0050 235 0 264 37
