phone 0.8101 179 34 265 238
phone 0.1410 192 120 257 249
phone 0.1098 190 71 255 181
phone 0.0684 156 7 356 258
phone 0.0658 193 83 389 242
phone 0.0533 69 72 214 253
phone 0.0455 233 125 353 256
phone 0.0414 200 105 275 208
phone 0.0359 114 31 229 239
phone 0.0355 174 93 241 188
phone 0.0343 172 24 244 165
phone 0.0313 192 16 283 173
phone 0.0300 262 71 382 198
phone 0.0290 198 118 247 194
phone 0.0273 194 61 311 189
phone 0.0262 87 14 195 195
phone 0.0259 96 112 184 266
phone 0.0247 201 151 245 222
phone 0.0242 122 123 214 256
phone 0.0239 203 163 273 241
phone 0.0230 247 172 338 266
phone 0.0218 220 23 368 193
phone 0.0198 201 61 245 128
phone 0.0196 209 121 297 192
phone 0.0192 128 8 213 144
phone 0.0190 187 91 228 159
phone 0.0185 109 69 183 212
phone 0.0183 202 152 310 266
phone 0.0180 217 154 259 219
phone 0.0174 162 159 248 266
phone 0.0159 187 123 227 189
phone 0.0156 138 111 246 231
phone 0.0152 50 29 168 182
phone 0.0150 210 88 296 163
phone 0.0150 188 62 227 127
phone 0.0148 194 18 251 109
phone 0.0146 190 156 225 217
phone 0.0146 230 26 308 163
phone 0.0143 114 88 177 162
phone 0.0141 155 4 229 123
phone 0.0134 113 135 178 208
phone 0.0132 41 102 178 235
phone 0.0127 190 33 224 94
phone 0.0127 214 106 262 175
phone 0.0127 234 77 304 143
phone 0.0121 129 95 162 155
phone 0.0118 126 119 196 193
phone 0.0117 159 38 225 90
phone 0.0117 195 248 227 266
phone 0.0117 203 244 219 266
phone 0.0115 228 109 309 173
phone 0.0115 250 55 319 195
phone 0.0113 126 152 196 221
phone 0.0111 203 37 273 121
phone 0.0111 256 128 312 215
phone 0.0109 129 73 193 147
phone 0.0109 129 157 162 216
phone 0.0109 206 253 216 266
phone 0.0108 128 126 163 186
phone 0.0108 111 174 180 230
phone 0.0107 255 88 313 162
phone 0.0105 274 7 376 138
phone 0.0105 234 143 272 200
phone 0.0104 201 194 256 266
phone 0.0104 204 33 241 95
phone 0.0104 176 34 208 93
phone 0.0104 208 158 299 216
phone 0.0104 210 244 227 266
phone 0.0103 152 129 231 183
phone 0.0102 213 61 294 129
phone 0.0101 141 189 212 246
phone 0.0100 156 205 228 261
phone 0.0099 216 78 260 142
phone 0.0099 0 263 40 266
phone 0.0098 232 172 305 232
phone 0.0098 153 98 230 153
phone 0.0097 220 189 255 247
phone 0.0095 227 142 310 201
phone 0.0095 214 254 223 266
phone 0.0095 0 0 39 0
phone 0.0094 239 49 298 109
phone 0.0094 195 244 211 266
phone 0.0093 245 0 345 112
phone 0.0091 94 0 182 112
phone 0.0091 150 162 234 212
phone 0.0090 143 81 178 139
phone 0.0089 258 161 311 243
phone 0.0089 144 158 178 216
phone 0.0088 268 79 301 140
phone 0.0087 199 253 208 266
phone 0.0087 175 204 208 262
phone 0.0086 219 252 234 266
phone 0.0086 251 96 286 154
phone 0.0085 252 174 285 230
phone 0.0085 178 18 236 79
phone 0.0085 210 256 243 266
phone 0.0085 210 19 266 78
phone 0.0084 97 144 164 198
phone 0.0084 143 127 179 185
phone 0.0084 218 219 289 266
phone 0.0084 175 128 208 184
phone 0.0084 266 110 301 171
phone 0.0083 171 218 244 266
phone 0.0083 226 252 242 266
phone 0.0082 107 0 296 190
phone 0.0081 251 64 286 125
phone 0.0081 98 112 163 169
phone 0.0081 222 261 231 266
phone 0.0080 175 97 208 153
phone 0.0080 242 252 257 266
phone 0.0080 234 256 265 266
phone 0.0080 204 234 272 266
phone 0.0080 233 97 273 154
phone 0.0079 206 261 216 266
phone 0.0079 175 66 208 123
phone 0.0079 115 126 146 186
phone 0.0079 204 186 241 249
phone 0.0077 137 141 215 202
phone 0.0077 234 252 250 266
phone 0.0076 220 35 255 93
phone 0.0076 264 104 336 238
phone 0.0076 229 261 239 266
phone 0.0076 214 261 224 266
phone 0.0075 187 256 219 266
phone 0.0074 251 128 286 184
phone 0.0074 199 261 208 266
phone 0.0073 245 261 254 266
phone 0.0073 139 110 214 172
phone 0.0073 175 159 208 214
phone 0.0073 266 155 302 218
phone 0.0072 256 67 312 122
phone 0.0071 115 156 146 217
phone 0.0071 145 188 177 247
phone 0.0071 85 114 145 227
phone 0.0070 159 174 193 230
phone 0.0070 237 261 247 266
phone 0.0070 190 219 224 266
phone 0.0070 83 133 147 179
phone 0.0070 0 0 59 99
phone 0.0069 66 6 151 140
phone 0.0067 0 0 41 32
phone 0.0067 116 210 176 256
phone 0.0067 212 190 295 245
phone 0.0067 256 249 289 266
phone 0.0067 235 66 271 123
phone 0.0067 100 141 130 201
phone 0.0067 131 203 161 263
phone 0.0067 6 23 16 35
phone 0.0066 268 253 277 266
phone 0.0066 0 18 27 40
phone 0.0066 249 252 265 266
phone 0.0066 265 245 280 266
phone 0.0066 271 143 328 199
phone 0.0065 221 0 287 110
phone 0.0065 270 240 329 266
phone 0.0065 181 54 211 81
phone 0.0065 193 7 253 59
phone 0.0065 3 14 19 44
phone 0.0065 58 134 162 266
phone 0.0065 100 194 161 241
phone 0.0065 6 31 16 43
phone 0.0065 268 206 331 266
phone 0.0064 131 192 191 266
phone 0.0064 6 54 16 66
phone 0.0064 6 46 16 59
phone 0.0064 238 204 300 262
phone 0.0064 6 61 16 74
phone 0.0064 6 38 16 51
phone 0.0064 0 49 27 71
phone 0.0064 116 187 145 248
phone 0.0064 161 203 192 263
phone 0.0063 190 188 224 246
phone 0.0063 6 69 16 82
phone 0.0063 0 33 27 56
phone 0.0063 0 64 27 86
phone 0.0063 6 77 16 89
phone 0.0063 207 3 238 62
phone 0.0063 115 95 146 155
phone 0.0063 206 219 239 266
phone 0.0063 6 84 16 97
phone 0.0062 3 45 19 75
phone 0.0062 0 79 27 102
phone 0.0062 84 163 146 210
phone 0.0062 116 65 176 124
phone 0.0062 3 29 19 60
phone 0.0062 165 209 196 234
phone 0.0062 285 234 315 266
phone 0.0062 255 254 313 266
phone 0.0062 3 60 19 90
phone 0.0062 146 218 176 266
phone 0.0062 6 92 16 105
phone 0.0062 252 261 262 266
phone 0.0062 286 178 343 227
phone 0.0062 100 111 130 170
phone 0.0061 282 143 348 261
phone 0.0061 361 147 399 196
phone 0.0061 6 100 16 112
phone 0.0061 3 76 19 106
phone 0.0061 180 248 211 266
phone 0.0061 363 115 399 227
phone 0.0061 361 116 399 165
phone 0.0061 172 205 189 237
phone 0.0061 187 244 204 266
phone 0.0061 6 15 16 28
phone 0.0061 0 95 27 117
phone 0.0061 146 241 207 266
phone 0.0061 363 69 399 181
phone 0.0061 361 177 399 227
phone 0.0061 223 4 254 61
phone 0.0061 252 221 316 266
phone 0.0060 132 50 190 108
phone 0.0060 236 35 270 92
phone 0.0060 271 112 328 169
phone 0.0060 361 85 399 134
phone 0.0060 6 107 16 120
phone 0.0060 161 234 192 266
phone 0.0060 285 224 345 266
phone 0.0060 6 115 16 128
phone 0.0060 362 0 399 88
phone 0.0060 361 54 399 104
phone 0.0060 3 91 19 121
phone 0.0060 116 0 176 11
phone 0.0059 187 50 205 85
phone 0.0059 0 110 27 133
phone 0.0059 6 123 16 135
phone 0.0059 68 265 132 266
phone 0.0059 300 203 330 262
phone 0.0059 6 131 16 143
phone 0.0059 363 161 399 266
phone 0.0059 22 265 85 266
phone 0.0059 6 138 16 151
phone 0.0059 300 172 330 231
phone 0.0059 159 144 193 199
phone 0.0059 6 146 16 159
phone 0.0059 0 126 27 148
phone 0.0059 53 265 116 266
phone 0.0059 6 154 16 166
phone 0.0059 115 0 177 44
phone 0.0059 147 0 207 11
phone 0.0059 6 161 16 174
phone 0.0059 0 141 27 163
phone 0.0059 6 169 16 182
phone 0.0059 6 177 16 189
phone 0.0059 0 156 27 179
phone 0.0059 6 184 16 197
phone 0.0058 85 0 145 11
phone 0.0058 6 192 16 205
phone 0.0058 0 172 27 194
phone 0.0058 177 0 237 11
phone 0.0058 315 237 377 266
phone 0.0058 3 106 19 136
phone 0.0058 145 0 208 44
phone 0.0058 99 237 162 266
phone 0.0058 284 157 315 216
phone 0.0058 99 0 162 29
phone 0.0058 0 187 27 210
phone 0.0058 6 200 16 212
phone 0.0058 208 0 268 26
phone 0.0058 361 208 399 258
phone 0.0058 360 0 399 42
phone 0.0058 315 253 377 266
phone 0.0058 131 0 191 26
phone 0.0058 285 0 345 11
phone 0.0058 3 122 19 152
phone 0.0058 84 0 146 44
phone 0.0058 208 0 268 11
phone 0.0058 269 249 299 266
phone 0.0058 176 0 239 44
phone 0.0058 68 0 132 29
phone 0.0058 6 207 16 220
phone 0.0058 316 0 376 42
phone 0.0058 24 9 83 57
phone 0.0058 3 137 19 167
phone 0.0057 54 0 114 11
phone 0.0057 7 0 70 29
phone 0.0057 99 84 162 135
phone 0.0057 254 0 314 11
phone 0.0057 3 152 19 183
phone 0.0057 316 0 376 11
phone 0.0057 0 203 27 225
phone 0.0057 284 0 346 44
phone 0.0057 130 0 192 59
phone 0.0057 3 168 19 198
phone 0.0057 269 265 299 266
phone 0.0057 84 101 146 149
phone 0.0057 85 67 146 182
phone 0.0057 99 253 162 266
phone 0.0057 239 0 299 26
phone 0.0057 39 0 99 41
phone 0.0057 300 0 360 26
phone 0.0057 3 183 19 213
phone 0.0057 253 0 316 44
phone 0.0057 362 238 399 266
phone 0.0057 0 250 40 266
phone 0.0057 101 50 160 168
phone 0.0057 222 0 285 44
phone 0.0057 159 113 193 168
phone 0.0057 162 0 222 26
phone 0.0057 6 215 16 228
phone 0.0057 131 0 161 16
phone 0.0057 68 237 131 266
phone 0.0056 284 127 315 185
phone 0.0056 361 0 399 11
phone 0.0056 38 0 100 90
phone 0.0056 146 0 176 16
phone 0.0056 299 0 362 59
phone 0.0056 330 0 393 74
phone 0.0056 238 0 300 59
phone 0.0056 284 95 315 154
phone 0.0056 377 141 399 201
phone 0.0056 268 0 332 28
phone 0.0056 8 0 68 11
phone 0.0056 116 0 145 16
phone 0.0056 3 199 19 229
phone 0.0056 331 264 361 266
phone 0.0056 377 110 399 171
phone 0.0056 161 0 223 59
phone 0.0056 346 264 376 266
phone 0.0056 116 265 145 266
phone 0.0056 131 264 161 266
phone 0.0056 162 0 192 16
phone 0.0056 100 265 130 266
phone 0.0056 316 264 345 266
phone 0.0056 364 262 399 266
phone 0.0056 6 223 16 235
phone 0.0056 377 172 399 232
phone 0.0056 331 0 391 26
phone 0.0056 177 0 207 16
phone 0.0056 146 264 176 266
phone 0.0056 100 0 130 16
phone 0.0056 6 238 16 251
phone 0.0055 377 79 399 140
phone 0.0055 53 0 116 59
phone 0.0055 0 218 27 240
phone 0.0055 146 24 207 72
phone 0.0055 193 0 222 16
phone 0.0055 68 253 131 266
phone 0.0055 160 34 193 93
phone 0.0055 284 253 346 266
phone 0.0055 0 233 27 256
phone 0.0055 208 0 238 16
phone 0.0055 85 0 115 16
phone 0.0055 23 147 84 195
phone 0.0055 223 0 253 31
phone 0.0055 300 0 330 16
phone 0.0055 361 254 399 266
phone 0.0055 130 253 193 266
phone 0.0055 301 163 360 211
phone 0.0055 285 0 315 16
phone 0.0055 264 210 297 233
phone 0.0055 316 0 345 16
phone 0.0055 377 48 399 109
phone 0.0055 239 0 268 31
phone 0.0055 331 0 361 47
phone 0.0055 276 215 285 228
phone 0.0055 23 117 84 165
phone 0.0055 346 0 376 47
phone 0.0055 270 0 299 16
phone 0.0055 377 2 399 63
phone 0.0055 70 0 99 16
phone 0.0055 39 3 68 62
phone 0.0055 23 178 84 226
phone 0.0055 0 0 36 11
phone 0.0054 331 0 361 16
phone 0.0054 8 24 68 72
phone 0.0054 254 0 284 16
phone 0.0054 22 114 85 228
phone 0.0054 191 254 200 266
phone 0.0054 39 163 99 211
phone 0.0054 54 3 84 62
phone 0.0054 181 39 211 66
phone 0.0054 23 40 84 88
phone 0.0054 85 265 115 266
phone 0.0054 3 214 19 244
phone 0.0054 23 86 84 134
phone 0.0054 330 222 393 266
phone 0.0054 272 206 288 236
phone 0.0054 54 0 84 16
phone 0.0054 39 194 99 241
phone 0.0054 8 132 68 180
phone 0.0054 3 229 19 260
phone 0.0054 8 163 68 211
phone 0.0054 299 129 362 244
phone 0.0054 23 0 53 47
phone 0.0054 38 145 100 259
phone 0.0054 22 68 85 182
phone 0.0054 8 101 68 149
phone 0.0054 6 231 16 243
phone 0.0054 346 0 376 16
phone 0.0054 84 222 147 266
phone 0.0054 131 249 161 266
phone 0.0054 70 0 99 47
phone 0.0054 22 6 85 121
phone 0.0054 0 0 23 1
phone 0.0054 300 265 330 266
phone 0.0054 248 48 281 71
phone 0.0053 377 202 399 263
phone 0.0053 131 0 161 47
phone 0.0053 38 237 100 266
phone 0.0053 38 253 100 266
phone 0.0053 7 99 69 213
phone 0.0053 241 237 297 266
phone 0.0053 316 0 345 47
phone 0.0053 23 0 53 16
phone 0.0053 181 77 211 104
phone 0.0053 39 0 68 16
phone 0.0053 8 71 68 118
phone 0.0053 0 0 22 16
phone 0.0053 68 0 131 90
phone 0.0053 331 249 361 266
phone 0.0053 267 35 333 153
phone 0.0053 39 132 99 180
phone 0.0053 236 190 270 245
phone 0.0053 271 84 328 135
phone 0.0053 300 142 330 200
phone 0.0053 7 253 69 266
phone 0.0053 54 224 114 266
phone 0.0053 7 52 69 167
phone 0.0053 346 249 376 266
phone 0.0053 7 145 69 259
phone 0.0053 316 249 345 266
phone 0.0053 85 0 115 47
phone 0.0053 8 194 68 241
phone 0.0053 191 261 200 266
phone 0.0053 116 0 145 47
phone 0.0053 7 237 69 266
phone 0.0053 23 209 84 257
phone 0.0053 203 10 234 33
phone 0.0052 0 219 41 266
phone 0.0052 39 55 99 103
phone 0.0052 100 172 130 232
phone 0.0052 70 265 99 266
phone 0.0052 38 98 100 213
phone 0.0052 39 101 99 149
phone 0.0052 0 264 22 266
phone 0.0052 376 264 399 266
phone 0.0052 146 249 176 266
phone 0.0052 346 9 399 57
phone 0.0052 39 142 68 201
phone 0.0052 268 0 331 74
phone 0.0052 54 178 114 226
phone 0.0052 159 82 193 138
phone 0.0052 285 265 315 266
phone 0.0052 100 0 130 47
phone 0.0052 377 0 399 17
phone 0.0052 161 253 223 266
phone 0.0052 257 45 273 75
phone 0.0052 286 101 344 150
phone 0.0052 0 9 53 57
phone 0.0052 214 15 223 28
phone 0.0052 300 249 330 266
phone 0.0052 162 264 192 266
phone 0.0052 176 215 185 228
phone 0.0052 116 249 145 266
phone 0.0052 39 111 68 170
phone 0.0052 68 191 131 266
phone 0.0052 38 52 100 167
phone 0.0052 39 172 68 231
phone 0.0052 100 249 130 266
phone 0.0052 54 172 84 231
phone 0.0052 260 54 270 66
phone 0.0052 85 249 115 266
phone 0.0052 101 9 160 57
phone 0.0052 24 18 53 78
phone 0.0052 39 34 68 93
phone 0.0051 146 0 176 47
phone 0.0051 300 0 330 47
phone 0.0051 39 80 68 139
phone 0.0051 316 24 376 72
phone 0.0051 285 65 315 123
phone 0.0051 54 265 84 266
phone 0.0051 23 126 53 185
phone 0.0051 54 141 84 201
phone 0.0051 23 157 53 216
phone 0.0051 191 61 200 74
phone 0.0051 54 40 114 88
phone 0.0051 376 248 399 266
phone 0.0051 116 218 145 266
phone 0.0051 315 0 377 105
phone 0.0051 23 95 53 154
phone 0.0051 254 0 284 47
phone 0.0051 299 206 362 266
phone 0.0051 316 157 345 216
phone 0.0051 347 18 376 78
phone 0.0051 208 264 238 266
phone 0.0051 362 264 392 266
phone 0.0051 54 34 84 93
phone 0.0051 270 0 299 47
phone 0.0051 54 203 84 262
phone 0.0051 53 129 116 244
phone 0.0050 100 55 161 103
phone 0.0050 239 249 268 266
phone 0.0050 70 249 99 266
phone 0.0050 376 0 399 1
phone 0.0050 0 19 41 139
phone 0.0050 23 265 53 266
phone 0.0050 192 3 223 62
phone 0.0050 53 6 116 121
phone 0.0050 285 0 315 47
phone 0.0050 23 65 53 124
phone 0.0050 39 265 68 266
phone 0.0050 100 218 130 266
phone 0.0050 0 96 41 216
phone 0.0050 115 24 176 72
phone 0.0050 70 203 99 262
phone 0.0050 331 40 391 88
phone 0.0050 70 18 99 78
phone 0.0050 285 203 315 262
phone 0.0050 115 0 146 1
phone 0.0050 130 0 161 1
phone 0.0050 210 6 227 37
