phone 0.8210 51 65 343 248
phone 0.0440 98 24 307 208
phone 0.0403 88 124 251 242
phone 0.0288 143 91 305 266
phone 0.0257 72 138 153 245
phone 0.0231 89 82 202 230
phone 0.0196 244 45 339 165
phone 0.0183 38 97 121 238
phone 0.0182 204 50 307 169
phone 0.0170 59 69 170 210
phone 0.0167 10 135 82 251
phone 0.0136 129 66 253 215
phone 0.0129 29 143 139 261
phone 0.0125 40 0 244 234
phone 0.0123 103 135 188 208
phone 0.0119 52 0 169 172
phone 0.0119 146 140 237 203
phone 0.0114 276 49 374 156
phone 0.0114 195 10 281 179
phone 0.0112 96 164 174 266
phone 0.0112 215 77 322 203
phone 0.0110 108 141 214 263
phone 0.0110 177 125 268 187
phone 0.0109 100 26 191 194
phone 0.0109 247 96 333 228
phone 0.0108 7 80 86 189
phone 0.0104 118 156 204 218
phone 0.0102 208 124 299 249
phone 0.0102 176 140 270 263
phone 0.0101 146 156 238 266
phone 0.0101 278 0 370 107
phone 0.0099 251 0 337 115
phone 0.0098 247 80 321 140
phone 0.0097 30 4 128 205
phone 0.0097 0 0 39 1
phone 0.0097 0 263 41 266
phone 0.0096 18 170 89 234
phone 0.0096 36 117 102 195
phone 0.0094 32 188 105 247
phone 0.0094 40 160 128 214
phone 0.0091 193 108 283 174
phone 0.0090 89 117 171 195
phone 0.0089 117 113 204 200
phone 0.0088 234 63 303 126
phone 0.0088 250 124 318 188
phone 0.0087 48 204 120 261
phone 0.0087 233 139 304 203
phone 0.0086 37 157 70 216
phone 0.0086 0 104 49 225
phone 0.0084 237 13 301 145
phone 0.0083 218 155 289 218
phone 0.0083 203 171 273 233
phone 0.0083 168 155 247 218
phone 0.0083 104 172 187 233
phone 0.0083 59 139 140 204
phone 0.0082 156 187 228 248
phone 0.0082 134 0 270 170
phone 0.0082 229 110 308 171
phone 0.0081 267 82 301 138
phone 0.0080 198 140 278 203
phone 0.0079 110 204 181 262
phone 0.0079 137 171 216 233
phone 0.0079 122 188 200 247
phone 0.0078 52 188 85 246
phone 0.0077 51 127 86 185
phone 0.0077 80 202 150 264
phone 0.0076 67 86 132 165
phone 0.0076 208 38 268 89
phone 0.0075 174 144 209 199
phone 0.0075 267 127 301 184
phone 0.0075 67 204 100 262
phone 0.0075 37 188 69 247
phone 0.0075 80 36 150 183
phone 0.0074 61 169 138 236
phone 0.0074 128 160 162 214
phone 0.0074 113 159 147 214
phone 0.0074 162 100 252 182
phone 0.0074 0 14 58 124
phone 0.0073 98 158 132 215
phone 0.0073 226 46 281 113
phone 0.0073 100 54 161 105
phone 0.0073 145 205 208 261
phone 0.0073 252 50 286 107
phone 0.0073 143 160 178 214
phone 0.0073 38 86 100 134
phone 0.0073 100 19 161 138
phone 0.0073 223 34 254 92
phone 0.0073 122 0 224 124
phone 0.0072 252 143 285 200
phone 0.0072 38 52 100 167
phone 0.0072 177 39 238 89
phone 0.0071 52 158 85 215
phone 0.0071 189 144 224 199
phone 0.0071 176 4 239 123
phone 0.0070 221 173 254 231
phone 0.0070 115 50 146 108
phone 0.0070 67 160 101 214
phone 0.0070 191 188 255 247
phone 0.0069 159 159 193 214
phone 0.0069 68 70 131 119
phone 0.0069 236 158 270 215
phone 0.0069 238 35 269 92
phone 0.0069 54 80 84 139
phone 0.0069 146 39 207 88
phone 0.0069 100 49 130 108
phone 0.0069 204 129 240 183
phone 0.0069 175 189 208 246
phone 0.0068 53 37 115 152
phone 0.0068 192 34 223 92
phone 0.0068 271 91 329 159
phone 0.0068 22 101 85 149
phone 0.0067 207 34 238 92
phone 0.0067 7 117 70 164
phone 0.0067 37 126 70 186
phone 0.0067 101 223 160 266
phone 0.0067 0 0 41 32
phone 0.0067 205 174 239 230
phone 0.0067 115 40 177 88
phone 0.0066 84 65 115 123
phone 0.0066 66 111 102 170
phone 0.0066 98 204 131 262
phone 0.0066 178 207 236 258
phone 0.0066 69 65 99 124
phone 0.0066 177 34 207 92
phone 0.0065 146 34 176 92
phone 0.0065 161 34 192 92
phone 0.0065 255 54 314 105
phone 0.0065 113 189 147 246
phone 0.0064 192 24 253 72
phone 0.0064 159 189 193 246
phone 0.0064 38 96 69 154
phone 0.0064 69 21 131 136
phone 0.0064 85 40 145 88
phone 0.0064 283 80 316 139
phone 0.0063 23 111 53 170
phone 0.0063 108 84 183 167
phone 0.0063 131 34 161 93
phone 0.0063 82 159 116 214
phone 0.0063 225 193 281 242
phone 0.0063 190 174 224 230
phone 0.0063 7 146 70 197
phone 0.0063 330 265 393 266
phone 0.0063 82 96 117 154
phone 0.0063 84 6 146 121
phone 0.0063 144 189 178 246
phone 0.0063 220 129 255 183
phone 0.0063 54 55 115 103
phone 0.0063 69 222 130 266
phone 0.0063 162 24 222 72
phone 0.0062 23 207 84 258
phone 0.0062 251 113 286 168
phone 0.0062 270 194 329 241
phone 0.0062 239 40 299 88
phone 0.0062 270 24 329 72
phone 0.0062 269 50 300 107
phone 0.0062 131 24 191 72
phone 0.0062 316 132 376 180
phone 0.0062 301 86 360 134
phone 0.0062 7 193 69 242
phone 0.0062 316 55 376 103
phone 0.0062 280 111 361 214
phone 0.0062 268 161 331 266
phone 0.0062 272 66 328 123
phone 0.0061 22 172 54 232
phone 0.0061 285 178 345 226
phone 0.0061 251 83 286 137
phone 0.0061 301 148 360 195
phone 0.0061 116 56 175 133
phone 0.0061 314 99 377 212
phone 0.0061 23 71 84 118
phone 0.0061 315 22 377 136
phone 0.0061 301 40 360 88
phone 0.0061 128 190 162 245
phone 0.0061 362 54 399 165
phone 0.0061 240 176 297 228
phone 0.0061 361 85 399 134
phone 0.0061 22 141 53 201
phone 0.0061 8 86 68 134
phone 0.0061 115 218 146 266
phone 0.0060 223 24 284 72
phone 0.0060 224 225 283 266
phone 0.0060 22 37 85 151
phone 0.0060 130 223 193 266
phone 0.0060 316 24 376 72
phone 0.0060 208 203 238 263
phone 0.0060 193 202 222 263
phone 0.0060 285 188 315 247
phone 0.0060 361 55 399 104
phone 0.0059 256 161 313 212
phone 0.0059 315 80 346 139
phone 0.0059 100 24 160 72
phone 0.0059 331 71 391 118
phone 0.0059 285 18 315 78
phone 0.0059 236 128 270 183
phone 0.0059 362 7 399 119
phone 0.0059 331 148 391 195
phone 0.0059 361 116 399 165
phone 0.0059 331 126 361 185
phone 0.0059 272 146 327 197
phone 0.0059 193 240 253 266
phone 0.0059 316 101 376 149
phone 0.0059 331 49 361 108
phone 0.0059 253 265 316 266
phone 0.0059 131 256 191 266
phone 0.0059 315 265 378 266
phone 0.0059 287 133 320 156
phone 0.0058 300 172 330 231
phone 0.0058 330 37 393 151
phone 0.0058 239 187 268 248
phone 0.0058 268 265 331 266
phone 0.0058 82 189 116 246
phone 0.0058 316 142 345 201
phone 0.0058 331 40 391 88
phone 0.0058 254 209 314 257
phone 0.0058 208 9 268 57
phone 0.0058 284 265 347 266
phone 0.0058 39 65 69 124
phone 0.0058 330 114 393 228
phone 0.0058 177 9 237 57
phone 0.0058 316 34 345 93
phone 0.0058 300 9 360 57
phone 0.0058 331 117 391 164
phone 0.0058 54 49 84 108
phone 0.0058 331 9 391 57
phone 0.0058 300 18 330 78
phone 0.0058 23 80 53 139
phone 0.0058 8 55 68 103
phone 0.0058 161 237 223 266
phone 0.0058 85 34 115 93
phone 0.0058 362 100 399 211
phone 0.0057 39 40 99 88
phone 0.0057 296 129 311 160
phone 0.0057 254 9 314 57
phone 0.0057 0 0 40 77
phone 0.0057 209 209 267 257
phone 0.0057 299 138 308 151
phone 0.0057 238 219 269 266
phone 0.0057 131 218 161 266
phone 0.0057 330 0 393 105
phone 0.0057 8 225 68 266
phone 0.0057 132 10 192 147
phone 0.0057 147 9 207 57
phone 0.0057 361 24 399 73
phone 0.0057 157 206 173 237
phone 0.0057 0 234 41 266
phone 0.0057 270 18 299 78
phone 0.0057 149 210 181 233
phone 0.0057 331 18 361 78
phone 0.0057 347 49 376 108
phone 0.0057 130 249 161 266
phone 0.0057 364 262 399 266
phone 0.0057 38 6 100 121
phone 0.0057 360 147 399 196
phone 0.0057 316 163 376 210
phone 0.0057 346 80 376 139
phone 0.0057 362 238 399 266
phone 0.0057 361 0 399 42
phone 0.0057 346 141 376 201
phone 0.0056 146 249 177 266
phone 0.0056 331 80 361 139
phone 0.0056 22 237 85 266
phone 0.0056 161 253 223 266
phone 0.0056 116 18 145 78
phone 0.0056 85 218 115 266
phone 0.0056 285 55 345 103
phone 0.0056 22 253 85 266
phone 0.0056 0 65 41 185
phone 0.0056 70 24 130 72
phone 0.0056 23 218 53 266
phone 0.0056 192 234 223 266
phone 0.0056 207 234 238 266
phone 0.0056 254 172 284 232
phone 0.0056 97 80 132 139
phone 0.0056 283 21 347 136
phone 0.0056 285 49 315 108
phone 0.0056 254 18 284 77
phone 0.0056 207 253 269 266
phone 0.0056 297 67 363 183
phone 0.0056 269 203 299 262
phone 0.0056 285 142 315 201
phone 0.0056 99 253 162 266
phone 0.0056 346 18 376 78
phone 0.0056 361 254 399 266
phone 0.0056 377 79 399 140
phone 0.0056 114 238 177 266
phone 0.0056 316 0 376 42
phone 0.0055 53 253 116 266
phone 0.0055 238 237 300 266
phone 0.0055 346 111 376 170
phone 0.0055 177 265 207 266
phone 0.0055 70 34 99 93
phone 0.0055 208 3 238 62
phone 0.0055 116 9 176 57
phone 0.0055 192 265 223 266
phone 0.0055 331 179 391 226
phone 0.0055 223 3 253 62
phone 0.0055 0 0 36 11
phone 0.0055 316 3 345 62
phone 0.0055 193 3 222 62
phone 0.0055 161 265 192 266
phone 0.0055 361 0 399 11
phone 0.0055 147 218 176 266
phone 0.0055 269 157 299 216
phone 0.0055 177 3 207 62
phone 0.0055 314 145 377 259
phone 0.0055 100 18 130 78
phone 0.0055 208 265 238 266
phone 0.0055 0 164 54 210
phone 0.0055 38 264 69 266
phone 0.0055 346 102 399 149
phone 0.0055 362 146 399 257
phone 0.0055 377 48 399 109
phone 0.0055 23 49 53 108
phone 0.0055 316 194 376 241
phone 0.0055 0 102 53 149
phone 0.0054 146 265 177 266
phone 0.0054 239 3 268 62
phone 0.0054 360 178 399 226
phone 0.0054 238 253 300 266
phone 0.0054 23 264 53 266
phone 0.0054 111 80 149 139
phone 0.0054 223 265 253 266
phone 0.0054 224 203 253 263
phone 0.0054 162 3 192 62
phone 0.0054 331 157 361 216
phone 0.0054 330 237 393 266
phone 0.0054 0 132 54 180
phone 0.0054 160 215 170 228
phone 0.0054 316 0 376 11
phone 0.0054 0 71 53 118
phone 0.0054 161 249 192 266
phone 0.0054 7 142 38 200
phone 0.0054 376 110 399 171
phone 0.0054 83 238 147 266
phone 0.0054 8 24 68 72
phone 0.0054 0 0 22 47
phone 0.0054 0 0 23 1
phone 0.0054 239 265 269 266
phone 0.0054 300 50 330 108
phone 0.0054 38 218 69 266
phone 0.0054 0 0 22 16
phone 0.0054 131 265 161 266
phone 0.0054 331 0 391 26
phone 0.0054 285 0 345 42
phone 0.0054 85 9 145 57
phone 0.0054 346 133 399 180
phone 0.0053 268 237 331 266
phone 0.0053 147 3 176 62
phone 0.0053 300 209 361 257
phone 0.0053 346 0 376 47
phone 0.0053 54 264 84 266
phone 0.0053 0 40 36 88
phone 0.0053 0 86 36 134
phone 0.0053 39 34 68 93
phone 0.0053 7 0 70 29
phone 0.0053 54 234 84 266
phone 0.0053 254 265 284 266
phone 0.0053 237 192 300 266
phone 0.0053 331 255 391 266
phone 0.0053 346 172 376 231
phone 0.0053 361 208 399 257
phone 0.0053 316 224 376 266
phone 0.0053 300 141 330 201
phone 0.0053 315 173 346 231
phone 0.0053 177 249 207 266
phone 0.0053 133 49 190 109
phone 0.0053 0 188 41 266
phone 0.0053 301 117 360 165
phone 0.0053 0 9 53 57
phone 0.0053 377 18 399 78
phone 0.0053 331 0 361 47
phone 0.0053 8 0 68 11
phone 0.0053 346 264 376 266
phone 0.0053 268 253 331 266
phone 0.0053 362 95 392 155
phone 0.0053 300 0 360 26
phone 0.0053 131 3 161 62
phone 0.0052 7 173 38 231
phone 0.0052 376 264 399 266
phone 0.0052 0 116 36 165
phone 0.0052 39 9 99 57
phone 0.0052 362 64 392 124
phone 0.0052 53 238 116 266
phone 0.0052 269 265 299 266
phone 0.0052 331 209 391 257
phone 0.0052 285 0 345 11
phone 0.0052 0 18 22 78
phone 0.0052 115 249 146 266
phone 0.0052 346 163 399 210
phone 0.0052 254 203 284 262
phone 0.0052 285 225 345 266
phone 0.0052 331 188 361 247
phone 0.0052 376 141 399 201
phone 0.0052 162 0 222 42
phone 0.0052 115 265 146 266
phone 0.0052 8 96 38 154
phone 0.0052 346 0 376 16
phone 0.0052 300 240 361 266
phone 0.0052 0 49 22 108
phone 0.0052 131 0 191 42
phone 0.0052 376 248 399 266
phone 0.0052 54 18 84 77
phone 0.0052 53 0 116 90
phone 0.0052 193 0 253 42
phone 0.0052 22 0 85 90
phone 0.0052 239 0 299 42
phone 0.0052 0 95 23 155
phone 0.0052 362 126 392 185
phone 0.0052 111 128 149 184
phone 0.0051 223 234 254 266
phone 0.0051 331 0 361 16
phone 0.0051 96 128 133 184
phone 0.0051 268 0 332 28
phone 0.0051 0 264 23 266
phone 0.0051 39 0 99 11
phone 0.0051 285 265 315 266
phone 0.0051 145 53 208 137
phone 0.0051 190 49 255 140
phone 0.0051 254 0 314 11
phone 0.0051 8 65 38 123
phone 0.0051 100 0 160 42
phone 0.0051 114 0 178 28
phone 0.0051 23 0 83 42
phone 0.0051 83 0 147 28
phone 0.0051 85 0 145 11
phone 0.0051 239 249 269 266
phone 0.0051 145 0 208 28
phone 0.0051 362 34 392 93
phone 0.0051 376 0 399 17
phone 0.0051 222 0 285 28
phone 0.0051 300 255 361 266
phone 0.0051 116 0 176 11
phone 0.0051 23 18 53 77
phone 0.0051 176 0 239 28
phone 0.0051 300 0 330 47
phone 0.0051 147 0 207 11
phone 0.0051 315 111 346 169
phone 0.0051 53 0 116 28
phone 0.0051 346 249 376 266
phone 0.0051 316 203 346 262
phone 0.0051 23 249 53 266
phone 0.0051 125 65 197 155
phone 0.0051 69 265 100 266
phone 0.0051 178 218 207 266
phone 0.0051 70 0 130 42
phone 0.0051 223 0 283 11
phone 0.0050 177 0 237 11
phone 0.0050 254 249 284 266
phone 0.0050 316 0 345 16
phone 0.0050 164 47 220 111
phone 0.0050 331 265 361 266
phone 0.0050 362 264 392 266
phone 0.0050 37 223 100 266
phone 0.0050 100 265 131 266
phone 0.0050 331 218 361 266
phone 0.0050 285 0 315 47
phone 0.0050 300 265 330 266
phone 0.0050 376 172 399 232
phone 0.0050 346 218 376 266
phone 0.0050 125 127 166 185
phone 0.0050 362 157 392 216
phone 0.0050 0 255 36 266
phone 0.0050 85 3 115 62
