phone 0.8406 60 22 341 289
phone 0.0768 108 64 291 245
phone 0.0573 74 57 221 264
phone 0.0465 111 140 283 283
phone 0.0431 159 37 344 217
phone 0.0343 92 150 192 281
phone 0.0332 131 19 279 188
phone 0.0234 181 95 331 272
phone 0.0227 68 72 156 244
phone 0.0222 158 189 236 302
phone 0.0214 103 185 174 304
phone 0.0169 182 23 293 152
phone 0.0153 223 8 315 135
phone 0.0150 244 86 330 222
phone 0.0148 168 0 248 151
phone 0.0146 40 86 128 211
phone 0.0142 281 69 366 180
phone 0.0138 128 61 225 205
phone 0.0135 26 161 112 290
phone 0.0128 50 6 164 185
phone 0.0126 40 192 128 313
phone 0.0125 240 25 328 180
phone 0.0124 100 92 192 235
phone 0.0123 189 78 287 220
phone 0.0120 234 41 303 102
phone 0.0120 180 72 265 133
phone 0.0117 162 33 222 110
phone 0.0117 128 209 225 313
phone 0.0115 90 26 191 172
phone 0.0113 206 132 301 257
phone 0.0112 38 128 131 261
phone 0.0112 210 44 297 191
phone 0.0111 175 162 270 288
phone 0.0110 48 118 120 179
phone 0.0110 197 55 279 120
phone 0.0108 138 18 216 156
phone 0.0106 166 87 248 149
phone 0.0105 34 194 104 257
phone 0.0105 168 118 277 241
phone 0.0105 252 50 316 124
phone 0.0103 175 42 209 101
phone 0.0103 68 209 162 313
phone 0.0102 80 170 142 313
phone 0.0100 0 0 39 24
phone 0.0099 34 163 103 227
phone 0.0097 49 227 120 286
phone 0.0096 0 286 41 313
phone 0.0096 139 98 244 230
phone 0.0094 145 49 208 125
phone 0.0093 62 102 137 165
phone 0.0092 226 164 292 273
phone 0.0092 150 103 233 164
phone 0.0092 78 86 152 150
phone 0.0091 264 118 335 180
phone 0.0091 63 243 136 301
phone 0.0091 112 85 180 151
phone 0.0090 67 120 100 177
phone 0.0090 97 99 163 168
phone 0.0090 281 88 348 148
phone 0.0089 128 68 194 137
phone 0.0089 32 14 187 295
phone 0.0089 48 149 120 210
phone 0.0088 52 196 85 255
phone 0.0088 256 131 321 243
phone 0.0088 139 243 214 300
phone 0.0087 218 67 288 138
phone 0.0087 267 58 301 116
phone 0.0087 94 70 166 135
phone 0.0086 216 165 291 225
phone 0.0086 202 84 274 153
phone 0.0086 80 116 150 181
phone 0.0085 242 105 326 162
phone 0.0085 61 135 138 193
phone 0.0085 251 59 286 116
phone 0.0085 186 195 260 256
phone 0.0085 226 121 312 177
phone 0.0085 92 193 168 258
phone 0.0085 252 27 285 85
phone 0.0084 197 134 279 195
phone 0.0084 268 7 332 136
phone 0.0084 232 148 305 211
phone 0.0084 0 66 60 181
phone 0.0084 171 209 243 273
phone 0.0083 201 180 275 241
phone 0.0083 108 145 184 215
phone 0.0082 205 75 240 130
phone 0.0082 52 166 85 224
phone 0.0082 46 180 123 241
phone 0.0082 157 61 226 145
phone 0.0082 159 58 193 116
phone 0.0082 61 211 139 271
phone 0.0082 195 0 273 114
phone 0.0082 268 146 332 212
phone 0.0081 271 42 328 101
phone 0.0080 280 0 371 127
phone 0.0080 165 182 249 239
phone 0.0080 144 58 177 116
phone 0.0080 191 224 255 289
phone 0.0079 223 24 283 90
phone 0.0079 123 226 199 287
phone 0.0079 362 0 399 21
phone 0.0079 136 116 217 182
phone 0.0079 264 71 335 135
phone 0.0079 94 240 167 304
phone 0.0078 179 167 266 223
phone 0.0078 187 99 258 168
phone 0.0078 282 120 316 177
phone 0.0077 190 91 224 145
phone 0.0077 128 89 162 147
phone 0.0077 113 104 147 162
phone 0.0077 108 209 184 274
phone 0.0076 130 259 193 313
phone 0.0076 82 105 116 162
phone 0.0076 206 208 270 273
phone 0.0076 298 105 331 162
phone 0.0076 121 130 201 198
phone 0.0075 151 197 233 255
phone 0.0075 220 75 255 130
phone 0.0075 67 151 101 208
phone 0.0075 255 30 313 83
phone 0.0075 98 89 131 146
phone 0.0075 169 115 245 183
phone 0.0074 67 212 101 269
phone 0.0074 236 181 270 239
phone 0.0074 178 22 236 91
phone 0.0073 98 120 131 177
phone 0.0073 97 125 163 203
phone 0.0073 236 60 270 115
phone 0.0073 159 243 193 300
phone 0.0073 221 197 254 254
phone 0.0072 298 74 331 131
phone 0.0072 55 54 114 181
phone 0.0072 153 131 231 197
phone 0.0072 82 136 116 192
phone 0.0072 113 74 147 131
phone 0.0071 217 95 290 172
phone 0.0071 82 259 148 313
phone 0.0071 267 135 301 193
phone 0.0071 153 162 231 228
phone 0.0071 234 78 304 159
phone 0.0071 252 151 285 208
phone 0.0071 205 197 239 254
phone 0.0071 190 212 224 269
phone 0.0070 55 89 114 147
phone 0.0070 38 79 100 126
phone 0.0070 8 128 81 246
phone 0.0070 169 145 246 215
phone 0.0070 105 178 186 243
phone 0.0069 68 48 131 96
phone 0.0069 38 45 100 159
phone 0.0069 331 110 391 157
phone 0.0069 53 63 115 111
phone 0.0069 84 32 146 80
phone 0.0069 69 14 131 129
phone 0.0069 113 106 179 191
phone 0.0068 120 195 202 256
phone 0.0068 136 147 216 212
phone 0.0068 36 134 102 194
phone 0.0068 162 261 222 313
phone 0.0068 328 76 394 190
phone 0.0068 84 0 146 113
phone 0.0068 100 17 161 65
phone 0.0068 175 243 208 300
phone 0.0068 189 42 225 101
phone 0.0068 22 110 85 157
phone 0.0068 120 163 202 227
phone 0.0068 144 243 178 300
phone 0.0068 267 165 300 224
phone 0.0068 94 158 167 232
phone 0.0068 174 106 209 161
phone 0.0067 136 179 217 242
phone 0.0067 113 213 147 269
phone 0.0067 67 182 101 238
phone 0.0067 82 213 116 269
phone 0.0067 23 76 84 190
phone 0.0067 282 58 316 116
phone 0.0067 65 160 134 230
phone 0.0067 129 58 162 116
phone 0.0067 346 103 376 162
phone 0.0066 54 73 84 132
phone 0.0066 80 174 150 246
phone 0.0066 113 243 147 300
phone 0.0066 98 212 131 269
phone 0.0066 103 268 119 299
phone 0.0066 95 272 127 295
phone 0.0066 85 42 115 101
phone 0.0066 0 0 41 55
phone 0.0066 53 103 85 163
phone 0.0066 6 171 70 219
phone 0.0065 100 27 130 85
phone 0.0065 69 57 99 116
phone 0.0065 68 242 100 301
phone 0.0065 70 73 129 133
phone 0.0065 131 2 191 50
phone 0.0065 23 63 84 111
phone 0.0065 236 152 270 207
phone 0.0065 116 11 145 70
phone 0.0064 84 257 115 313
phone 0.0064 330 289 393 313
phone 0.0064 267 106 301 161
phone 0.0064 38 104 69 162
phone 0.0064 39 48 99 96
phone 0.0064 22 30 85 144
phone 0.0064 316 17 376 65
phone 0.0064 54 33 114 80
phone 0.0064 69 17 130 65
phone 0.0064 115 0 177 82
phone 0.0064 251 121 285 176
phone 0.0064 316 79 375 127
phone 0.0064 221 167 255 223
phone 0.0064 21 180 86 240
phone 0.0064 8 94 68 142
phone 0.0064 39 73 69 132
phone 0.0063 23 165 53 224
phone 0.0063 81 143 149 216
phone 0.0063 53 0 116 113
phone 0.0063 38 231 100 313
phone 0.0063 85 2 145 50
phone 0.0063 313 44 379 161
phone 0.0063 143 89 178 147
phone 0.0063 7 183 69 298
phone 0.0063 106 277 116 290
phone 0.0063 165 268 181 299
phone 0.0063 255 233 314 280
phone 0.0063 285 2 345 50
phone 0.0063 157 272 189 295
phone 0.0063 331 33 391 80
phone 0.0062 205 105 240 161
phone 0.0062 129 243 162 300
phone 0.0062 220 136 255 192
phone 0.0062 68 289 132 313
phone 0.0062 268 184 331 297
phone 0.0062 330 0 393 113
phone 0.0062 0 164 41 287
phone 0.0062 127 91 195 176
phone 0.0062 192 0 253 21
phone 0.0062 253 200 316 313
phone 0.0062 146 0 176 55
phone 0.0062 175 213 208 269
phone 0.0062 331 73 361 132
phone 0.0062 7 125 69 173
phone 0.0062 270 217 329 265
phone 0.0061 128 151 163 208
phone 0.0061 278 96 353 232
phone 0.0061 7 217 69 265
phone 0.0061 131 0 161 55
phone 0.0061 161 0 222 21
phone 0.0061 22 289 86 313
phone 0.0061 146 0 207 34
phone 0.0061 315 0 376 21
phone 0.0061 254 0 314 34
phone 0.0061 299 0 362 83
phone 0.0061 54 42 84 101
phone 0.0061 8 48 68 96
phone 0.0061 54 257 84 313
phone 0.0061 53 227 85 286
phone 0.0061 331 11 361 70
phone 0.0061 146 17 207 65
phone 0.0061 23 33 84 80
phone 0.0061 190 183 224 238
phone 0.0061 69 27 99 86
phone 0.0061 223 0 284 21
phone 0.0061 23 88 53 147
phone 0.0061 130 0 192 21
phone 0.0061 116 0 176 34
phone 0.0061 205 27 240 86
phone 0.0061 207 246 270 313
phone 0.0061 23 152 85 207
phone 0.0061 85 11 115 70
phone 0.0061 316 171 375 219
phone 0.0061 237 12 270 69
phone 0.0061 177 0 237 34
phone 0.0060 331 2 391 50
phone 0.0060 7 15 69 128
phone 0.0060 23 211 54 271
phone 0.0060 268 0 331 67
phone 0.0060 39 17 99 65
phone 0.0060 161 2 223 50
phone 0.0060 316 11 345 70
phone 0.0060 346 26 376 86
phone 0.0060 284 0 346 21
phone 0.0060 39 42 69 101
phone 0.0060 192 2 253 50
phone 0.0060 314 138 377 251
phone 0.0060 128 213 162 269
phone 0.0060 100 0 130 55
phone 0.0060 239 248 298 296
phone 0.0060 300 0 330 55
phone 0.0059 253 289 316 313
phone 0.0059 331 63 391 111
phone 0.0059 269 227 299 286
phone 0.0059 23 57 53 116
phone 0.0059 100 0 161 21
phone 0.0059 113 135 147 193
phone 0.0059 362 0 399 81
phone 0.0059 361 63 399 112
phone 0.0059 362 31 399 142
phone 0.0059 54 2 114 50
phone 0.0059 284 289 347 313
phone 0.0059 193 257 222 313
phone 0.0059 117 278 175 313
phone 0.0059 361 139 399 189
phone 0.0059 284 168 346 282
phone 0.0059 23 119 53 178
phone 0.0059 190 121 224 176
phone 0.0059 300 0 360 34
phone 0.0059 8 17 68 65
phone 0.0059 205 168 239 222
phone 0.0059 131 43 192 101
phone 0.0059 285 211 315 270
phone 0.0059 362 107 399 220
phone 0.0059 331 165 361 224
phone 0.0059 208 0 268 34
phone 0.0058 239 310 299 313
phone 0.0058 23 310 84 313
phone 0.0058 236 121 270 176
phone 0.0058 239 16 299 66
phone 0.0058 162 0 192 55
phone 0.0058 191 289 255 313
phone 0.0058 223 273 253 313
phone 0.0058 331 141 391 188
phone 0.0058 235 89 271 147
phone 0.0058 316 48 376 96
phone 0.0058 0 42 41 162
phone 0.0058 86 58 144 117
phone 0.0058 239 294 299 313
phone 0.0058 270 0 299 39
phone 0.0058 361 93 399 142
phone 0.0058 286 202 344 249
phone 0.0058 98 289 163 313
phone 0.0058 69 0 130 34
phone 0.0058 285 0 315 40
phone 0.0058 346 0 376 55
phone 0.0058 7 0 69 21
phone 0.0058 168 277 177 290
phone 0.0058 144 213 178 269
phone 0.0057 177 0 207 39
phone 0.0057 224 263 283 311
phone 0.0057 54 280 114 313
phone 0.0057 301 186 360 234
phone 0.0057 252 181 285 240
phone 0.0057 193 0 222 39
phone 0.0057 8 294 68 313
phone 0.0057 116 0 145 39
phone 0.0057 174 182 208 238
phone 0.0057 287 170 343 220
phone 0.0057 364 285 399 313
phone 0.0057 130 27 161 85
phone 0.0057 69 272 99 313
phone 0.0057 54 11 84 70
phone 0.0057 299 153 362 267
phone 0.0057 38 0 99 21
phone 0.0057 222 212 285 313
phone 0.0057 346 57 376 116
phone 0.0057 22 261 85 313
phone 0.0057 223 0 253 54
phone 0.0057 23 27 53 86
phone 0.0057 178 295 237 313
phone 0.0057 254 242 284 301
phone 0.0057 0 242 41 313
phone 0.0057 208 0 238 54
phone 0.0056 269 310 330 313
phone 0.0056 23 2 84 50
phone 0.0056 329 123 393 235
phone 0.0056 82 182 116 239
phone 0.0056 159 121 193 176
phone 0.0056 222 0 285 52
phone 0.0056 346 134 376 193
phone 0.0056 0 64 53 111
phone 0.0056 285 33 345 80
phone 0.0056 0 110 53 157
phone 0.0056 346 17 399 65
phone 0.0056 39 303 69 313
phone 0.0056 0 33 53 80
phone 0.0056 70 0 99 55
phone 0.0056 176 12 208 69
phone 0.0056 39 11 68 70
phone 0.0056 268 277 331 313
phone 0.0056 254 303 284 313
phone 0.0056 239 242 269 301
phone 0.0056 316 165 345 224
phone 0.0056 361 103 392 163
phone 0.0056 316 0 345 39
phone 0.0056 37 165 70 225
phone 0.0055 208 310 268 313
phone 0.0055 346 79 399 126
phone 0.0055 285 131 345 197
phone 0.0055 331 42 361 101
phone 0.0055 54 303 84 313
phone 0.0055 300 196 330 255
phone 0.0055 39 288 69 313
phone 0.0055 173 73 210 132
phone 0.0055 346 125 399 172
phone 0.0055 301 62 360 112
phone 0.0055 254 288 284 313
phone 0.0055 300 233 361 280
phone 0.0055 160 289 224 313
phone 0.0055 239 303 269 313
phone 0.0055 254 0 284 39
phone 0.0055 0 0 22 40
phone 0.0055 85 0 115 39
phone 0.0055 159 213 193 269
phone 0.0055 174 136 209 192
phone 0.0055 192 288 223 313
phone 0.0055 269 303 299 313
phone 0.0055 39 295 99 313
phone 0.0055 346 165 376 224
phone 0.0055 191 261 254 313
phone 0.0055 23 303 53 313
phone 0.0055 223 242 253 302
phone 0.0055 23 288 53 313
phone 0.0055 285 248 345 296
phone 0.0055 331 0 361 39
phone 0.0055 0 201 36 250
phone 0.0055 315 73 346 132
phone 0.0055 143 152 178 207
phone 0.0055 316 248 376 296
phone 0.0055 220 27 256 85
phone 0.0054 331 187 392 234
phone 0.0054 376 0 399 56
phone 0.0054 299 199 362 313
phone 0.0054 300 165 330 225
phone 0.0054 220 104 256 162
phone 0.0054 362 246 399 313
phone 0.0054 272 186 327 235
phone 0.0054 316 294 376 313
phone 0.0054 0 78 36 127
phone 0.0054 131 272 161 313
phone 0.0054 331 310 391 313
phone 0.0054 330 260 393 313
phone 0.0054 315 42 346 101
phone 0.0054 316 217 376 265
phone 0.0054 8 88 38 147
phone 0.0054 0 0 35 4
phone 0.0054 239 0 269 39
phone 0.0054 0 0 22 9
phone 0.0054 116 310 176 313
phone 0.0054 113 182 147 239
phone 0.0054 130 0 211 105
phone 0.0054 0 48 36 96
phone 0.0054 376 41 399 102
phone 0.0054 23 0 53 55
phone 0.0054 37 196 70 255
phone 0.0054 208 295 268 313
phone 0.0054 238 273 269 313
phone 0.0054 129 289 194 313
phone 0.0054 376 118 399 179
phone 0.0054 285 303 315 313
phone 0.0054 346 48 399 96
phone 0.0054 362 154 399 265
phone 0.0054 362 72 392 132
phone 0.0054 300 310 361 313
phone 0.0054 314 184 377 297
phone 0.0054 269 288 299 313
phone 0.0054 54 310 114 313
phone 0.0054 361 170 399 220
phone 0.0054 331 233 391 280
phone 0.0054 329 169 393 282
phone 0.0054 98 150 132 208
phone 0.0053 0 88 41 209
phone 0.0053 8 58 38 116
phone 0.0053 0 11 22 70
phone 0.0053 300 263 361 311
phone 0.0053 376 72 399 133
phone 0.0053 0 141 53 188
phone 0.0053 223 304 253 313
phone 0.0053 300 27 330 85
phone 0.0053 54 288 84 313
phone 0.0053 131 304 161 313
phone 0.0053 346 0 399 34
phone 0.0053 361 201 399 250
phone 0.0053 254 264 314 311
phone 0.0053 8 12 38 70
phone 0.0053 284 27 315 85
phone 0.0053 97 181 132 239
phone 0.0053 207 0 238 24
phone 0.0053 361 232 399 281
phone 0.0053 223 0 254 24
phone 0.0053 0 57 23 117
phone 0.0053 54 0 84 39
phone 0.0053 346 288 376 313
phone 0.0053 101 9 161 134
phone 0.0053 101 44 160 99
phone 0.0052 285 288 315 313
phone 0.0052 316 227 346 286
phone 0.0052 225 231 281 281
phone 0.0052 103 263 134 288
phone 0.0052 346 196 376 255
phone 0.0052 161 0 192 24
phone 0.0052 300 303 330 313
phone 0.0052 0 309 36 313
phone 0.0052 331 227 361 286
phone 0.0052 0 187 54 234
phone 0.0052 69 303 100 313
phone 0.0052 130 0 161 24
phone 0.0052 146 0 177 24
phone 0.0052 346 303 376 313
phone 0.0052 8 119 38 178
phone 0.0052 191 11 224 70
phone 0.0052 300 242 330 301
phone 0.0052 300 288 330 313
phone 0.0052 315 196 346 255
phone 0.0052 362 42 392 101
phone 0.0052 39 0 69 39
phone 0.0052 100 0 131 24
phone 0.0052 8 249 68 295
phone 0.0052 177 288 207 313
phone 0.0052 285 180 315 240
phone 0.0052 0 88 23 147
phone 0.0052 177 310 237 313
phone 0.0052 331 288 361 313
phone 0.0052 346 226 376 286
phone 0.0052 128 183 163 238
phone 0.0052 116 272 145 313
phone 0.0051 38 242 69 301
phone 0.0051 376 149 399 210
phone 0.0051 115 303 146 313
phone 0.0051 146 304 177 313
phone 0.0051 300 0 331 24
phone 0.0051 285 242 315 301
phone 0.0051 86 295 144 313
phone 0.0051 145 278 208 313
phone 0.0051 159 152 193 207
phone 0.0051 147 310 207 313
phone 0.0051 331 303 361 313
phone 0.0051 189 151 224 208
phone 0.0051 23 242 53 301
phone 0.0051 331 257 361 313
phone 0.0051 0 180 23 240
phone 0.0051 316 288 345 313
phone 0.0051 159 183 193 238
phone 0.0051 100 288 130 313
phone 0.0051 316 303 345 313
phone 0.0051 208 273 238 313
phone 0.0051 7 211 38 270
phone 0.0051 331 134 361 193
phone 0.0051 331 196 361 255
phone 0.0051 346 257 376 313
phone 0.0051 208 304 238 313
phone 0.0051 316 257 345 313
phone 0.0051 269 258 299 313
phone 0.0050 145 27 177 85
phone 0.0050 346 156 399 203
phone 0.0050 0 272 23 313
phone 0.0050 69 0 100 24
phone 0.0050 85 310 145 313
phone 0.0050 208 242 238 302
phone 0.0050 302 154 358 205
phone 0.0050 376 272 399 313
phone 0.0050 158 88 195 148
phone 0.0050 134 264 166 288
phone 0.0050 141 260 158 291
phone 0.0050 0 274 65 313
phone 0.0050 0 303 23 313
phone 0.0050 110 259 127 292
