phone 0.9030 154 74 232 220
phone 0.1290 172 98 243 196
phone 0.1014 91 14 307 267
phone 0.0966 166 81 271 245
phone 0.0894 131 54 226 183
phone 0.0806 203 101 316 230
phone 0.0713 163 88 222 175
phone 0.0693 151 33 293 204
phone 0.0689 162 138 240 240
phone 0.0596 92 74 183 202
phone 0.0526 60 80 170 245
phone 0.0482 159 26 244 153
phone 0.0414 205 19 316 156
phone 0.0405 217 41 355 191
phone 0.0376 48 34 173 192
phone 0.0371 134 38 385 243
phone 0.0301 123 164 219 279
phone 0.0266 93 118 197 238
phone 0.0264 90 22 186 147
phone 0.0254 174 166 281 279
phone 0.0242 12 51 205 279
phone 0.0221 230 118 309 268
phone 0.0213 138 127 215 198
phone 0.0209 221 120 286 205
phone 0.0208 186 0 276 121
phone 0.0207 43 142 171 279
phone 0.0194 26 61 133 215
phone 0.0193 232 158 345 279
phone 0.0191 157 114 196 180
phone 0.0170 154 97 320 196
phone 0.0170 157 185 188 209
phone 0.0169 125 0 218 126
phone 0.0168 256 73 386 209
phone 0.0163 165 181 181 213
phone 0.0157 73 120 157 206
phone 0.0154 168 191 177 204
phone 0.0152 32 15 130 149
phone 0.0152 199 195 307 279
phone 0.0145 126 133 165 192
phone 0.0142 238 91 299 203
phone 0.0141 267 22 381 141
phone 0.0140 77 190 153 258
phone 0.0139 157 185 241 279
phone 0.0138 220 63 287 139
phone 0.0136 75 91 155 173
phone 0.0134 183 142 231 214
phone 0.0134 235 131 272 194
phone 0.0130 97 188 178 279
phone 0.0125 218 89 289 174
phone 0.0124 246 144 322 212
phone 0.0124 192 246 264 279
phone 0.0119 202 177 274 240
phone 0.0119 126 102 165 161
phone 0.0118 172 182 188 213
phone 0.0116 274 177 370 279
phone 0.0115 75 151 154 236
phone 0.0111 204 56 272 115
phone 0.0111 246 176 322 241
phone 0.0111 31 0 247 220
phone 0.0110 25 179 113 279
phone 0.0110 176 191 185 204
phone 0.0108 164 242 233 279
phone 0.0107 1 39 100 181
phone 0.0107 110 67 181 136
phone 0.0106 146 63 207 139
phone 0.0105 71 117 270 279
phone 0.0105 66 0 155 123
phone 0.0104 236 0 332 121
phone 0.0103 0 147 71 270
phone 0.0102 245 109 323 185
phone 0.0102 270 114 360 241
phone 0.0102 220 166 287 252
phone 0.0101 132 243 203 279
phone 0.0101 97 196 132 252
phone 0.0101 4 0 90 107
phone 0.0100 221 180 255 237
phone 0.0100 236 71 271 131
phone 0.0099 19 115 119 240
phone 0.0099 110 87 150 146
phone 0.0098 62 174 137 243
phone 0.0098 0 0 39 7
phone 0.0097 0 270 40 279
phone 0.0097 0 33 54 168
phone 0.0096 247 78 321 155
phone 0.0096 108 131 152 195
phone 0.0096 100 247 174 279
phone 0.0095 193 153 283 204
phone 0.0095 216 240 291 279
phone 0.0094 0 100 56 238
phone 0.0094 179 100 399 279
phone 0.0093 185 138 291 188
phone 0.0093 179 50 235 122
phone 0.0092 249 205 319 274
phone 0.0092 219 37 287 103
phone 0.0092 263 224 336 279
phone 0.0091 46 159 122 228
phone 0.0091 204 23 273 86
phone 0.0090 220 3 286 76
phone 0.0090 159 71 193 131
phone 0.0090 248 130 290 195
phone 0.0090 98 0 185 94
phone 0.0089 238 43 299 128
phone 0.0089 121 90 201 143
phone 0.0089 235 162 271 224
phone 0.0089 121 209 200 270
phone 0.0089 186 205 259 274
phone 0.0086 46 126 121 200
phone 0.0086 282 161 348 225
phone 0.0085 49 227 120 279
phone 0.0085 113 212 147 267
phone 0.0085 51 33 117 107
phone 0.0084 266 165 301 222
phone 0.0084 236 212 270 267
phone 0.0083 79 63 151 139
phone 0.0083 279 131 351 194
phone 0.0083 22 48 85 124
phone 0.0083 267 196 301 252
phone 0.0083 220 211 255 267
phone 0.0083 77 224 154 279
phone 0.0083 232 23 305 86
phone 0.0082 118 122 204 173
phone 0.0082 310 56 395 164
phone 0.0081 221 73 254 129
phone 0.0081 281 52 349 119
phone 0.0081 161 46 223 95
phone 0.0081 32 112 106 183
phone 0.0081 98 49 162 122
phone 0.0080 120 181 202 237
phone 0.0080 165 70 196 94
phone 0.0080 61 139 138 217
phone 0.0080 259 195 340 254
phone 0.0080 198 131 246 194
phone 0.0079 157 92 188 118
phone 0.0079 249 161 288 225
phone 0.0079 60 208 139 270
phone 0.0079 192 41 223 99
phone 0.0078 236 242 270 279
phone 0.0078 17 194 90 254
phone 0.0078 30 144 107 212
phone 0.0078 251 212 286 267
phone 0.0078 117 153 205 203
phone 0.0078 177 41 207 99
phone 0.0078 362 0 399 4
phone 0.0078 211 184 241 211
phone 0.0077 145 258 208 279
phone 0.0077 221 10 255 69
phone 0.0077 236 41 270 99
phone 0.0077 69 14 130 65
phone 0.0077 6 56 39 115
phone 0.0077 247 38 321 103
phone 0.0077 162 0 244 91
phone 0.0076 0 180 61 238
phone 0.0076 281 0 368 85
phone 0.0076 282 226 316 279
phone 0.0076 159 147 193 208
phone 0.0075 236 10 270 68
phone 0.0075 251 41 286 99
phone 0.0075 0 0 54 72
phone 0.0075 239 0 298 55
phone 0.0075 127 72 163 130
phone 0.0075 265 134 302 191
phone 0.0074 205 227 239 279
phone 0.0074 223 0 284 34
phone 0.0074 46 95 122 169
phone 0.0074 52 210 85 268
phone 0.0074 220 151 255 205
phone 0.0074 67 244 132 279
phone 0.0074 176 257 239 279
phone 0.0074 128 212 163 267
phone 0.0074 172 66 189 98
phone 0.0074 84 10 115 68
phone 0.0074 45 193 124 255
phone 0.0073 82 181 116 237
phone 0.0073 277 84 352 149
phone 0.0073 190 179 224 238
phone 0.0073 234 100 272 163
phone 0.0073 68 225 100 279
phone 0.0073 185 160 260 226
phone 0.0073 144 227 178 279
phone 0.0072 0 147 61 209
phone 0.0072 298 150 332 206
phone 0.0072 145 156 209 231
phone 0.0072 144 72 177 129
phone 0.0072 218 180 235 214
phone 0.0072 114 241 147 279
phone 0.0072 36 56 70 114
phone 0.0072 66 41 101 99
phone 0.0072 131 58 191 114
phone 0.0072 164 88 181 122
phone 0.0071 159 242 193 279
phone 0.0071 238 0 269 37
phone 0.0071 298 180 332 237
phone 0.0071 156 180 174 214
phone 0.0070 252 6 316 73
phone 0.0070 207 40 239 100
phone 0.0070 282 207 348 272
phone 0.0070 94 102 135 162
phone 0.0070 145 255 177 279
phone 0.0070 0 68 43 134
phone 0.0070 67 165 101 221
phone 0.0070 22 30 85 79
phone 0.0070 298 57 332 114
phone 0.0070 16 161 91 225
phone 0.0070 32 81 105 152
phone 0.0069 0 115 60 179
phone 0.0069 252 242 285 279
phone 0.0069 143 196 178 252
phone 0.0069 99 241 131 279
phone 0.0069 221 242 255 279
phone 0.0069 194 84 282 149
phone 0.0069 253 0 284 37
phone 0.0069 267 241 301 279
phone 0.0068 0 0 41 39
phone 0.0068 130 255 161 279
phone 0.0068 21 56 55 115
phone 0.0068 15 129 92 196
phone 0.0068 82 33 147 108
phone 0.0068 176 76 185 88
phone 0.0068 60 108 139 186
phone 0.0067 69 10 100 68
phone 0.0067 38 15 100 63
phone 0.0067 0 44 52 97
phone 0.0067 267 19 332 91
phone 0.0067 301 277 360 279
phone 0.0067 113 0 348 180
phone 0.0067 190 210 224 269
phone 0.0066 144 104 177 159
phone 0.0066 102 27 158 83
phone 0.0066 0 101 45 163
phone 0.0066 271 0 329 51
phone 0.0066 299 244 362 279
phone 0.0066 38 25 69 84
phone 0.0066 234 266 250 279
phone 0.0066 37 195 70 253
phone 0.0066 226 270 258 279
phone 0.0066 100 10 131 68
phone 0.0066 0 83 59 150
phone 0.0065 16 97 91 166
phone 0.0065 0 163 45 224
phone 0.0065 209 0 267 54
phone 0.0065 221 41 254 99
phone 0.0065 211 91 241 118
phone 0.0065 0 132 46 193
phone 0.0065 140 191 213 257
phone 0.0065 127 165 164 222
phone 0.0065 84 240 115 279
phone 0.0065 254 0 314 33
phone 0.0065 53 25 85 84
phone 0.0064 271 261 328 279
phone 0.0064 283 10 316 68
phone 0.0064 205 180 240 237
phone 0.0064 316 262 376 279
phone 0.0064 117 42 174 98
phone 0.0064 82 41 117 99
phone 0.0064 266 72 302 130
phone 0.0064 315 271 346 279
phone 0.0063 21 195 54 253
phone 0.0063 46 67 122 135
phone 0.0063 314 229 377 279
phone 0.0063 223 0 253 37
phone 0.0063 112 57 148 114
phone 0.0063 159 212 193 267
phone 0.0063 208 0 268 17
phone 0.0063 237 257 300 279
phone 0.0063 331 16 391 63
phone 0.0063 206 272 271 279
phone 0.0063 51 134 86 191
phone 0.0063 207 9 238 69
phone 0.0063 267 11 301 68
phone 0.0063 316 225 345 279
phone 0.0063 168 99 177 111
phone 0.0063 83 211 116 268
phone 0.0063 175 226 208 279
phone 0.0063 83 272 147 279
phone 0.0063 93 147 136 209
phone 0.0063 23 25 53 83
phone 0.0062 192 0 254 33
phone 0.0062 297 119 332 175
phone 0.0062 175 272 240 279
phone 0.0062 282 196 316 252
phone 0.0062 251 11 286 67
phone 0.0062 330 272 393 279
phone 0.0062 160 191 170 203
phone 0.0062 174 178 209 239
phone 0.0062 144 272 209 279
phone 0.0061 269 0 300 37
phone 0.0061 331 256 361 279
phone 0.0061 144 166 177 221
phone 0.0061 54 0 115 48
phone 0.0061 237 275 247 279
phone 0.0061 239 0 299 17
phone 0.0061 329 0 393 112
phone 0.0061 285 0 345 17
phone 0.0061 316 31 375 79
phone 0.0061 51 57 86 114
phone 0.0061 6 194 39 254
phone 0.0061 114 272 178 279
phone 0.0061 362 0 399 79
phone 0.0061 301 98 359 165
phone 0.0061 222 191 231 203
phone 0.0061 300 241 330 279
phone 0.0061 144 135 178 190
phone 0.0061 316 0 376 33
phone 0.0060 346 10 376 69
phone 0.0060 177 0 237 17
phone 0.0060 266 42 301 99
phone 0.0060 66 134 102 191
phone 0.0060 184 60 260 142
phone 0.0060 332 154 391 202
phone 0.0060 361 60 399 111
phone 0.0060 218 88 235 122
phone 0.0060 248 99 290 164
phone 0.0060 161 41 192 99
phone 0.0060 299 0 362 50
phone 0.0060 62 51 137 120
phone 0.0060 256 71 343 131
phone 0.0060 180 80 234 152
phone 0.0060 22 272 85 279
phone 0.0060 8 16 68 63
phone 0.0060 176 0 239 50
phone 0.0060 294 50 367 183
phone 0.0060 362 29 399 141
phone 0.0059 299 10 331 68
phone 0.0059 160 0 224 35
phone 0.0059 331 47 391 94
phone 0.0059 147 0 207 17
phone 0.0059 331 277 391 279
phone 0.0059 23 0 83 48
phone 0.0059 116 0 176 17
phone 0.0059 285 255 315 279
phone 0.0059 237 272 302 279
phone 0.0059 208 0 238 38
phone 0.0059 329 121 394 234
phone 0.0059 129 0 193 35
phone 0.0059 0 241 41 279
phone 0.0059 297 88 332 144
phone 0.0059 85 0 145 17
phone 0.0059 330 244 393 279
phone 0.0059 99 0 162 35
phone 0.0059 145 0 208 50
phone 0.0059 21 165 54 222
phone 0.0059 8 214 68 265
phone 0.0059 116 0 176 48
phone 0.0059 0 0 36 3
phone 0.0059 53 272 116 279
phone 0.0059 70 0 130 33
phone 0.0059 67 196 101 252
phone 0.0059 362 91 399 202
phone 0.0059 362 245 399 279
phone 0.0059 332 200 391 248
phone 0.0059 331 0 391 17
phone 0.0059 54 0 84 53
phone 0.0059 331 25 361 84
phone 0.0059 8 277 68 279
phone 0.0058 54 0 114 17
phone 0.0058 61 79 138 154
phone 0.0058 84 0 146 50
phone 0.0058 315 164 346 222
phone 0.0058 360 123 399 172
phone 0.0058 23 215 84 279
phone 0.0058 360 276 399 279
phone 0.0058 300 0 330 23
phone 0.0058 285 0 315 23
phone 0.0058 39 0 99 33
phone 0.0058 22 260 85 279
phone 0.0058 96 72 133 130
phone 0.0058 346 148 376 207
phone 0.0058 8 0 68 33
phone 0.0058 331 225 361 279
phone 0.0058 7 244 69 279
phone 0.0058 361 153 399 202
phone 0.0058 329 167 394 279
phone 0.0058 97 41 132 99
phone 0.0058 361 0 399 33
phone 0.0058 331 0 361 38
phone 0.0058 316 0 345 23
phone 0.0058 193 0 222 23
phone 0.0058 302 195 358 253
phone 0.0058 52 165 85 221
phone 0.0057 51 104 86 160
phone 0.0057 86 278 144 279
phone 0.0057 362 137 399 249
phone 0.0057 7 0 69 4
phone 0.0057 23 0 83 17
phone 0.0057 38 240 69 279
phone 0.0057 346 40 376 99
phone 0.0057 100 271 130 279
phone 0.0057 331 271 361 279
phone 0.0057 346 271 376 279
phone 0.0057 208 0 268 2
phone 0.0057 38 0 99 4
phone 0.0057 265 103 303 161
phone 0.0057 316 256 346 279
phone 0.0057 346 0 376 38
phone 0.0057 55 263 114 279
phone 0.0057 227 138 257 164
phone 0.0057 346 194 376 253
phone 0.0057 177 0 207 23
phone 0.0057 332 123 390 171
phone 0.0057 36 165 70 222
phone 0.0057 162 0 192 23
phone 0.0057 39 0 68 53
phone 0.0057 239 0 298 2
phone 0.0056 131 0 161 23
phone 0.0056 146 0 176 23
phone 0.0056 315 10 346 68
phone 0.0056 69 255 99 279
phone 0.0056 69 0 130 4
phone 0.0056 116 0 145 23
phone 0.0056 168 198 177 211
phone 0.0056 115 10 146 68
phone 0.0056 21 134 55 191
phone 0.0056 100 0 130 23
phone 0.0056 364 268 399 279
phone 0.0056 361 184 399 233
phone 0.0056 85 0 115 22
phone 0.0056 178 0 237 2
phone 0.0056 147 0 176 53
phone 0.0056 346 256 376 279
phone 0.0056 23 271 53 279
phone 0.0056 131 0 161 53
phone 0.0056 70 0 99 38
phone 0.0056 192 0 222 53
phone 0.0056 131 15 191 63
phone 0.0056 376 0 399 54
phone 0.0056 162 15 222 63
phone 0.0055 23 0 53 53
phone 0.0055 131 0 191 2
phone 0.0055 299 272 362 279
phone 0.0055 101 0 160 2
phone 0.0055 54 0 84 22
phone 0.0055 162 9 191 69
phone 0.0055 376 39 399 100
phone 0.0055 135 91 164 119
phone 0.0055 0 277 36 279
phone 0.0055 270 0 329 2
phone 0.0055 212 160 241 188
phone 0.0055 0 0 36 18
phone 0.0055 346 225 376 279
phone 0.0055 346 117 376 176
phone 0.0055 301 0 360 2
phone 0.0055 346 31 399 79
phone 0.0055 23 0 53 22
phone 0.0055 38 271 69 279
phone 0.0055 192 0 253 4
phone 0.0055 223 0 284 4
phone 0.0055 115 0 176 4
phone 0.0054 39 0 68 22
phone 0.0054 54 0 114 2
phone 0.0054 286 277 344 279
phone 0.0054 159 179 193 238
phone 0.0054 360 215 399 264
phone 0.0054 168 91 177 103
phone 0.0054 146 0 207 4
phone 0.0054 361 92 399 141
phone 0.0054 157 62 188 86
phone 0.0054 36 134 70 191
phone 0.0054 253 0 315 4
phone 0.0054 177 0 207 53
phone 0.0054 176 31 238 78
phone 0.0054 315 0 377 4
phone 0.0054 39 277 99 279
phone 0.0053 253 102 345 162
phone 0.0053 0 180 24 237
phone 0.0053 302 68 359 134
phone 0.0053 376 116 399 177
phone 0.0053 38 244 100 279
phone 0.0053 223 0 254 7
phone 0.0053 0 88 24 145
phone 0.0053 238 0 269 7
phone 0.0053 302 40 358 100
phone 0.0053 332 93 390 140
phone 0.0053 376 147 399 208
phone 0.0053 346 139 399 186
phone 0.0053 284 0 346 4
phone 0.0053 253 0 284 7
phone 0.0053 0 149 24 206
phone 0.0053 0 0 53 2
phone 0.0053 207 0 238 7
phone 0.0053 0 119 24 175
phone 0.0053 21 103 55 160
phone 0.0052 346 87 377 145
phone 0.0052 192 0 223 7
phone 0.0052 300 271 330 279
phone 0.0052 376 0 399 23
phone 0.0052 0 176 42 279
phone 0.0052 177 0 208 7
phone 0.0052 269 0 300 7
phone 0.0052 24 0 83 2
phone 0.0052 227 153 257 180
phone 0.0052 313 87 347 145
phone 0.0052 115 0 146 7
phone 0.0052 161 0 192 7
phone 0.0052 130 0 161 7
phone 0.0052 146 0 177 7
phone 0.0052 54 271 84 279
phone 0.0052 54 256 84 279
phone 0.0052 100 0 131 7
phone 0.0052 268 272 332 279
phone 0.0052 135 160 164 188
phone 0.0052 242 138 273 164
phone 0.0052 84 0 115 7
phone 0.0051 147 31 207 79
phone 0.0051 218 157 235 191
phone 0.0051 36 103 70 160
phone 0.0051 284 0 315 7
phone 0.0051 376 178 399 239
phone 0.0051 69 0 100 7
phone 0.0051 346 262 399 279
phone 0.0051 314 133 346 192
phone 0.0051 300 0 331 7
phone 0.0051 315 0 346 7
phone 0.0051 376 255 399 279
phone 0.0051 362 133 392 192
phone 0.0051 361 40 392 100
phone 0.0051 0 260 54 279
phone 0.0051 7 26 38 83
phone 0.0051 66 104 102 160
phone 0.0051 80 150 118 206
phone 0.0051 376 70 399 131
phone 0.0051 179 66 197 98
phone 0.0051 53 0 84 7
phone 0.0051 282 42 316 98
phone 0.0051 331 0 391 2
phone 0.0051 282 167 316 220
phone 0.0051 23 256 53 279
phone 0.0051 330 0 361 7
phone 0.0051 141 87 158 122
phone 0.0050 346 170 399 217
phone 0.0050 242 266 257 279
phone 0.0050 376 0 399 8
phone 0.0050 222 99 231 111
phone 0.0050 376 209 399 269
phone 0.0050 135 183 164 211
