phone 0.6755 78 34 318 241
phone 0.0667 84 48 209 223
phone 0.0595 119 105 274 265
phone 0.0273 96 124 188 256
phone 0.0269 75 91 155 231
phone 0.0224 136 39 247 180
phone 0.0215 159 159 235 266
phone 0.0211 58 32 169 184
phone 0.0190 128 162 206 266
phone 0.0183 186 51 317 210
phone 0.0172 202 10 316 144
phone 0.0159 279 17 372 125
phone 0.0155 166 92 279 220
phone 0.0153 97 93 163 189
phone 0.0152 192 165 265 266
phone 0.0152 112 17 210 171
phone 0.0145 35 59 125 209
phone 0.0129 216 130 299 255
phone 0.0129 241 62 337 201
phone 0.0126 171 0 274 159
phone 0.0121 20 139 117 264
phone 0.0121 94 71 167 149
phone 0.0116 164 139 250 204
phone 0.0116 148 156 236 218
phone 0.0114 107 113 184 200
phone 0.0113 168 71 246 149
phone 0.0105 31 12 193 251
phone 0.0104 132 174 220 231
phone 0.0103 221 28 285 100
phone 0.0102 0 89 65 222
phone 0.0101 182 122 263 190
phone 0.0099 70 139 161 265
phone 0.0099 155 0 229 140
phone 0.0099 0 39 53 180
phone 0.0098 0 0 39 0
phone 0.0097 196 111 280 170
phone 0.0097 56 98 143 153
phone 0.0095 0 263 41 266
phone 0.0095 259 30 341 158
phone 0.0094 108 57 183 132
phone 0.0094 92 133 168 210
phone 0.0093 223 94 361 232
phone 0.0093 97 97 132 153
phone 0.0093 231 46 307 113
phone 0.0093 214 129 293 183
phone 0.0092 106 153 185 221
phone 0.0091 199 142 277 201
phone 0.0091 244 66 324 124
phone 0.0090 210 36 372 172
phone 0.0090 49 9 120 149
phone 0.0090 231 110 306 171
phone 0.0089 168 173 247 232
phone 0.0089 36 71 101 149
phone 0.0088 123 45 198 113
phone 0.0088 182 157 263 217
phone 0.0088 8 105 99 237
phone 0.0088 31 174 107 230
phone 0.0088 250 94 319 156
phone 0.0088 184 88 261 163
phone 0.0087 210 97 297 153
phone 0.0087 43 112 125 169
phone 0.0087 150 88 233 163
phone 0.0086 137 204 216 262
phone 0.0086 254 0 334 108
phone 0.0086 110 110 150 172
phone 0.0084 77 59 153 130
phone 0.0084 78 153 152 220
phone 0.0082 219 155 288 219
phone 0.0082 138 69 215 151
phone 0.0082 0 124 56 188
phone 0.0081 267 79 332 140
phone 0.0081 16 41 92 179
phone 0.0081 236 34 271 93
phone 0.0081 143 28 210 99
phone 0.0080 282 82 361 181
phone 0.0080 46 189 122 246
phone 0.0080 90 171 171 233
phone 0.0080 65 122 134 190
phone 0.0079 173 36 242 123
phone 0.0079 47 141 121 202
phone 0.0079 173 200 242 266
phone 0.0079 169 101 245 181
phone 0.0078 93 202 168 264
phone 0.0077 254 119 315 193
phone 0.0077 174 160 209 214
phone 0.0077 82 113 116 168
phone 0.0076 251 35 286 92
phone 0.0076 107 185 185 250
phone 0.0076 229 79 309 140
phone 0.0076 269 47 330 111
phone 0.0076 80 184 151 251
phone 0.0076 22 254 31 266
phone 0.0076 28 127 109 185
phone 0.0076 113 26 178 102
phone 0.0076 10 249 43 266
phone 0.0075 111 81 149 139
phone 0.0075 221 158 255 215
phone 0.0075 236 128 270 184
phone 0.0075 283 66 316 123
phone 0.0075 19 245 34 266
phone 0.0075 0 94 58 157
phone 0.0075 215 56 291 133
phone 0.0074 189 144 225 199
phone 0.0074 69 22 130 75
phone 0.0074 267 96 301 154
phone 0.0074 57 209 88 234
phone 0.0074 64 205 81 238
phone 0.0074 252 112 285 169
phone 0.0074 51 81 86 139
phone 0.0074 237 136 301 206
phone 0.0074 64 202 135 263
phone 0.0074 159 175 193 229
phone 0.0073 11 245 27 266
phone 0.0073 52 173 85 231
phone 0.0073 205 174 239 230
phone 0.0073 84 221 146 266
phone 0.0072 267 67 301 122
phone 0.0072 67 37 132 122
phone 0.0072 55 34 113 93
phone 0.0072 14 254 23 266
phone 0.0072 236 158 270 215
phone 0.0072 206 204 239 262
phone 0.0072 19 154 88 220
phone 0.0071 93 40 167 118
phone 0.0071 190 189 224 246
phone 0.0071 99 9 161 57
phone 0.0070 220 113 255 168
phone 0.0070 69 19 100 77
phone 0.0070 57 206 73 237
phone 0.0070 144 175 178 230
phone 0.0070 81 0 149 139
phone 0.0070 316 117 375 165
phone 0.0070 136 132 217 211
phone 0.0070 205 144 239 199
phone 0.0069 0 0 57 92
phone 0.0069 221 188 255 246
phone 0.0069 197 73 278 147
phone 0.0069 0 75 42 144
phone 0.0069 314 83 378 197
phone 0.0069 38 24 100 72
phone 0.0069 159 205 193 261
phone 0.0069 113 159 147 215
phone 0.0069 0 0 41 32
phone 0.0068 67 49 101 108
phone 0.0068 128 220 195 266
phone 0.0068 38 0 100 105
phone 0.0068 67 113 101 168
phone 0.0068 0 156 55 218
phone 0.0068 267 126 301 186
phone 0.0068 36 173 70 231
phone 0.0068 175 190 208 245
phone 0.0068 159 35 193 92
phone 0.0068 67 189 101 246
phone 0.0068 82 82 116 137
phone 0.0068 227 0 306 85
phone 0.0068 67 143 101 200
phone 0.0068 115 3 146 62
phone 0.0067 210 223 266 266
phone 0.0067 152 116 231 197
phone 0.0067 115 0 176 42
phone 0.0067 97 127 132 185
phone 0.0067 128 159 163 214
phone 0.0067 98 158 131 215
phone 0.0067 54 9 115 57
phone 0.0067 125 110 166 171
phone 0.0067 120 97 202 185
phone 0.0067 253 0 315 42
phone 0.0067 331 111 361 170
phone 0.0067 3 107 73 175
phone 0.0067 4 137 73 206
phone 0.0067 25 63 82 127
phone 0.0067 6 112 39 169
phone 0.0066 252 142 285 200
phone 0.0066 65 167 135 237
phone 0.0066 255 225 314 266
phone 0.0066 6 18 71 140
phone 0.0066 201 37 275 121
phone 0.0066 23 9 84 57
phone 0.0066 174 34 209 93
phone 0.0065 52 49 85 109
phone 0.0065 188 81 226 139
phone 0.0065 143 51 178 107
phone 0.0065 98 204 131 262
phone 0.0065 9 53 67 105
phone 0.0065 68 215 77 228
phone 0.0065 267 35 301 92
phone 0.0065 54 19 84 77
phone 0.0065 130 0 192 75
phone 0.0065 283 96 316 154
phone 0.0065 85 0 145 41
phone 0.0065 316 25 375 72
phone 0.0065 316 0 376 41
phone 0.0065 60 215 70 228
phone 0.0065 331 9 391 57
phone 0.0065 196 0 275 87
phone 0.0065 6 142 39 200
phone 0.0064 313 0 378 105
phone 0.0064 301 163 360 211
phone 0.0064 131 0 161 47
phone 0.0064 113 204 147 261
phone 0.0064 236 98 270 152
phone 0.0064 83 204 116 262
phone 0.0064 285 0 345 26
phone 0.0063 269 0 299 46
phone 0.0063 239 0 299 26
phone 0.0063 146 0 207 42
phone 0.0063 85 3 115 62
phone 0.0063 100 3 130 62
phone 0.0063 299 130 362 243
phone 0.0063 131 0 191 26
phone 0.0063 299 0 362 59
phone 0.0063 39 0 99 42
phone 0.0063 52 143 85 199
phone 0.0063 36 81 70 139
phone 0.0063 270 0 330 11
phone 0.0063 162 0 222 26
phone 0.0063 144 205 178 261
phone 0.0062 146 0 176 47
phone 0.0062 268 0 331 59
phone 0.0062 285 0 315 46
phone 0.0062 223 218 253 266
phone 0.0062 39 3 68 62
phone 0.0062 331 18 361 77
phone 0.0062 269 219 299 266
phone 0.0062 22 40 84 88
phone 0.0062 0 253 65 266
phone 0.0062 127 66 164 123
phone 0.0062 346 3 376 62
phone 0.0062 331 102 391 149
phone 0.0062 316 55 375 103
phone 0.0062 161 0 223 59
phone 0.0062 193 0 253 26
phone 0.0062 331 0 361 47
phone 0.0062 177 0 238 42
phone 0.0061 362 0 399 88
phone 0.0061 100 0 160 26
phone 0.0061 331 71 392 118
phone 0.0061 300 0 360 11
phone 0.0061 239 0 299 11
phone 0.0061 316 86 375 134
phone 0.0061 330 69 393 181
phone 0.0061 8 0 68 41
phone 0.0061 286 178 344 226
phone 0.0061 177 0 237 11
phone 0.0061 361 0 399 42
phone 0.0061 239 240 299 266
phone 0.0061 172 81 211 139
phone 0.0061 270 108 330 173
phone 0.0061 252 175 316 266
phone 0.0061 270 209 329 257
phone 0.0061 237 207 300 266
phone 0.0061 39 207 99 258
phone 0.0061 147 0 207 11
phone 0.0060 316 0 345 31
phone 0.0060 221 18 255 78
phone 0.0060 251 67 286 122
phone 0.0060 300 0 330 31
phone 0.0060 159 218 225 266
phone 0.0060 208 0 268 11
phone 0.0060 23 190 84 244
phone 0.0060 283 145 347 259
phone 0.0060 254 0 284 31
phone 0.0060 315 157 346 216
phone 0.0060 0 119 48 254
phone 0.0060 331 0 391 26
phone 0.0060 70 0 99 47
phone 0.0060 316 148 376 195
phone 0.0060 161 4 192 61
phone 0.0060 250 85 280 111
phone 0.0060 222 0 285 44
phone 0.0060 361 54 399 104
phone 0.0060 162 0 192 31
phone 0.0060 127 35 163 92
phone 0.0060 362 53 399 165
phone 0.0060 8 25 68 72
phone 0.0060 361 85 399 135
phone 0.0060 116 0 176 11
phone 0.0060 346 95 376 154
phone 0.0060 54 0 84 47
phone 0.0059 285 0 315 16
phone 0.0059 331 49 361 108
phone 0.0059 331 80 361 139
phone 0.0059 331 132 391 180
phone 0.0059 52 112 85 169
phone 0.0059 177 0 207 31
phone 0.0059 128 189 162 246
phone 0.0059 21 65 55 123
phone 0.0059 70 0 130 26
phone 0.0059 193 0 222 31
phone 0.0059 7 50 39 108
phone 0.0059 270 0 299 16
phone 0.0059 346 65 376 124
phone 0.0059 38 34 69 92
phone 0.0059 281 93 311 119
phone 0.0059 330 22 393 135
phone 0.0059 315 3 346 62
phone 0.0059 208 0 238 31
phone 0.0059 82 142 116 201
phone 0.0059 190 24 255 104
phone 0.0059 331 40 391 87
phone 0.0058 254 234 284 266
phone 0.0058 116 0 145 31
phone 0.0058 97 66 132 123
phone 0.0058 23 3 53 62
phone 0.0058 85 0 145 11
phone 0.0058 239 0 269 31
phone 0.0058 0 0 36 11
phone 0.0058 256 82 274 115
phone 0.0058 300 172 330 231
phone 0.0058 331 0 391 11
phone 0.0058 183 53 262 136
phone 0.0058 176 4 208 61
phone 0.0058 284 237 346 266
phone 0.0058 223 0 253 31
phone 0.0057 24 0 83 26
phone 0.0057 100 0 130 31
phone 0.0057 314 237 377 266
phone 0.0057 37 237 100 266
phone 0.0057 204 112 241 169
phone 0.0057 285 203 315 262
phone 0.0057 300 65 331 124
phone 0.0057 23 34 54 92
phone 0.0057 146 0 176 16
phone 0.0057 36 142 70 200
phone 0.0057 193 8 253 58
phone 0.0057 331 0 361 16
phone 0.0057 81 50 117 108
phone 0.0057 346 126 376 185
phone 0.0057 331 142 361 200
phone 0.0057 362 100 399 211
phone 0.0057 8 0 68 11
phone 0.0057 131 0 161 16
phone 0.0057 0 65 24 123
phone 0.0057 361 116 399 165
phone 0.0057 361 0 399 11
phone 0.0057 315 253 377 266
phone 0.0057 362 238 399 266
phone 0.0057 269 255 330 266
phone 0.0056 0 0 22 16
phone 0.0056 314 37 378 151
phone 0.0056 376 2 399 63
phone 0.0056 300 209 361 257
phone 0.0056 189 34 225 93
phone 0.0056 85 0 115 31
phone 0.0056 54 0 114 11
phone 0.0056 257 131 288 158
phone 0.0056 283 34 316 93
phone 0.0056 330 114 393 228
phone 0.0056 0 96 24 154
phone 0.0056 82 173 116 231
phone 0.0056 316 194 376 241
phone 0.0056 23 0 53 31
phone 0.0056 364 262 399 266
phone 0.0056 0 234 41 266
phone 0.0056 331 163 391 211
phone 0.0056 376 33 399 94
phone 0.0056 21 142 55 200
phone 0.0056 21 112 55 169
phone 0.0056 346 34 376 93
phone 0.0056 97 34 132 93
phone 0.0056 361 147 399 196
phone 0.0055 222 253 285 266
phone 0.0055 54 264 84 266
phone 0.0055 346 0 376 16
phone 0.0055 188 93 219 119
phone 0.0055 23 255 83 266
phone 0.0055 314 160 377 266
phone 0.0055 66 81 101 139
phone 0.0055 112 34 148 93
phone 0.0055 346 264 376 266
phone 0.0055 300 265 330 266
phone 0.0055 0 0 23 1
phone 0.0055 331 265 361 266
phone 0.0055 237 188 269 247
phone 0.0055 69 234 99 266
phone 0.0055 176 0 239 92
phone 0.0055 316 265 345 266
phone 0.0055 346 25 399 72
phone 0.0055 285 265 315 266
phone 0.0055 53 202 84 263
phone 0.0055 361 254 399 266
phone 0.0055 22 222 85 266
phone 0.0055 376 79 399 140
phone 0.0055 207 4 238 61
phone 0.0054 331 209 391 257
phone 0.0054 299 3 331 62
phone 0.0054 72 205 89 238
phone 0.0054 269 265 299 266
phone 0.0054 195 90 212 122
phone 0.0054 69 264 100 266
phone 0.0054 191 237 254 266
phone 0.0054 53 253 115 266
phone 0.0054 287 89 305 123
phone 0.0054 300 203 330 262
phone 0.0054 362 192 399 266
phone 0.0054 114 0 345 170
phone 0.0054 285 249 315 266
phone 0.0054 346 157 376 216
phone 0.0054 264 105 335 237
phone 0.0054 68 237 131 266
phone 0.0054 316 203 345 262
phone 0.0053 331 188 361 247
phone 0.0053 69 0 99 16
phone 0.0053 300 249 330 266
phone 0.0053 36 112 70 169
phone 0.0053 7 237 69 266
phone 0.0053 0 127 24 185
phone 0.0053 254 265 284 266
phone 0.0053 39 249 69 266
phone 0.0053 361 178 399 227
phone 0.0053 361 64 392 124
phone 0.0053 238 249 269 266
phone 0.0053 0 0 22 47
phone 0.0053 192 253 254 266
phone 0.0053 54 0 84 16
phone 0.0053 192 4 223 61
phone 0.0053 39 264 69 266
phone 0.0053 302 132 359 180
phone 0.0053 346 187 376 247
phone 0.0053 316 249 345 266
phone 0.0053 269 249 299 266
phone 0.0053 331 218 361 266
phone 0.0052 331 249 361 266
phone 0.0052 376 0 399 17
phone 0.0052 346 249 376 266
phone 0.0052 39 0 69 16
phone 0.0052 54 249 84 266
phone 0.0052 376 264 399 266
phone 0.0052 84 253 146 266
phone 0.0052 376 110 399 171
phone 0.0052 315 126 346 185
phone 0.0052 8 3 38 62
phone 0.0052 346 218 376 266
phone 0.0052 130 253 192 266
phone 0.0052 241 191 297 243
phone 0.0052 68 223 77 236
phone 0.0051 144 19 178 77
phone 0.0051 99 237 162 266
phone 0.0051 221 188 286 266
phone 0.0051 264 127 281 162
phone 0.0051 23 265 53 266
phone 0.0051 361 95 392 155
phone 0.0051 84 249 115 266
phone 0.0051 284 0 315 1
phone 0.0051 23 234 53 266
phone 0.0051 300 0 331 1
phone 0.0051 376 141 399 201
phone 0.0051 38 219 69 266
phone 0.0051 145 238 208 266
phone 0.0051 238 265 269 266
phone 0.0051 269 0 300 1
phone 0.0051 53 223 115 266
phone 0.0051 239 218 268 266
phone 0.0051 49 198 65 230
phone 0.0051 223 249 253 266
phone 0.0051 376 248 399 266
phone 0.0051 362 264 392 266
phone 0.0051 271 144 328 199
phone 0.0051 315 0 346 1
phone 0.0051 253 0 284 1
phone 0.0051 161 253 223 266
phone 0.0050 84 264 115 266
phone 0.0050 161 0 192 1
phone 0.0050 234 66 271 123
phone 0.0050 146 0 177 1
phone 0.0050 130 0 161 0
phone 0.0050 115 0 146 0
phone 0.0050 238 0 269 1
phone 0.0050 176 0 208 1
phone 0.0050 41 202 73 226
phone 0.0050 264 81 281 115
phone 0.0050 192 0 223 1
phone 0.0050 362 126 392 185
phone 0.0050 100 0 131 0
