phone 0.8735 87 153 179 326
phone 0.0894 49 144 218 365
phone 0.0675 66 124 159 297
phone 0.0405 49 217 169 351
phone 0.0367 93 137 218 284
phone 0.0363 98 198 153 278
phone 0.0305 33 202 125 335
phone 0.0302 92 155 159 260
phone 0.0288 87 108 183 252
phone 0.0273 83 258 185 374
phone 0.0270 68 214 152 293
phone 0.0240 93 219 217 346
phone 0.0231 26 250 119 387
phone 0.0220 73 177 148 269
phone 0.0215 137 179 237 297
phone 0.0210 0 126 88 281
phone 0.0209 54 91 266 314
phone 0.0199 43 231 115 307
phone 0.0187 34 141 114 270
phone 0.0177 0 210 89 374
phone 0.0173 192 158 266 304
phone 0.0170 165 89 266 254
phone 0.0165 114 186 167 259
phone 0.0158 151 218 223 289
phone 0.0158 0 184 57 338
phone 0.0156 48 198 110 278
phone 0.0156 2 286 83 399
phone 0.0152 121 207 222 270
phone 0.0151 59 294 151 399
phone 0.0147 33 243 95 325
phone 0.0142 109 213 203 295
phone 0.0139 169 199 236 277
phone 0.0138 61 164 128 219
phone 0.0137 76 247 144 321
phone 0.0134 67 70 148 215
phone 0.0128 76 240 112 297
phone 0.0128 168 209 205 267
phone 0.0123 187 219 266 349
phone 0.0123 0 47 100 232
phone 0.0123 123 252 220 377
phone 0.0122 107 45 227 239
phone 0.0122 89 222 131 285
phone 0.0120 104 245 177 324
phone 0.0120 78 162 110 221
phone 0.0120 29 217 98 290
phone 0.0118 101 322 181 399
phone 0.0118 60 238 98 299
phone 0.0118 145 115 230 268
phone 0.0117 102 173 148 241
phone 0.0114 151 168 223 247
phone 0.0113 30 314 128 399
phone 0.0112 61 208 97 267
phone 0.0111 46 239 81 298
phone 0.0110 92 260 158 338
phone 0.0110 12 203 197 399
phone 0.0110 153 65 244 216
phone 0.0109 0 236 52 301
phone 0.0107 105 169 266 350
phone 0.0107 0 203 66 273
phone 0.0106 92 255 127 313
phone 0.0101 89 190 131 255
phone 0.0101 77 194 112 251
phone 0.0100 0 257 53 383
phone 0.0100 81 146 139 237
phone 0.0100 54 271 135 328
phone 0.0099 184 208 220 267
phone 0.0099 49 175 109 239
phone 0.0098 138 325 206 399
phone 0.0096 0 348 67 399
phone 0.0094 197 254 266 314
phone 0.0094 33 184 95 261
phone 0.0093 103 235 147 302
phone 0.0092 101 285 180 344
phone 0.0091 128 241 214 297
phone 0.0091 16 209 50 267
phone 0.0091 153 227 189 280
phone 0.0091 43 298 115 363
phone 0.0090 115 271 197 328
phone 0.0090 62 361 127 399
phone 0.0090 108 358 173 399
phone 0.0089 134 286 209 344
phone 0.0089 99 329 129 355
phone 0.0089 0 285 69 345
phone 0.0088 160 206 190 232
phone 0.0088 29 360 99 399
phone 0.0087 134 156 209 228
phone 0.0087 197 222 266 285
phone 0.0086 1 255 34 313
phone 0.0086 143 363 200 399
phone 0.0084 13 266 84 333
phone 0.0083 17 347 49 399
phone 0.0083 46 209 81 267
phone 0.0083 63 162 95 221
phone 0.0083 108 269 143 329
phone 0.0083 105 325 123 358
phone 0.0082 29 29 122 189
phone 0.0082 0 227 17 340
phone 0.0082 170 230 235 307
phone 0.0082 184 266 252 332
phone 0.0082 0 261 18 307
phone 0.0081 90 291 122 316
phone 0.0081 0 257 74 311
phone 0.0081 182 173 254 241
phone 0.0081 76 279 144 351
phone 0.0081 89 32 189 184
phone 0.0081 1 224 34 282
phone 0.0080 167 202 184 236
phone 0.0080 52 319 138 372
phone 0.0080 77 272 111 327
phone 0.0080 121 298 191 363
phone 0.0079 153 267 221 332
phone 0.0079 164 233 242 365
phone 0.0079 98 135 153 218
phone 0.0079 62 271 96 328
phone 0.0079 197 191 266 254
phone 0.0078 170 153 234 231
phone 0.0078 76 345 144 399
phone 0.0078 182 278 263 367
phone 0.0078 0 88 59 257
phone 0.0078 0 254 2 314
phone 0.0078 123 271 157 328
phone 0.0077 98 287 114 319
phone 0.0077 92 296 159 364
phone 0.0077 154 317 188 374
phone 0.0076 1 301 34 359
phone 0.0076 124 347 157 399
phone 0.0076 148 313 238 391
phone 0.0075 154 286 188 343
phone 0.0075 0 318 53 373
phone 0.0074 0 291 18 338
phone 0.0074 140 347 172 399
phone 0.0074 159 335 215 387
phone 0.0073 68 221 98 247
phone 0.0073 157 347 187 399
phone 0.0073 31 256 65 312
phone 0.0073 216 240 250 297
phone 0.0073 0 273 18 386
phone 0.0073 2 362 34 399
phone 0.0073 62 302 96 359
phone 0.0072 64 114 126 238
phone 0.0072 0 338 33 384
phone 0.0072 31 210 65 266
phone 0.0072 184 177 220 237
phone 0.0072 109 336 119 348
phone 0.0072 101 297 111 310
phone 0.0072 16 271 49 328
phone 0.0072 168 177 205 237
phone 0.0072 170 240 204 297
phone 0.0071 0 285 2 344
phone 0.0071 171 278 234 351
phone 0.0071 97 325 115 359
phone 0.0071 124 316 157 374
phone 0.0071 47 363 80 399
phone 0.0071 154 297 220 363
phone 0.0070 185 239 219 298
phone 0.0070 93 317 126 374
phone 0.0070 170 271 203 328
phone 0.0070 62 348 96 399
phone 0.0070 139 287 173 343
phone 0.0070 171 213 180 225
phone 0.0070 201 270 234 328
phone 0.0069 172 331 202 390
phone 0.0069 6 44 203 292
phone 0.0068 93 286 127 344
phone 0.0068 156 122 218 170
phone 0.0068 0 230 18 277
phone 0.0068 74 217 92 251
phone 0.0068 217 270 249 328
phone 0.0068 77 303 111 357
phone 0.0068 234 0 266 30
phone 0.0068 0 330 30 354
phone 0.0068 94 282 234 399
phone 0.0067 105 287 122 319
phone 0.0067 154 257 188 311
phone 0.0067 151 195 191 251
phone 0.0067 218 0 266 64
phone 0.0067 0 199 34 246
phone 0.0067 138 256 173 312
phone 0.0067 16 301 50 359
phone 0.0067 215 210 250 266
phone 0.0067 0 165 33 279
phone 0.0066 0 99 160 358
phone 0.0066 6 326 22 357
phone 0.0066 108 301 142 359
phone 0.0066 0 332 19 399
phone 0.0066 6 276 37 300
phone 0.0066 109 131 142 190
phone 0.0066 0 368 17 399
phone 0.0066 13 273 30 303
phone 0.0065 175 306 206 331
phone 0.0065 188 0 247 30
phone 0.0065 0 183 49 231
phone 0.0065 250 0 266 37
phone 0.0065 157 0 216 30
phone 0.0065 0 224 2 282
phone 0.0065 79 135 141 187
phone 0.0065 172 0 233 64
phone 0.0065 172 116 202 174
phone 0.0064 141 0 202 64
phone 0.0064 263 332 266 399
phone 0.0064 152 330 184 353
phone 0.0064 264 367 266 399
phone 0.0064 190 305 246 355
phone 0.0064 182 303 199 335
phone 0.0064 127 0 186 30
phone 0.0064 0 362 3 399
phone 0.0064 0 193 18 251
phone 0.0064 108 331 142 390
phone 0.0064 219 0 248 37
phone 0.0064 185 270 219 329
phone 0.0063 174 320 230 371
phone 0.0063 139 317 173 374
phone 0.0063 203 337 263 385
phone 0.0063 200 209 235 267
phone 0.0063 170 301 203 359
phone 0.0063 80 106 140 154
phone 0.0063 93 146 127 206
phone 0.0063 49 152 110 201
phone 0.0063 160 326 175 357
phone 0.0063 77 333 111 388
phone 0.0063 110 0 171 64
phone 0.0063 203 0 232 37
phone 0.0063 203 106 263 154
phone 0.0063 125 121 187 170
phone 0.0063 96 0 155 30
phone 0.0062 265 0 266 37
phone 0.0062 46 333 80 389
phone 0.0062 134 223 177 283
phone 0.0062 188 0 217 37
phone 0.0062 200 178 235 236
phone 0.0062 219 152 266 201
phone 0.0062 172 106 232 154
phone 0.0062 173 0 202 37
phone 0.0062 65 0 124 30
phone 0.0062 202 73 264 187
phone 0.0062 0 0 32 30
phone 0.0062 140 87 203 204
phone 0.0062 79 0 140 64
phone 0.0062 0 322 18 369
phone 0.0062 157 0 186 37
phone 0.0062 158 139 216 213
phone 0.0062 142 106 202 154
phone 0.0061 215 117 266 235
phone 0.0061 9 335 19 348
phone 0.0061 101 336 111 348
phone 0.0061 188 122 248 170
phone 0.0061 142 0 171 37
phone 0.0061 0 332 4 399
phone 0.0061 49 0 110 64
phone 0.0061 216 179 250 235
phone 0.0061 111 106 171 154
phone 0.0061 65 91 125 139
phone 0.0061 34 0 93 30
phone 0.0061 200 239 234 298
phone 0.0061 217 289 266 399
phone 0.0061 219 322 266 369
phone 0.0061 219 122 266 170
phone 0.0061 218 331 249 390
phone 0.0061 0 0 1 30
phone 0.0061 204 137 263 185
phone 0.0061 125 73 187 187
phone 0.0061 95 91 155 139
phone 0.0061 109 297 119 310
phone 0.0061 0 338 22 361
phone 0.0060 126 0 156 37
phone 0.0060 153 163 189 220
phone 0.0060 63 57 126 172
phone 0.0060 163 335 172 348
phone 0.0060 0 0 17 64
phone 0.0060 0 0 2 64
phone 0.0060 234 270 264 329
phone 0.0060 157 91 217 139
phone 0.0060 14 327 29 357
phone 0.0060 126 91 186 139
phone 0.0060 188 315 217 375
phone 0.0060 0 316 2 375
phone 0.0060 111 0 140 37
phone 0.0060 188 91 248 139
phone 0.0060 0 168 33 216
phone 0.0060 95 100 125 159
phone 0.0060 248 332 266 399
phone 0.0060 96 0 125 37
phone 0.0060 264 0 266 64
phone 0.0060 0 0 48 64
phone 0.0060 237 206 266 231
phone 0.0060 95 122 156 170
phone 0.0060 187 116 218 174
phone 0.0060 204 289 262 340
phone 0.0060 80 0 109 37
phone 0.0060 31 332 65 390
phone 0.0060 203 300 233 360
phone 0.0060 218 100 248 159
phone 0.0059 187 57 249 172
phone 0.0059 157 116 187 174
phone 0.0059 17 282 26 294
phone 0.0059 141 116 171 174
phone 0.0059 168 228 198 255
phone 0.0059 18 0 79 64
phone 0.0059 234 168 266 216
phone 0.0059 4 0 63 30
phone 0.0059 17 335 26 348
phone 0.0059 1 343 11 356
phone 0.0059 49 106 109 154
phone 0.0059 34 91 94 139
phone 0.0059 111 100 140 159
phone 0.0059 249 137 266 185
phone 0.0059 65 0 94 37
phone 0.0059 0 193 2 252
phone 0.0059 231 203 266 334
phone 0.0059 233 88 266 202
phone 0.0059 203 100 233 159
phone 0.0059 124 141 188 212
phone 0.0059 111 76 171 123
phone 0.0058 231 147 266 266
phone 0.0058 80 100 110 160
phone 0.0058 50 0 79 37
phone 0.0058 248 103 266 218
phone 0.0058 234 353 266 399
phone 0.0058 124 132 158 190
phone 0.0058 232 194 264 251
phone 0.0058 142 75 201 123
phone 0.0058 126 100 156 159
phone 0.0058 78 228 88 240
phone 0.0058 218 131 248 190
phone 0.0058 265 168 266 216
phone 0.0058 31 301 65 359
phone 0.0058 17 57 80 172
phone 0.0058 0 337 2 385
phone 0.0058 265 337 266 385
phone 0.0058 0 119 34 233
phone 0.0058 0 152 48 200
phone 0.0058 249 291 266 338
phone 0.0058 171 220 180 233
phone 0.0058 186 312 195 325
phone 0.0057 140 42 203 156
phone 0.0057 80 75 140 123
phone 0.0057 18 76 79 123
phone 0.0057 0 152 17 200
phone 0.0057 172 85 202 144
phone 0.0057 34 0 63 37
phone 0.0057 109 87 172 203
phone 0.0057 142 85 171 144
phone 0.0057 157 85 187 144
phone 0.0057 204 162 262 221
phone 0.0057 263 134 266 248
phone 0.0057 19 106 78 154
phone 0.0057 202 132 233 190
phone 0.0057 112 164 200 252
phone 0.0057 79 42 141 156
phone 0.0057 0 137 32 185
phone 0.0057 244 202 261 235
phone 0.0057 188 85 217 144
phone 0.0057 236 242 266 295
phone 0.0057 126 60 186 108
phone 0.0057 249 177 266 236
phone 0.0057 0 242 3 356
phone 0.0057 3 91 63 139
phone 0.0057 0 180 3 295
phone 0.0057 19 0 48 37
phone 0.0057 247 258 266 371
phone 0.0057 65 85 94 144
phone 0.0056 168 290 198 316
phone 0.0056 98 283 129 309
phone 0.0056 49 75 109 123
phone 0.0056 125 26 188 141
phone 0.0056 172 76 232 123
phone 0.0056 167 323 199 345
phone 0.0056 49 85 79 144
phone 0.0056 0 168 2 216
phone 0.0056 265 131 266 190
phone 0.0056 157 60 217 108
phone 0.0056 126 69 156 129
phone 0.0056 234 307 266 354
phone 0.0056 178 328 188 341
phone 0.0056 171 42 234 156
phone 0.0055 34 85 64 144
phone 0.0055 218 91 266 139
phone 0.0055 185 147 219 205
phone 0.0055 95 60 155 108
phone 0.0055 2 42 64 156
phone 0.0055 0 134 3 249
phone 0.0055 175 319 191 349
phone 0.0055 156 26 218 141
phone 0.0055 111 69 140 129
phone 0.0055 264 285 266 344
phone 0.0055 0 106 32 154
phone 0.0055 218 367 266 399
phone 0.0055 64 122 125 170
phone 0.0055 0 103 18 218
phone 0.0055 3 122 63 170
phone 0.0055 18 162 48 221
phone 0.0055 48 103 111 218
phone 0.0055 249 254 266 313
phone 0.0055 94 26 157 141
phone 0.0055 264 322 266 369
phone 0.0055 0 155 22 315
phone 0.0055 34 60 94 108
phone 0.0055 0 137 2 185
phone 0.0055 95 70 125 129
phone 0.0054 0 122 17 170
phone 0.0054 0 75 48 123
phone 0.0054 3 60 63 108
phone 0.0054 203 75 263 123
phone 0.0054 0 73 34 187
phone 0.0054 18 137 79 185
phone 0.0054 237 276 266 300
phone 0.0054 265 199 266 246
phone 0.0054 80 70 110 129
phone 0.0054 142 54 171 113
phone 0.0054 18 85 48 144
phone 0.0054 174 225 192 259
phone 0.0054 65 60 125 108
phone 0.0054 188 60 248 108
phone 0.0054 157 54 187 113
phone 0.0054 17 103 80 218
phone 0.0053 203 69 233 129
phone 0.0053 263 88 266 202
phone 0.0053 244 273 261 303
phone 0.0053 18 29 79 77
phone 0.0053 247 164 266 280
phone 0.0053 249 106 266 154
phone 0.0053 111 45 171 93
phone 0.0053 45 285 82 345
phone 0.0053 34 122 94 170
phone 0.0053 263 273 266 386
phone 0.0053 0 88 3 203
phone 0.0053 0 106 2 154
phone 0.0053 141 45 202 93
phone 0.0053 172 54 202 113
phone 0.0053 0 91 17 139
phone 0.0053 64 131 94 190
phone 0.0053 109 11 172 126
phone 0.0053 18 131 48 190
phone 0.0053 250 214 266 262
phone 0.0053 265 106 266 154
phone 0.0053 17 11 80 126
phone 0.0053 33 88 95 202
phone 0.0052 265 29 266 77
phone 0.0052 173 366 232 399
phone 0.0052 34 54 64 113
phone 0.0052 0 29 48 77
phone 0.0052 34 116 63 175
phone 0.0052 188 54 217 113
phone 0.0052 186 332 250 399
phone 0.0052 172 45 232 93
phone 0.0052 190 299 222 323
phone 0.0052 32 0 96 95
phone 0.0052 0 57 18 172
phone 0.0052 247 213 257 225
phone 0.0052 265 230 266 277
phone 0.0052 202 331 233 390
phone 0.0052 80 45 140 93
phone 0.0052 49 29 109 77
phone 0.0052 0 75 2 123
phone 0.0052 0 29 2 77
phone 0.0052 95 29 155 77
phone 0.0052 49 54 79 113
phone 0.0052 0 0 34 95
phone 0.0052 263 0 266 110
phone 0.0052 126 29 186 77
phone 0.0052 18 54 48 113
phone 0.0052 218 70 248 129
phone 0.0051 263 181 266 294
phone 0.0051 79 132 110 189
phone 0.0051 248 0 266 95
phone 0.0051 264 178 266 236
phone 0.0051 0 29 17 77
phone 0.0051 198 296 214 326
phone 0.0051 265 276 266 323
phone 0.0051 0 60 17 108
phone 0.0051 202 363 234 399
phone 0.0051 174 286 192 320
phone 0.0051 0 42 3 156
phone 0.0051 265 260 266 308
phone 0.0051 63 0 127 95
phone 0.0051 48 11 111 126
phone 0.0051 142 133 201 189
phone 0.0051 157 29 217 77
phone 0.0051 65 54 94 113
phone 0.0051 265 75 266 123
phone 0.0051 264 208 266 267
phone 0.0051 34 23 64 82
phone 0.0051 202 26 265 141
phone 0.0051 49 116 79 175
phone 0.0051 126 39 156 98
phone 0.0050 263 227 266 340
phone 0.0050 3 54 33 113
phone 0.0050 248 57 266 172
phone 0.0050 34 147 64 205
phone 0.0050 186 11 249 126
phone 0.0050 263 42 266 156
phone 0.0050 0 11 18 126
phone 0.0050 49 23 79 82
phone 0.0050 111 39 140 98
phone 0.0050 68 197 98 224
phone 0.0050 247 220 257 233
