phone 0.4679 201 20 334 257
phone 0.0904 186 83 298 246
phone 0.0631 311 124 390 262
phone 0.0624 224 123 342 262
phone 0.0555 210 167 312 265
phone 0.0548 129 132 212 255
phone 0.0511 155 94 255 237
phone 0.0490 60 118 160 265
phone 0.0411 282 162 368 265
phone 0.0389 234 79 399 253
phone 0.0365 71 85 202 251
phone 0.0256 117 54 230 224
phone 0.0248 32 79 135 254
phone 0.0244 102 59 304 262
phone 0.0240 313 48 395 227
phone 0.0217 251 37 347 182
phone 0.0190 142 5 263 213
phone 0.0179 159 133 224 209
phone 0.0177 57 9 164 198
phone 0.0176 343 94 399 239
phone 0.0162 228 144 310 230
phone 0.0161 218 0 312 164
phone 0.0148 22 0 194 265
phone 0.0146 213 40 295 209
phone 0.0146 285 45 376 173
phone 0.0139 100 155 172 265
phone 0.0136 145 115 208 197
phone 0.0134 229 200 288 265
phone 0.0129 280 62 349 126
phone 0.0129 158 155 195 217
phone 0.0129 162 105 222 176
phone 0.0129 216 126 291 217
phone 0.0126 357 179 399 265
phone 0.0126 264 70 335 149
phone 0.0125 314 164 377 239
phone 0.0123 165 164 239 265
phone 0.0122 50 122 119 189
phone 0.0121 241 164 327 240
phone 0.0121 289 88 372 223
phone 0.0119 15 99 83 231
phone 0.0117 188 135 257 206
phone 0.0114 121 157 201 215
phone 0.0114 232 96 306 185
phone 0.0114 183 58 263 190
phone 0.0114 174 157 209 215
phone 0.0112 364 142 399 231
phone 0.0111 299 148 362 225
phone 0.0109 191 161 254 242
phone 0.0109 173 125 210 186
phone 0.0107 295 81 365 138
phone 0.0107 0 42 60 158
phone 0.0106 206 139 270 233
phone 0.0105 362 100 399 180
phone 0.0105 189 109 256 171
phone 0.0105 204 14 273 143
phone 0.0105 256 155 342 218
phone 0.0105 43 156 125 265
phone 0.0104 279 10 351 146
phone 0.0104 270 43 329 114
phone 0.0103 288 247 319 265
phone 0.0102 235 68 302 151
phone 0.0102 67 126 101 184
phone 0.0102 316 130 376 212
phone 0.0101 65 104 134 176
phone 0.0101 295 244 312 265
phone 0.0100 316 72 375 146
phone 0.0100 238 44 299 113
phone 0.0100 121 126 201 185
phone 0.0099 290 206 354 265
phone 0.0098 277 174 353 229
phone 0.0097 297 121 363 190
phone 0.0097 208 47 269 110
phone 0.0097 0 0 39 0
phone 0.0097 36 137 102 205
phone 0.0097 341 155 399 217
phone 0.0097 324 204 398 261
phone 0.0096 202 181 274 253
phone 0.0096 205 142 239 200
phone 0.0095 328 171 363 232
phone 0.0095 275 143 354 199
phone 0.0094 246 201 322 265
phone 0.0094 93 135 167 207
phone 0.0094 107 189 185 245
phone 0.0093 347 25 399 183
phone 0.0093 361 72 399 146
phone 0.0092 158 125 195 186
phone 0.0092 0 262 41 265
phone 0.0092 109 44 183 174
phone 0.0092 313 171 347 232
phone 0.0091 317 99 375 181
phone 0.0091 144 174 178 229
phone 0.0091 298 253 308 265
phone 0.0091 249 57 319 132
phone 0.0091 314 65 347 123
phone 0.0090 250 188 287 246
phone 0.0090 329 64 362 124
phone 0.0090 190 142 224 199
phone 0.0089 205 172 240 231
phone 0.0089 202 218 275 265
phone 0.0089 327 93 395 157
phone 0.0088 277 95 352 155
phone 0.0088 186 0 396 214
phone 0.0088 314 96 346 154
phone 0.0088 207 97 270 183
phone 0.0088 79 152 151 221
phone 0.0087 256 119 342 192
phone 0.0086 341 126 399 185
phone 0.0086 155 172 228 231
phone 0.0085 236 189 271 245
phone 0.0085 0 95 49 232
phone 0.0085 362 235 399 265
phone 0.0085 72 90 88 121
phone 0.0085 64 93 96 118
phone 0.0085 256 36 313 91
phone 0.0085 190 173 224 230
phone 0.0085 313 126 347 184
phone 0.0084 165 224 196 249
phone 0.0084 158 203 226 262
phone 0.0084 287 244 304 265
phone 0.0084 322 175 399 229
phone 0.0084 82 111 116 169
phone 0.0084 83 87 147 162
phone 0.0083 144 144 178 198
phone 0.0083 267 49 301 108
phone 0.0083 52 142 85 200
phone 0.0083 172 221 189 252
phone 0.0082 374 124 399 186
phone 0.0082 190 82 255 137
phone 0.0082 344 204 377 261
phone 0.0082 147 85 206 165
phone 0.0081 113 158 147 214
phone 0.0081 78 184 152 250
phone 0.0081 373 186 399 248
phone 0.0080 324 143 398 199
phone 0.0080 53 206 116 259
phone 0.0080 298 158 331 214
phone 0.0079 0 0 59 96
phone 0.0079 188 85 219 111
phone 0.0079 75 99 85 112
phone 0.0079 374 95 399 155
phone 0.0079 298 49 332 108
phone 0.0078 251 65 286 123
phone 0.0078 53 70 115 118
phone 0.0078 344 80 378 138
phone 0.0078 129 203 162 261
phone 0.0078 115 79 176 140
phone 0.0078 206 95 239 154
phone 0.0077 298 189 331 245
phone 0.0077 53 36 116 151
phone 0.0077 317 49 374 108
phone 0.0077 280 80 318 139
phone 0.0077 41 94 73 117
phone 0.0077 347 62 399 126
phone 0.0077 49 90 65 121
phone 0.0077 0 52 103 218
phone 0.0077 70 45 130 172
phone 0.0076 252 33 285 92
phone 0.0076 328 140 363 202
phone 0.0076 52 99 62 112
phone 0.0076 188 216 219 241
phone 0.0075 266 189 302 245
phone 0.0075 316 220 376 265
phone 0.0075 291 253 300 265
phone 0.0075 69 64 100 123
phone 0.0074 177 217 207 265
phone 0.0074 375 217 399 265
phone 0.0074 96 92 126 118
phone 0.0074 221 219 254 265
phone 0.0074 176 238 185 250
phone 0.0074 70 82 129 137
phone 0.0074 257 190 342 244
phone 0.0074 195 81 212 115
phone 0.0074 134 224 165 249
phone 0.0073 22 116 84 164
phone 0.0073 334 108 365 134
phone 0.0073 79 90 97 121
phone 0.0073 38 86 100 133
phone 0.0073 247 156 290 217
phone 0.0073 141 220 158 252
phone 0.0073 221 64 254 123
phone 0.0073 38 52 100 165
phone 0.0073 221 188 255 246
phone 0.0073 328 109 363 171
phone 0.0073 302 240 335 263
phone 0.0073 84 65 115 123
phone 0.0072 257 69 288 96
phone 0.0072 128 159 162 214
phone 0.0072 175 230 185 243
phone 0.0072 252 219 285 265
phone 0.0072 97 96 132 154
phone 0.0072 102 89 120 122
phone 0.0072 61 170 138 233
phone 0.0072 311 236 326 265
phone 0.0072 67 173 101 230
phone 0.0071 225 49 282 139
phone 0.0071 69 202 100 262
phone 0.0071 195 212 212 245
phone 0.0071 237 219 270 265
phone 0.0071 375 64 399 123
phone 0.0071 117 223 175 265
phone 0.0071 329 203 362 262
phone 0.0071 144 113 178 168
phone 0.0071 84 70 146 118
phone 0.0071 349 62 380 88
phone 0.0070 38 111 69 169
phone 0.0070 54 80 84 139
phone 0.0070 222 77 285 173
phone 0.0070 98 173 132 230
phone 0.0070 158 186 194 248
phone 0.0070 147 222 206 265
phone 0.0070 314 245 324 258
phone 0.0069 281 159 317 214
phone 0.0069 80 118 150 193
phone 0.0069 221 95 255 154
phone 0.0069 283 33 316 93
phone 0.0069 223 237 284 265
phone 0.0069 341 104 358 138
phone 0.0069 298 97 332 153
phone 0.0069 344 111 378 169
phone 0.0069 174 220 240 265
phone 0.0069 344 174 377 230
phone 0.0068 326 228 342 259
phone 0.0068 318 232 350 256
phone 0.0068 356 58 373 91
phone 0.0068 6 22 16 35
phone 0.0068 189 196 257 265
phone 0.0068 83 203 116 261
phone 0.0068 0 17 27 40
phone 0.0067 63 137 136 205
phone 0.0067 298 128 331 183
phone 0.0067 99 65 131 122
phone 0.0067 303 244 318 265
phone 0.0067 159 95 194 154
phone 0.0067 0 0 41 32
phone 0.0067 113 204 147 261
phone 0.0067 6 30 16 43
phone 0.0067 267 219 301 265
phone 0.0067 0 233 27 255
phone 0.0067 134 220 150 252
phone 0.0066 264 65 281 99
phone 0.0066 244 82 324 168
phone 0.0066 6 53 16 66
phone 0.0066 6 45 16 58
phone 0.0066 98 203 131 261
phone 0.0066 206 65 239 123
phone 0.0066 3 14 19 44
phone 0.0066 6 38 16 50
phone 0.0066 0 48 27 71
phone 0.0066 344 142 377 199
phone 0.0066 0 33 27 55
phone 0.0066 145 230 154 243
phone 0.0066 6 61 16 73
phone 0.0066 0 163 27 186
phone 0.0066 219 155 257 217
phone 0.0066 6 69 16 81
phone 0.0066 286 35 344 91
phone 0.0066 6 84 16 96
phone 0.0065 0 64 27 86
phone 0.0065 0 79 27 101
phone 0.0065 3 229 19 259
phone 0.0065 6 76 16 89
phone 0.0065 175 189 208 245
phone 0.0065 6 238 16 250
phone 0.0065 96 101 165 179
phone 0.0065 0 248 67 265
phone 0.0065 6 92 16 104
phone 0.0065 38 55 99 102
phone 0.0065 53 110 85 170
phone 0.0065 6 99 16 112
phone 0.0065 3 44 19 74
phone 0.0065 0 94 27 117
phone 0.0065 3 29 19 59
phone 0.0065 223 22 284 73
phone 0.0065 115 24 177 71
phone 0.0065 306 253 316 265
phone 0.0064 237 33 270 93
phone 0.0064 175 95 209 154
phone 0.0064 180 229 196 259
phone 0.0064 3 60 19 90
phone 0.0064 255 239 313 265
phone 0.0064 3 75 19 105
phone 0.0064 114 6 177 119
phone 0.0064 6 107 16 120
phone 0.0064 83 99 93 112
phone 0.0064 6 115 16 127
phone 0.0064 3 159 19 190
phone 0.0064 199 92 208 104
phone 0.0064 0 110 27 132
phone 0.0064 85 222 145 265
phone 0.0064 199 222 208 235
phone 0.0064 334 231 365 257
phone 0.0063 6 122 16 135
phone 0.0063 172 232 204 256
phone 0.0063 3 90 19 121
phone 0.0063 329 238 339 250
phone 0.0063 131 9 192 56
phone 0.0063 172 29 243 158
phone 0.0063 360 49 393 108
phone 0.0063 285 0 345 41
phone 0.0063 6 161 16 173
phone 0.0063 54 97 115 152
phone 0.0063 84 24 146 71
phone 0.0063 272 65 289 99
phone 0.0063 162 217 192 265
phone 0.0063 317 1 392 144
phone 0.0063 100 9 161 56
phone 0.0063 6 168 16 181
phone 0.0063 115 55 177 102
phone 0.0062 113 96 147 153
phone 0.0062 3 106 19 136
phone 0.0062 106 99 116 112
phone 0.0062 39 192 99 265
phone 0.0062 232 140 274 202
phone 0.0062 130 40 192 87
phone 0.0062 54 49 84 108
phone 0.0062 83 0 147 104
phone 0.0062 361 254 399 265
phone 0.0062 100 40 161 87
phone 0.0062 130 33 161 92
phone 0.0062 146 24 207 71
phone 0.0062 219 125 257 186
phone 0.0062 22 68 85 181
phone 0.0062 6 230 16 243
phone 0.0062 157 221 173 252
phone 0.0062 239 0 299 26
phone 0.0062 341 228 358 260
phone 0.0062 270 0 330 26
phone 0.0062 54 9 115 56
phone 0.0062 54 202 84 262
phone 0.0062 149 224 181 248
phone 0.0061 129 186 193 265
phone 0.0061 222 33 254 93
phone 0.0061 161 9 223 56
phone 0.0061 331 0 392 41
phone 0.0061 0 148 27 171
phone 0.0061 111 40 142 64
phone 0.0061 6 130 16 143
phone 0.0061 146 18 176 77
phone 0.0061 145 0 208 105
phone 0.0061 0 125 27 148
phone 0.0061 238 0 300 59
phone 0.0061 268 0 331 74
phone 0.0061 23 70 84 118
phone 0.0061 299 0 362 74
phone 0.0061 37 6 101 120
phone 0.0061 147 217 176 265
phone 0.0060 362 5 399 60
phone 0.0060 8 130 68 181
phone 0.0060 6 153 16 166
phone 0.0060 128 96 163 153
phone 0.0060 254 0 314 41
phone 0.0060 126 24 157 48
phone 0.0060 23 111 54 169
phone 0.0060 282 205 316 260
phone 0.0060 315 9 376 56
phone 0.0060 8 101 68 148
phone 0.0060 97 142 132 199
phone 0.0060 360 69 370 81
phone 0.0060 54 40 114 87
phone 0.0060 100 18 130 77
phone 0.0060 300 0 330 46
phone 0.0060 146 0 207 41
phone 0.0060 223 0 283 41
phone 0.0060 23 39 84 87
phone 0.0060 115 18 146 77
phone 0.0060 3 121 19 151
phone 0.0060 3 144 19 174
phone 0.0060 22 21 85 135
phone 0.0060 248 110 289 170
phone 0.0060 69 55 130 102
phone 0.0060 85 0 145 41
phone 0.0060 318 228 334 260
phone 0.0059 6 176 16 189
phone 0.0059 38 24 99 71
phone 0.0059 208 0 268 26
phone 0.0059 192 218 223 265
phone 0.0059 208 0 268 10
phone 0.0059 118 36 135 67
phone 0.0059 239 0 299 10
phone 0.0059 300 0 361 26
phone 0.0059 133 22 150 51
phone 0.0059 38 79 69 139
phone 0.0059 137 230 147 243
phone 0.0059 9 224 67 265
phone 0.0059 128 128 163 183
phone 0.0059 350 77 380 103
phone 0.0059 345 115 354 127
phone 0.0059 115 0 176 41
phone 0.0059 270 0 330 10
phone 0.0059 161 18 192 77
phone 0.0059 0 123 99 265
phone 0.0059 164 221 181 252
phone 0.0059 207 0 269 59
phone 0.0059 69 3 99 62
phone 0.0059 254 0 284 31
phone 0.0059 236 63 271 124
phone 0.0058 68 0 131 74
phone 0.0058 285 0 315 31
phone 0.0058 131 3 161 62
phone 0.0058 131 0 191 26
phone 0.0058 346 0 376 46
phone 0.0058 316 0 345 46
phone 0.0058 114 65 146 122
phone 0.0058 8 55 69 102
phone 0.0058 85 18 115 77
phone 0.0058 269 0 299 31
phone 0.0058 37 141 70 200
phone 0.0058 177 3 207 61
phone 0.0058 177 0 238 26
phone 0.0058 160 230 170 243
phone 0.0058 39 49 69 108
phone 0.0058 177 0 237 10
phone 0.0058 82 173 116 230
phone 0.0058 190 96 224 153
phone 0.0058 100 0 161 26
phone 0.0058 146 0 176 46
phone 0.0058 69 33 100 92
phone 0.0058 137 30 146 43
phone 0.0058 69 0 130 26
phone 0.0057 23 218 53 265
phone 0.0057 6 15 16 27
phone 0.0057 191 0 254 43
phone 0.0057 239 0 269 31
phone 0.0057 183 238 193 250
phone 0.0057 205 203 239 262
phone 0.0057 39 0 99 41
phone 0.0057 268 76 277 89
phone 0.0057 131 0 191 10
phone 0.0057 331 3 361 62
phone 0.0057 300 0 360 10
phone 0.0057 345 0 399 90
phone 0.0057 376 248 399 265
phone 0.0057 8 9 68 56
phone 0.0057 162 0 192 46
phone 0.0057 196 92 226 119
phone 0.0057 100 0 160 10
phone 0.0057 54 18 84 77
phone 0.0057 299 218 331 265
phone 0.0057 334 228 350 260
phone 0.0057 176 0 239 74
phone 0.0057 70 0 130 10
phone 0.0057 331 0 391 10
phone 0.0056 100 0 130 46
phone 0.0056 55 240 114 265
phone 0.0056 126 36 142 68
phone 0.0056 223 0 253 15
phone 0.0056 85 0 115 46
phone 0.0056 116 0 145 46
phone 0.0056 322 238 331 250
phone 0.0056 23 64 53 123
phone 0.0056 364 261 399 265
phone 0.0056 6 138 16 150
phone 0.0056 6 145 16 158
phone 0.0056 190 64 224 123
phone 0.0056 331 23 392 72
phone 0.0056 99 21 162 135
phone 0.0056 0 0 36 11
phone 0.0056 199 99 208 112
phone 0.0056 361 0 399 11
phone 0.0055 238 3 269 61
phone 0.0055 39 18 69 77
phone 0.0055 0 116 53 164
phone 0.0055 39 255 99 265
phone 0.0055 208 0 238 15
phone 0.0055 39 0 99 10
phone 0.0055 8 0 68 26
phone 0.0055 300 0 330 15
phone 0.0055 299 237 362 265
phone 0.0055 149 63 204 125
phone 0.0055 193 0 222 31
phone 0.0055 122 45 131 58
phone 0.0055 364 58 381 91
phone 0.0055 23 33 53 92
phone 0.0055 23 240 84 265
phone 0.0055 8 0 68 10
phone 0.0055 330 236 393 265
phone 0.0055 361 0 399 26
phone 0.0055 42 62 73 87
phone 0.0055 53 172 85 231
phone 0.0055 177 0 207 31
phone 0.0055 356 73 374 107
phone 0.0055 23 209 83 256
phone 0.0054 376 264 399 265
phone 0.0054 0 0 22 16
phone 0.0054 157 77 188 103
phone 0.0054 146 0 176 15
phone 0.0054 162 0 192 15
phone 0.0054 316 0 345 15
phone 0.0054 54 0 84 46
phone 0.0054 82 143 116 199
phone 0.0054 0 178 27 202
phone 0.0054 346 0 376 16
phone 0.0054 331 0 361 15
phone 0.0054 362 0 399 128
phone 0.0054 190 0 255 107
phone 0.0054 22 0 85 74
phone 0.0054 129 64 162 123
phone 0.0054 23 2 53 62
phone 0.0054 276 76 285 89
phone 0.0054 0 0 23 1
phone 0.0054 131 0 161 15
phone 0.0054 116 0 145 15
phone 0.0054 100 0 130 15
phone 0.0054 85 0 115 15
phone 0.0054 38 203 69 262
phone 0.0054 112 127 148 184
phone 0.0054 52 92 62 104
phone 0.0053 207 3 238 61
phone 0.0053 7 111 38 169
phone 0.0053 330 34 362 92
phone 0.0053 346 18 377 77
phone 0.0053 345 238 354 250
phone 0.0053 193 23 253 72
phone 0.0053 54 248 84 265
phone 0.0053 265 61 295 88
phone 0.0053 0 0 22 46
phone 0.0053 116 255 175 265
phone 0.0053 69 0 99 15
phone 0.0053 0 63 41 185
phone 0.0053 168 230 177 243
phone 0.0053 301 255 359 265
phone 0.0053 194 256 252 265
phone 0.0053 49 60 66 90
phone 0.0053 376 17 399 78
phone 0.0053 145 252 208 265
phone 0.0053 196 138 226 165
phone 0.0053 129 45 139 58
phone 0.0053 208 248 238 265
phone 0.0053 202 88 220 123
phone 0.0053 315 249 345 265
phone 0.0053 179 51 236 106
phone 0.0053 0 18 41 138
phone 0.0053 280 112 319 169
phone 0.0052 54 0 84 15
phone 0.0052 311 162 341 188
phone 0.0052 22 141 54 200
phone 0.0052 176 253 239 265
phone 0.0052 3 174 19 206
phone 0.0052 164 73 181 107
phone 0.0052 192 3 223 61
phone 0.0052 300 18 331 76
phone 0.0052 269 19 300 76
phone 0.0052 223 0 253 46
phone 0.0052 39 0 69 46
phone 0.0052 23 0 53 15
phone 0.0052 0 24 53 71
phone 0.0052 145 238 154 250
phone 0.0052 0 70 53 118
phone 0.0052 376 0 399 47
phone 0.0052 131 249 161 265
phone 0.0052 160 49 193 108
phone 0.0052 376 0 399 16
phone 0.0052 149 221 165 252
phone 0.0052 54 264 84 265
phone 0.0052 250 0 343 120
phone 0.0051 8 3 38 61
phone 0.0051 254 3 284 61
phone 0.0051 39 0 69 15
phone 0.0051 69 264 99 265
phone 0.0051 233 109 273 171
phone 0.0051 69 253 131 265
phone 0.0051 331 249 361 265
phone 0.0051 240 255 298 265
phone 0.0051 330 253 392 265
phone 0.0051 130 19 193 137
phone 0.0051 115 249 146 265
phone 0.0051 85 233 115 265
phone 0.0050 361 18 392 77
phone 0.0050 337 238 347 250
phone 0.0050 99 237 162 265
phone 0.0050 39 249 69 265
phone 0.0050 130 237 193 265
phone 0.0050 207 253 269 265
phone 0.0050 162 264 192 265
phone 0.0050 315 264 346 265
phone 0.0050 192 249 223 265
