phone 0.9426 31 87 225 335
phone 0.0532 53 233 157 342
phone 0.0482 72 88 179 264
phone 0.0389 47 177 142 329
phone 0.0385 105 166 266 348
phone 0.0349 111 123 231 261
phone 0.0325 141 222 247 356
phone 0.0315 86 184 194 323
phone 0.0284 6 159 83 305
phone 0.0282 22 113 142 295
phone 0.0270 69 269 141 361
phone 0.0248 141 83 240 204
phone 0.0237 33 211 125 356
phone 0.0209 0 74 104 265
phone 0.0205 28 42 115 175
phone 0.0188 59 211 130 296
phone 0.0184 17 187 110 320
phone 0.0181 125 270 206 367
phone 0.0179 45 198 114 278
phone 0.0172 172 194 266 326
phone 0.0170 103 49 178 212
phone 0.0168 88 226 163 312
phone 0.0164 59 163 130 252
phone 0.0160 100 215 181 292
phone 0.0160 46 88 143 234
phone 0.0159 128 169 215 246
phone 0.0158 133 161 240 283
phone 0.0157 54 52 152 175
phone 0.0156 149 114 255 238
phone 0.0154 11 205 85 271
phone 0.0153 73 145 147 239
phone 0.0153 1 186 65 259
phone 0.0152 73 194 147 282
phone 0.0151 28 217 99 290
phone 0.0149 143 160 231 225
phone 0.0148 178 42 266 174
phone 0.0147 26 190 102 256
phone 0.0141 44 244 114 324
phone 0.0139 112 54 215 174
phone 0.0138 16 153 81 230
phone 0.0137 90 267 191 392
phone 0.0135 159 9 237 145
phone 0.0130 4 217 94 351
phone 0.0130 40 159 118 225
phone 0.0126 100 225 212 342
phone 0.0126 113 183 199 263
phone 0.0123 12 236 85 301
phone 0.0123 16 193 50 252
phone 0.0122 89 109 161 214
phone 0.0121 44 260 107 370
phone 0.0119 88 263 162 336
phone 0.0119 45 260 75 285
phone 0.0118 0 219 68 287
phone 0.0118 31 124 96 198
phone 0.0117 96 92 154 169
phone 0.0117 129 5 206 151
phone 0.0115 61 193 97 252
phone 0.0115 31 225 65 282
phone 0.0114 0 35 215 249
phone 0.0114 208 76 266 201
phone 0.0113 51 256 69 289
phone 0.0112 0 193 50 327
phone 0.0110 167 173 238 241
phone 0.0109 147 194 227 252
phone 0.0108 77 105 143 186
phone 0.0106 99 255 182 314
phone 0.0106 45 225 81 282
phone 0.0106 31 162 66 221
phone 0.0103 162 148 242 205
phone 0.0102 74 223 114 284
phone 0.0102 51 284 139 399
phone 0.0102 146 187 229 319
phone 0.0101 46 194 81 251
phone 0.0101 65 2 144 153
phone 0.0099 55 266 65 279
phone 0.0098 132 225 210 282
phone 0.0098 58 125 131 197
phone 0.0098 0 125 63 279
phone 0.0097 98 4 176 152
phone 0.0097 40 285 118 345
phone 0.0097 102 303 180 358
phone 0.0096 30 193 66 252
phone 0.0096 46 131 81 190
phone 0.0095 8 175 201 399
phone 0.0095 62 271 96 328
phone 0.0094 185 129 250 193
phone 0.0094 16 224 50 282
phone 0.0093 48 111 110 180
phone 0.0093 12 285 85 345
phone 0.0093 185 164 219 219
phone 0.0093 122 240 159 298
phone 0.0092 205 139 266 275
phone 0.0091 168 164 205 220
phone 0.0090 75 255 113 313
phone 0.0090 196 208 266 268
phone 0.0089 85 178 165 268
phone 0.0089 77 117 111 174
phone 0.0089 61 164 97 220
phone 0.0089 74 191 115 254
phone 0.0089 0 255 70 374
phone 0.0088 89 223 130 284
phone 0.0088 153 194 189 251
phone 0.0087 183 222 253 284
phone 0.0087 170 209 204 266
phone 0.0086 92 271 127 328
phone 0.0085 105 238 146 299
phone 0.0085 59 238 98 299
phone 0.0084 130 315 200 388
phone 0.0083 154 240 188 297
phone 0.0083 140 247 203 321
phone 0.0083 59 316 131 375
phone 0.0083 156 229 218 308
phone 0.0083 27 301 101 359
phone 0.0083 89 316 162 375
phone 0.0083 1 208 34 267
phone 0.0082 26 265 101 334
phone 0.0082 107 270 143 328
phone 0.0082 92 116 128 175
phone 0.0081 156 263 218 335
phone 0.0081 61 132 96 190
phone 0.0081 124 302 157 358
phone 0.0081 142 96 201 165
phone 0.0081 31 255 65 313
phone 0.0080 112 86 169 144
phone 0.0080 46 163 81 220
phone 0.0080 68 267 98 293
phone 0.0079 169 116 236 175
phone 0.0079 112 242 200 296
phone 0.0078 170 199 234 277
phone 0.0078 205 244 261 293
phone 0.0078 214 14 266 141
phone 0.0078 0 30 86 186
phone 0.0078 32 286 65 344
phone 0.0078 122 100 159 160
phone 0.0078 17 161 49 222
phone 0.0077 185 193 219 251
phone 0.0076 186 280 264 365
phone 0.0075 185 154 250 230
phone 0.0075 220 228 266 278
phone 0.0075 77 287 111 343
phone 0.0075 139 272 173 327
phone 0.0075 215 175 266 240
phone 0.0074 201 224 234 282
phone 0.0074 219 239 248 299
phone 0.0073 185 184 250 261
phone 0.0073 30 283 98 399
phone 0.0073 88 176 131 239
phone 0.0073 16 255 49 313
phone 0.0073 76 148 113 205
phone 0.0073 74 263 92 297
phone 0.0073 32 130 65 191
phone 0.0072 0 243 33 355
phone 0.0072 170 239 204 298
phone 0.0071 0 276 34 322
phone 0.0071 78 317 111 374
phone 0.0071 138 226 173 281
phone 0.0070 201 147 234 205
phone 0.0069 47 301 80 359
phone 0.0069 45 255 82 313
phone 0.0069 170 100 204 159
phone 0.0069 0 270 18 329
phone 0.0069 154 270 188 329
phone 0.0069 0 181 49 233
phone 0.0069 171 253 234 315
phone 0.0069 108 317 142 374
phone 0.0069 78 332 142 389
phone 0.0068 154 320 234 384
phone 0.0068 0 193 18 252
phone 0.0067 63 316 95 375
phone 0.0067 3 149 64 203
phone 0.0066 185 239 219 298
phone 0.0066 205 116 261 175
phone 0.0066 66 100 123 160
phone 0.0065 104 115 146 177
phone 0.0065 17 332 81 399
phone 0.0065 106 337 137 362
phone 0.0065 2 239 33 298
phone 0.0065 113 334 130 365
phone 0.0064 17 285 49 344
phone 0.0064 139 301 173 359
phone 0.0064 123 272 157 327
phone 0.0064 120 208 161 268
phone 0.0063 18 368 79 399
phone 0.0063 0 150 33 264
phone 0.0063 186 101 219 159
phone 0.0063 156 86 188 143
phone 0.0063 17 106 80 154
phone 0.0063 190 274 245 324
phone 0.0063 0 307 49 353
phone 0.0063 200 177 235 237
phone 0.0063 0 0 32 30
phone 0.0063 231 112 266 240
phone 0.0063 93 301 127 359
phone 0.0062 78 274 88 286
phone 0.0062 216 194 250 251
phone 0.0062 3 323 63 368
phone 0.0062 231 194 265 251
phone 0.0062 231 163 265 220
phone 0.0062 3 300 33 360
phone 0.0062 203 269 233 329
phone 0.0062 18 315 48 376
phone 0.0061 135 193 176 252
phone 0.0061 109 327 173 399
phone 0.0061 34 0 93 30
phone 0.0061 0 367 18 399
phone 0.0061 0 332 19 399
phone 0.0061 33 362 64 399
phone 0.0061 0 367 2 399
phone 0.0061 0 332 4 399
phone 0.0061 33 331 64 391
phone 0.0061 0 223 18 283
phone 0.0061 264 367 266 399
phone 0.0061 0 0 48 64
phone 0.0061 3 147 33 205
phone 0.0061 0 0 1 30
phone 0.0061 0 337 32 385
phone 0.0061 263 332 266 399
phone 0.0061 33 91 95 139
phone 0.0061 219 144 266 209
phone 0.0061 49 0 110 64
phone 0.0061 0 0 17 64
phone 0.0061 4 0 63 30
phone 0.0060 18 0 79 64
phone 0.0060 2 122 64 170
phone 0.0060 0 0 2 64
phone 0.0060 217 332 266 399
phone 0.0060 231 174 266 301
phone 0.0060 94 331 126 391
phone 0.0060 65 60 125 108
phone 0.0060 159 305 215 355
phone 0.0060 233 132 264 190
phone 0.0060 17 362 49 399
phone 0.0060 126 45 186 92
phone 0.0060 65 0 124 30
phone 0.0059 34 100 64 159
phone 0.0059 248 147 266 205
phone 0.0059 203 291 263 339
phone 0.0059 80 45 140 93
phone 0.0059 218 76 266 123
phone 0.0059 201 0 265 95
phone 0.0059 218 100 248 159
phone 0.0059 249 76 266 123
phone 0.0059 50 0 79 37
phone 0.0059 174 289 230 340
phone 0.0059 250 245 266 292
phone 0.0059 218 30 266 77
phone 0.0059 141 29 202 77
phone 0.0059 111 30 171 77
phone 0.0059 0 337 2 385
phone 0.0059 65 0 94 37
phone 0.0059 234 91 266 139
phone 0.0059 233 363 264 399
phone 0.0058 48 362 80 399
phone 0.0058 249 208 266 268
phone 0.0058 34 0 63 37
phone 0.0058 249 30 266 77
phone 0.0058 0 322 17 369
phone 0.0058 248 42 266 156
phone 0.0058 168 121 198 147
phone 0.0058 249 107 266 154
phone 0.0058 19 0 48 37
phone 0.0058 80 89 140 141
phone 0.0058 49 75 110 123
phone 0.0058 248 212 266 325
phone 0.0058 34 60 94 108
phone 0.0058 249 337 266 385
phone 0.0058 18 76 79 123
phone 0.0058 155 0 219 95
phone 0.0058 232 58 266 171
phone 0.0058 172 29 232 77
phone 0.0058 248 0 266 110
phone 0.0058 188 306 247 354
phone 0.0058 167 133 206 189
phone 0.0058 234 60 266 108
phone 0.0057 265 106 266 154
phone 0.0057 49 85 79 144
phone 0.0057 249 367 266 399
phone 0.0057 265 337 266 385
phone 0.0057 18 116 48 175
phone 0.0057 234 261 266 307
phone 0.0057 19 86 79 204
phone 0.0057 265 76 266 123
phone 0.0057 80 0 109 37
phone 0.0057 187 331 217 390
phone 0.0057 49 368 109 399
phone 0.0057 0 288 3 399
phone 0.0057 218 285 248 344
phone 0.0057 232 228 266 339
phone 0.0057 265 30 266 77
phone 0.0057 80 54 110 113
phone 0.0057 47 333 112 399
phone 0.0057 64 85 94 144
phone 0.0057 97 366 154 399
phone 0.0057 263 73 266 187
phone 0.0057 49 45 109 93
phone 0.0057 79 0 141 64
phone 0.0057 0 306 2 354
phone 0.0057 117 343 126 356
phone 0.0057 264 239 266 298
phone 0.0056 202 367 264 399
phone 0.0056 141 39 171 98
phone 0.0056 0 137 48 185
phone 0.0056 0 276 2 323
phone 0.0056 65 54 94 113
phone 0.0056 65 29 125 77
phone 0.0056 95 39 125 98
phone 0.0056 137 101 174 160
phone 0.0056 188 285 217 344
phone 0.0056 263 27 266 141
phone 0.0056 63 362 95 399
phone 0.0056 3 91 63 139
phone 0.0056 89 145 131 207
phone 0.0056 45 244 75 270
phone 0.0056 0 168 2 216
phone 0.0056 48 11 111 126
phone 0.0056 0 168 17 216
phone 0.0056 264 54 266 113
phone 0.0056 2 363 34 399
phone 0.0056 157 39 187 98
phone 0.0056 0 290 49 399
phone 0.0056 0 214 2 262
phone 0.0056 94 75 157 123
phone 0.0056 264 85 266 144
phone 0.0056 0 245 2 292
phone 0.0056 0 103 49 218
phone 0.0056 126 23 156 82
phone 0.0056 172 300 202 360
phone 0.0056 187 0 248 64
phone 0.0056 265 214 266 262
phone 0.0056 0 242 3 356
phone 0.0055 96 0 155 30
phone 0.0055 248 289 266 399
phone 0.0055 0 134 3 249
phone 0.0055 189 105 247 156
phone 0.0055 203 300 233 359
phone 0.0055 142 0 201 30
phone 0.0055 157 60 217 108
phone 0.0055 0 181 3 294
phone 0.0055 172 23 202 82
phone 0.0055 173 0 232 30
phone 0.0055 265 199 266 246
phone 0.0055 34 69 64 129
phone 0.0055 49 54 79 113
phone 0.0055 111 39 141 98
phone 0.0055 155 300 188 360
phone 0.0055 218 363 249 399
phone 0.0055 188 23 217 83
phone 0.0055 0 137 2 185
phone 0.0055 157 353 217 399
phone 0.0055 263 181 266 294
phone 0.0055 218 307 266 354
phone 0.0055 0 119 18 233
phone 0.0055 96 0 125 37
phone 0.0055 249 307 266 354
phone 0.0055 0 137 17 185
phone 0.0055 232 304 266 399
phone 0.0055 188 45 248 93
phone 0.0055 157 90 217 140
phone 0.0055 203 23 233 83
phone 0.0055 169 269 235 391
phone 0.0055 174 117 192 151
phone 0.0055 34 29 94 77
phone 0.0055 0 106 48 154
phone 0.0055 79 362 110 399
phone 0.0054 82 61 266 285
phone 0.0054 217 273 266 387
phone 0.0054 248 178 266 236
phone 0.0054 265 230 266 277
phone 0.0054 218 276 266 323
phone 0.0054 265 307 266 354
phone 0.0054 110 0 171 64
phone 0.0054 263 0 266 95
phone 0.0054 247 88 266 202
phone 0.0054 265 0 266 30
phone 0.0054 249 276 266 323
phone 0.0054 3 60 63 108
phone 0.0054 110 70 141 128
phone 0.0054 265 137 266 185
phone 0.0054 103 161 147 223
phone 0.0054 94 0 157 95
phone 0.0054 18 45 79 93
phone 0.0054 125 76 187 123
phone 0.0054 80 23 110 82
phone 0.0054 18 85 48 144
phone 0.0054 203 0 263 30
phone 0.0054 203 322 263 369
phone 0.0053 142 331 171 391
phone 0.0053 264 316 266 375
phone 0.0053 263 273 266 386
phone 0.0053 0 57 49 172
phone 0.0053 219 54 248 113
phone 0.0053 250 0 266 30
phone 0.0053 126 14 186 62
phone 0.0053 265 276 266 323
phone 0.0053 186 332 250 399
phone 0.0053 111 0 140 37
phone 0.0053 52 157 68 188
phone 0.0053 172 347 202 399
phone 0.0053 3 116 33 175
phone 0.0053 17 11 80 126
phone 0.0053 0 75 48 123
phone 0.0053 126 346 156 399
phone 0.0053 0 88 3 203
phone 0.0053 157 0 186 37
phone 0.0053 203 0 233 37
phone 0.0053 173 0 202 37
phone 0.0053 95 70 125 128
phone 0.0053 188 0 217 37
phone 0.0053 65 23 94 82
phone 0.0053 3 29 63 77
phone 0.0052 172 54 202 113
phone 0.0052 188 54 217 113
phone 0.0052 126 0 156 37
phone 0.0052 111 60 171 108
phone 0.0052 120 95 192 197
phone 0.0052 142 0 171 37
phone 0.0052 0 106 17 154
phone 0.0052 94 362 126 399
phone 0.0052 142 367 202 399
phone 0.0052 264 116 266 175
phone 0.0052 0 106 2 154
phone 0.0052 234 14 266 62
phone 0.0052 44 161 76 184
phone 0.0052 202 101 233 159
phone 0.0052 49 23 79 82
phone 0.0052 203 54 233 113
phone 0.0052 202 363 233 399
phone 0.0052 0 72 18 187
phone 0.0052 264 285 266 344
phone 0.0052 263 227 266 340
phone 0.0051 172 367 233 399
phone 0.0051 3 85 33 144
phone 0.0051 0 0 34 95
phone 0.0051 265 153 266 200
phone 0.0051 188 75 248 123
phone 0.0051 51 240 69 274
phone 0.0051 218 0 266 46
phone 0.0051 18 54 48 113
phone 0.0051 218 316 248 375
phone 0.0051 233 285 264 344
phone 0.0051 141 70 172 128
phone 0.0051 156 363 188 399
phone 0.0051 264 147 266 205
phone 0.0051 34 23 64 82
phone 0.0051 0 45 48 93
phone 0.0051 215 162 250 221
phone 0.0051 3 353 63 399
phone 0.0051 263 119 266 233
phone 0.0051 264 8 266 67
phone 0.0050 156 8 187 67
phone 0.0050 265 168 266 216
phone 0.0050 203 331 233 390
phone 0.0050 149 146 193 207
phone 0.0050 0 29 2 77
phone 0.0050 265 14 266 62
phone 0.0050 187 363 218 399
phone 0.0050 141 8 172 67
phone 0.0050 0 75 2 123
