phone 0.9423 153 76 244 242
phone 0.1427 118 49 280 266
phone 0.0600 200 87 307 225
phone 0.0577 133 139 315 266
phone 0.0495 105 121 185 252
phone 0.0474 132 51 223 174
phone 0.0458 239 108 298 204
phone 0.0447 169 53 276 173
phone 0.0428 105 191 296 266
phone 0.0408 160 112 224 201
phone 0.0369 99 72 186 200
phone 0.0321 209 127 298 266
phone 0.0287 137 127 216 216
phone 0.0279 84 155 252 266
phone 0.0276 174 127 241 216
phone 0.0271 234 217 265 242
phone 0.0259 98 129 162 214
phone 0.0258 57 57 164 208
phone 0.0256 193 35 321 186
phone 0.0254 241 213 258 245
phone 0.0248 154 212 361 266
phone 0.0247 126 156 164 218
phone 0.0245 220 60 354 212
phone 0.0243 115 119 175 194
phone 0.0230 58 165 160 266
phone 0.0229 99 16 184 138
phone 0.0228 245 223 254 235
phone 0.0224 63 205 219 266
phone 0.0211 141 96 212 185
phone 0.0208 159 148 225 257
phone 0.0207 270 33 382 176
phone 0.0206 215 101 292 181
phone 0.0194 176 100 239 182
phone 0.0190 69 0 155 152
phone 0.0182 158 177 256 266
phone 0.0179 196 226 317 266
phone 0.0178 158 22 244 142
phone 0.0172 132 45 383 227
phone 0.0172 32 133 136 266
phone 0.0172 30 27 131 182
phone 0.0171 121 157 201 217
phone 0.0164 157 0 228 220
phone 0.0164 234 192 303 266
phone 0.0157 236 147 332 266
phone 0.0156 150 248 248 266
phone 0.0151 111 140 149 203
phone 0.0146 181 252 273 266
phone 0.0144 142 163 211 241
phone 0.0144 67 223 152 266
phone 0.0141 66 0 280 212
phone 0.0141 127 147 157 173
phone 0.0137 247 109 321 172
phone 0.0135 21 186 116 266
phone 0.0134 192 153 284 221
phone 0.0133 221 75 285 145
phone 0.0133 133 143 150 176
phone 0.0133 122 243 217 266
phone 0.0130 242 88 399 241
phone 0.0129 15 79 201 266
phone 0.0128 97 104 163 177
phone 0.0127 3 9 93 138
phone 0.0126 110 169 150 235
phone 0.0125 199 183 277 252
phone 0.0123 155 138 198 205
phone 0.0122 232 124 274 188
phone 0.0120 248 154 289 219
phone 0.0119 143 159 178 215
phone 0.0118 75 156 155 218
phone 0.0117 233 155 273 219
phone 0.0116 137 154 147 166
phone 0.0115 0 32 62 177
phone 0.0114 125 112 197 169
phone 0.0112 242 10 343 146
phone 0.0111 258 197 342 266
phone 0.0110 249 93 288 157
phone 0.0110 211 247 296 266
phone 0.0110 90 248 171 266
phone 0.0109 308 75 395 193
phone 0.0108 127 82 195 138
phone 0.0107 191 157 387 266
phone 0.0107 129 0 216 116
phone 0.0107 194 259 282 266
phone 0.0107 0 156 70 266
phone 0.0106 235 261 303 266
phone 0.0105 94 235 197 266
phone 0.0105 143 215 241 266
phone 0.0105 0 0 56 97
phone 0.0104 155 233 260 266
phone 0.0104 39 86 129 226
phone 0.0104 161 261 254 266
phone 0.0104 234 147 265 173
phone 0.0102 159 172 194 232
phone 0.0102 76 126 153 186
phone 0.0102 143 127 178 185
phone 0.0101 45 168 123 237
phone 0.0101 250 203 287 263
phone 0.0098 132 260 221 266
phone 0.0098 0 95 63 232
phone 0.0098 0 0 39 0
phone 0.0098 266 112 301 169
phone 0.0098 234 204 272 262
phone 0.0097 238 246 339 266
phone 0.0097 0 60 101 207
phone 0.0097 246 140 322 203
phone 0.0097 247 183 321 253
phone 0.0097 104 258 188 266
phone 0.0096 120 190 202 246
phone 0.0094 47 235 121 266
phone 0.0094 145 80 177 139
phone 0.0094 241 143 258 177
phone 0.0093 18 219 90 266
phone 0.0093 265 96 334 155
phone 0.0093 266 232 333 266
phone 0.0093 84 260 147 266
phone 0.0093 97 203 132 263
phone 0.0093 112 111 148 170
phone 0.0091 150 85 180 111
phone 0.0091 0 263 41 266
phone 0.0091 97 174 132 230
phone 0.0091 149 209 180 234
phone 0.0090 178 52 237 106
phone 0.0090 97 144 132 199
phone 0.0089 260 172 339 233
phone 0.0088 78 265 152 266
phone 0.0088 220 190 256 245
phone 0.0088 137 146 147 158
phone 0.0088 82 205 116 261
phone 0.0087 52 190 85 246
phone 0.0087 49 134 119 209
phone 0.0087 36 0 119 107
phone 0.0087 233 212 251 246
phone 0.0086 287 97 343 184
phone 0.0086 183 119 293 194
phone 0.0086 114 93 177 158
phone 0.0085 63 249 136 266
phone 0.0084 108 214 183 266
phone 0.0083 92 264 169 266
phone 0.0083 156 81 174 115
phone 0.0083 164 205 181 237
phone 0.0083 286 145 344 228
phone 0.0083 156 205 173 238
phone 0.0082 207 65 269 124
phone 0.0082 245 154 254 166
phone 0.0081 261 127 338 186
phone 0.0081 148 67 205 152
phone 0.0081 181 160 264 245
phone 0.0080 273 167 357 266
phone 0.0080 67 235 100 266
phone 0.0080 253 79 315 141
phone 0.0079 67 206 101 260
phone 0.0079 153 263 231 266
phone 0.0079 218 159 257 215
phone 0.0078 220 221 255 266
phone 0.0078 37 219 69 266
phone 0.0078 7 119 100 254
phone 0.0078 241 64 296 125
phone 0.0077 266 205 301 261
phone 0.0077 144 190 178 245
phone 0.0077 216 263 290 266
phone 0.0077 239 28 299 161
phone 0.0077 282 220 316 266
phone 0.0077 127 188 163 247
phone 0.0076 183 263 262 266
phone 0.0076 168 215 177 228
phone 0.0076 0 75 52 145
phone 0.0076 127 131 157 158
phone 0.0075 160 215 170 228
phone 0.0075 189 0 274 117
phone 0.0075 237 223 247 235
phone 0.0075 5 89 71 162
phone 0.0074 251 265 334 266
phone 0.0074 249 212 266 246
phone 0.0074 207 50 239 108
phone 0.0074 122 264 201 266
phone 0.0074 234 94 272 156
phone 0.0074 52 234 85 266
phone 0.0074 173 186 211 249
phone 0.0073 98 265 131 266
phone 0.0073 283 112 316 169
phone 0.0073 160 92 170 105
phone 0.0072 189 204 225 262
phone 0.0072 282 174 316 230
phone 0.0072 8 68 68 121
phone 0.0072 67 87 132 163
phone 0.0072 97 234 132 266
phone 0.0072 267 250 300 266
phone 0.0072 176 50 208 108
phone 0.0072 266 143 301 200
phone 0.0072 0 207 55 259
phone 0.0072 113 236 147 266
phone 0.0071 83 250 116 266
phone 0.0071 296 122 366 251
phone 0.0071 33 149 105 225
phone 0.0071 288 77 342 142
phone 0.0071 168 90 216 160
phone 0.0071 133 127 150 161
phone 0.0070 278 0 372 104
phone 0.0070 184 169 230 235
phone 0.0070 270 68 329 121
phone 0.0069 0 0 41 32
phone 0.0069 2 123 74 189
phone 0.0069 193 88 283 163
phone 0.0069 303 175 358 229
phone 0.0068 266 174 301 231
phone 0.0068 7 65 39 123
phone 0.0068 97 113 132 168
phone 0.0068 157 94 195 156
phone 0.0068 309 151 395 241
phone 0.0068 66 174 102 230
phone 0.0067 18 166 88 239
phone 0.0067 251 235 286 266
phone 0.0067 146 54 207 104
phone 0.0067 245 161 254 174
phone 0.0067 6 189 39 246
phone 0.0067 205 221 240 266
phone 0.0067 137 161 147 174
phone 0.0066 188 78 219 103
phone 0.0066 0 156 45 218
phone 0.0066 252 263 317 266
phone 0.0066 164 55 219 134
phone 0.0065 160 64 193 125
phone 0.0065 315 157 346 216
phone 0.0065 222 50 254 107
phone 0.0065 32 121 105 191
phone 0.0065 234 131 265 158
phone 0.0065 25 77 81 143
phone 0.0065 38 65 69 123
phone 0.0065 252 223 262 235
phone 0.0065 36 88 101 163
phone 0.0065 128 251 162 266
phone 0.0064 145 191 208 266
phone 0.0064 16 139 91 204
phone 0.0064 84 264 115 266
phone 0.0064 39 70 99 119
phone 0.0064 143 221 178 266
phone 0.0064 236 236 270 266
phone 0.0064 36 189 70 246
phone 0.0064 128 220 163 266
phone 0.0064 189 236 224 266
phone 0.0064 49 102 119 180
phone 0.0064 234 170 265 196
phone 0.0064 82 175 116 230
phone 0.0064 174 251 209 266
phone 0.0064 0 110 45 172
phone 0.0063 297 125 333 187
phone 0.0063 283 143 316 199
phone 0.0063 15 107 91 174
phone 0.0063 164 81 181 115
phone 0.0063 20 96 55 154
phone 0.0063 66 143 102 200
phone 0.0062 315 188 346 247
phone 0.0062 82 144 116 199
phone 0.0062 195 74 212 107
phone 0.0062 69 69 130 119
phone 0.0062 361 85 399 134
phone 0.0062 363 53 399 166
phone 0.0061 205 251 239 266
phone 0.0061 298 204 331 261
phone 0.0061 164 64 196 87
phone 0.0061 331 209 391 257
phone 0.0061 54 65 84 123
phone 0.0061 64 252 81 266
phone 0.0061 23 218 53 266
phone 0.0061 39 254 99 266
phone 0.0061 257 177 288 204
phone 0.0061 0 0 176 233
phone 0.0061 302 142 358 200
phone 0.0060 54 264 84 266
phone 0.0060 5 96 39 154
phone 0.0060 82 96 117 154
phone 0.0060 36 97 70 154
phone 0.0060 234 101 265 127
phone 0.0060 162 24 222 72
phone 0.0060 254 55 315 103
phone 0.0060 220 251 255 266
phone 0.0060 360 54 399 104
phone 0.0060 310 164 343 187
phone 0.0060 317 101 375 150
phone 0.0060 127 162 157 189
phone 0.0060 361 116 399 165
phone 0.0060 137 138 147 150
phone 0.0059 297 172 332 232
phone 0.0059 176 69 185 81
phone 0.0059 319 160 334 190
phone 0.0059 362 7 399 119
phone 0.0059 254 9 314 57
phone 0.0059 332 178 391 226
phone 0.0059 346 203 376 262
phone 0.0059 131 9 191 57
phone 0.0059 69 65 100 123
phone 0.0059 316 255 375 266
phone 0.0059 117 67 174 122
phone 0.0058 315 8 389 135
phone 0.0058 322 169 331 182
phone 0.0058 84 65 115 123
phone 0.0058 300 64 331 124
phone 0.0058 254 49 284 108
phone 0.0058 300 9 360 57
phone 0.0058 224 9 283 57
phone 0.0058 241 127 259 162
phone 0.0058 362 239 399 266
phone 0.0058 115 0 177 90
phone 0.0058 268 0 331 90
phone 0.0058 249 79 281 102
phone 0.0058 314 222 377 266
phone 0.0058 174 219 209 266
phone 0.0058 241 166 258 200
phone 0.0058 363 99 399 212
phone 0.0058 238 0 300 90
phone 0.0058 316 24 376 72
phone 0.0058 116 0 176 42
phone 0.0058 285 24 345 72
phone 0.0058 7 0 70 29
phone 0.0058 331 9 391 57
phone 0.0058 172 60 189 91
phone 0.0058 150 147 180 173
phone 0.0058 331 96 361 154
phone 0.0057 362 146 399 258
phone 0.0057 285 55 345 103
phone 0.0057 361 178 399 227
phone 0.0057 264 174 281 207
phone 0.0057 193 24 253 72
phone 0.0057 85 0 145 42
phone 0.0057 269 50 300 108
phone 0.0057 361 24 399 73
phone 0.0057 23 0 83 42
phone 0.0057 72 252 88 266
phone 0.0057 177 18 207 78
phone 0.0057 177 9 237 57
phone 0.0057 54 0 114 42
phone 0.0057 21 189 55 246
phone 0.0057 361 147 399 196
phone 0.0057 101 9 160 57
phone 0.0057 8 0 68 11
phone 0.0057 21 143 55 200
phone 0.0057 346 172 376 231
phone 0.0057 315 96 346 154
phone 0.0057 332 148 391 195
phone 0.0057 377 79 399 140
phone 0.0057 331 249 361 266
phone 0.0057 361 0 399 42
phone 0.0057 192 34 222 93
phone 0.0057 172 71 203 95
phone 0.0056 133 158 151 192
phone 0.0056 239 0 299 42
phone 0.0056 162 18 192 78
phone 0.0056 270 0 330 42
phone 0.0056 68 0 131 75
phone 0.0056 331 40 391 88
phone 0.0056 54 55 114 103
phone 0.0056 126 72 157 94
phone 0.0056 8 9 68 57
phone 0.0056 270 3 299 62
phone 0.0056 361 0 399 11
phone 0.0056 269 252 330 266
phone 0.0056 146 3 176 62
phone 0.0056 5 143 39 200
phone 0.0056 329 114 394 228
phone 0.0056 0 0 23 1
phone 0.0056 146 0 207 42
phone 0.0056 285 3 315 62
phone 0.0056 131 3 161 62
phone 0.0056 143 251 178 266
phone 0.0056 23 55 84 103
phone 0.0056 8 40 68 88
phone 0.0056 316 0 376 42
phone 0.0056 254 3 284 62
phone 0.0056 299 237 362 266
phone 0.0056 364 262 399 266
phone 0.0055 0 0 36 11
phone 0.0055 53 22 115 136
phone 0.0055 39 9 99 57
phone 0.0055 249 132 281 157
phone 0.0055 51 96 86 154
phone 0.0055 377 48 399 109
phone 0.0055 100 0 160 26
phone 0.0055 208 0 268 42
phone 0.0055 346 3 376 62
phone 0.0055 316 3 345 62
phone 0.0055 239 3 268 62
phone 0.0055 331 3 361 62
phone 0.0055 257 75 273 107
phone 0.0055 172 205 189 237
phone 0.0055 300 3 330 62
phone 0.0055 100 0 160 11
phone 0.0055 250 216 280 242
phone 0.0055 316 55 376 103
phone 0.0055 165 209 196 234
phone 0.0055 70 0 130 26
phone 0.0055 361 208 399 258
phone 0.0055 39 0 99 11
phone 0.0055 377 110 399 171
phone 0.0055 70 0 130 11
phone 0.0055 39 0 99 26
phone 0.0055 223 3 253 62
phone 0.0055 66 96 101 154
phone 0.0055 23 50 53 108
phone 0.0055 116 0 145 47
phone 0.0055 131 0 191 11
phone 0.0055 301 40 360 88
phone 0.0055 346 142 376 200
phone 0.0055 0 189 23 246
phone 0.0055 331 0 391 11
phone 0.0055 331 240 391 266
phone 0.0054 131 0 191 26
phone 0.0054 100 0 130 47
phone 0.0054 208 3 238 62
phone 0.0054 39 0 68 47
phone 0.0054 68 261 77 266
phone 0.0054 224 54 283 104
phone 0.0054 23 0 53 47
phone 0.0054 316 249 345 266
phone 0.0054 193 3 222 62
phone 0.0054 110 202 150 264
phone 0.0054 256 128 273 161
phone 0.0054 70 0 99 47
phone 0.0054 239 0 299 11
phone 0.0054 347 33 376 93
phone 0.0054 85 0 115 47
phone 0.0054 254 0 314 26
phone 0.0054 137 77 146 89
phone 0.0054 361 255 399 266
phone 0.0054 146 50 176 108
phone 0.0054 223 0 284 26
phone 0.0054 54 0 84 47
phone 0.0054 23 0 53 16
phone 0.0054 162 0 222 11
phone 0.0054 297 200 364 266
phone 0.0054 0 249 63 266
phone 0.0054 208 0 268 11
phone 0.0054 168 92 177 104
phone 0.0054 331 0 391 26
phone 0.0054 270 0 330 11
phone 0.0054 0 0 22 16
phone 0.0054 301 85 359 135
phone 0.0054 241 96 259 131
phone 0.0054 331 34 361 93
phone 0.0054 134 69 150 98
phone 0.0054 345 176 399 266
phone 0.0054 0 81 24 139
phone 0.0053 51 143 86 200
phone 0.0053 316 264 345 266
phone 0.0053 199 85 208 97
phone 0.0053 300 0 360 11
phone 0.0053 193 0 253 26
phone 0.0053 24 24 83 72
phone 0.0053 131 50 161 108
phone 0.0053 208 40 268 88
phone 0.0053 162 0 222 26
phone 0.0053 0 55 53 103
phone 0.0053 0 234 41 266
phone 0.0053 84 55 146 103
phone 0.0053 285 0 345 26
phone 0.0053 376 217 399 266
phone 0.0053 159 203 194 262
phone 0.0053 317 162 374 212
phone 0.0053 302 110 358 171
phone 0.0053 332 117 391 165
phone 0.0053 162 0 192 47
phone 0.0053 377 2 399 63
phone 0.0053 346 249 376 266
phone 0.0053 260 84 270 97
phone 0.0053 377 171 399 232
phone 0.0053 131 40 191 88
phone 0.0053 376 264 399 266
phone 0.0053 39 0 68 16
phone 0.0052 331 157 361 216
phone 0.0052 116 0 145 16
phone 0.0052 76 261 85 266
phone 0.0052 345 0 399 89
phone 0.0052 100 0 130 16
phone 0.0052 131 0 161 16
phone 0.0052 346 265 376 266
phone 0.0052 377 141 399 201
phone 0.0052 54 0 84 16
phone 0.0052 8 256 68 266
phone 0.0052 54 24 114 72
phone 0.0052 322 177 331 189
phone 0.0052 39 40 99 88
phone 0.0052 346 0 376 16
phone 0.0052 85 0 115 16
phone 0.0052 316 34 345 93
phone 0.0052 36 128 70 184
phone 0.0052 177 0 207 47
phone 0.0052 70 0 99 16
phone 0.0052 376 0 399 17
phone 0.0052 70 40 129 88
phone 0.0052 156 143 174 177
phone 0.0052 146 0 176 16
phone 0.0052 23 18 53 77
phone 0.0052 85 24 145 72
phone 0.0052 278 259 370 266
phone 0.0052 314 126 346 185
phone 0.0052 0 127 24 184
phone 0.0052 36 261 116 266
phone 0.0052 331 265 361 266
phone 0.0052 204 190 241 246
phone 0.0052 179 67 197 99
phone 0.0052 38 249 69 266
phone 0.0052 162 0 192 16
phone 0.0051 102 76 158 144
phone 0.0051 332 70 391 118
phone 0.0051 254 0 284 16
phone 0.0051 239 0 268 16
phone 0.0051 164 59 181 91
phone 0.0051 256 212 274 246
phone 0.0051 270 0 299 16
phone 0.0051 331 0 361 16
phone 0.0051 238 50 269 108
phone 0.0051 159 251 193 266
phone 0.0051 177 0 207 16
phone 0.0051 223 0 253 16
phone 0.0051 300 34 330 93
phone 0.0051 285 0 315 16
phone 0.0051 193 0 222 16
phone 0.0051 208 0 238 16
phone 0.0051 331 65 361 124
phone 0.0051 362 188 392 247
phone 0.0051 346 111 376 170
phone 0.0051 300 0 330 16
phone 0.0051 39 34 68 93
phone 0.0051 316 0 345 16
phone 0.0051 135 208 164 235
phone 0.0050 80 252 96 266
phone 0.0050 72 256 104 266
phone 0.0050 100 49 130 108
phone 0.0050 219 82 256 138
phone 0.0050 36 158 70 215
phone 0.0050 300 249 330 266
phone 0.0050 284 249 315 266
phone 0.0050 245 138 254 151
