phone 0.9465 222 45 373 201
phone 0.0651 207 81 336 222
phone 0.0456 92 52 254 211
phone 0.0413 157 50 314 213
phone 0.0367 312 57 399 212
phone 0.0335 236 116 332 197
phone 0.0334 210 8 328 181
phone 0.0301 307 134 399 247
phone 0.0281 67 29 208 180
phone 0.0256 181 96 294 247
phone 0.0201 259 113 370 230
phone 0.0194 177 20 292 142
phone 0.0178 323 0 399 157
phone 0.0174 107 0 236 167
phone 0.0162 276 52 399 168
phone 0.0160 248 17 382 153
phone 0.0152 273 138 357 205
phone 0.0151 213 78 294 174
phone 0.0148 70 106 209 230
phone 0.0143 142 87 241 225
phone 0.0142 108 118 232 266
phone 0.0135 226 128 342 245
phone 0.0133 156 126 258 247
phone 0.0127 345 150 399 266
phone 0.0122 211 131 295 213
phone 0.0120 261 124 307 188
phone 0.0116 90 5 186 141
phone 0.0115 262 152 337 221
phone 0.0113 165 0 250 133
phone 0.0112 360 215 399 266
phone 0.0111 236 171 332 266
phone 0.0109 193 173 284 266
phone 0.0105 119 58 204 192
phone 0.0105 127 74 195 146
phone 0.0104 168 154 247 220
phone 0.0102 284 0 373 99
phone 0.0102 198 150 278 224
phone 0.0101 153 138 230 205
phone 0.0100 284 154 377 266
phone 0.0100 0 263 40 266
phone 0.0097 280 142 318 201
phone 0.0097 108 97 184 214
phone 0.0096 0 0 39 1
phone 0.0096 214 169 292 235
phone 0.0096 201 53 275 137
phone 0.0094 195 0 276 102
phone 0.0094 297 143 333 200
phone 0.0094 182 171 263 234
phone 0.0093 225 156 312 218
phone 0.0091 181 134 263 210
phone 0.0091 125 141 198 202
phone 0.0090 359 174 393 230
phone 0.0090 217 38 290 120
phone 0.0090 144 41 209 117
phone 0.0089 154 102 229 180
phone 0.0088 355 106 399 175
phone 0.0087 267 0 333 133
phone 0.0087 139 122 214 190
phone 0.0087 139 175 214 230
phone 0.0087 144 81 178 139
phone 0.0086 170 189 245 246
phone 0.0086 172 29 242 99
phone 0.0086 156 71 228 149
phone 0.0085 324 185 399 250
phone 0.0085 112 96 179 155
phone 0.0084 167 117 247 195
phone 0.0083 230 187 307 249
phone 0.0083 128 142 195 262
phone 0.0083 292 172 369 232
phone 0.0082 374 204 399 262
phone 0.0082 296 203 365 263
phone 0.0082 216 203 291 263
phone 0.0082 354 137 399 206
phone 0.0081 253 0 316 95
phone 0.0081 344 173 378 231
phone 0.0081 330 222 393 266
phone 0.0081 353 76 399 143
phone 0.0080 336 92 399 159
phone 0.0080 188 205 258 260
phone 0.0079 353 46 399 112
phone 0.0079 237 221 300 266
phone 0.0079 184 71 261 149
phone 0.0079 111 128 181 184
phone 0.0078 263 203 336 263
phone 0.0078 190 159 224 215
phone 0.0078 140 88 212 162
phone 0.0078 126 106 197 175
phone 0.0077 280 185 350 250
phone 0.0077 339 122 399 190
phone 0.0076 159 50 193 108
phone 0.0076 175 143 208 199
phone 0.0076 331 7 391 59
phone 0.0076 347 14 399 83
phone 0.0075 169 85 245 166
phone 0.0075 234 0 304 132
phone 0.0075 145 49 177 109
phone 0.0075 144 142 177 200
phone 0.0074 221 174 255 230
phone 0.0074 182 96 263 186
phone 0.0073 182 48 263 111
phone 0.0073 345 3 377 62
phone 0.0073 360 3 393 62
phone 0.0073 313 145 347 198
phone 0.0073 221 204 254 262
phone 0.0073 269 8 330 58
phone 0.0073 160 173 193 231
phone 0.0072 268 4 300 61
phone 0.0071 191 189 223 246
phone 0.0071 346 218 376 266
phone 0.0071 285 223 344 266
phone 0.0071 115 162 177 212
phone 0.0071 205 159 239 214
phone 0.0071 236 174 270 230
phone 0.0071 129 111 162 170
phone 0.0071 189 35 224 92
phone 0.0071 146 192 207 242
phone 0.0071 249 143 288 200
phone 0.0070 267 205 301 261
phone 0.0070 177 8 238 58
phone 0.0070 267 160 301 214
phone 0.0070 284 4 315 61
phone 0.0070 362 254 399 266
phone 0.0070 130 80 162 139
phone 0.0069 253 218 284 266
phone 0.0069 238 218 269 266
phone 0.0069 298 173 331 231
phone 0.0069 146 172 176 232
phone 0.0069 328 159 362 215
phone 0.0069 244 108 293 173
phone 0.0068 376 232 399 266
phone 0.0068 313 174 347 230
phone 0.0068 0 0 41 32
phone 0.0068 117 35 176 153
phone 0.0068 207 203 238 262
phone 0.0068 176 188 208 247
phone 0.0068 336 59 399 130
phone 0.0067 159 143 193 200
phone 0.0067 330 4 361 61
phone 0.0067 192 4 223 62
phone 0.0066 115 68 177 121
phone 0.0066 282 204 316 261
phone 0.0066 99 148 162 195
phone 0.0066 130 156 161 217
phone 0.0066 161 0 223 90
phone 0.0065 374 128 399 184
phone 0.0065 251 190 285 245
phone 0.0065 331 218 361 266
phone 0.0065 145 23 208 74
phone 0.0065 231 125 275 187
phone 0.0065 233 64 274 125
phone 0.0065 374 98 399 153
phone 0.0065 174 34 209 93
phone 0.0064 115 141 145 201
phone 0.0064 300 218 330 266
phone 0.0064 316 218 345 266
phone 0.0063 144 112 178 169
phone 0.0063 224 9 282 87
phone 0.0063 177 3 207 62
phone 0.0063 300 8 361 58
phone 0.0063 100 131 161 242
phone 0.0062 207 3 239 62
phone 0.0062 219 55 250 80
phone 0.0062 130 0 192 106
phone 0.0062 208 223 268 266
phone 0.0062 161 19 192 77
phone 0.0062 252 3 285 62
phone 0.0062 221 19 255 77
phone 0.0062 159 112 193 169
phone 0.0061 329 189 362 246
phone 0.0061 101 67 161 182
phone 0.0061 162 193 222 266
phone 0.0061 374 159 399 214
phone 0.0061 226 51 243 84
phone 0.0061 361 0 399 11
phone 0.0061 130 0 193 29
phone 0.0060 205 35 240 92
phone 0.0060 160 0 224 29
phone 0.0060 314 0 378 29
phone 0.0060 177 218 207 266
phone 0.0060 113 21 289 266
phone 0.0060 282 174 316 230
phone 0.0060 271 105 328 176
phone 0.0060 99 0 162 29
phone 0.0060 115 40 177 88
phone 0.0060 220 50 256 108
phone 0.0060 374 52 399 106
phone 0.0060 146 19 176 77
phone 0.0060 99 86 162 133
phone 0.0060 362 0 399 26
phone 0.0059 374 19 399 77
phone 0.0059 315 4 346 61
phone 0.0059 100 0 160 11
phone 0.0059 230 94 276 157
phone 0.0059 300 4 330 61
phone 0.0059 22 265 85 266
phone 0.0059 204 67 240 122
phone 0.0059 68 265 132 266
phone 0.0059 173 81 210 139
phone 0.0059 191 0 255 29
phone 0.0059 53 265 116 266
phone 0.0059 114 237 177 266
phone 0.0059 343 143 378 200
phone 0.0059 283 0 347 29
phone 0.0059 237 0 301 29
phone 0.0059 145 237 208 266
phone 0.0058 84 0 146 44
phone 0.0058 159 81 193 138
phone 0.0058 176 237 239 266
phone 0.0058 99 116 162 165
phone 0.0058 70 0 130 11
phone 0.0058 162 255 222 266
phone 0.0058 115 0 177 44
phone 0.0058 173 112 210 169
phone 0.0058 115 95 145 155
phone 0.0058 299 237 362 266
phone 0.0058 207 0 269 42
phone 0.0058 54 0 114 41
phone 0.0058 131 0 191 11
phone 0.0058 84 237 146 266
phone 0.0057 268 237 331 266
phone 0.0057 331 0 391 11
phone 0.0057 39 9 99 57
phone 0.0057 68 0 132 28
phone 0.0057 0 250 40 266
phone 0.0057 131 9 192 57
phone 0.0057 115 253 177 266
phone 0.0057 8 0 68 11
phone 0.0057 7 0 70 29
phone 0.0057 116 0 145 16
phone 0.0056 39 0 99 11
phone 0.0056 146 265 176 266
phone 0.0056 131 265 161 266
phone 0.0056 68 0 131 74
phone 0.0056 254 0 314 42
phone 0.0056 131 34 161 93
phone 0.0056 208 264 238 266
phone 0.0056 162 265 192 266
phone 0.0056 192 264 222 266
phone 0.0056 100 0 130 16
phone 0.0056 116 265 145 266
phone 0.0056 23 0 84 41
phone 0.0056 299 253 362 266
phone 0.0056 162 0 222 11
phone 0.0056 177 264 207 266
phone 0.0056 130 222 193 266
phone 0.0056 39 40 99 88
phone 0.0056 377 0 399 17
phone 0.0056 145 0 208 44
phone 0.0056 131 0 161 16
phone 0.0056 39 71 99 118
phone 0.0056 22 0 85 90
phone 0.0056 239 0 299 11
phone 0.0056 39 101 99 149
phone 0.0056 208 234 238 266
phone 0.0056 208 0 268 11
phone 0.0056 85 255 145 266
phone 0.0056 39 0 99 26
phone 0.0056 177 249 207 266
phone 0.0056 39 132 99 180
phone 0.0055 116 65 145 123
phone 0.0055 85 0 115 16
phone 0.0055 268 253 331 266
phone 0.0055 8 24 68 72
phone 0.0055 100 265 130 266
phone 0.0055 162 249 192 266
phone 0.0055 38 6 100 120
phone 0.0055 39 163 99 211
phone 0.0055 99 222 162 266
phone 0.0055 23 55 84 103
phone 0.0055 192 253 254 266
phone 0.0055 8 71 68 118
phone 0.0055 270 0 329 11
phone 0.0055 38 52 100 167
phone 0.0055 23 86 84 134
phone 0.0055 330 253 393 266
phone 0.0055 222 253 285 266
phone 0.0055 315 265 346 266
phone 0.0055 223 0 253 46
phone 0.0055 347 0 376 16
phone 0.0055 8 101 68 149
phone 0.0055 99 0 162 74
phone 0.0055 23 117 84 165
phone 0.0055 38 98 100 213
phone 0.0055 146 0 176 16
phone 0.0055 54 24 114 72
phone 0.0055 0 157 40 266
phone 0.0055 222 238 285 266
phone 0.0055 54 148 114 195
phone 0.0055 69 0 99 47
phone 0.0055 223 264 253 266
phone 0.0055 364 262 399 266
phone 0.0055 301 0 360 11
phone 0.0055 300 249 330 266
phone 0.0055 54 178 114 226
phone 0.0055 7 6 69 120
phone 0.0055 23 147 84 195
phone 0.0055 53 237 116 266
phone 0.0055 69 0 99 16
phone 0.0054 0 219 40 266
phone 0.0054 8 132 68 180
phone 0.0054 54 0 84 47
phone 0.0054 54 117 114 165
phone 0.0054 239 0 269 46
phone 0.0054 22 37 85 151
phone 0.0054 116 194 176 241
phone 0.0054 0 0 23 1
phone 0.0054 85 0 115 47
phone 0.0054 7 52 69 167
phone 0.0054 39 194 99 241
phone 0.0054 189 66 225 123
phone 0.0054 22 83 85 197
phone 0.0054 53 129 116 244
phone 0.0054 38 145 100 259
phone 0.0054 315 249 346 266
phone 0.0054 300 265 330 266
phone 0.0054 217 80 258 140
phone 0.0054 229 61 239 74
phone 0.0054 146 249 176 266
phone 0.0054 254 0 284 31
phone 0.0054 0 0 36 11
phone 0.0054 54 86 114 134
phone 0.0054 8 163 68 211
phone 0.0054 162 0 192 16
phone 0.0054 23 178 84 226
phone 0.0054 295 209 327 234
phone 0.0054 23 0 53 16
phone 0.0054 68 221 131 266
phone 0.0054 54 55 114 103
phone 0.0054 54 209 114 257
phone 0.0054 100 0 130 47
phone 0.0054 331 264 361 266
phone 0.0054 7 99 69 213
phone 0.0054 53 83 116 197
phone 0.0054 85 265 115 266
phone 0.0054 295 104 395 178
phone 0.0054 39 3 69 62
phone 0.0054 22 129 85 244
phone 0.0054 54 0 84 16
phone 0.0054 69 194 130 241
phone 0.0054 0 96 41 216
phone 0.0054 376 0 399 1
phone 0.0054 53 253 116 266
phone 0.0054 0 264 22 266
phone 0.0053 177 0 207 16
phone 0.0053 100 179 161 226
phone 0.0053 131 187 161 247
phone 0.0053 146 203 176 263
phone 0.0053 22 253 85 266
phone 0.0053 100 55 161 103
phone 0.0053 54 18 84 77
phone 0.0053 270 0 299 31
phone 0.0053 131 249 161 266
phone 0.0053 331 0 361 16
phone 0.0053 239 0 268 16
phone 0.0053 345 0 399 43
phone 0.0053 53 37 116 151
phone 0.0053 238 265 269 266
phone 0.0053 116 249 145 266
phone 0.0053 193 0 222 16
phone 0.0053 224 0 253 16
phone 0.0053 54 49 84 108
phone 0.0053 39 0 69 16
phone 0.0053 85 209 145 257
phone 0.0053 208 0 238 16
phone 0.0053 7 237 69 266
phone 0.0053 0 50 41 170
phone 0.0053 8 194 68 241
phone 0.0053 284 265 315 266
phone 0.0053 68 160 131 266
phone 0.0053 54 80 84 139
phone 0.0053 0 3 41 124
phone 0.0053 100 249 130 266
phone 0.0053 116 0 145 47
phone 0.0053 54 111 84 170
phone 0.0053 217 142 258 201
phone 0.0053 376 264 399 266
phone 0.0053 7 145 69 259
phone 0.0053 85 24 145 72
phone 0.0053 39 224 99 266
phone 0.0053 23 0 53 47
phone 0.0053 54 142 84 201
phone 0.0053 285 0 315 16
phone 0.0053 39 34 69 93
phone 0.0053 269 265 300 266
phone 0.0053 23 19 53 77
phone 0.0053 192 249 223 266
phone 0.0053 70 163 130 211
phone 0.0052 162 0 192 47
phone 0.0052 254 265 284 266
phone 0.0052 162 203 192 263
phone 0.0052 0 193 36 242
phone 0.0052 131 218 161 266
phone 0.0052 70 265 99 266
phone 0.0052 23 209 84 257
phone 0.0052 0 0 23 16
phone 0.0052 39 65 69 124
phone 0.0052 23 49 53 108
phone 0.0052 69 18 99 77
phone 0.0052 39 95 69 154
phone 0.0052 316 0 345 16
phone 0.0052 23 80 53 139
phone 0.0052 300 0 330 16
phone 0.0052 69 157 99 216
phone 0.0052 84 0 146 105
phone 0.0052 303 205 319 238
phone 0.0052 54 172 84 231
phone 0.0052 39 126 69 185
phone 0.0052 331 249 361 266
phone 0.0052 23 111 53 170
phone 0.0052 69 126 99 185
phone 0.0052 116 172 145 232
phone 0.0052 85 249 115 266
phone 0.0052 0 163 36 211
phone 0.0052 284 249 315 266
phone 0.0052 130 0 161 1
phone 0.0052 146 0 177 1
phone 0.0052 70 40 130 88
phone 0.0052 116 218 145 266
phone 0.0052 39 157 69 216
phone 0.0051 131 3 161 62
phone 0.0051 115 0 146 1
phone 0.0051 70 188 99 247
phone 0.0051 54 265 84 266
phone 0.0051 69 95 99 154
phone 0.0051 376 0 399 47
phone 0.0051 23 142 53 200
phone 0.0051 70 71 130 118
phone 0.0051 161 0 192 1
phone 0.0051 147 0 176 47
phone 0.0051 69 65 99 124
phone 0.0051 100 218 130 266
phone 0.0051 0 132 36 180
phone 0.0051 85 188 115 247
phone 0.0051 85 218 115 266
phone 0.0051 177 0 208 1
phone 0.0051 68 22 131 136
phone 0.0051 100 187 130 247
phone 0.0051 54 203 84 262
phone 0.0051 23 265 53 266
phone 0.0051 70 218 99 266
phone 0.0051 100 0 131 1
phone 0.0051 346 264 377 266
phone 0.0051 0 203 23 262
phone 0.0051 223 234 253 266
phone 0.0051 188 128 226 184
phone 0.0051 0 172 23 231
phone 0.0051 23 172 53 231
phone 0.0051 39 265 68 266
phone 0.0050 0 101 36 150
phone 0.0050 85 18 115 78
phone 0.0050 39 188 68 247
phone 0.0050 0 0 54 58
phone 0.0050 192 0 223 1
phone 0.0050 70 249 99 266
phone 0.0050 288 217 319 241
phone 0.0050 100 18 130 78
phone 0.0050 0 55 53 103
phone 0.0050 116 18 145 78
phone 0.0050 85 157 115 216
phone 0.0050 0 86 53 134
phone 0.0050 84 0 115 1
