phone 0.8540 142 32 306 234
phone 0.0561 145 27 240 192
phone 0.0544 158 103 256 239
phone 0.0464 172 136 287 233
phone 0.0395 196 86 310 226
phone 0.0295 107 74 244 246
phone 0.0257 7 67 92 199
phone 0.0237 229 119 308 193
phone 0.0237 185 17 290 172
phone 0.0229 99 65 192 216
phone 0.0221 129 14 224 145
phone 0.0219 264 64 381 205
phone 0.0205 152 133 231 211
phone 0.0199 126 129 216 248
phone 0.0199 232 130 346 254
phone 0.0195 155 63 228 157
phone 0.0193 69 79 157 242
phone 0.0167 30 81 123 239
phone 0.0162 100 124 180 250
phone 0.0158 225 75 342 206
phone 0.0157 88 35 173 184
phone 0.0153 164 0 250 145
phone 0.0151 169 93 245 189
phone 0.0149 84 0 268 221
phone 0.0148 123 152 199 222
phone 0.0146 105 8 186 150
phone 0.0140 216 77 290 174
phone 0.0137 186 167 259 238
phone 0.0136 186 140 228 203
phone 0.0134 38 139 130 264
phone 0.0131 109 89 182 162
phone 0.0130 249 126 288 186
phone 0.0129 29 36 126 174
phone 0.0125 231 153 306 221
phone 0.0120 188 0 396 216
phone 0.0117 95 119 166 193
phone 0.0116 135 120 217 193
phone 0.0116 180 46 265 143
phone 0.0116 138 156 245 266
phone 0.0114 201 155 305 266
phone 0.0113 138 84 215 167
phone 0.0113 21 120 86 192
phone 0.0112 113 45 179 113
phone 0.0111 66 1 155 149
phone 0.0110 51 63 149 187
phone 0.0109 135 173 218 231
phone 0.0109 269 121 330 191
phone 0.0108 251 0 338 119
phone 0.0107 190 21 255 107
phone 0.0107 236 26 332 163
phone 0.0107 172 141 211 202
phone 0.0104 0 40 57 166
phone 0.0104 36 91 102 160
phone 0.0103 276 139 366 247
phone 0.0103 241 143 327 200
phone 0.0102 203 157 242 217
phone 0.0100 72 171 159 266
phone 0.0100 143 158 179 215
phone 0.0100 31 160 106 214
phone 0.0099 47 174 122 230
phone 0.0099 122 104 200 178
phone 0.0099 93 154 168 219
phone 0.0097 242 109 325 173
phone 0.0096 264 218 296 241
phone 0.0096 0 0 39 0
phone 0.0096 161 21 223 107
phone 0.0095 0 263 40 266
phone 0.0095 97 70 164 150
phone 0.0095 249 171 319 234
phone 0.0095 273 214 288 245
phone 0.0094 128 50 162 108
phone 0.0094 36 126 70 185
phone 0.0094 190 173 224 231
phone 0.0094 84 55 146 134
phone 0.0093 159 160 193 214
phone 0.0093 113 172 210 266
phone 0.0093 150 62 180 88
phone 0.0092 221 174 255 230
phone 0.0092 199 187 277 248
phone 0.0091 113 143 147 200
phone 0.0091 127 97 163 154
phone 0.0091 251 159 286 215
phone 0.0090 276 223 285 236
phone 0.0090 120 77 202 143
phone 0.0090 156 59 174 92
phone 0.0089 170 78 213 142
phone 0.0089 64 78 136 142
phone 0.0089 10 128 78 263
phone 0.0089 261 0 390 149
phone 0.0088 43 146 125 197
phone 0.0088 51 96 86 154
phone 0.0087 0 0 58 93
phone 0.0087 127 143 164 200
phone 0.0087 140 203 213 263
phone 0.0085 67 173 100 231
phone 0.0084 282 142 316 200
phone 0.0083 52 158 85 215
phone 0.0082 98 65 132 124
phone 0.0081 63 109 137 172
phone 0.0081 159 34 194 93
phone 0.0081 267 173 301 231
phone 0.0081 215 203 291 263
phone 0.0080 268 155 331 218
phone 0.0080 231 109 275 172
phone 0.0079 151 188 233 247
phone 0.0079 255 16 314 81
phone 0.0079 93 203 168 262
phone 0.0079 232 185 306 250
phone 0.0079 226 0 309 91
phone 0.0078 112 111 148 170
phone 0.0078 247 76 321 144
phone 0.0078 204 219 272 266
phone 0.0078 160 69 170 81
phone 0.0078 207 0 270 117
phone 0.0078 267 144 301 198
phone 0.0077 54 208 115 258
phone 0.0077 175 175 208 230
phone 0.0077 83 81 116 138
phone 0.0077 171 109 213 172
phone 0.0076 267 46 332 112
phone 0.0076 253 202 315 264
phone 0.0075 85 83 145 167
phone 0.0075 159 189 193 246
phone 0.0074 38 157 69 216
phone 0.0074 63 187 136 248
phone 0.0074 283 19 316 77
phone 0.0074 158 220 226 266
phone 0.0074 132 0 211 86
phone 0.0073 282 111 316 170
phone 0.0073 188 199 258 266
phone 0.0073 67 144 100 199
phone 0.0072 205 18 240 78
phone 0.0072 215 40 291 118
phone 0.0072 219 34 256 93
phone 0.0071 142 127 180 185
phone 0.0071 236 175 270 229
phone 0.0071 279 210 312 233
phone 0.0070 114 221 178 266
phone 0.0070 269 93 330 157
phone 0.0070 51 128 85 184
phone 0.0070 69 202 99 263
phone 0.0070 268 3 300 62
phone 0.0070 98 204 131 262
phone 0.0070 157 128 195 184
phone 0.0070 144 51 178 107
phone 0.0070 82 112 116 169
phone 0.0070 267 35 301 93
phone 0.0069 257 78 288 103
phone 0.0069 288 206 303 237
phone 0.0069 173 34 210 93
phone 0.0069 221 204 254 261
phone 0.0069 112 80 148 139
phone 0.0069 264 75 281 107
phone 0.0069 229 60 308 130
phone 0.0068 160 219 192 266
phone 0.0068 0 0 41 32
phone 0.0068 249 225 281 248
phone 0.0068 205 188 239 247
phone 0.0068 156 79 196 140
phone 0.0068 270 8 329 58
phone 0.0068 144 189 178 246
phone 0.0067 291 215 300 228
phone 0.0067 257 221 273 252
phone 0.0067 266 113 302 168
phone 0.0067 28 26 194 237
phone 0.0067 175 205 208 261
phone 0.0067 128 174 162 230
phone 0.0067 23 194 84 241
phone 0.0067 68 40 131 88
phone 0.0066 285 240 345 266
phone 0.0066 6 145 70 198
phone 0.0066 236 205 270 261
phone 0.0066 226 233 258 256
phone 0.0066 38 187 68 247
phone 0.0066 113 204 147 261
phone 0.0066 234 229 250 260
phone 0.0066 37 95 70 155
phone 0.0066 65 152 134 222
phone 0.0065 283 207 347 266
phone 0.0065 113 174 147 230
phone 0.0065 67 81 101 138
phone 0.0065 238 220 300 266
phone 0.0065 251 189 285 246
phone 0.0065 316 194 376 241
phone 0.0065 130 9 192 57
phone 0.0065 239 7 299 59
phone 0.0064 260 230 270 243
phone 0.0064 179 15 235 82
phone 0.0064 8 112 68 169
phone 0.0064 98 95 132 155
phone 0.0064 316 163 376 211
phone 0.0064 314 161 378 266
phone 0.0064 266 169 334 266
phone 0.0064 300 234 330 266
phone 0.0063 300 141 330 201
phone 0.0063 84 203 115 262
phone 0.0063 192 8 253 58
phone 0.0063 226 229 242 260
phone 0.0063 237 238 247 251
phone 0.0063 146 0 207 42
phone 0.0063 85 34 115 93
phone 0.0063 22 126 54 186
phone 0.0063 54 203 84 263
phone 0.0063 316 9 376 57
phone 0.0063 0 16 90 129
phone 0.0063 142 98 179 153
phone 0.0063 300 0 360 41
phone 0.0062 82 133 148 209
phone 0.0062 99 24 161 72
phone 0.0062 7 86 69 134
phone 0.0062 331 188 361 247
phone 0.0062 0 93 50 236
phone 0.0062 130 218 161 266
phone 0.0062 266 66 301 123
phone 0.0062 252 18 285 77
phone 0.0062 300 225 360 266
phone 0.0062 282 0 348 91
phone 0.0061 331 157 361 216
phone 0.0061 223 0 284 42
phone 0.0061 283 174 316 231
phone 0.0061 192 4 223 61
phone 0.0061 162 7 222 59
phone 0.0061 146 3 176 62
phone 0.0061 280 31 350 158
phone 0.0061 270 0 330 26
phone 0.0061 315 203 346 262
phone 0.0061 283 66 316 123
phone 0.0061 22 70 85 119
phone 0.0061 116 0 176 42
phone 0.0061 190 204 224 261
phone 0.0061 268 84 277 97
phone 0.0061 203 241 235 264
phone 0.0061 131 0 191 26
phone 0.0061 314 114 378 228
phone 0.0061 270 218 299 266
phone 0.0061 313 82 390 186
phone 0.0061 287 68 343 121
phone 0.0061 162 0 222 26
phone 0.0060 254 0 315 42
phone 0.0060 214 246 224 259
phone 0.0060 315 237 377 266
phone 0.0060 54 24 114 72
phone 0.0060 211 237 227 266
phone 0.0060 177 0 237 11
phone 0.0060 0 132 54 179
phone 0.0060 232 141 274 202
phone 0.0060 161 4 192 61
phone 0.0060 189 103 395 266
phone 0.0060 208 0 268 26
phone 0.0060 239 0 299 26
phone 0.0060 23 36 84 152
phone 0.0060 85 9 145 57
phone 0.0060 301 24 360 72
phone 0.0060 115 0 177 90
phone 0.0060 39 9 99 57
phone 0.0060 270 256 330 266
phone 0.0060 316 255 376 266
phone 0.0060 147 0 207 11
phone 0.0060 254 0 314 11
phone 0.0060 99 34 131 93
phone 0.0060 330 0 393 89
phone 0.0060 208 0 268 11
phone 0.0060 176 0 239 44
phone 0.0060 268 223 331 266
phone 0.0060 53 0 115 105
phone 0.0060 331 3 361 62
phone 0.0060 82 142 116 200
phone 0.0059 229 238 239 251
phone 0.0059 316 0 345 47
phone 0.0059 300 3 330 62
phone 0.0059 53 237 116 266
phone 0.0059 285 0 345 11
phone 0.0059 98 173 131 231
phone 0.0059 331 0 391 41
phone 0.0059 176 4 208 61
phone 0.0059 115 19 146 77
phone 0.0059 116 0 176 11
phone 0.0059 23 156 53 217
phone 0.0059 300 203 330 262
phone 0.0059 23 80 53 139
phone 0.0059 7 0 70 29
phone 0.0059 316 0 376 26
phone 0.0058 7 126 38 185
phone 0.0058 239 0 269 47
phone 0.0058 316 40 376 88
phone 0.0058 223 4 254 61
phone 0.0058 362 238 399 266
phone 0.0058 54 0 114 42
phone 0.0058 22 0 85 90
phone 0.0058 100 0 160 26
phone 0.0058 7 179 69 225
phone 0.0058 346 3 376 62
phone 0.0058 331 265 361 266
phone 0.0058 8 9 68 57
phone 0.0058 22 237 85 266
phone 0.0058 162 0 192 31
phone 0.0058 362 0 399 88
phone 0.0058 97 126 132 186
phone 0.0058 285 0 315 31
phone 0.0058 38 193 100 266
phone 0.0058 280 214 296 244
phone 0.0058 265 213 281 245
phone 0.0058 346 264 376 266
phone 0.0058 146 0 176 31
phone 0.0058 131 0 161 47
phone 0.0058 23 0 83 42
phone 0.0058 284 249 315 266
phone 0.0058 331 209 391 257
phone 0.0058 316 0 376 11
phone 0.0058 314 6 378 121
phone 0.0058 177 0 207 31
phone 0.0058 331 179 391 226
phone 0.0058 300 0 330 31
phone 0.0058 38 253 100 266
phone 0.0057 68 0 131 74
phone 0.0057 254 0 284 47
phone 0.0057 270 0 299 31
phone 0.0057 361 0 399 42
phone 0.0057 70 18 99 78
phone 0.0057 193 0 222 16
phone 0.0057 39 65 68 123
phone 0.0057 315 19 346 77
phone 0.0057 211 233 242 257
phone 0.0057 82 173 116 231
phone 0.0057 331 148 391 195
phone 0.0057 85 0 145 11
phone 0.0057 223 0 253 31
phone 0.0057 69 264 99 266
phone 0.0057 281 91 350 221
phone 0.0057 218 229 234 260
phone 0.0057 208 0 238 16
phone 0.0057 188 35 226 93
phone 0.0057 283 223 293 236
phone 0.0057 331 249 361 266
phone 0.0057 330 130 393 243
phone 0.0057 100 3 130 62
phone 0.0057 316 132 376 180
phone 0.0057 224 239 283 266
phone 0.0057 54 3 84 62
phone 0.0057 0 234 40 266
phone 0.0057 85 223 145 266
phone 0.0057 331 219 361 266
phone 0.0057 85 3 115 62
phone 0.0057 54 264 84 266
phone 0.0057 299 50 331 108
phone 0.0057 239 0 268 16
phone 0.0057 254 0 284 16
phone 0.0057 331 102 391 149
phone 0.0057 39 40 99 88
phone 0.0056 234 225 265 249
phone 0.0056 331 55 391 103
phone 0.0056 68 253 131 266
phone 0.0056 116 0 145 47
phone 0.0056 85 264 115 266
phone 0.0056 8 255 68 266
phone 0.0056 200 125 244 187
phone 0.0056 315 265 346 266
phone 0.0056 8 0 68 11
phone 0.0056 232 80 274 140
phone 0.0056 69 50 100 108
phone 0.0056 70 0 130 26
phone 0.0056 315 234 346 266
phone 0.0056 254 234 284 266
phone 0.0056 346 249 376 266
phone 0.0056 54 0 114 11
phone 0.0056 39 3 68 62
phone 0.0056 131 0 161 16
phone 0.0056 362 69 399 181
phone 0.0056 316 0 345 16
phone 0.0056 39 264 69 266
phone 0.0056 39 0 99 26
phone 0.0056 331 34 361 93
phone 0.0056 361 101 399 150
phone 0.0056 330 38 393 151
phone 0.0056 204 39 234 66
phone 0.0056 364 262 399 266
phone 0.0056 7 222 69 266
phone 0.0056 361 0 399 11
phone 0.0055 23 264 53 266
phone 0.0055 361 55 399 104
phone 0.0055 346 157 376 216
phone 0.0055 316 71 376 118
phone 0.0055 241 221 258 253
phone 0.0055 346 203 376 262
phone 0.0055 70 0 99 47
phone 0.0055 53 65 84 123
phone 0.0055 360 255 399 266
phone 0.0055 116 0 145 16
phone 0.0055 362 115 399 227
phone 0.0055 361 131 399 181
phone 0.0055 287 128 343 184
phone 0.0055 287 202 320 225
phone 0.0055 24 3 53 62
phone 0.0055 227 108 257 135
phone 0.0055 285 218 315 266
phone 0.0055 361 162 399 211
phone 0.0055 331 0 361 16
phone 0.0055 346 34 376 93
phone 0.0055 0 0 36 11
phone 0.0055 8 55 68 103
phone 0.0055 67 113 100 168
phone 0.0055 331 126 361 185
phone 0.0055 296 199 311 229
phone 0.0054 362 161 399 266
phone 0.0054 0 0 23 1
phone 0.0054 346 9 399 57
phone 0.0054 346 95 376 154
phone 0.0054 100 0 130 16
phone 0.0054 298 207 308 220
phone 0.0054 0 188 41 266
phone 0.0054 201 49 244 110
phone 0.0054 360 193 399 242
phone 0.0054 269 249 300 266
phone 0.0054 346 126 376 185
phone 0.0054 208 0 238 47
phone 0.0054 39 249 69 266
phone 0.0054 253 238 316 266
phone 0.0054 300 80 330 139
phone 0.0054 346 65 376 124
phone 0.0054 346 0 376 16
phone 0.0054 85 234 115 266
phone 0.0054 0 101 53 149
phone 0.0054 54 34 84 93
phone 0.0054 55 67 114 122
phone 0.0054 222 246 231 259
phone 0.0054 85 0 115 16
phone 0.0054 99 253 162 266
phone 0.0054 145 253 208 266
phone 0.0054 300 265 330 266
phone 0.0053 23 249 53 266
phone 0.0053 23 0 53 16
phone 0.0053 376 264 399 266
phone 0.0053 54 249 84 266
phone 0.0053 206 246 216 259
phone 0.0053 0 0 22 16
phone 0.0053 376 2 399 63
phone 0.0053 70 0 99 16
phone 0.0053 54 0 84 16
phone 0.0053 331 65 361 124
phone 0.0053 130 19 161 77
phone 0.0053 241 48 273 72
phone 0.0053 100 264 130 266
phone 0.0053 39 0 68 16
phone 0.0053 249 44 266 76
phone 0.0053 203 237 219 266
phone 0.0053 268 223 277 236
phone 0.0053 191 238 254 266
phone 0.0053 222 238 231 251
phone 0.0052 0 264 22 266
phone 0.0052 23 218 53 266
phone 0.0052 346 117 399 164
phone 0.0052 346 86 399 133
phone 0.0052 233 105 251 138
phone 0.0052 176 253 239 266
phone 0.0052 184 94 230 157
phone 0.0052 239 233 268 266
phone 0.0052 0 255 36 266
phone 0.0052 346 40 399 87
phone 0.0052 284 265 315 266
phone 0.0052 331 96 361 154
phone 0.0052 99 238 162 266
phone 0.0052 7 96 38 154
phone 0.0052 235 34 271 93
phone 0.0052 346 0 399 26
phone 0.0052 177 0 208 1
phone 0.0052 376 0 399 17
phone 0.0051 23 49 53 108
phone 0.0051 192 0 223 1
phone 0.0051 161 0 192 1
phone 0.0051 376 33 399 94
phone 0.0051 238 253 300 266
phone 0.0051 130 238 193 266
phone 0.0051 207 0 238 1
phone 0.0051 39 34 68 93
phone 0.0051 345 222 399 266
phone 0.0051 146 0 177 1
phone 0.0051 223 0 254 1
phone 0.0051 345 7 399 120
phone 0.0051 376 95 399 155
phone 0.0051 238 0 269 1
phone 0.0051 177 249 207 266
phone 0.0051 362 264 392 266
phone 0.0051 376 248 399 266
phone 0.0051 210 35 228 69
phone 0.0051 253 0 284 1
phone 0.0051 207 254 270 266
phone 0.0051 130 0 161 1
phone 0.0051 249 97 288 154
phone 0.0051 207 265 238 266
phone 0.0051 376 64 399 124
phone 0.0051 0 0 22 47
phone 0.0051 269 0 300 1
phone 0.0051 223 265 254 266
phone 0.0051 192 265 223 266
phone 0.0051 284 0 315 1
phone 0.0051 8 265 38 266
phone 0.0051 376 125 399 186
phone 0.0051 0 249 22 266
phone 0.0051 115 0 146 1
phone 0.0051 238 265 269 266
phone 0.0051 196 178 226 204
phone 0.0051 376 156 399 217
phone 0.0051 253 54 262 66
phone 0.0050 300 0 331 1
phone 0.0050 361 111 392 170
phone 0.0050 269 265 300 266
phone 0.0050 362 80 392 139
phone 0.0050 115 265 146 266
phone 0.0050 253 265 284 266
phone 0.0050 69 249 100 266
phone 0.0050 100 0 131 1
phone 0.0050 23 188 53 247
phone 0.0050 300 172 330 232
phone 0.0050 245 230 254 243
phone 0.0050 177 265 207 266
phone 0.0050 0 209 53 257
phone 0.0050 0 218 23 266
phone 0.0050 361 141 392 201
phone 0.0050 315 0 346 1
phone 0.0050 376 187 399 248
