phone 0.9431 142 25 257 227
phone 0.0360 157 110 257 263
phone 0.0342 127 54 227 196
phone 0.0320 112 102 210 241
phone 0.0306 110 44 334 266
phone 0.0305 96 40 194 179
phone 0.0297 196 89 389 234
phone 0.0278 178 77 296 204
phone 0.0263 111 153 180 221
phone 0.0255 54 16 162 190
phone 0.0232 104 0 295 187
phone 0.0227 154 108 230 205
phone 0.0208 162 68 252 184
phone 0.0207 30 47 133 216
phone 0.0205 220 21 363 195
phone 0.0203 109 89 182 162
phone 0.0193 31 116 124 266
phone 0.0193 85 125 176 248
phone 0.0192 112 119 179 194
phone 0.0186 169 19 274 170
phone 0.0181 128 157 163 216
phone 0.0176 30 7 131 144
phone 0.0176 124 137 198 206
phone 0.0172 253 63 394 208
phone 0.0172 197 44 310 175
phone 0.0164 194 120 281 193
phone 0.0161 236 135 343 249
phone 0.0160 196 128 310 245
phone 0.0159 94 72 166 148
phone 0.0158 126 165 224 266
phone 0.0153 168 147 246 227
phone 0.0153 152 0 232 153
phone 0.0150 122 106 200 175
phone 0.0148 49 10 240 250
phone 0.0147 64 83 154 240
phone 0.0146 95 102 165 180
phone 0.0142 118 2 205 156
phone 0.0140 121 73 200 147
phone 0.0140 140 149 213 224
phone 0.0135 143 158 178 215
phone 0.0131 87 6 174 152
phone 0.0131 110 59 181 131
phone 0.0131 193 73 282 148
phone 0.0129 127 126 164 186
phone 0.0127 127 96 164 155
phone 0.0127 273 112 369 213
phone 0.0126 210 111 296 171
phone 0.0126 173 163 276 266
phone 0.0121 54 153 145 266
phone 0.0120 188 0 257 119
phone 0.0117 51 120 118 192
phone 0.0115 3 74 93 193
phone 0.0115 97 186 194 266
phone 0.0114 210 145 296 198
phone 0.0113 242 71 327 209
phone 0.0111 9 136 84 253
phone 0.0109 77 93 153 158
phone 0.0107 236 117 301 195
phone 0.0107 143 127 179 185
phone 0.0105 112 96 148 155
phone 0.0104 78 140 152 203
phone 0.0104 185 139 229 204
phone 0.0103 212 182 295 266
phone 0.0103 243 8 326 150
phone 0.0102 3 19 89 127
phone 0.0101 198 155 278 219
phone 0.0101 112 126 148 186
phone 0.0101 237 85 301 166
phone 0.0100 193 17 252 80
phone 0.0100 142 97 179 154
phone 0.0098 274 16 376 129
phone 0.0097 67 127 101 185
phone 0.0097 168 107 215 174
phone 0.0097 0 0 39 0
phone 0.0096 50 94 119 156
phone 0.0096 158 157 194 216
phone 0.0095 66 41 133 117
phone 0.0095 0 99 48 231
phone 0.0095 236 129 270 183
phone 0.0094 97 43 163 115
phone 0.0093 200 33 275 95
phone 0.0092 65 75 134 145
phone 0.0092 65 203 135 263
phone 0.0092 51 59 118 130
phone 0.0091 128 51 163 108
phone 0.0091 251 106 317 175
phone 0.0091 219 143 256 200
phone 0.0091 0 263 41 266
phone 0.0090 255 148 314 225
phone 0.0090 160 192 235 266
phone 0.0090 61 157 138 216
phone 0.0089 78 59 152 130
phone 0.0089 112 32 179 95
phone 0.0089 141 47 212 142
phone 0.0088 251 175 329 266
phone 0.0087 112 66 148 123
phone 0.0087 0 0 52 97
phone 0.0086 190 174 224 230
phone 0.0086 202 217 274 266
phone 0.0086 79 169 151 236
phone 0.0086 113 173 147 231
phone 0.0086 250 76 318 144
phone 0.0085 49 171 120 233
phone 0.0085 98 143 131 199
phone 0.0084 177 7 237 59
phone 0.0084 97 97 132 153
phone 0.0084 78 218 152 266
phone 0.0084 215 0 292 133
phone 0.0082 0 42 50 164
phone 0.0082 0 0 165 265
phone 0.0082 192 4 223 61
phone 0.0082 127 139 157 165
phone 0.0082 236 160 270 214
phone 0.0081 68 96 100 154
phone 0.0081 251 45 317 113
phone 0.0081 147 21 206 106
phone 0.0080 63 108 136 173
phone 0.0080 173 156 211 217
phone 0.0079 251 126 286 186
phone 0.0079 128 36 194 122
phone 0.0079 235 98 271 153
phone 0.0079 168 76 216 143
phone 0.0078 155 94 197 157
phone 0.0078 82 50 117 108
phone 0.0077 267 127 301 185
phone 0.0077 36 139 102 203
phone 0.0077 236 190 270 245
phone 0.0076 67 65 101 123
phone 0.0076 83 189 116 246
phone 0.0076 133 135 150 169
phone 0.0075 128 189 162 246
phone 0.0075 237 166 301 238
phone 0.0074 123 218 199 266
phone 0.0074 82 81 116 139
phone 0.0074 236 219 270 266
phone 0.0074 83 219 115 266
phone 0.0074 251 95 286 155
phone 0.0073 251 157 286 216
phone 0.0073 267 96 301 154
phone 0.0073 180 32 211 57
phone 0.0073 250 185 280 211
phone 0.0073 82 159 116 215
phone 0.0072 221 220 255 266
phone 0.0072 114 236 178 266
phone 0.0072 220 36 255 92
phone 0.0072 38 52 100 167
phone 0.0072 54 224 115 266
phone 0.0071 156 125 196 187
phone 0.0071 254 8 314 58
phone 0.0071 160 235 224 266
phone 0.0071 67 173 101 231
phone 0.0071 98 174 132 231
phone 0.0071 128 220 162 266
phone 0.0071 207 4 239 61
phone 0.0071 127 177 157 204
phone 0.0071 22 117 85 164
phone 0.0071 267 172 301 232
phone 0.0070 73 0 152 102
phone 0.0070 236 56 301 133
phone 0.0070 39 193 99 266
phone 0.0069 98 219 131 266
phone 0.0069 75 244 140 266
phone 0.0069 224 7 283 59
phone 0.0069 237 0 301 93
phone 0.0069 0 0 41 32
phone 0.0068 52 126 85 186
phone 0.0068 267 65 301 123
phone 0.0068 144 189 178 246
phone 0.0068 187 28 204 61
phone 0.0068 69 218 100 266
phone 0.0068 269 3 300 62
phone 0.0067 217 96 258 155
phone 0.0067 38 111 69 170
phone 0.0067 54 203 84 263
phone 0.0066 97 66 132 123
phone 0.0066 267 0 333 109
phone 0.0066 256 181 274 215
phone 0.0066 190 220 224 266
phone 0.0066 142 65 180 124
phone 0.0066 270 23 329 74
phone 0.0066 55 34 113 94
phone 0.0066 301 194 360 241
phone 0.0066 253 3 285 62
phone 0.0066 331 71 391 118
phone 0.0066 238 3 269 62
phone 0.0065 285 225 345 266
phone 0.0065 300 9 360 57
phone 0.0065 238 0 299 41
phone 0.0065 270 0 330 41
phone 0.0065 301 40 360 88
phone 0.0065 330 37 393 151
phone 0.0065 69 9 131 57
phone 0.0065 299 161 362 266
phone 0.0065 158 34 194 93
phone 0.0065 133 174 151 208
phone 0.0065 137 146 147 158
phone 0.0064 259 42 340 178
phone 0.0064 316 55 376 103
phone 0.0064 159 188 193 246
phone 0.0064 82 112 116 169
phone 0.0064 270 240 329 266
phone 0.0064 316 25 376 72
phone 0.0064 189 234 256 266
phone 0.0064 223 0 284 26
phone 0.0064 362 54 399 165
phone 0.0064 131 8 191 58
phone 0.0064 241 239 297 266
phone 0.0064 361 101 399 150
phone 0.0064 102 19 159 78
phone 0.0064 220 174 255 230
phone 0.0064 284 0 346 74
phone 0.0064 37 84 101 135
phone 0.0064 284 19 315 77
phone 0.0063 314 0 377 105
phone 0.0063 23 97 84 214
phone 0.0063 54 95 84 155
phone 0.0063 252 188 285 247
phone 0.0063 346 64 376 124
phone 0.0063 39 9 99 57
phone 0.0063 0 245 64 266
phone 0.0063 54 0 114 41
phone 0.0062 254 0 314 26
phone 0.0062 331 40 391 87
phone 0.0062 161 0 222 41
phone 0.0062 176 4 208 61
phone 0.0062 315 34 346 93
phone 0.0062 113 220 147 266
phone 0.0062 316 3 345 62
phone 0.0062 144 18 178 78
phone 0.0062 193 0 253 26
phone 0.0062 38 0 100 106
phone 0.0062 85 0 145 26
phone 0.0062 0 72 27 94
phone 0.0062 315 188 346 247
phone 0.0062 23 210 84 256
phone 0.0062 285 0 315 47
phone 0.0062 331 49 361 108
phone 0.0061 236 34 270 93
phone 0.0061 300 219 330 266
phone 0.0061 331 18 361 78
phone 0.0061 239 0 299 11
phone 0.0061 85 3 115 62
phone 0.0061 300 0 330 47
phone 0.0061 300 19 330 77
phone 0.0061 6 77 16 89
phone 0.0061 38 203 69 262
phone 0.0061 144 220 178 266
phone 0.0061 133 0 212 87
phone 0.0061 208 0 268 11
phone 0.0061 331 9 391 57
phone 0.0061 285 0 345 26
phone 0.0061 239 0 269 31
phone 0.0061 208 0 269 42
phone 0.0061 285 234 315 266
phone 0.0061 316 0 376 41
phone 0.0061 52 157 85 216
phone 0.0061 222 4 254 61
phone 0.0060 360 70 399 119
phone 0.0060 191 38 200 51
phone 0.0060 272 186 304 210
phone 0.0060 146 0 207 26
phone 0.0060 115 4 146 61
phone 0.0060 254 0 284 31
phone 0.0060 100 0 160 11
phone 0.0060 223 0 253 31
phone 0.0060 24 0 83 42
phone 0.0060 131 0 191 11
phone 0.0060 270 0 330 11
phone 0.0060 242 139 272 165
phone 0.0060 346 34 376 93
phone 0.0060 316 86 376 134
phone 0.0060 254 233 284 266
phone 0.0060 205 220 239 266
phone 0.0060 175 220 208 266
phone 0.0060 3 68 19 98
phone 0.0060 99 0 162 44
phone 0.0060 70 256 129 266
phone 0.0060 8 225 68 266
phone 0.0060 54 3 84 62
phone 0.0060 70 0 99 47
phone 0.0060 7 132 69 180
phone 0.0059 177 0 237 11
phone 0.0059 70 0 130 11
phone 0.0059 361 131 399 180
phone 0.0059 159 220 193 266
phone 0.0059 315 237 377 266
phone 0.0059 362 100 399 211
phone 0.0059 175 189 209 246
phone 0.0059 270 0 299 31
phone 0.0059 314 53 378 166
phone 0.0059 161 4 192 61
phone 0.0059 205 175 240 230
phone 0.0059 316 117 376 164
phone 0.0059 24 240 83 266
phone 0.0059 208 0 238 31
phone 0.0059 8 9 68 57
phone 0.0059 280 183 296 214
phone 0.0059 85 249 115 266
phone 0.0059 116 0 176 26
phone 0.0059 69 19 100 77
phone 0.0059 100 0 130 31
phone 0.0059 85 0 115 31
phone 0.0058 39 0 99 26
phone 0.0058 346 3 376 62
phone 0.0058 7 177 70 266
phone 0.0058 362 8 399 119
phone 0.0058 377 95 399 155
phone 0.0058 252 34 286 93
phone 0.0058 331 132 391 180
phone 0.0058 177 0 207 31
phone 0.0058 119 92 149 119
phone 0.0058 100 4 130 62
phone 0.0058 193 0 222 31
phone 0.0058 361 39 399 88
phone 0.0058 53 48 84 109
phone 0.0058 316 178 376 226
phone 0.0058 270 255 330 266
phone 0.0058 8 0 68 26
phone 0.0058 22 71 85 118
phone 0.0058 314 99 377 212
phone 0.0058 331 0 361 47
phone 0.0058 331 101 391 149
phone 0.0058 23 24 84 72
phone 0.0058 300 0 360 11
phone 0.0058 300 255 361 266
phone 0.0058 316 148 376 195
phone 0.0058 331 163 391 210
phone 0.0057 116 0 145 31
phone 0.0057 164 15 220 82
phone 0.0057 23 218 53 266
phone 0.0057 39 0 68 47
phone 0.0057 362 238 399 266
phone 0.0057 146 0 176 16
phone 0.0057 162 0 192 31
phone 0.0057 260 192 270 205
phone 0.0057 8 0 68 11
phone 0.0057 285 0 315 16
phone 0.0057 346 264 376 266
phone 0.0057 39 0 99 11
phone 0.0057 347 86 399 134
phone 0.0057 331 264 361 266
phone 0.0057 251 65 286 124
phone 0.0057 23 127 54 185
phone 0.0057 131 0 161 16
phone 0.0057 330 114 393 228
phone 0.0057 331 80 361 139
phone 0.0057 331 255 391 266
phone 0.0056 0 0 36 11
phone 0.0056 316 264 345 266
phone 0.0056 271 175 328 229
phone 0.0056 97 35 132 92
phone 0.0056 8 102 68 149
phone 0.0056 316 0 345 31
phone 0.0056 331 0 391 26
phone 0.0056 331 0 391 11
phone 0.0056 39 80 69 139
phone 0.0056 23 0 53 47
phone 0.0056 8 163 68 210
phone 0.0056 316 209 376 257
phone 0.0056 330 222 393 266
phone 0.0056 6 131 16 143
phone 0.0056 0 126 27 148
phone 0.0056 361 8 399 58
phone 0.0056 300 0 330 16
phone 0.0056 331 194 391 241
phone 0.0056 137 184 147 197
phone 0.0056 346 126 376 185
phone 0.0056 361 162 399 211
phone 0.0055 301 163 359 211
phone 0.0055 331 126 361 185
phone 0.0055 331 172 361 231
phone 0.0055 23 188 53 247
phone 0.0055 346 95 376 154
phone 0.0055 346 157 376 216
phone 0.0055 364 262 399 266
phone 0.0055 346 25 399 72
phone 0.0055 330 160 393 266
phone 0.0055 70 0 99 16
phone 0.0055 376 64 399 124
phone 0.0055 362 80 392 139
phone 0.0055 283 192 293 205
phone 0.0055 0 0 23 1
phone 0.0055 346 117 399 164
phone 0.0055 0 0 22 16
phone 0.0055 39 18 68 77
phone 0.0055 316 249 345 266
phone 0.0055 361 0 399 11
phone 0.0055 331 249 361 266
phone 0.0055 179 90 235 161
phone 0.0055 3 122 19 152
phone 0.0055 362 146 399 257
phone 0.0055 253 221 316 266
phone 0.0055 23 157 54 216
phone 0.0054 360 255 399 266
phone 0.0054 346 56 399 103
phone 0.0054 346 249 376 266
phone 0.0054 377 125 399 186
phone 0.0054 23 0 53 16
phone 0.0054 248 135 266 169
phone 0.0054 315 219 346 266
phone 0.0054 54 0 84 16
phone 0.0054 270 233 299 266
phone 0.0054 300 265 330 266
phone 0.0054 267 35 301 92
phone 0.0054 23 95 53 154
phone 0.0054 103 248 174 266
phone 0.0054 23 178 84 226
phone 0.0054 23 18 53 77
phone 0.0054 202 49 243 109
phone 0.0054 6 123 16 135
phone 0.0054 361 0 399 27
phone 0.0054 39 49 69 108
phone 0.0054 331 0 361 16
phone 0.0054 361 208 399 257
phone 0.0054 346 0 376 16
phone 0.0054 130 4 162 61
phone 0.0054 282 75 349 206
phone 0.0054 39 0 68 16
phone 0.0054 315 157 346 216
phone 0.0054 346 188 376 247
phone 0.0054 301 132 359 180
phone 0.0053 38 172 69 232
phone 0.0053 331 203 361 262
phone 0.0053 361 18 392 78
phone 0.0053 300 249 330 266
phone 0.0053 141 173 158 208
phone 0.0053 72 217 104 241
phone 0.0053 376 33 399 94
phone 0.0053 125 89 143 123
phone 0.0053 346 148 399 195
phone 0.0053 254 265 284 266
phone 0.0053 8 40 68 88
phone 0.0053 361 49 392 109
phone 0.0053 225 255 282 266
phone 0.0053 6 115 16 128
phone 0.0053 24 255 83 266
phone 0.0053 300 188 330 247
phone 0.0053 157 31 188 58
phone 0.0053 114 0 177 75
phone 0.0053 0 110 27 133
phone 0.0053 362 111 392 170
phone 0.0053 235 66 271 123
phone 0.0053 69 249 99 266
phone 0.0053 376 264 399 266
phone 0.0053 218 67 257 123
phone 0.0052 53 253 115 266
phone 0.0052 346 218 376 266
phone 0.0052 172 34 211 93
phone 0.0052 79 215 97 244
phone 0.0052 146 0 176 46
phone 0.0052 376 2 399 63
phone 0.0052 201 141 244 202
phone 0.0052 6 215 16 228
phone 0.0052 3 106 19 136
phone 0.0052 6 138 16 151
phone 0.0051 271 139 328 203
phone 0.0051 0 210 27 233
phone 0.0051 285 265 315 266
phone 0.0051 315 127 346 185
phone 0.0051 0 210 52 256
phone 0.0051 269 265 300 266
phone 0.0051 253 0 284 1
phone 0.0051 346 179 399 226
phone 0.0051 269 0 300 1
phone 0.0051 362 141 392 201
phone 0.0051 146 0 177 1
phone 0.0051 115 0 146 1
phone 0.0051 130 0 161 1
phone 0.0051 362 264 392 266
phone 0.0051 218 248 250 266
phone 0.0051 227 185 257 212
phone 0.0051 376 0 399 17
phone 0.0051 376 156 399 217
phone 0.0051 238 0 269 1
phone 0.0051 161 0 192 1
phone 0.0051 345 0 399 43
phone 0.0051 100 0 131 1
phone 0.0051 226 244 242 266
phone 0.0051 287 114 342 167
phone 0.0051 177 0 207 1
phone 0.0051 39 249 68 266
phone 0.0051 192 0 223 1
phone 0.0051 223 0 254 1
phone 0.0051 192 254 254 266
phone 0.0051 207 0 238 1
phone 0.0051 145 254 208 266
phone 0.0051 284 0 315 1
phone 0.0051 84 0 115 1
phone 0.0051 156 18 189 40
phone 0.0050 376 248 399 266
phone 0.0050 0 117 53 164
phone 0.0050 241 49 273 71
phone 0.0050 8 3 38 62
phone 0.0050 3 206 19 236
phone 0.0050 203 18 235 40
phone 0.0050 54 249 84 266
phone 0.0050 301 101 359 149
phone 0.0050 69 0 100 1
phone 0.0050 283 127 316 185
phone 0.0050 8 203 38 262
