phone 0.3994 98 50 290 262
phone 0.0457 134 17 268 211
phone 0.0401 111 115 236 262
phone 0.0322 146 80 238 232
phone 0.0284 131 165 210 266
phone 0.0278 85 84 203 246
phone 0.0257 45 37 172 229
phone 0.0250 195 40 280 179
phone 0.0216 174 89 271 222
phone 0.0199 160 124 294 256
phone 0.0195 171 73 243 147
phone 0.0194 157 85 227 166
phone 0.0191 187 87 258 163
phone 0.0188 71 112 145 266
phone 0.0178 170 119 244 193
phone 0.0177 116 56 206 194
phone 0.0176 127 115 195 197
phone 0.0168 142 97 211 185
phone 0.0166 205 77 271 143
phone 0.0163 156 132 227 211
phone 0.0158 254 70 336 194
phone 0.0151 113 131 179 212
phone 0.0151 107 159 174 266
phone 0.0146 190 60 255 130
phone 0.0139 144 71 209 149
phone 0.0137 213 84 305 241
phone 0.0134 159 0 246 156
phone 0.0130 66 121 133 191
phone 0.0128 126 90 196 161
phone 0.0128 125 149 197 225
phone 0.0123 160 57 223 132
phone 0.0123 157 93 188 119
phone 0.0122 183 57 336 218
phone 0.0121 220 96 255 154
phone 0.0121 188 80 226 139
phone 0.0119 204 96 241 155
phone 0.0117 110 108 181 173
phone 0.0115 72 187 158 266
phone 0.0115 164 89 181 123
phone 0.0115 168 157 246 216
phone 0.0113 192 165 268 266
phone 0.0113 189 143 225 200
phone 0.0111 172 95 211 156
phone 0.0110 50 112 120 230
phone 0.0110 128 127 163 185
phone 0.0109 232 57 306 193
phone 0.0109 201 111 275 171
phone 0.0109 82 87 148 164
phone 0.0107 82 127 116 185
phone 0.0106 142 141 180 201
phone 0.0101 172 126 211 186
phone 0.0101 168 100 177 112
phone 0.0101 205 127 240 185
phone 0.0100 75 143 155 200
phone 0.0099 188 111 226 170
phone 0.0098 97 74 163 146
phone 0.0098 0 0 39 1
phone 0.0097 90 126 170 186
phone 0.0097 153 172 231 233
phone 0.0096 64 154 135 219
phone 0.0096 158 80 194 140
phone 0.0096 0 263 40 266
phone 0.0096 83 0 196 172
phone 0.0096 238 91 299 159
phone 0.0095 143 96 178 154
phone 0.0094 203 139 273 203
phone 0.0093 156 126 196 187
phone 0.0093 174 65 209 124
phone 0.0092 77 171 152 233
phone 0.0091 180 244 196 266
phone 0.0091 172 248 204 266
phone 0.0089 172 187 243 248
phone 0.0089 172 244 188 266
phone 0.0089 178 47 236 111
phone 0.0088 95 152 166 222
phone 0.0088 154 204 229 262
phone 0.0087 97 96 132 154
phone 0.0086 221 65 255 124
phone 0.0084 110 217 181 266
phone 0.0083 111 170 142 196
phone 0.0083 219 122 288 190
phone 0.0083 183 253 193 266
phone 0.0083 83 188 116 247
phone 0.0082 68 141 100 201
phone 0.0082 113 81 147 138
phone 0.0081 158 158 194 216
phone 0.0080 175 254 185 266
phone 0.0079 221 143 255 200
phone 0.0079 82 157 116 216
phone 0.0079 98 159 131 215
phone 0.0079 221 168 286 236
phone 0.0079 129 60 193 129
phone 0.0078 113 143 147 199
phone 0.0078 253 81 285 139
phone 0.0078 210 51 266 107
phone 0.0078 53 175 116 266
phone 0.0078 118 166 135 200
phone 0.0077 38 99 99 212
phone 0.0077 190 174 224 230
phone 0.0077 205 159 239 215
phone 0.0077 37 133 101 179
phone 0.0076 98 219 131 266
phone 0.0076 254 6 337 137
phone 0.0076 174 174 208 230
phone 0.0076 144 174 178 230
phone 0.0076 128 97 162 153
phone 0.0075 99 237 162 266
phone 0.0075 237 154 301 219
phone 0.0074 175 205 208 261
phone 0.0073 98 128 132 184
phone 0.0073 2 0 213 266
phone 0.0073 54 126 84 185
phone 0.0073 39 145 99 258
phone 0.0073 190 204 224 262
phone 0.0072 147 238 206 266
phone 0.0072 205 188 239 246
phone 0.0072 252 111 285 170
phone 0.0072 37 194 100 241
phone 0.0072 127 157 164 217
phone 0.0072 236 127 270 185
phone 0.0072 113 113 147 168
phone 0.0072 188 245 203 266
phone 0.0071 98 189 131 246
phone 0.0071 236 97 270 154
phone 0.0070 37 163 100 210
phone 0.0070 129 219 162 266
phone 0.0070 54 187 84 247
phone 0.0070 159 189 193 246
phone 0.0069 191 253 201 266
phone 0.0069 128 189 162 246
phone 0.0069 223 0 308 143
phone 0.0069 164 244 181 266
phone 0.0069 236 173 270 231
phone 0.0069 68 187 100 247
phone 0.0069 225 208 281 258
phone 0.0068 157 248 189 266
phone 0.0068 68 70 131 118
phone 0.0068 54 156 84 217
phone 0.0068 84 218 115 266
phone 0.0068 69 37 130 152
phone 0.0068 254 121 315 191
phone 0.0067 122 177 131 189
phone 0.0067 53 86 116 134
phone 0.0067 83 95 116 155
phone 0.0067 84 55 146 103
phone 0.0067 286 147 344 196
phone 0.0067 221 188 255 247
phone 0.0067 54 52 115 167
phone 0.0067 115 233 146 266
phone 0.0067 54 241 115 266
phone 0.0067 159 219 193 266
phone 0.0066 84 21 146 136
phone 0.0066 144 220 178 266
phone 0.0066 282 112 348 230
phone 0.0066 69 233 99 266
phone 0.0066 0 0 41 32
phone 0.0065 286 101 344 149
phone 0.0065 236 172 301 266
phone 0.0065 85 65 115 123
phone 0.0064 188 0 283 110
phone 0.0064 270 194 329 241
phone 0.0064 239 203 268 263
phone 0.0064 69 80 99 139
phone 0.0064 100 40 161 88
phone 0.0064 271 129 328 183
phone 0.0064 172 89 189 123
phone 0.0064 178 239 236 266
phone 0.0064 193 38 252 90
phone 0.0064 254 203 284 263
phone 0.0064 100 49 130 108
phone 0.0064 177 233 207 266
phone 0.0063 252 142 285 201
phone 0.0063 285 178 345 226
phone 0.0063 99 6 161 121
phone 0.0063 268 161 331 266
phone 0.0063 300 141 330 201
phone 0.0063 168 254 177 266
phone 0.0063 300 96 330 154
phone 0.0063 237 65 270 123
phone 0.0062 68 110 100 171
phone 0.0062 116 24 176 72
phone 0.0062 239 240 299 266
phone 0.0062 38 101 100 149
phone 0.0062 70 40 130 88
phone 0.0062 38 225 99 266
phone 0.0062 210 223 266 266
phone 0.0061 113 173 147 231
phone 0.0061 285 141 315 201
phone 0.0061 54 55 114 103
phone 0.0061 146 9 207 57
phone 0.0061 255 209 314 257
phone 0.0061 301 132 360 180
phone 0.0061 85 24 145 72
phone 0.0061 116 34 145 93
phone 0.0060 39 71 99 118
phone 0.0060 285 188 315 247
phone 0.0060 161 0 223 90
phone 0.0060 130 0 192 105
phone 0.0060 299 98 362 213
phone 0.0060 54 218 84 266
phone 0.0060 37 37 100 151
phone 0.0060 270 187 299 247
phone 0.0060 300 172 330 231
phone 0.0059 177 9 237 57
phone 0.0059 254 234 284 266
phone 0.0059 300 163 360 211
phone 0.0059 100 9 160 57
phone 0.0059 131 18 161 77
phone 0.0059 0 234 40 266
phone 0.0059 54 95 84 154
phone 0.0059 23 117 84 165
phone 0.0059 208 255 268 266
phone 0.0059 8 101 68 149
phone 0.0059 22 237 85 266
phone 0.0059 85 34 115 93
phone 0.0059 248 124 321 250
phone 0.0059 300 86 360 134
phone 0.0059 128 65 163 123
phone 0.0059 254 24 314 72
phone 0.0058 22 83 85 197
phone 0.0058 68 0 131 105
phone 0.0058 7 68 69 182
phone 0.0058 69 49 99 108
phone 0.0058 0 50 40 169
phone 0.0058 270 40 330 88
phone 0.0058 8 132 68 180
phone 0.0058 23 86 84 134
phone 0.0058 299 52 362 167
phone 0.0058 23 255 84 266
phone 0.0058 253 253 315 266
phone 0.0058 227 123 257 150
phone 0.0058 361 0 399 42
phone 0.0058 162 3 192 62
phone 0.0058 269 219 299 266
phone 0.0058 223 9 283 57
phone 0.0058 193 233 222 266
phone 0.0058 100 18 130 78
phone 0.0058 268 237 331 266
phone 0.0058 146 18 176 77
phone 0.0058 0 127 40 246
phone 0.0057 54 65 84 124
phone 0.0057 177 3 207 62
phone 0.0057 363 0 399 89
phone 0.0057 39 40 99 88
phone 0.0057 271 162 328 212
phone 0.0057 0 0 40 77
phone 0.0057 113 205 147 261
phone 0.0057 361 0 399 11
phone 0.0057 316 142 345 200
phone 0.0057 362 238 399 266
phone 0.0057 223 218 253 266
phone 0.0057 23 148 84 195
phone 0.0057 127 154 157 181
phone 0.0057 54 24 114 72
phone 0.0057 54 264 84 266
phone 0.0057 285 55 345 103
phone 0.0057 223 249 253 266
phone 0.0057 39 111 69 170
phone 0.0057 284 253 346 266
phone 0.0057 316 111 345 170
phone 0.0057 364 262 399 266
phone 0.0057 39 264 69 266
phone 0.0057 23 209 84 257
phone 0.0057 363 53 399 166
phone 0.0057 23 55 84 103
phone 0.0056 316 101 376 149
phone 0.0056 256 177 312 227
phone 0.0056 361 85 399 134
phone 0.0056 193 3 222 62
phone 0.0056 8 71 68 118
phone 0.0056 116 3 145 62
phone 0.0056 142 131 172 158
phone 0.0056 7 114 69 228
phone 0.0056 7 222 69 266
phone 0.0056 103 193 134 219
phone 0.0056 316 148 376 195
phone 0.0056 70 9 130 57
phone 0.0056 8 163 68 211
phone 0.0056 23 264 53 266
phone 0.0056 162 0 222 42
phone 0.0056 361 116 399 165
phone 0.0056 361 54 399 104
phone 0.0056 269 265 299 266
phone 0.0056 361 254 399 266
phone 0.0056 165 100 195 127
phone 0.0056 8 194 68 241
phone 0.0056 362 99 399 212
phone 0.0056 284 37 346 151
phone 0.0056 238 250 269 266
phone 0.0056 330 237 393 266
phone 0.0056 23 111 53 170
phone 0.0056 22 21 85 136
phone 0.0056 315 68 377 182
phone 0.0056 193 0 253 42
phone 0.0056 331 132 391 180
phone 0.0056 299 145 362 259
phone 0.0056 316 80 345 139
phone 0.0056 0 117 53 164
phone 0.0056 0 188 40 266
phone 0.0056 270 18 299 78
phone 0.0056 299 237 362 266
phone 0.0056 254 265 284 266
phone 0.0056 54 249 84 266
phone 0.0055 131 0 191 42
phone 0.0055 0 86 36 134
phone 0.0055 208 3 238 62
phone 0.0055 0 178 53 226
phone 0.0055 23 179 84 226
phone 0.0055 315 114 377 228
phone 0.0055 361 147 399 196
phone 0.0055 285 265 315 266
phone 0.0055 39 249 69 266
phone 0.0055 362 192 399 266
phone 0.0055 0 148 53 195
phone 0.0055 0 0 36 11
phone 0.0055 39 80 69 139
phone 0.0055 191 34 224 92
phone 0.0055 285 34 315 93
phone 0.0055 331 163 391 211
phone 0.0055 7 160 69 266
phone 0.0055 148 47 205 111
phone 0.0055 188 108 218 135
phone 0.0055 22 130 85 243
phone 0.0055 361 178 399 227
phone 0.0055 316 178 376 226
phone 0.0055 330 99 393 213
phone 0.0055 23 80 53 139
phone 0.0055 270 85 329 134
phone 0.0055 254 18 284 78
phone 0.0055 300 194 361 241
phone 0.0055 39 141 69 201
phone 0.0055 315 253 377 266
phone 0.0055 239 3 268 62
phone 0.0055 69 223 130 266
phone 0.0055 176 100 185 112
phone 0.0055 0 163 36 211
phone 0.0055 0 264 22 266
phone 0.0055 284 221 346 266
phone 0.0055 38 0 100 105
phone 0.0055 39 218 69 266
phone 0.0055 300 265 330 266
phone 0.0055 0 255 36 266
phone 0.0054 86 256 144 266
phone 0.0054 331 86 391 134
phone 0.0054 54 34 84 93
phone 0.0054 0 132 36 180
phone 0.0054 285 24 345 72
phone 0.0054 316 71 376 118
phone 0.0054 23 141 53 201
phone 0.0054 173 223 203 250
phone 0.0054 0 209 53 257
phone 0.0054 346 264 376 266
phone 0.0054 316 209 376 257
phone 0.0054 23 249 53 266
phone 0.0054 156 89 174 123
phone 0.0054 223 3 253 62
phone 0.0054 68 253 131 266
phone 0.0054 8 40 68 88
phone 0.0054 204 116 234 142
phone 0.0054 70 18 99 77
phone 0.0054 300 49 330 108
phone 0.0054 23 24 84 72
phone 0.0054 85 0 145 42
phone 0.0054 0 55 36 103
phone 0.0054 0 0 22 47
phone 0.0054 269 249 299 266
phone 0.0054 165 177 195 204
phone 0.0054 0 0 22 16
phone 0.0054 39 188 69 247
phone 0.0054 207 0 269 75
phone 0.0054 284 112 315 169
phone 0.0054 330 145 393 259
phone 0.0054 331 194 391 241
phone 0.0054 270 9 330 57
phone 0.0054 330 52 393 167
phone 0.0054 85 249 115 266
phone 0.0054 177 265 207 266
phone 0.0054 168 108 177 120
phone 0.0054 269 157 299 216
phone 0.0054 300 40 360 88
phone 0.0054 239 265 269 266
phone 0.0054 69 264 99 266
phone 0.0054 315 173 346 231
phone 0.0054 0 64 22 124
phone 0.0054 331 95 361 154
phone 0.0054 268 96 301 154
phone 0.0054 39 49 68 108
phone 0.0054 285 249 315 266
phone 0.0053 377 0 399 32
phone 0.0053 100 249 130 266
phone 0.0053 233 120 251 154
phone 0.0053 23 203 53 262
phone 0.0053 0 95 22 155
phone 0.0053 110 189 127 223
phone 0.0053 346 126 376 185
phone 0.0053 316 265 345 266
phone 0.0053 7 6 69 120
phone 0.0053 39 9 99 57
phone 0.0053 85 3 115 62
phone 0.0053 133 151 151 184
phone 0.0053 331 142 361 201
phone 0.0053 116 15 176 142
phone 0.0053 23 172 53 231
phone 0.0053 331 55 391 103
phone 0.0053 0 0 23 1
phone 0.0053 0 249 22 266
phone 0.0053 0 141 22 201
phone 0.0053 8 9 68 57
phone 0.0053 299 6 362 121
phone 0.0053 234 100 265 127
phone 0.0053 116 51 175 107
phone 0.0053 8 96 38 154
phone 0.0053 0 172 22 231
phone 0.0053 331 265 361 266
phone 0.0053 376 264 399 266
phone 0.0053 346 157 376 216
phone 0.0053 346 95 376 154
phone 0.0053 314 21 377 136
phone 0.0053 147 0 176 47
phone 0.0053 192 265 223 266
phone 0.0053 285 80 315 139
phone 0.0053 8 173 38 231
phone 0.0053 285 219 315 266
phone 0.0053 300 249 330 266
phone 0.0053 239 0 299 42
phone 0.0052 0 250 66 266
phone 0.0052 7 0 70 28
phone 0.0052 8 142 38 200
phone 0.0052 377 18 399 78
phone 0.0052 377 79 399 140
phone 0.0052 8 0 68 11
phone 0.0052 331 172 361 231
phone 0.0052 131 0 161 47
phone 0.0052 346 9 399 57
phone 0.0052 54 0 114 42
phone 0.0052 346 102 399 149
phone 0.0052 223 34 254 92
phone 0.0052 377 48 399 109
phone 0.0052 0 25 53 72
phone 0.0052 316 49 345 108
phone 0.0052 330 6 393 121
phone 0.0052 377 110 399 171
phone 0.0052 346 249 376 266
phone 0.0052 376 248 399 266
phone 0.0052 331 0 391 11
phone 0.0052 223 265 253 266
phone 0.0052 23 49 53 108
phone 0.0052 8 265 38 266
phone 0.0052 331 24 391 72
phone 0.0052 0 203 23 262
phone 0.0052 316 203 345 262
phone 0.0052 70 0 130 11
phone 0.0052 346 0 399 26
phone 0.0052 100 0 160 26
phone 0.0052 300 18 330 78
phone 0.0052 346 188 376 247
phone 0.0052 100 0 160 11
phone 0.0052 316 249 345 266
phone 0.0052 300 218 330 266
phone 0.0052 346 71 399 118
phone 0.0052 255 70 314 119
phone 0.0051 331 65 361 124
phone 0.0051 0 34 23 93
phone 0.0051 70 0 130 26
phone 0.0051 146 0 207 26
phone 0.0051 331 203 361 262
phone 0.0051 23 0 83 42
phone 0.0051 39 0 99 11
phone 0.0051 376 141 399 201
phone 0.0051 346 64 376 124
phone 0.0051 330 0 393 44
phone 0.0051 346 218 376 266
phone 0.0051 177 0 237 26
phone 0.0051 100 0 130 47
phone 0.0051 314 0 378 28
phone 0.0051 39 18 68 77
phone 0.0051 131 0 191 11
phone 0.0051 148 127 166 162
phone 0.0051 285 3 315 62
phone 0.0051 376 218 399 266
phone 0.0051 208 249 238 266
phone 0.0051 376 171 399 232
phone 0.0051 8 65 38 123
phone 0.0051 331 249 361 266
phone 0.0051 362 264 392 266
phone 0.0051 346 40 399 88
phone 0.0051 162 0 222 11
phone 0.0051 37 0 101 28
phone 0.0051 206 0 270 28
phone 0.0051 195 104 212 138
phone 0.0051 193 0 253 11
phone 0.0051 23 18 53 77
phone 0.0051 54 3 84 62
phone 0.0051 165 77 195 104
phone 0.0050 207 265 238 266
phone 0.0050 376 0 399 1
phone 0.0050 224 40 283 88
phone 0.0050 347 34 376 93
phone 0.0050 99 254 162 266
phone 0.0050 223 0 283 11
phone 0.0050 172 174 189 207
phone 0.0050 253 0 316 28
phone 0.0050 300 9 360 57
phone 0.0050 210 112 228 146
phone 0.0050 179 220 197 254
phone 0.0050 346 209 399 257
phone 0.0050 362 95 392 155
phone 0.0050 254 0 314 11
phone 0.0050 24 0 53 47
phone 0.0050 331 34 361 93
