phone 0.8908 98 45 218 243
phone 0.0605 43 68 193 250
phone 0.0482 92 168 193 266
phone 0.0473 35 99 133 243
phone 0.0460 121 104 201 209
phone 0.0426 174 57 279 215
phone 0.0372 133 79 248 202
phone 0.0320 85 48 176 202
phone 0.0297 120 110 270 261
phone 0.0275 261 52 376 216
phone 0.0270 62 135 137 209
phone 0.0250 109 139 183 235
phone 0.0246 64 128 165 245
phone 0.0243 45 152 123 222
phone 0.0240 157 42 256 178
phone 0.0206 31 27 130 189
phone 0.0205 119 3 203 186
phone 0.0202 77 120 153 192
phone 0.0201 65 101 134 181
phone 0.0201 47 115 121 197
phone 0.0200 167 123 247 189
phone 0.0198 96 1 294 212
phone 0.0191 184 101 262 242
phone 0.0186 167 81 353 240
phone 0.0184 76 157 154 217
phone 0.0182 252 4 343 147
phone 0.0181 153 71 230 150
phone 0.0180 100 153 160 251
phone 0.0178 6 62 96 207
phone 0.0171 150 138 234 206
phone 0.0168 186 14 279 143
phone 0.0165 80 88 149 162
phone 0.0158 95 97 166 185
phone 0.0155 173 151 242 223
phone 0.0155 177 153 279 266
phone 0.0154 315 102 390 227
phone 0.0154 80 141 118 201
phone 0.0152 167 90 247 161
phone 0.0148 34 133 103 210
phone 0.0148 41 158 112 266
phone 0.0144 95 73 165 147
phone 0.0142 126 70 157 96
phone 0.0141 136 120 186 192
phone 0.0140 65 157 103 217
phone 0.0138 203 105 272 177
phone 0.0137 97 159 132 215
phone 0.0135 133 67 150 99
phone 0.0132 13 122 89 261
phone 0.0128 201 26 326 187
phone 0.0127 189 71 256 149
phone 0.0126 52 185 147 266
phone 0.0125 189 127 225 185
phone 0.0123 145 183 239 266
phone 0.0123 356 121 399 253
phone 0.0122 0 104 66 238
phone 0.0122 96 127 133 185
phone 0.0120 137 77 147 89
phone 0.0120 103 202 134 226
phone 0.0119 13 0 209 219
phone 0.0118 80 110 118 171
phone 0.0117 190 157 224 216
phone 0.0116 171 127 211 185
phone 0.0116 111 198 127 229
phone 0.0115 84 62 145 127
phone 0.0115 361 153 399 220
phone 0.0115 172 64 242 126
phone 0.0115 52 85 116 166
phone 0.0115 131 149 221 225
phone 0.0112 128 188 163 247
phone 0.0112 111 170 149 234
phone 0.0111 287 129 355 256
phone 0.0110 0 32 56 175
phone 0.0110 100 51 161 107
phone 0.0110 97 81 132 139
phone 0.0109 198 124 309 249
phone 0.0108 114 207 124 220
phone 0.0108 150 175 233 229
phone 0.0107 291 64 399 186
phone 0.0107 64 126 104 187
phone 0.0107 349 70 399 211
phone 0.0107 20 104 87 177
phone 0.0106 51 157 86 216
phone 0.0106 230 0 308 110
phone 0.0106 124 154 168 220
phone 0.0106 67 13 152 143
phone 0.0105 247 124 336 261
phone 0.0105 121 185 200 251
phone 0.0105 202 140 274 202
phone 0.0102 5 20 88 127
phone 0.0100 112 80 148 139
phone 0.0099 0 169 69 266
phone 0.0098 172 80 211 139
phone 0.0098 0 0 39 0
phone 0.0097 207 185 300 266
phone 0.0096 0 263 41 266
phone 0.0095 188 178 218 204
phone 0.0095 131 246 201 266
phone 0.0095 137 91 185 159
phone 0.0095 68 71 131 148
phone 0.0095 189 81 225 139
phone 0.0094 201 172 275 232
phone 0.0094 207 56 269 132
phone 0.0094 109 218 183 266
phone 0.0094 219 111 256 170
phone 0.0094 62 220 137 266
phone 0.0094 110 140 150 203
phone 0.0093 4 120 72 192
phone 0.0092 191 179 254 256
phone 0.0092 180 216 211 242
phone 0.0091 103 242 170 266
phone 0.0091 204 94 241 156
phone 0.0090 265 58 334 130
phone 0.0090 36 111 70 169
phone 0.0090 96 19 192 146
phone 0.0090 190 188 224 247
phone 0.0089 110 110 150 171
phone 0.0089 155 219 229 266
phone 0.0089 204 85 234 111
phone 0.0088 117 42 174 116
phone 0.0088 358 104 399 177
phone 0.0088 280 44 350 115
phone 0.0087 236 20 302 77
phone 0.0087 195 174 212 207
phone 0.0087 288 8 373 150
phone 0.0086 174 159 209 214
phone 0.0086 51 127 86 185
phone 0.0086 249 202 319 263
phone 0.0085 255 11 313 86
phone 0.0084 118 198 135 229
phone 0.0083 66 96 102 155
phone 0.0083 187 212 205 246
phone 0.0083 221 143 255 200
phone 0.0083 224 76 315 204
phone 0.0082 79 234 152 266
phone 0.0081 341 139 399 204
phone 0.0081 374 127 399 185
phone 0.0081 264 90 335 161
phone 0.0081 294 171 366 233
phone 0.0081 104 162 134 188
phone 0.0081 201 218 275 266
phone 0.0081 161 47 222 112
phone 0.0080 5 142 39 200
phone 0.0080 276 78 354 142
phone 0.0080 308 77 383 143
phone 0.0080 210 81 228 115
phone 0.0080 190 233 256 266
phone 0.0080 83 234 116 266
phone 0.0080 34 218 104 266
phone 0.0080 52 237 117 266
phone 0.0079 196 139 226 165
phone 0.0079 214 98 292 153
phone 0.0079 306 111 386 170
phone 0.0079 15 155 92 219
phone 0.0079 51 96 86 154
phone 0.0079 212 128 294 184
phone 0.0079 294 60 366 129
phone 0.0079 175 190 208 245
phone 0.0078 326 157 396 217
phone 0.0078 0 0 54 96
phone 0.0078 140 52 213 137
phone 0.0078 129 220 162 266
phone 0.0078 21 127 55 185
phone 0.0077 141 172 181 232
phone 0.0077 248 170 321 234
phone 0.0077 269 22 330 105
phone 0.0077 221 174 255 231
phone 0.0077 98 189 131 246
phone 0.0077 175 220 208 266
phone 0.0077 122 207 131 220
phone 0.0077 262 187 337 248
phone 0.0077 289 96 372 155
phone 0.0077 159 0 245 115
phone 0.0076 377 171 399 233
phone 0.0076 199 184 208 197
phone 0.0076 190 47 255 111
phone 0.0075 58 175 141 230
phone 0.0075 205 188 240 247
phone 0.0074 261 124 338 188
phone 0.0074 159 247 234 266
phone 0.0074 232 64 306 125
phone 0.0074 275 110 355 172
phone 0.0074 248 138 320 204
phone 0.0073 267 204 300 262
phone 0.0073 235 217 302 266
phone 0.0073 114 251 177 266
phone 0.0073 16 187 91 249
phone 0.0073 110 158 128 192
phone 0.0073 191 223 200 235
phone 0.0072 88 146 118 173
phone 0.0072 306 139 386 265
phone 0.0072 213 158 294 216
phone 0.0072 202 135 220 169
phone 0.0072 81 80 117 139
phone 0.0072 220 79 256 140
phone 0.0072 325 91 397 160
phone 0.0071 209 29 267 98
phone 0.0071 277 155 353 219
phone 0.0071 143 49 179 109
phone 0.0071 292 124 368 188
phone 0.0071 282 65 316 124
phone 0.0071 323 124 399 188
phone 0.0070 214 92 224 105
phone 0.0070 69 234 100 266
phone 0.0070 254 37 314 121
phone 0.0069 82 205 116 261
phone 0.0069 96 92 126 120
phone 0.0069 180 201 211 227
phone 0.0069 159 235 193 266
phone 0.0069 84 253 146 266
phone 0.0069 98 235 131 266
phone 0.0069 188 147 218 173
phone 0.0069 251 103 318 178
phone 0.0068 362 75 399 145
phone 0.0068 0 0 41 32
phone 0.0068 344 32 399 156
phone 0.0068 332 54 390 104
phone 0.0068 126 247 157 266
phone 0.0068 297 51 332 107
phone 0.0068 192 9 253 57
phone 0.0068 313 174 347 231
phone 0.0068 348 68 399 121
phone 0.0067 252 51 285 107
phone 0.0067 142 70 172 96
phone 0.0067 287 18 343 78
phone 0.0067 119 62 149 88
phone 0.0067 96 108 126 135
phone 0.0067 221 220 255 266
phone 0.0066 159 204 193 261
phone 0.0066 361 23 399 73
phone 0.0066 158 175 194 230
phone 0.0066 0 220 54 266
phone 0.0066 363 0 399 104
phone 0.0066 95 143 112 177
phone 0.0066 348 178 399 226
phone 0.0066 268 3 301 62
phone 0.0066 133 243 150 266
phone 0.0065 51 189 85 246
phone 0.0065 346 50 377 108
phone 0.0065 116 0 176 41
phone 0.0065 316 39 375 89
phone 0.0065 236 113 270 168
phone 0.0065 362 192 399 242
phone 0.0064 188 162 218 188
phone 0.0064 6 23 16 35
phone 0.0064 0 185 44 250
phone 0.0064 222 235 285 266
phone 0.0064 205 219 239 266
phone 0.0064 6 204 39 261
phone 0.0064 0 77 41 204
phone 0.0064 177 0 238 41
phone 0.0064 177 249 207 266
phone 0.0064 0 18 27 40
phone 0.0064 207 3 238 62
phone 0.0064 137 69 147 81
phone 0.0064 267 173 301 231
phone 0.0064 0 154 43 220
phone 0.0064 144 235 178 266
phone 0.0064 178 254 237 266
phone 0.0064 114 169 124 182
phone 0.0064 282 96 316 154
phone 0.0064 66 189 101 246
phone 0.0064 136 0 215 99
phone 0.0063 102 89 120 123
phone 0.0063 346 172 376 232
phone 0.0063 115 249 146 266
phone 0.0063 85 0 145 41
phone 0.0063 344 81 378 138
phone 0.0063 328 113 362 168
phone 0.0063 374 96 399 154
phone 0.0063 206 146 216 158
phone 0.0063 191 231 200 243
phone 0.0063 328 82 363 138
phone 0.0063 223 4 254 62
phone 0.0063 282 189 316 246
phone 0.0063 36 159 70 215
phone 0.0063 3 14 19 44
phone 0.0063 146 0 207 41
phone 0.0063 252 81 285 138
phone 0.0063 214 84 224 97
phone 0.0063 99 0 162 74
phone 0.0063 122 108 169 174
phone 0.0063 187 197 205 231
phone 0.0063 126 244 142 266
phone 0.0063 331 34 361 92
phone 0.0062 33 0 123 107
phone 0.0062 131 9 192 57
phone 0.0062 95 105 112 138
phone 0.0062 149 66 166 100
phone 0.0062 238 0 300 42
phone 0.0062 70 52 129 106
phone 0.0062 318 193 373 242
phone 0.0062 161 9 223 57
phone 0.0062 314 35 347 92
phone 0.0062 102 104 120 138
phone 0.0062 68 0 131 74
phone 0.0062 298 189 331 246
phone 0.0062 131 0 161 47
phone 0.0062 114 177 124 189
phone 0.0061 253 69 316 150
phone 0.0061 281 34 317 93
phone 0.0061 194 143 212 177
phone 0.0061 208 0 268 26
phone 0.0061 267 142 301 200
phone 0.0061 96 193 126 219
phone 0.0061 312 67 347 122
phone 0.0061 6 31 16 43
phone 0.0061 146 0 176 47
phone 0.0061 299 207 362 266
phone 0.0061 84 39 146 88
phone 0.0061 100 0 160 26
phone 0.0061 192 0 222 47
phone 0.0061 125 58 143 92
phone 0.0061 377 18 399 78
phone 0.0061 114 200 124 212
phone 0.0061 36 204 70 261
phone 0.0061 297 82 332 138
phone 0.0061 301 240 360 266
phone 0.0060 316 225 375 266
phone 0.0060 162 0 222 26
phone 0.0060 207 0 269 75
phone 0.0060 54 0 114 41
phone 0.0060 116 0 145 47
phone 0.0060 177 0 207 47
phone 0.0060 21 204 54 261
phone 0.0060 256 239 312 266
phone 0.0060 6 38 16 51
phone 0.0060 100 0 130 47
phone 0.0060 236 82 270 138
phone 0.0060 131 0 191 26
phone 0.0060 6 15 16 28
phone 0.0060 270 0 329 42
phone 0.0060 0 33 27 56
phone 0.0060 195 197 212 231
phone 0.0060 236 144 270 199
phone 0.0060 267 49 301 109
phone 0.0060 162 0 192 47
phone 0.0060 175 34 208 92
phone 0.0060 272 223 327 266
phone 0.0060 6 46 16 59
phone 0.0060 360 0 399 42
phone 0.0060 70 0 130 26
phone 0.0060 151 108 201 174
phone 0.0060 344 112 378 169
phone 0.0059 0 115 36 167
phone 0.0059 236 174 270 230
phone 0.0059 5 174 39 230
phone 0.0059 85 0 115 47
phone 0.0059 144 205 178 261
phone 0.0059 177 0 237 11
phone 0.0059 376 64 399 124
phone 0.0059 39 9 99 57
phone 0.0059 211 93 242 119
phone 0.0059 118 244 135 266
phone 0.0059 328 143 362 200
phone 0.0059 254 0 284 46
phone 0.0059 3 29 19 60
phone 0.0059 82 175 116 230
phone 0.0059 202 174 220 207
phone 0.0059 330 173 361 232
phone 0.0059 208 0 268 11
phone 0.0059 239 0 299 11
phone 0.0058 282 128 316 184
phone 0.0058 111 101 141 127
phone 0.0058 285 0 345 11
phone 0.0058 100 0 160 11
phone 0.0058 99 35 131 92
phone 0.0058 254 233 284 266
phone 0.0058 300 0 360 26
phone 0.0058 6 84 16 97
phone 0.0058 330 237 393 266
phone 0.0058 223 0 253 31
phone 0.0058 195 158 212 192
phone 0.0058 315 253 377 266
phone 0.0058 236 205 270 261
phone 0.0058 0 79 27 102
phone 0.0058 301 9 360 57
phone 0.0058 193 248 222 266
phone 0.0058 208 0 238 31
phone 0.0058 284 3 316 62
phone 0.0058 285 256 345 266
phone 0.0058 146 0 207 11
phone 0.0058 54 24 115 72
phone 0.0058 331 219 361 266
phone 0.0058 300 3 330 62
phone 0.0058 251 112 286 169
phone 0.0058 315 234 346 266
phone 0.0058 223 8 284 58
phone 0.0058 267 111 301 170
phone 0.0058 313 98 347 153
phone 0.0058 316 0 376 11
phone 0.0058 253 0 316 28
phone 0.0057 129 34 162 93
phone 0.0057 238 0 269 46
phone 0.0057 70 0 130 11
phone 0.0057 362 238 399 266
phone 0.0057 22 0 85 90
phone 0.0057 114 34 146 92
phone 0.0057 137 254 147 266
phone 0.0057 70 3 99 62
phone 0.0057 21 174 55 230
phone 0.0057 8 9 68 57
phone 0.0057 314 0 377 44
phone 0.0057 361 0 399 11
phone 0.0057 6 77 16 89
phone 0.0057 298 159 332 215
phone 0.0057 141 66 158 100
phone 0.0057 330 175 393 266
phone 0.0057 238 234 269 266
phone 0.0057 3 76 19 106
phone 0.0057 6 54 16 66
phone 0.0056 346 264 376 266
phone 0.0056 6 92 16 105
phone 0.0056 313 128 347 184
phone 0.0056 39 40 99 88
phone 0.0056 270 234 299 266
phone 0.0056 23 0 83 42
phone 0.0056 6 100 16 112
phone 0.0056 214 100 224 112
phone 0.0056 0 49 27 71
phone 0.0056 193 0 222 16
phone 0.0056 54 3 84 62
phone 0.0056 297 113 332 168
phone 0.0056 331 265 361 266
phone 0.0056 6 61 16 74
phone 0.0056 115 24 177 72
phone 0.0056 0 95 27 117
phone 0.0056 199 192 208 205
phone 0.0056 0 0 36 11
phone 0.0056 209 255 267 266
phone 0.0056 331 0 391 26
phone 0.0056 0 249 41 266
phone 0.0056 177 0 207 16
phone 0.0056 181 77 210 104
phone 0.0056 113 203 147 263
phone 0.0056 300 0 330 16
phone 0.0056 254 0 284 16
phone 0.0055 130 254 139 266
phone 0.0055 316 0 345 31
phone 0.0055 364 262 399 266
phone 0.0055 116 0 145 16
phone 0.0055 285 218 315 266
phone 0.0055 8 0 68 26
phone 0.0055 6 107 16 120
phone 0.0055 39 0 99 11
phone 0.0055 315 3 346 62
phone 0.0055 39 0 99 26
phone 0.0055 330 0 393 59
phone 0.0055 6 69 16 82
phone 0.0055 300 249 330 266
phone 0.0055 39 3 68 62
phone 0.0055 131 0 161 16
phone 0.0055 7 70 69 118
phone 0.0055 157 224 188 250
phone 0.0055 95 244 111 266
phone 0.0055 98 154 108 166
phone 0.0055 361 254 399 266
phone 0.0055 100 0 130 16
phone 0.0055 3 45 19 75
phone 0.0055 285 0 315 16
phone 0.0055 239 0 269 16
phone 0.0055 8 0 68 11
phone 0.0055 162 0 192 16
phone 0.0055 88 248 119 266
phone 0.0055 0 64 27 86
phone 0.0055 146 0 176 16
phone 0.0055 331 0 361 16
phone 0.0055 346 0 376 16
phone 0.0055 3 91 19 121
phone 0.0055 218 89 235 123
phone 0.0055 102 189 120 223
phone 0.0055 0 0 23 1
phone 0.0055 85 0 115 16
phone 0.0054 269 265 300 266
phone 0.0054 6 115 16 128
phone 0.0054 173 108 203 135
phone 0.0054 146 19 177 77
phone 0.0054 23 55 84 103
phone 0.0054 0 0 22 16
phone 0.0054 270 0 299 16
phone 0.0054 315 265 346 266
phone 0.0054 191 208 200 220
phone 0.0054 208 248 238 266
phone 0.0054 8 40 68 88
phone 0.0054 24 3 53 62
phone 0.0054 0 110 27 133
phone 0.0054 331 0 361 47
phone 0.0054 146 24 207 73
phone 0.0054 154 79 198 140
phone 0.0054 3 60 19 90
phone 0.0054 156 66 174 100
phone 0.0054 346 203 376 262
phone 0.0054 54 34 84 93
phone 0.0054 70 0 99 16
phone 0.0053 99 115 108 128
phone 0.0053 164 220 181 253
phone 0.0053 267 80 301 139
phone 0.0053 40 78 97 142
phone 0.0053 347 0 376 47
phone 0.0053 316 203 345 263
phone 0.0053 141 243 158 266
phone 0.0053 85 264 115 266
phone 0.0053 106 100 116 112
phone 0.0053 199 154 208 166
phone 0.0053 165 248 196 266
phone 0.0053 331 249 361 266
phone 0.0053 39 34 68 93
phone 0.0053 3 106 19 136
phone 0.0053 111 193 142 219
phone 0.0053 346 249 376 266
phone 0.0053 152 77 162 89
phone 0.0053 376 264 399 266
phone 0.0053 376 0 399 17
phone 0.0053 129 69 139 81
phone 0.0053 282 159 316 215
phone 0.0053 347 40 399 88
phone 0.0053 204 101 234 127
phone 0.0053 172 244 188 266
phone 0.0053 0 95 23 154
phone 0.0052 377 218 399 266
phone 0.0052 54 0 84 16
phone 0.0052 6 154 16 166
phone 0.0052 6 123 16 135
phone 0.0052 84 34 115 93
phone 0.0052 237 51 270 107
phone 0.0052 122 254 131 266
phone 0.0052 7 238 70 266
phone 0.0052 0 149 27 171
phone 0.0052 118 97 135 131
phone 0.0052 103 244 119 266
phone 0.0052 285 249 315 266
phone 0.0052 106 115 116 127
phone 0.0052 23 0 53 16
phone 0.0052 23 65 53 123
phone 0.0052 178 37 236 91
phone 0.0052 6 146 16 159
phone 0.0052 347 209 399 257
phone 0.0052 39 65 69 123
phone 0.0052 284 265 315 266
phone 0.0052 199 208 208 220
phone 0.0052 300 265 330 266
phone 0.0052 251 142 286 201
phone 0.0051 39 0 68 16
phone 0.0051 284 0 315 1
phone 0.0051 269 0 300 1
phone 0.0051 23 34 53 93
phone 0.0051 251 188 285 246
phone 0.0051 0 219 23 266
phone 0.0051 161 19 192 77
phone 0.0051 158 70 187 96
phone 0.0051 254 265 284 266
phone 0.0051 313 0 378 106
phone 0.0051 7 253 69 266
phone 0.0051 224 249 253 266
phone 0.0051 187 73 204 108
phone 0.0051 181 92 211 120
phone 0.0051 3 145 19 175
phone 0.0051 361 50 392 108
phone 0.0051 23 265 53 266
phone 0.0051 300 0 331 1
phone 0.0051 376 248 399 266
phone 0.0051 88 161 118 189
phone 0.0051 206 184 216 197
phone 0.0051 253 0 284 1
phone 0.0051 69 34 99 93
phone 0.0051 0 0 22 47
phone 0.0051 99 254 108 266
phone 0.0051 362 264 392 266
phone 0.0051 0 172 27 194
phone 0.0051 69 265 100 266
phone 0.0051 54 233 84 266
phone 0.0051 0 86 54 134
phone 0.0051 8 97 68 153
phone 0.0051 179 104 197 138
phone 0.0051 0 264 22 266
phone 0.0050 238 0 269 1
phone 0.0050 126 64 164 125
phone 0.0050 6 161 16 174
phone 0.0050 164 244 181 266
phone 0.0050 315 0 346 1
phone 0.0050 111 244 127 266
phone 0.0050 103 248 134 266
phone 0.0050 199 169 208 181
phone 0.0050 238 254 300 266
phone 0.0050 223 0 254 1
phone 0.0050 177 0 208 1
phone 0.0050 8 3 38 62
phone 0.0050 192 0 223 1
phone 0.0050 6 177 16 189
