phone 0.8026 7 29 328 226
phone 0.0698 90 83 301 235
phone 0.0496 31 33 197 181
phone 0.0484 196 115 309 227
phone 0.0369 141 5 314 216
phone 0.0365 210 140 296 204
phone 0.0335 128 132 273 245
phone 0.0283 228 10 362 199
phone 0.0282 54 0 145 160
phone 0.0278 235 105 345 225
phone 0.0265 221 71 316 211
phone 0.0261 193 38 283 182
phone 0.0245 230 121 307 192
phone 0.0227 143 33 240 186
phone 0.0226 83 132 196 246
phone 0.0223 151 162 249 266
phone 0.0205 46 92 172 228
phone 0.0201 234 142 272 201
phone 0.0200 82 0 178 131
phone 0.0199 136 4 218 154
phone 0.0193 276 65 372 203
phone 0.0172 94 62 196 219
phone 0.0171 34 58 134 193
phone 0.0162 129 41 193 117
phone 0.0157 250 143 287 200
phone 0.0157 187 72 258 148
phone 0.0154 137 152 215 222
phone 0.0154 218 98 289 184
phone 0.0151 6 0 91 99
phone 0.0149 174 24 399 236
phone 0.0143 111 32 180 96
phone 0.0142 107 153 184 221
phone 0.0139 80 23 149 105
phone 0.0139 0 2 171 259
phone 0.0138 26 17 111 171
phone 0.0135 65 32 134 127
phone 0.0133 182 0 289 124
phone 0.0132 94 134 166 209
phone 0.0132 32 0 128 108
phone 0.0131 248 111 320 171
phone 0.0130 250 136 318 207
phone 0.0129 150 70 180 96
phone 0.0128 203 85 273 165
phone 0.0125 156 56 228 133
phone 0.0125 234 150 304 224
phone 0.0125 282 122 360 262
phone 0.0123 236 90 301 161
phone 0.0123 193 158 282 216
phone 0.0122 34 88 104 162
phone 0.0122 143 49 178 109
phone 0.0122 47 104 121 177
phone 0.0121 215 0 311 158
phone 0.0120 218 142 257 201
phone 0.0120 0 61 87 189
phone 0.0120 61 121 138 191
phone 0.0120 0 0 64 131
phone 0.0119 156 66 174 99
phone 0.0119 242 116 272 142
phone 0.0119 183 142 293 262
phone 0.0118 40 158 128 266
phone 0.0116 222 77 285 142
phone 0.0116 121 135 201 208
phone 0.0116 107 118 184 194
phone 0.0115 167 153 247 221
phone 0.0115 23 89 115 223
phone 0.0115 112 153 210 266
phone 0.0114 164 66 181 100
phone 0.0113 180 135 265 208
phone 0.0110 107 62 184 128
phone 0.0109 100 16 160 81
phone 0.0109 249 112 266 146
phone 0.0108 69 173 161 266
phone 0.0107 60 89 139 162
phone 0.0106 249 155 350 266
phone 0.0105 160 77 170 89
phone 0.0105 76 104 154 177
phone 0.0104 266 143 301 200
phone 0.0101 34 44 104 114
phone 0.0100 204 81 241 139
phone 0.0099 0 110 72 232
phone 0.0099 168 77 177 89
phone 0.0099 128 51 163 107
phone 0.0099 158 158 194 215
phone 0.0098 206 62 270 127
phone 0.0098 128 158 163 215
phone 0.0097 0 0 39 0
phone 0.0097 0 263 40 266
phone 0.0097 77 153 153 221
phone 0.0096 252 123 262 135
phone 0.0096 119 47 149 73
phone 0.0094 158 49 194 109
phone 0.0094 112 158 148 216
phone 0.0094 143 159 178 215
phone 0.0094 46 138 122 205
phone 0.0094 66 35 102 93
phone 0.0093 48 190 121 245
phone 0.0093 235 96 272 155
phone 0.0092 70 12 128 85
phone 0.0092 183 171 262 233
phone 0.0091 15 141 92 262
phone 0.0091 151 134 232 209
phone 0.0090 134 202 220 266
phone 0.0090 51 96 86 154
phone 0.0090 33 121 105 192
phone 0.0089 48 52 120 137
phone 0.0089 32 173 106 232
phone 0.0089 128 64 194 156
phone 0.0088 146 27 207 100
phone 0.0088 295 171 366 233
phone 0.0087 97 143 132 199
phone 0.0087 125 43 143 77
phone 0.0087 94 220 167 266
phone 0.0087 203 201 273 264
phone 0.0086 266 121 333 191
phone 0.0086 95 34 134 94
phone 0.0086 0 95 76 156
phone 0.0085 141 80 212 171
phone 0.0085 174 174 209 230
phone 0.0085 277 187 352 248
phone 0.0085 123 185 199 250
phone 0.0085 66 112 102 169
phone 0.0084 95 166 165 239
phone 0.0084 185 218 260 266
phone 0.0084 80 33 119 94
phone 0.0083 82 144 116 199
phone 0.0083 61 172 138 233
phone 0.0083 226 168 312 266
phone 0.0082 51 50 86 108
phone 0.0082 219 96 257 154
phone 0.0082 173 208 203 235
phone 0.0081 203 252 219 266
phone 0.0081 173 65 210 124
phone 0.0081 127 54 157 81
phone 0.0081 283 0 368 150
phone 0.0081 0 64 76 125
phone 0.0081 65 206 134 260
phone 0.0081 0 78 58 142
phone 0.0081 16 108 91 174
phone 0.0081 195 256 227 266
phone 0.0081 78 48 151 141
phone 0.0080 249 202 319 264
phone 0.0080 218 187 289 248
phone 0.0080 5 35 39 93
phone 0.0080 80 31 111 57
phone 0.0080 92 86 168 165
phone 0.0079 19 74 88 146
phone 0.0079 173 40 241 118
phone 0.0079 104 39 134 65
phone 0.0078 0 141 76 202
phone 0.0078 68 188 100 246
phone 0.0078 142 139 172 165
phone 0.0078 241 112 258 146
phone 0.0078 180 147 211 173
phone 0.0078 108 202 183 264
phone 0.0078 206 261 216 266
phone 0.0077 205 159 240 215
phone 0.0077 118 43 135 77
phone 0.0077 189 159 225 215
phone 0.0076 319 135 388 257
phone 0.0076 81 112 117 169
phone 0.0076 129 54 139 66
phone 0.0076 142 62 172 88
phone 0.0075 221 204 255 261
phone 0.0075 149 136 166 169
phone 0.0075 187 143 204 176
phone 0.0075 169 82 245 169
phone 0.0075 141 234 212 266
phone 0.0075 179 204 197 238
phone 0.0075 167 115 247 198
phone 0.0075 133 51 151 84
phone 0.0074 188 66 226 123
phone 0.0074 112 127 148 185
phone 0.0074 262 169 337 235
phone 0.0074 8 177 68 227
phone 0.0074 0 107 58 174
phone 0.0074 87 28 104 61
phone 0.0074 114 219 146 266
phone 0.0074 52 173 85 231
phone 0.0074 313 174 347 230
phone 0.0073 174 234 241 266
phone 0.0073 159 189 193 246
phone 0.0072 181 77 211 104
phone 0.0072 36 14 101 83
phone 0.0072 296 139 365 204
phone 0.0072 282 127 316 185
phone 0.0072 67 143 101 200
phone 0.0072 137 115 215 197
phone 0.0072 110 35 128 69
phone 0.0072 186 94 259 187
phone 0.0072 133 18 189 79
phone 0.0071 129 219 162 266
phone 0.0071 51 127 86 185
phone 0.0071 127 127 164 185
phone 0.0071 98 204 131 262
phone 0.0071 36 50 70 108
phone 0.0070 205 220 239 266
phone 0.0070 113 237 179 266
phone 0.0070 0 158 57 216
phone 0.0070 127 82 163 137
phone 0.0070 86 6 144 61
phone 0.0070 21 97 55 153
phone 0.0070 236 189 270 246
phone 0.0070 83 189 116 246
phone 0.0070 211 100 241 127
phone 0.0070 298 189 331 246
phone 0.0069 38 173 69 232
phone 0.0069 148 58 166 92
phone 0.0069 267 204 300 262
phone 0.0069 95 28 112 61
phone 0.0069 190 220 224 266
phone 0.0068 0 0 41 32
phone 0.0068 252 173 285 231
phone 0.0068 36 97 70 153
phone 0.0068 96 162 126 188
phone 0.0068 314 92 379 219
phone 0.0068 245 123 254 135
phone 0.0068 128 189 162 246
phone 0.0067 144 189 178 246
phone 0.0067 227 116 257 142
phone 0.0067 272 218 304 241
phone 0.0067 21 66 54 123
phone 0.0067 267 173 301 231
phone 0.0067 122 54 131 66
phone 0.0067 280 214 296 245
phone 0.0066 23 172 53 232
phone 0.0066 111 50 149 108
phone 0.0066 191 154 200 166
phone 0.0066 187 74 205 108
phone 0.0066 36 19 70 77
phone 0.0066 219 155 249 180
phone 0.0066 205 189 239 246
phone 0.0066 249 225 281 248
phone 0.0066 96 112 133 169
phone 0.0066 5 96 39 154
phone 0.0066 273 139 303 165
phone 0.0066 152 146 162 158
phone 0.0066 190 189 224 246
phone 0.0066 219 108 249 135
phone 0.0066 179 74 197 108
phone 0.0065 21 127 55 184
phone 0.0065 271 224 328 266
phone 0.0065 332 132 390 180
phone 0.0065 0 7 36 58
phone 0.0065 250 123 280 150
phone 0.0065 283 204 316 262
phone 0.0065 27 116 57 142
phone 0.0065 211 252 226 266
phone 0.0065 257 221 273 252
phone 0.0065 172 204 189 238
phone 0.0065 196 252 211 266
phone 0.0065 91 38 100 51
phone 0.0065 5 66 39 123
phone 0.0064 226 151 243 184
phone 0.0064 283 223 293 236
phone 0.0064 267 96 301 154
phone 0.0064 277 154 352 220
phone 0.0064 137 61 147 74
phone 0.0064 330 127 361 185
phone 0.0064 165 77 195 104
phone 0.0064 183 215 193 228
phone 0.0064 237 219 270 266
phone 0.0064 218 97 235 131
phone 0.0064 144 220 178 266
phone 0.0064 302 207 359 259
phone 0.0064 252 44 317 175
phone 0.0064 330 191 393 266
phone 0.0064 287 108 343 173
phone 0.0064 316 116 375 165
phone 0.0063 174 204 209 261
phone 0.0063 21 35 55 92
phone 0.0063 154 98 230 184
phone 0.0063 221 174 254 230
phone 0.0063 346 126 377 185
phone 0.0063 316 240 376 266
phone 0.0063 240 240 297 266
phone 0.0063 256 112 274 146
phone 0.0063 295 210 327 233
phone 0.0063 260 230 270 243
phone 0.0063 214 261 224 266
phone 0.0062 7 0 69 42
phone 0.0062 51 19 86 77
phone 0.0062 102 158 120 192
phone 0.0062 24 210 83 256
phone 0.0062 199 261 208 266
phone 0.0062 38 203 69 263
phone 0.0062 116 7 176 59
phone 0.0062 6 143 39 200
phone 0.0062 288 214 303 244
phone 0.0062 303 205 319 237
phone 0.0062 114 46 124 58
phone 0.0061 256 81 313 138
phone 0.0061 98 174 132 230
phone 0.0061 211 248 242 266
phone 0.0061 233 112 251 146
phone 0.0061 179 143 197 176
phone 0.0061 104 170 134 196
phone 0.0061 270 255 329 266
phone 0.0061 159 220 193 266
phone 0.0061 313 143 347 200
phone 0.0061 240 68 298 121
phone 0.0061 363 23 399 135
phone 0.0060 291 223 300 236
phone 0.0060 346 218 376 266
phone 0.0060 141 50 158 85
phone 0.0060 361 54 399 104
phone 0.0060 331 234 361 266
phone 0.0060 33 112 51 146
phone 0.0060 218 244 234 266
phone 0.0060 361 116 399 165
phone 0.0060 362 84 399 196
phone 0.0060 225 104 243 139
phone 0.0060 315 111 346 169
phone 0.0060 158 200 187 227
phone 0.0060 0 16 51 81
phone 0.0060 316 156 376 217
phone 0.0060 79 64 120 125
phone 0.0060 24 0 83 11
phone 0.0060 279 135 297 169
phone 0.0059 152 69 162 81
phone 0.0059 85 234 115 266
phone 0.0059 361 85 399 134
phone 0.0059 176 0 239 29
phone 0.0059 37 0 101 29
phone 0.0059 70 241 129 266
phone 0.0059 99 38 108 51
phone 0.0059 83 3 116 62
phone 0.0059 113 189 147 246
phone 0.0059 295 205 312 238
phone 0.0059 208 235 269 266
phone 0.0059 23 0 53 46
phone 0.0059 316 24 376 72
phone 0.0059 36 127 70 184
phone 0.0059 122 97 200 184
phone 0.0059 282 174 316 230
phone 0.0059 146 8 207 58
phone 0.0059 172 73 189 108
phone 0.0059 316 203 345 263
phone 0.0059 101 256 160 266
phone 0.0059 317 191 374 244
phone 0.0058 315 0 377 105
phone 0.0058 361 8 399 58
phone 0.0058 0 234 40 266
phone 0.0058 68 0 132 29
phone 0.0058 145 0 208 29
phone 0.0058 284 249 315 266
phone 0.0058 208 24 268 73
phone 0.0058 254 233 284 266
phone 0.0058 115 249 145 266
phone 0.0058 54 0 114 11
phone 0.0058 0 137 44 266
phone 0.0058 226 245 242 266
phone 0.0058 146 4 177 61
phone 0.0058 361 147 399 196
phone 0.0058 39 255 99 266
phone 0.0058 331 9 391 57
phone 0.0058 99 0 162 29
phone 0.0058 163 254 221 266
phone 0.0058 208 0 268 11
phone 0.0058 306 215 316 228
phone 0.0058 0 81 24 138
phone 0.0057 311 206 327 237
phone 0.0057 301 218 330 266
phone 0.0057 22 0 85 59
phone 0.0057 331 40 391 88
phone 0.0057 53 0 115 44
phone 0.0057 37 237 100 266
phone 0.0057 300 9 360 57
phone 0.0057 362 238 399 266
phone 0.0057 85 0 145 11
phone 0.0057 206 0 270 29
phone 0.0057 38 193 99 266
phone 0.0057 299 253 361 266
phone 0.0057 156 79 196 140
phone 0.0057 239 9 299 57
phone 0.0057 265 131 295 158
phone 0.0057 7 237 69 266
phone 0.0057 39 0 68 16
phone 0.0057 24 0 53 16
phone 0.0057 218 151 235 184
phone 0.0057 192 0 254 44
phone 0.0057 110 166 127 200
phone 0.0057 254 24 314 72
phone 0.0057 241 233 274 256
phone 0.0057 301 101 360 150
phone 0.0056 229 253 239 266
phone 0.0056 191 84 201 97
phone 0.0056 298 126 332 186
phone 0.0056 229 161 239 174
phone 0.0056 224 0 283 42
phone 0.0056 270 9 329 57
phone 0.0056 178 0 237 11
phone 0.0056 270 40 330 88
phone 0.0056 284 0 346 90
phone 0.0056 361 0 399 27
phone 0.0056 160 69 170 81
phone 0.0056 54 0 84 16
phone 0.0056 362 130 399 242
phone 0.0056 129 61 139 74
phone 0.0056 316 55 376 103
phone 0.0056 162 0 222 42
phone 0.0056 331 18 361 78
phone 0.0056 183 84 193 97
phone 0.0056 0 0 36 11
phone 0.0056 347 18 376 78
phone 0.0056 301 40 360 88
phone 0.0056 239 0 299 26
phone 0.0056 116 0 176 11
phone 0.0056 361 0 399 11
phone 0.0056 222 253 231 266
phone 0.0056 38 0 69 46
phone 0.0056 7 253 69 266
phone 0.0056 249 229 265 260
phone 0.0056 331 265 361 266
phone 0.0056 254 0 314 42
phone 0.0056 177 8 238 57
phone 0.0056 330 253 393 266
phone 0.0056 253 0 315 105
phone 0.0056 346 264 376 266
phone 0.0056 239 0 299 11
phone 0.0056 364 262 399 266
phone 0.0056 377 48 399 109
phone 0.0056 362 192 399 266
phone 0.0056 361 177 399 227
phone 0.0055 54 218 84 266
phone 0.0055 0 0 23 1
phone 0.0055 224 39 283 89
phone 0.0055 284 237 346 266
phone 0.0055 65 65 103 124
phone 0.0055 223 19 253 77
phone 0.0055 161 4 192 61
phone 0.0055 316 265 346 266
phone 0.0055 70 0 99 16
phone 0.0055 54 249 84 266
phone 0.0055 54 264 84 266
phone 0.0055 377 110 399 171
phone 0.0055 141 80 180 140
phone 0.0055 0 112 24 169
phone 0.0055 175 215 185 228
phone 0.0055 69 264 99 266
phone 0.0055 50 131 80 158
phone 0.0055 223 0 253 16
phone 0.0055 160 0 224 92
phone 0.0055 39 264 69 266
phone 0.0055 331 188 361 247
phone 0.0055 188 85 218 112
phone 0.0055 252 238 262 251
phone 0.0055 187 204 204 239
phone 0.0055 147 0 206 11
phone 0.0055 316 18 345 78
phone 0.0055 313 41 391 163
phone 0.0055 85 264 115 266
phone 0.0055 347 194 399 241
phone 0.0055 285 0 345 42
phone 0.0055 222 108 231 120
phone 0.0055 287 135 305 169
phone 0.0055 299 215 308 228
phone 0.0055 55 225 114 266
phone 0.0055 0 0 22 16
phone 0.0055 254 50 284 108
phone 0.0055 377 79 399 140
phone 0.0054 331 101 391 149
phone 0.0054 127 185 157 212
phone 0.0054 164 196 181 231
phone 0.0054 208 0 238 16
phone 0.0054 130 0 192 44
phone 0.0054 100 0 130 16
phone 0.0054 23 265 53 266
phone 0.0054 85 0 115 16
phone 0.0054 316 0 376 42
phone 0.0054 119 177 149 204
phone 0.0054 360 255 399 266
phone 0.0054 0 158 23 216
phone 0.0054 116 0 145 16
phone 0.0054 285 55 345 103
phone 0.0054 239 0 269 16
phone 0.0054 39 249 69 266
phone 0.0054 205 50 240 108
phone 0.0054 300 3 330 62
phone 0.0054 254 3 284 62
phone 0.0054 0 0 23 47
phone 0.0054 377 2 399 63
phone 0.0054 283 96 316 154
phone 0.0054 325 202 358 225
phone 0.0054 183 154 193 166
phone 0.0054 314 215 323 228
phone 0.0054 260 123 270 135
phone 0.0054 84 253 146 266
phone 0.0054 193 0 222 16
phone 0.0054 331 0 391 11
phone 0.0054 285 3 315 62
phone 0.0054 239 0 268 47
phone 0.0054 0 264 22 266
phone 0.0054 68 3 101 62
phone 0.0054 270 0 330 26
phone 0.0054 300 71 360 118
phone 0.0053 316 86 376 134
phone 0.0053 131 0 161 16
phone 0.0053 224 0 253 47
phone 0.0053 254 55 314 103
phone 0.0053 172 143 211 200
phone 0.0053 270 3 299 62
phone 0.0053 34 124 65 150
phone 0.0053 331 49 361 108
phone 0.0053 254 0 284 31
phone 0.0053 69 218 99 266
phone 0.0053 300 265 330 266
phone 0.0053 345 0 399 89
phone 0.0053 268 21 331 136
phone 0.0053 106 169 116 181
phone 0.0053 300 249 331 266
phone 0.0053 118 166 135 200
phone 0.0053 177 0 207 47
phone 0.0053 331 0 391 26
phone 0.0053 111 82 148 138
phone 0.0053 222 115 231 127
phone 0.0053 193 0 222 47
phone 0.0053 347 163 399 211
phone 0.0053 270 0 330 11
phone 0.0053 208 0 238 47
phone 0.0053 238 34 269 92
phone 0.0053 334 198 349 229
phone 0.0053 376 141 399 201
phone 0.0053 147 0 176 31
phone 0.0053 269 249 299 266
phone 0.0053 331 71 391 118
phone 0.0053 316 49 345 108
phone 0.0053 270 34 299 93
phone 0.0053 285 34 315 93
phone 0.0053 177 0 207 16
phone 0.0053 23 234 53 266
phone 0.0053 191 254 254 266
phone 0.0053 177 248 207 266
phone 0.0053 346 249 376 266
phone 0.0053 376 264 399 266
phone 0.0052 347 49 376 109
phone 0.0052 181 216 211 242
phone 0.0052 265 222 280 252
phone 0.0052 7 192 69 266
phone 0.0052 301 34 330 93
phone 0.0052 346 0 376 47
phone 0.0052 162 0 191 32
phone 0.0052 254 265 284 266
phone 0.0052 287 218 320 241
phone 0.0052 337 207 347 220
phone 0.0052 268 231 277 243
phone 0.0052 315 250 346 266
phone 0.0052 270 0 299 31
phone 0.0052 346 95 376 154
phone 0.0052 285 85 345 134
phone 0.0052 8 171 38 233
phone 0.0052 376 0 399 17
phone 0.0052 69 249 99 266
phone 0.0052 37 123 47 135
phone 0.0052 57 139 88 165
phone 0.0052 300 0 360 11
phone 0.0052 191 92 201 104
phone 0.0052 237 123 247 135
phone 0.0052 238 265 269 266
phone 0.0052 270 70 330 119
phone 0.0052 300 0 360 26
phone 0.0052 0 255 36 266
phone 0.0052 100 249 130 266
phone 0.0052 0 50 24 108
phone 0.0052 73 146 103 173
phone 0.0052 145 61 154 74
phone 0.0052 331 0 361 47
phone 0.0051 361 157 392 216
phone 0.0051 142 192 172 220
phone 0.0051 271 127 289 162
phone 0.0051 299 223 308 236
phone 0.0051 346 0 376 16
phone 0.0051 316 0 345 47
phone 0.0051 362 18 392 78
phone 0.0051 285 265 315 266
phone 0.0051 260 131 270 143
phone 0.0051 53 0 85 1
phone 0.0051 331 96 361 154
phone 0.0051 252 131 262 143
phone 0.0051 285 0 315 31
phone 0.0051 315 80 346 139
phone 0.0051 283 146 293 158
phone 0.0051 376 218 399 266
phone 0.0051 207 19 239 77
phone 0.0051 297 158 332 215
phone 0.0051 115 0 146 46
phone 0.0051 69 0 100 1
phone 0.0051 229 115 239 127
phone 0.0051 362 126 392 185
phone 0.0051 269 65 300 123
phone 0.0051 165 98 357 266
phone 0.0051 300 65 330 123
phone 0.0051 131 0 161 46
phone 0.0050 56 127 74 162
phone 0.0050 146 264 176 266
phone 0.0050 100 264 130 266
phone 0.0050 0 249 23 266
phone 0.0050 376 171 399 232
phone 0.0050 23 0 54 1
phone 0.0050 193 248 222 266
phone 0.0050 133 181 151 215
phone 0.0050 41 120 58 154
phone 0.0050 8 265 38 266
phone 0.0050 84 0 115 1
phone 0.0050 376 248 399 266
phone 0.0050 362 264 392 266
phone 0.0050 38 0 69 1
phone 0.0050 331 0 361 16
phone 0.0050 6 8 16 20
