phone 0.9035 60 23 120 146
phone 0.0873 55 44 153 155
phone 0.0814 53 57 127 194
phone 0.0741 67 21 143 118
phone 0.0711 0 0 83 158
phone 0.0645 32 179 110 340
phone 0.0601 19 117 171 342
phone 0.0579 35 25 115 113
phone 0.0545 0 49 57 150
phone 0.0447 18 0 137 141
phone 0.0444 208 176 294 343
phone 0.0401 48 212 143 366
phone 0.0384 161 37 274 178
phone 0.0366 86 223 169 357
phone 0.0362 32 50 213 212
phone 0.0361 32 84 116 243
phone 0.0347 67 17 114 90
phone 0.0341 88 38 231 169
phone 0.0334 58 177 195 344
phone 0.0293 49 114 207 282
phone 0.0291 9 34 79 103
phone 0.0286 153 186 237 336
phone 0.0284 0 70 78 190
phone 0.0284 0 0 257 165
phone 0.0277 35 257 101 383
phone 0.0269 0 9 59 98
phone 0.0261 76 138 243 321
phone 0.0231 185 218 260 362
phone 0.0227 119 76 268 255
phone 0.0222 43 33 197 135
phone 0.0216 153 131 293 334
phone 0.0213 8 67 80 133
phone 0.0209 138 0 307 138
phone 0.0208 207 136 292 266
phone 0.0204 0 3 160 265
phone 0.0198 119 0 215 138
phone 0.0195 81 65 130 133
phone 0.0189 236 169 319 293
phone 0.0188 26 39 62 98
phone 0.0181 84 0 176 106
phone 0.0178 50 45 100 123
phone 0.0178 104 96 215 232
phone 0.0172 121 226 200 354
phone 0.0157 161 68 319 207
phone 0.0149 123 51 181 148
phone 0.0148 165 59 231 140
phone 0.0146 0 30 17 182
phone 0.0141 146 127 241 269
phone 0.0141 26 70 62 129
phone 0.0139 7 158 78 296
phone 0.0136 0 94 45 239
phone 0.0133 0 86 30 143
phone 0.0132 10 98 48 162
phone 0.0132 100 47 173 122
phone 0.0131 105 73 168 157
phone 0.0129 129 53 206 115
phone 0.0127 39 126 141 257
phone 0.0122 179 79 248 151
phone 0.0121 42 0 108 81
phone 0.0120 157 0 240 148
phone 0.0120 56 95 155 227
phone 0.0119 7 6 81 69
phone 0.0118 0 0 0 68
phone 0.0117 0 26 39 190
phone 0.0116 116 161 219 283
phone 0.0116 0 55 30 113
phone 0.0114 113 64 192 196
phone 0.0114 236 113 319 223
phone 0.0114 0 158 29 225
phone 0.0113 148 375 178 399
phone 0.0111 5 233 75 349
phone 0.0111 4 110 84 242
phone 0.0111 17 27 101 80
phone 0.0111 244 231 316 353
phone 0.0111 180 97 277 224
phone 0.0111 55 21 95 86
phone 0.0111 0 0 24 121
phone 0.0108 0 9 30 66
phone 0.0108 134 25 309 308
phone 0.0107 96 126 178 257
phone 0.0106 61 0 151 84
phone 0.0106 0 0 12 97
phone 0.0106 129 102 206 159
phone 0.0103 40 248 110 320
phone 0.0102 180 69 216 129
phone 0.0101 158 269 222 374
phone 0.0101 131 18 203 88
phone 0.0100 104 154 169 229
phone 0.0098 0 80 28 210
phone 0.0097 19 139 101 275
phone 0.0097 119 84 154 145
phone 0.0096 72 255 186 390
phone 0.0096 12 144 77 209
phone 0.0096 196 86 230 144
phone 0.0096 178 191 280 315
phone 0.0096 0 145 57 269
phone 0.0096 9 116 80 176
phone 0.0096 0 330 1 399
phone 0.0096 0 165 66 219
phone 0.0096 0 99 13 236
phone 0.0096 0 236 25 263
phone 0.0095 149 56 184 112
phone 0.0094 133 67 171 131
phone 0.0094 179 44 248 124
phone 0.0094 200 21 288 146
phone 0.0094 0 0 47 58
phone 0.0093 52 269 128 330
phone 0.0093 68 286 144 344
phone 0.0093 79 103 163 158
phone 0.0093 67 72 174 127
phone 0.0092 139 70 226 129
phone 0.0092 76 158 168 286
phone 0.0092 191 100 266 161
phone 0.0091 0 0 2 108
phone 0.0091 87 59 117 86
phone 0.0091 127 134 207 188
phone 0.0091 159 382 168 394
phone 0.0091 27 10 61 66
phone 0.0091 115 270 188 329
phone 0.0090 52 79 98 151
phone 0.0090 51 162 130 222
phone 0.0090 204 72 284 127
phone 0.0090 0 116 35 175
phone 0.0089 0 147 50 206
phone 0.0089 38 283 112 347
phone 0.0088 51 238 130 299
phone 0.0087 170 8 226 67
phone 0.0087 114 241 190 297
phone 0.0087 87 36 117 63
phone 0.0086 133 37 171 100
phone 0.0086 118 54 154 114
phone 0.0086 41 215 109 292
phone 0.0086 93 56 110 89
phone 0.0086 83 0 159 55
phone 0.0086 128 165 207 219
phone 0.0085 150 102 184 158
phone 0.0085 176 269 251 330
phone 0.0085 67 131 144 191
phone 0.0085 120 0 184 79
phone 0.0085 0 138 10 263
phone 0.0085 42 26 76 80
phone 0.0084 15 59 104 109
phone 0.0084 83 22 127 84
phone 0.0083 27 169 92 245
phone 0.0083 191 130 266 192
phone 0.0083 0 68 19 131
phone 0.0083 0 129 17 193
phone 0.0082 27 132 61 190
phone 0.0082 51 193 130 252
phone 0.0082 184 0 262 95
phone 0.0082 93 33 110 66
phone 0.0082 218 271 281 373
phone 0.0082 226 187 293 258
phone 0.0081 211 141 277 212
phone 0.0081 85 173 157 241
phone 0.0081 0 99 19 162
phone 0.0080 17 183 48 209
phone 0.0080 0 289 61 341
phone 0.0080 119 177 154 237
phone 0.0080 18 104 101 156
phone 0.0080 0 111 6 241
phone 0.0080 58 255 92 313
phone 0.0080 128 194 207 251
phone 0.0080 105 184 168 261
phone 0.0079 27 177 61 237
phone 0.0079 28 230 92 307
phone 0.0079 134 99 169 161
phone 0.0079 0 80 4 150
phone 0.0079 209 114 279 177
phone 0.0079 5 243 14 256
phone 0.0079 155 81 242 210
phone 0.0079 174 240 252 298
phone 0.0079 0 180 48 235
phone 0.0079 226 218 293 289
phone 0.0079 163 189 233 256
phone 0.0079 159 389 168 399
phone 0.0079 0 129 0 254
phone 0.0079 143 36 221 102
phone 0.0078 83 144 159 209
phone 0.0078 174 209 253 267
phone 0.0078 139 251 245 399
phone 0.0078 0 260 25 285
phone 0.0077 28 199 91 277
phone 0.0077 27 102 61 159
phone 0.0077 256 195 319 250
phone 0.0077 105 245 168 323
phone 0.0077 226 248 293 320
phone 0.0076 88 287 122 343
phone 0.0076 123 305 181 355
phone 0.0076 62 258 150 310
phone 0.0076 164 220 232 287
phone 0.0076 112 149 191 204
phone 0.0076 24 129 95 193
phone 0.0076 229 156 290 227
phone 0.0076 0 173 33 286
phone 0.0075 104 103 138 157
phone 0.0075 150 133 183 189
phone 0.0075 42 118 76 173
phone 0.0075 127 225 207 282
phone 0.0075 135 271 168 328
phone 0.0075 128 256 207 312
phone 0.0075 281 206 319 319
phone 0.0075 173 179 254 236
phone 0.0075 114 210 190 266
phone 0.0074 194 284 264 346
phone 0.0074 87 74 117 101
phone 0.0074 132 0 203 57
phone 0.0074 0 211 64 265
phone 0.0074 170 0 226 33
phone 0.0074 240 30 319 185
phone 0.0074 0 75 41 124
phone 0.0074 164 282 232 347
phone 0.0073 0 170 7 292
phone 0.0073 19 0 100 53
phone 0.0073 62 212 149 265
phone 0.0073 63 90 94 116
phone 0.0073 211 102 245 158
phone 0.0073 63 75 94 101
phone 0.0073 0 36 18 102
phone 0.0073 0 43 40 95
phone 0.0073 73 271 107 327
phone 0.0073 0 47 3 121
phone 0.0073 0 177 14 237
phone 0.0073 191 253 267 315
phone 0.0073 85 265 157 333
phone 0.0073 149 25 185 82
phone 0.0073 24 323 57 346
phone 0.0073 97 66 107 79
phone 0.0072 33 319 48 349
phone 0.0072 70 87 87 119
phone 0.0072 190 161 267 223
phone 0.0072 178 111 249 180
phone 0.0072 153 164 213 250
phone 0.0072 0 269 61 391
phone 0.0072 13 285 45 344
phone 0.0072 209 203 279 273
phone 0.0072 118 23 154 83
phone 0.0072 209 234 279 303
phone 0.0072 27 262 93 336
phone 0.0072 104 216 169 290
phone 0.0072 24 179 42 213
phone 0.0072 150 164 183 219
phone 0.0072 69 96 111 165
phone 0.0072 197 286 230 343
phone 0.0072 174 147 253 206
phone 0.0072 227 72 261 127
phone 0.0072 35 328 45 341
phone 0.0072 56 300 125 360
phone 0.0072 164 249 232 319
phone 0.0072 58 286 91 343
phone 0.0072 48 106 79 131
phone 0.0072 164 94 232 167
phone 0.0071 256 226 319 280
phone 0.0071 190 223 268 284
phone 0.0071 183 0 213 37
phone 0.0071 145 115 221 177
phone 0.0071 0 0 0 84
phone 0.0071 135 240 168 297
phone 0.0071 165 57 199 111
phone 0.0071 0 0 30 36
phone 0.0071 0 259 62 309
phone 0.0071 42 178 76 236
phone 0.0071 190 192 268 253
phone 0.0071 0 114 5 177
phone 0.0071 211 169 277 245
phone 0.0070 87 90 117 117
phone 0.0070 5 266 14 279
phone 0.0070 1 249 18 280
phone 0.0070 244 70 275 128
phone 0.0070 0 131 3 191
phone 0.0070 110 67 140 93
phone 0.0070 104 280 169 349
phone 0.0070 110 90 140 116
phone 0.0069 85 235 157 303
phone 0.0069 246 288 303 341
phone 0.0069 137 300 167 360
phone 0.0069 93 71 110 105
phone 0.0069 73 163 107 220
phone 0.0069 97 43 107 55
phone 0.0069 70 71 87 105
phone 0.0069 97 51 107 63
phone 0.0069 58 0 122 51
phone 0.0069 227 147 261 205
phone 0.0068 164 157 232 227
phone 0.0068 42 239 76 298
phone 0.0068 150 195 184 250
phone 0.0068 104 179 138 235
phone 0.0068 152 138 214 214
phone 0.0068 230 82 289 147
phone 0.0068 101 41 140 97
phone 0.0068 212 133 245 189
phone 0.0068 17 198 48 224
phone 0.0068 242 209 276 267
phone 0.0068 183 304 244 356
phone 0.0067 88 133 122 189
phone 0.0067 257 257 319 311
phone 0.0067 227 102 261 158
phone 0.0067 242 178 276 236
phone 0.0067 73 241 107 297
phone 0.0067 27 285 61 344
phone 0.0067 292 290 319 340
phone 0.0067 196 256 230 312
phone 0.0067 164 126 233 195
phone 0.0066 241 238 308 300
phone 0.0066 42 208 76 267
phone 0.0066 0 223 13 283
phone 0.0066 134 285 201 345
phone 0.0066 97 59 107 71
phone 0.0066 288 254 319 375
phone 0.0066 93 87 110 120
phone 0.0066 155 363 172 397
phone 0.0066 28 298 92 362
phone 0.0066 181 193 215 252
phone 0.0066 104 106 169 185
phone 0.0065 103 0 138 50
phone 0.0065 55 102 72 135
phone 0.0065 113 180 190 234
phone 0.0065 291 167 319 216
phone 0.0065 288 133 319 250
phone 0.0065 276 106 319 154
phone 0.0065 0 212 29 324
phone 0.0064 74 97 84 109
phone 0.0064 274 73 319 187
phone 0.0064 215 305 273 355
phone 0.0064 273 210 307 266
phone 0.0064 231 131 288 190
phone 0.0064 110 106 140 132
phone 0.0064 48 90 78 116
phone 0.0064 242 255 276 313
phone 0.0064 181 224 215 282
phone 0.0064 27 208 61 268
phone 0.0064 42 57 76 111
phone 0.0064 57 224 92 283
phone 0.0064 73 194 107 251
phone 0.0064 260 285 290 345
phone 0.0064 227 271 261 328
phone 0.0064 151 198 214 277
phone 0.0064 0 245 29 292
phone 0.0064 306 162 319 221
phone 0.0063 103 133 138 189
phone 0.0063 307 199 319 247
phone 0.0063 27 254 61 313
phone 0.0063 245 29 305 77
phone 0.0063 194 55 232 113
phone 0.0063 119 254 153 314
phone 0.0063 292 194 319 251
phone 0.0063 181 286 214 344
phone 0.0063 13 254 45 313
phone 0.0063 45 102 105 189
phone 0.0063 212 286 245 343
phone 0.0063 88 165 122 219
phone 0.0063 304 165 319 280
phone 0.0063 244 0 306 110
phone 0.0063 0 194 28 251
phone 0.0063 150 271 184 327
phone 0.0063 245 60 304 109
phone 0.0063 150 225 184 281
phone 0.0063 196 194 230 250
phone 0.0062 196 225 230 281
phone 0.0062 28 189 37 202
phone 0.0062 261 165 319 219
phone 0.0062 306 285 319 344
phone 0.0062 307 245 319 293
phone 0.0062 150 232 216 305
phone 0.0062 171 75 202 100
phone 0.0062 0 128 65 194
phone 0.0062 166 0 199 50
phone 0.0062 0 332 30 399
phone 0.0062 5 259 14 271
phone 0.0062 55 114 87 139
phone 0.0062 274 178 306 236
phone 0.0062 304 211 319 326
phone 0.0062 116 63 134 97
phone 0.0062 134 8 170 68
phone 0.0062 0 323 44 369
phone 0.0062 293 240 319 297
phone 0.0062 116 86 134 120
phone 0.0062 276 76 319 123
phone 0.0062 57 193 92 252
phone 0.0062 42 270 76 329
phone 0.0061 134 132 168 190
phone 0.0061 260 45 319 93
phone 0.0061 135 209 168 266
phone 0.0061 243 148 276 205
phone 0.0061 0 367 29 399
phone 0.0061 259 332 319 399
phone 0.0061 119 147 153 205
phone 0.0061 104 271 138 328
phone 0.0061 181 101 215 159
phone 0.0061 119 224 153 283
phone 0.0061 261 121 319 170
phone 0.0061 24 194 42 228
phone 0.0061 260 23 290 82
phone 0.0061 0 209 1 328
phone 0.0060 181 255 215 313
phone 0.0060 12 194 45 251
phone 0.0060 260 54 290 113
phone 0.0060 227 240 261 297
phone 0.0060 275 27 319 141
phone 0.0060 276 23 305 82
phone 0.0060 0 0 13 33
phone 0.0060 0 241 45 357
phone 0.0060 63 110 79 142
phone 0.0060 43 135 108 217
phone 0.0060 88 195 122 250
phone 0.0060 119 285 153 344
phone 0.0060 227 194 261 251
phone 0.0060 291 85 319 144
phone 0.0060 178 72 195 104
phone 0.0060 196 117 230 174
phone 0.0060 273 240 307 297
phone 0.0060 291 116 319 175
phone 0.0060 74 82 84 94
phone 0.0060 212 164 245 220
phone 0.0060 165 147 199 206
phone 0.0059 211 256 245 312
phone 0.0059 0 362 14 399
phone 0.0059 153 304 212 356
phone 0.0059 200 27 258 80
phone 0.0059 0 162 1 282
phone 0.0059 88 257 122 311
phone 0.0059 165 176 200 237
phone 0.0059 97 74 107 86
phone 0.0059 149 0 184 51
phone 0.0059 261 91 319 139
phone 0.0059 228 304 291 399
phone 0.0059 165 87 199 142
phone 0.0059 165 117 199 174
phone 0.0059 0 25 14 81
phone 0.0059 230 300 259 361
phone 0.0059 59 112 68 125
phone 0.0059 17 213 48 240
phone 0.0059 230 14 289 62
phone 0.0059 0 300 29 360
phone 0.0058 104 240 138 297
phone 0.0058 224 65 296 195
phone 0.0058 275 116 306 175
phone 0.0058 275 367 319 399
phone 0.0058 211 225 245 281
phone 0.0058 125 361 156 384
phone 0.0058 153 300 182 361
phone 0.0058 104 209 138 266
phone 0.0058 215 42 273 96
phone 0.0058 291 322 319 369
phone 0.0058 291 54 319 113
phone 0.0058 196 148 230 204
phone 0.0058 95 97 124 125
phone 0.0058 97 82 107 94
phone 0.0058 0 276 44 323
phone 0.0058 274 270 306 328
phone 0.0057 244 367 306 399
phone 0.0057 211 194 245 250
phone 0.0057 215 337 274 385
phone 0.0057 56 44 86 70
phone 0.0057 181 162 215 221
phone 0.0057 42 0 76 50
phone 0.0057 12 224 45 282
phone 0.0057 135 164 168 220
phone 0.0057 116 102 134 136
phone 0.0057 0 130 2 154
phone 0.0057 291 23 319 82
phone 0.0057 306 368 319 399
phone 0.0057 275 85 306 144
phone 0.0057 165 26 200 81
phone 0.0057 54 86 72 120
phone 0.0057 110 52 140 78
phone 0.0056 211 72 246 127
phone 0.0056 305 332 319 399
phone 0.0056 229 331 259 390
phone 0.0056 181 132 215 190
phone 0.0056 17 228 48 255
phone 0.0056 165 270 199 328
phone 0.0056 0 255 1 374
phone 0.0056 102 73 139 126
phone 0.0056 63 87 79 120
phone 0.0056 275 54 306 113
phone 0.0056 245 300 275 360
phone 0.0056 294 161 319 184
phone 0.0056 159 374 168 386
phone 0.0056 179 39 216 98
phone 0.0056 213 9 245 66
phone 0.0056 259 363 291 399
phone 0.0056 244 331 275 390
phone 0.0056 306 116 319 175
phone 0.0056 306 316 319 375
phone 0.0056 136 328 199 399
phone 0.0056 271 322 302 347
phone 0.0056 261 14 319 62
phone 0.0056 12 332 77 399
phone 0.0056 229 24 260 82
phone 0.0056 0 338 58 384
phone 0.0055 72 131 108 190
phone 0.0055 244 8 275 67
phone 0.0055 139 365 196 399
phone 0.0055 132 358 149 387
phone 0.0055 0 337 13 385
phone 0.0055 291 0 319 30
phone 0.0055 258 210 292 266
phone 0.0055 306 69 319 129
phone 0.0055 97 97 107 109
phone 0.0055 14 331 44 391
phone 0.0055 302 326 317 357
phone 0.0055 66 120 76 133
phone 0.0055 245 39 275 98
phone 0.0055 119 116 154 175
phone 0.0055 119 0 154 51
phone 0.0055 0 174 25 201
phone 0.0055 306 0 319 64
phone 0.0055 87 102 123 159
phone 0.0055 307 0 319 30
phone 0.0054 198 367 259 399
phone 0.0054 42 87 76 142
phone 0.0054 278 319 295 349
phone 0.0054 306 39 319 98
phone 0.0054 165 208 200 268
phone 0.0054 46 321 104 370
phone 0.0054 92 322 150 369
phone 0.0054 88 226 122 280
phone 0.0054 0 226 10 356
phone 0.0054 233 176 263 200
phone 0.0054 165 239 199 298
phone 0.0054 66 112 76 125
phone 0.0054 244 363 275 399
phone 0.0054 182 82 191 94
phone 0.0054 305 335 314 348
phone 0.0054 245 0 305 46
phone 0.0054 120 74 130 86
phone 0.0054 28 197 37 209
phone 0.0054 168 300 198 361
phone 0.0054 199 0 228 37
phone 0.0054 136 366 145 379
phone 0.0054 61 313 132 391
phone 0.0054 120 66 130 79
phone 0.0054 76 315 105 376
phone 0.0053 120 97 130 110
phone 0.0053 101 94 118 128
phone 0.0053 213 363 245 399
phone 0.0053 245 337 305 385
phone 0.0053 204 253 303 399
phone 0.0053 214 0 274 46
phone 0.0053 229 363 260 399
phone 0.0053 257 179 292 235
phone 0.0053 0 276 14 323
phone 0.0053 243 101 276 159
phone 0.0053 1 338 33 361
phone 0.0053 24 209 42 244
phone 0.0053 260 0 290 51
phone 0.0052 29 331 59 391
phone 0.0052 9 334 25 365
phone 0.0052 28 212 37 225
phone 0.0052 28 205 37 217
phone 0.0052 72 0 108 37
phone 0.0052 85 56 103 89
phone 0.0052 62 40 80 74
phone 0.0052 198 305 260 399
phone 0.0052 134 0 169 36
phone 0.0052 14 367 75 399
phone 0.0052 95 113 124 140
phone 0.0052 229 0 260 51
phone 0.0052 260 331 290 390
phone 0.0052 305 343 314 356
phone 0.0052 182 332 246 399
phone 0.0052 0 289 14 399
phone 0.0052 259 147 291 205
phone 0.0052 239 171 257 205
phone 0.0051 120 105 130 117
phone 0.0051 57 0 92 36
phone 0.0051 13 362 45 399
phone 0.0051 214 331 244 390
phone 0.0051 43 332 108 399
phone 0.0051 5 251 14 263
phone 0.0051 291 353 319 399
phone 0.0051 57 115 93 176
phone 0.0051 230 0 289 31
phone 0.0051 120 89 130 102
phone 0.0051 186 137 217 162
phone 0.0051 247 123 280 146
phone 0.0051 276 0 305 37
phone 0.0051 276 137 319 185
phone 0.0051 66 97 76 110
phone 0.0051 24 224 42 259
phone 0.0051 305 166 314 179
phone 0.0050 293 338 319 361
phone 0.0050 198 363 229 399
phone 0.0050 151 351 160 363
phone 0.0050 0 307 13 354
phone 0.0050 276 346 306 399
phone 0.0050 275 0 319 79
phone 0.0050 97 89 107 102
phone 0.0050 202 137 233 162
phone 0.0050 107 315 136 376
phone 0.0050 140 346 171 368
phone 0.0050 256 119 271 149
