phone 0.6957 78 127 233 294
phone 0.0536 129 163 243 282
phone 0.0442 52 147 174 304
phone 0.0351 112 160 200 256
phone 0.0332 96 94 186 258
phone 0.0286 0 150 94 309
phone 0.0269 45 122 144 262
phone 0.0261 79 225 190 348
phone 0.0260 168 153 266 305
phone 0.0256 122 85 221 268
phone 0.0253 0 73 106 266
phone 0.0246 90 149 161 235
phone 0.0237 144 129 259 254
phone 0.0215 6 116 213 335
phone 0.0203 156 177 248 238
phone 0.0186 100 186 211 320
phone 0.0185 146 206 227 270
phone 0.0184 26 162 131 282
phone 0.0179 59 188 130 257
phone 0.0176 75 164 145 250
phone 0.0175 91 259 176 376
phone 0.0165 71 184 150 322
phone 0.0164 73 140 146 213
phone 0.0160 57 156 132 227
phone 0.0159 147 189 195 256
phone 0.0153 83 237 114 262
phone 0.0150 106 130 175 223
phone 0.0148 90 234 107 265
phone 0.0147 66 288 143 399
phone 0.0141 28 219 119 358
phone 0.0140 58 66 150 223
phone 0.0139 206 96 266 244
phone 0.0139 89 190 162 286
phone 0.0137 166 192 207 254
phone 0.0136 94 243 103 256
phone 0.0135 135 214 208 293
phone 0.0134 187 216 265 360
phone 0.0133 3 206 83 371
phone 0.0130 42 173 116 241
phone 0.0129 77 194 112 251
phone 0.0128 105 161 146 223
phone 0.0127 28 189 99 257
phone 0.0126 182 71 266 209
phone 0.0124 90 162 129 222
phone 0.0123 94 147 266 365
phone 0.0121 183 187 252 258
phone 0.0121 183 179 220 235
phone 0.0121 93 126 158 196
phone 0.0120 144 219 242 351
phone 0.0119 0 139 56 262
phone 0.0117 117 173 164 241
phone 0.0116 12 309 85 399
phone 0.0113 159 89 245 233
phone 0.0111 100 219 181 288
phone 0.0111 180 162 255 222
phone 0.0110 0 173 67 241
phone 0.0107 44 87 115 235
phone 0.0104 200 179 234 235
phone 0.0104 20 268 108 392
phone 0.0101 59 219 130 288
phone 0.0101 23 24 127 193
phone 0.0101 15 155 82 228
phone 0.0101 155 266 250 394
phone 0.0100 53 162 216 399
phone 0.0100 62 195 96 250
phone 0.0100 200 267 266 332
phone 0.0099 76 163 113 221
phone 0.0099 38 210 120 266
phone 0.0099 0 253 69 315
phone 0.0098 109 284 204 399
phone 0.0098 148 28 251 189
phone 0.0098 90 207 129 269
phone 0.0096 89 250 161 318
phone 0.0096 31 139 96 214
phone 0.0095 0 0 175 300
phone 0.0095 46 193 81 251
phone 0.0093 16 178 50 236
phone 0.0092 139 67 204 224
phone 0.0092 80 18 195 199
phone 0.0091 32 347 65 399
phone 0.0091 0 221 68 285
phone 0.0090 125 249 218 380
phone 0.0090 62 121 127 201
phone 0.0089 117 236 195 301
phone 0.0088 40 255 118 313
phone 0.0088 17 358 80 399
phone 0.0088 214 237 266 300
phone 0.0088 0 211 54 326
phone 0.0087 203 145 263 207
phone 0.0086 108 240 142 297
phone 0.0086 137 182 167 209
phone 0.0086 31 162 65 221
phone 0.0085 77 225 111 281
phone 0.0085 200 208 234 267
phone 0.0084 12 285 85 344
phone 0.0084 150 270 223 329
phone 0.0084 214 204 266 272
phone 0.0084 13 203 84 272
phone 0.0083 16 255 49 313
phone 0.0083 152 223 190 283
phone 0.0083 165 225 240 282
phone 0.0083 28 300 100 360
phone 0.0083 124 113 188 209
phone 0.0082 94 236 103 248
phone 0.0082 187 132 248 190
phone 0.0082 144 179 161 212
phone 0.0082 185 211 219 265
phone 0.0081 202 167 264 247
phone 0.0081 46 147 81 205
phone 0.0081 120 146 161 207
phone 0.0081 92 238 128 299
phone 0.0080 0 227 33 340
phone 0.0080 174 118 231 174
phone 0.0079 103 315 178 376
phone 0.0079 52 0 266 277
phone 0.0079 0 261 34 307
phone 0.0078 106 182 137 209
phone 0.0078 28 220 99 287
phone 0.0077 216 162 250 221
phone 0.0077 166 253 239 315
phone 0.0077 41 284 117 346
phone 0.0077 136 315 207 376
phone 0.0077 82 233 99 266
phone 0.0077 151 298 223 362
phone 0.0077 27 268 101 331
phone 0.0077 108 116 142 175
phone 0.0077 3 334 63 388
phone 0.0077 16 224 50 282
phone 0.0077 0 254 18 314
phone 0.0076 34 330 94 392
phone 0.0076 58 315 132 376
phone 0.0076 216 255 250 313
phone 0.0075 134 208 177 268
phone 0.0075 14 233 83 304
phone 0.0074 216 286 249 344
phone 0.0074 183 297 252 364
phone 0.0074 143 109 200 183
phone 0.0074 188 211 248 295
phone 0.0074 122 225 158 282
phone 0.0074 0 121 124 396
phone 0.0073 101 269 180 330
phone 0.0073 213 43 266 170
phone 0.0073 1 177 34 236
phone 0.0073 118 299 194 361
phone 0.0073 0 242 52 295
phone 0.0073 61 131 96 190
phone 0.0073 185 240 219 297
phone 0.0072 57 267 132 332
phone 0.0072 0 274 48 386
phone 0.0072 87 298 163 362
phone 0.0072 132 159 180 225
phone 0.0072 113 179 130 213
phone 0.0071 231 225 265 282
phone 0.0071 0 307 48 353
phone 0.0071 136 179 153 212
phone 0.0071 32 286 65 344
phone 0.0071 165 283 239 346
phone 0.0071 61 163 97 220
phone 0.0071 103 190 148 255
phone 0.0071 62 256 96 312
phone 0.0070 92 132 128 190
phone 0.0070 126 335 187 387
phone 0.0070 147 190 157 202
phone 0.0070 124 115 157 175
phone 0.0070 2 300 33 360
phone 0.0070 135 252 208 317
phone 0.0070 135 282 208 348
phone 0.0070 17 346 49 399
phone 0.0070 64 362 95 399
phone 0.0070 224 173 266 303
phone 0.0070 73 281 147 349
phone 0.0069 31 209 65 266
phone 0.0069 215 192 250 253
phone 0.0069 76 132 112 190
phone 0.0069 2 331 33 390
phone 0.0069 0 152 49 200
phone 0.0068 139 241 173 296
phone 0.0068 86 243 95 256
phone 0.0068 17 316 49 375
phone 0.0067 157 105 217 155
phone 0.0067 0 229 34 277
phone 0.0066 170 286 203 343
phone 0.0066 0 365 47 399
phone 0.0066 0 223 18 283
phone 0.0066 47 286 80 343
phone 0.0065 156 101 188 159
phone 0.0065 149 241 225 296
phone 0.0065 0 367 17 399
phone 0.0065 155 317 188 374
phone 0.0065 82 113 138 179
phone 0.0065 0 332 19 399
phone 0.0065 139 317 173 374
phone 0.0065 77 256 111 312
phone 0.0065 170 316 203 374
phone 0.0065 170 332 235 399
phone 0.0065 124 317 157 374
phone 0.0065 2 137 64 185
phone 0.0064 219 135 266 187
phone 0.0064 171 101 203 158
phone 0.0064 0 285 18 344
phone 0.0064 0 162 18 221
phone 0.0064 62 301 96 359
phone 0.0064 2 103 64 218
phone 0.0064 108 271 142 328
phone 0.0064 139 115 173 175
phone 0.0064 201 301 234 359
phone 0.0064 185 302 219 358
phone 0.0063 0 362 3 399
phone 0.0063 78 317 111 374
phone 0.0063 62 225 96 281
phone 0.0063 93 317 126 374
phone 0.0063 0 180 32 295
phone 0.0063 173 76 232 123
phone 0.0063 108 317 142 374
phone 0.0063 0 274 50 325
phone 0.0063 140 189 149 202
phone 0.0062 46 224 81 282
phone 0.0062 183 148 221 205
phone 0.0062 250 291 266 339
phone 0.0062 17 285 49 345
phone 0.0062 0 332 4 399
phone 0.0062 48 347 80 399
phone 0.0062 205 319 261 372
phone 0.0062 0 119 34 233
phone 0.0062 220 154 266 230
phone 0.0062 171 42 233 156
phone 0.0062 46 256 80 312
phone 0.0062 158 336 216 386
phone 0.0061 94 332 157 389
phone 0.0061 117 189 126 202
phone 0.0061 31 240 65 297
phone 0.0061 234 194 266 251
phone 0.0061 248 258 266 371
phone 0.0061 170 256 203 312
phone 0.0061 164 161 208 222
phone 0.0061 188 91 248 139
phone 0.0061 185 271 219 328
phone 0.0061 152 120 221 203
phone 0.0061 18 131 48 190
phone 0.0060 123 256 157 312
phone 0.0060 172 45 232 93
phone 0.0060 212 252 266 377
phone 0.0060 157 60 217 108
phone 0.0060 188 69 217 129
phone 0.0059 156 26 218 141
phone 0.0059 235 321 266 370
phone 0.0059 250 168 266 216
phone 0.0059 0 137 17 185
phone 0.0059 249 337 266 385
phone 0.0059 91 282 121 309
phone 0.0059 264 285 266 344
phone 0.0059 188 60 248 108
phone 0.0059 0 322 17 369
phone 0.0059 0 76 32 123
phone 0.0059 142 75 201 123
phone 0.0059 246 132 266 251
phone 0.0059 183 267 214 293
phone 0.0059 247 182 266 280
phone 0.0059 92 271 127 328
phone 0.0059 157 29 217 77
phone 0.0058 77 286 111 343
phone 0.0058 0 162 2 221
phone 0.0058 265 214 266 262
phone 0.0058 236 258 266 310
phone 0.0058 186 27 249 141
phone 0.0058 139 271 173 327
phone 0.0058 215 223 250 283
phone 0.0058 203 69 233 129
phone 0.0058 154 286 188 343
phone 0.0058 0 122 32 169
phone 0.0058 0 42 34 156
phone 0.0058 264 367 266 399
phone 0.0058 263 332 266 399
phone 0.0058 231 287 266 399
phone 0.0058 0 60 48 108
phone 0.0058 47 316 80 375
phone 0.0058 218 30 266 77
phone 0.0058 17 121 80 170
phone 0.0058 265 229 266 277
phone 0.0058 0 91 17 139
phone 0.0058 187 101 218 159
phone 0.0058 265 199 266 246
phone 0.0058 262 180 266 295
phone 0.0058 142 45 201 93
phone 0.0058 171 0 234 110
phone 0.0058 106 198 137 224
phone 0.0057 140 0 203 110
phone 0.0057 0 0 1 30
phone 0.0057 126 29 186 77
phone 0.0057 18 29 79 77
phone 0.0057 123 287 157 343
phone 0.0057 172 69 202 129
phone 0.0057 3 45 63 93
phone 0.0057 188 39 217 98
phone 0.0057 18 87 79 203
phone 0.0057 49 29 109 77
phone 0.0057 109 0 173 95
phone 0.0057 0 337 2 385
phone 0.0057 78 0 142 95
phone 0.0057 187 30 248 77
phone 0.0057 0 122 2 170
phone 0.0057 264 162 266 221
phone 0.0057 217 0 266 110
phone 0.0057 218 315 248 376
phone 0.0057 0 0 2 64
phone 0.0057 0 57 18 172
phone 0.0057 250 215 266 307
phone 0.0057 203 76 263 123
phone 0.0057 95 29 155 77
phone 0.0057 17 0 80 110
phone 0.0057 0 91 2 139
phone 0.0057 48 0 111 110
phone 0.0057 0 29 48 77
phone 0.0057 0 199 18 246
phone 0.0057 0 60 17 108
phone 0.0057 0 11 49 126
phone 0.0057 154 256 188 312
phone 0.0057 0 88 3 202
phone 0.0056 172 39 202 98
phone 0.0056 228 222 266 346
phone 0.0056 107 290 136 317
phone 0.0056 0 223 2 283
phone 0.0056 219 91 266 139
phone 0.0056 172 367 233 399
phone 0.0056 0 91 48 139
phone 0.0056 203 45 263 92
phone 0.0056 170 225 203 281
phone 0.0056 265 254 266 313
phone 0.0056 233 286 264 344
phone 0.0056 249 91 266 139
phone 0.0056 48 105 110 155
phone 0.0056 201 332 266 399
phone 0.0056 203 39 233 98
phone 0.0056 157 69 187 129
phone 0.0056 0 300 2 360
phone 0.0056 265 337 266 385
phone 0.0056 248 57 266 172
phone 0.0056 249 45 266 92
phone 0.0056 200 238 235 299
phone 0.0055 264 316 266 375
phone 0.0055 0 42 3 156
phone 0.0055 265 91 266 139
phone 0.0055 265 106 266 154
phone 0.0055 126 60 186 108
phone 0.0055 0 60 2 108
phone 0.0055 157 23 187 83
phone 0.0055 0 254 2 313
phone 0.0055 203 121 263 170
phone 0.0055 265 260 266 308
phone 0.0055 0 134 3 248
phone 0.0055 0 29 17 77
phone 0.0055 125 42 187 156
phone 0.0055 0 313 0 399
phone 0.0055 249 122 266 170
phone 0.0055 33 131 64 190
phone 0.0055 265 76 266 123
phone 0.0055 263 57 266 172
phone 0.0055 0 73 49 187
phone 0.0055 0 0 17 30
phone 0.0055 248 11 266 125
phone 0.0055 0 11 18 126
phone 0.0055 141 23 171 83
phone 0.0055 34 45 94 93
phone 0.0055 0 29 2 77
phone 0.0055 49 23 79 82
phone 0.0055 34 23 64 82
phone 0.0055 189 337 247 385
phone 0.0055 65 23 94 82
phone 0.0055 265 183 266 231
phone 0.0055 80 23 110 83
phone 0.0055 263 227 266 341
phone 0.0055 206 137 237 162
phone 0.0055 18 39 48 98
phone 0.0054 218 69 248 129
phone 0.0054 3 39 33 98
phone 0.0054 126 23 156 83
phone 0.0054 122 182 152 209
phone 0.0054 0 193 2 252
phone 0.0054 95 23 125 83
phone 0.0054 126 103 186 157
phone 0.0054 95 105 155 156
phone 0.0054 3 106 63 154
phone 0.0054 111 23 140 83
phone 0.0054 142 0 201 30
phone 0.0054 265 30 266 77
phone 0.0054 218 60 266 108
phone 0.0054 234 116 264 175
phone 0.0054 190 263 207 297
phone 0.0054 141 368 202 399
phone 0.0054 19 60 78 108
phone 0.0054 97 278 115 313
phone 0.0054 234 39 264 98
phone 0.0054 0 0 33 64
phone 0.0054 19 0 78 30
phone 0.0054 265 276 266 323
phone 0.0054 218 39 248 98
phone 0.0054 111 0 170 30
phone 0.0054 65 14 125 62
phone 0.0054 263 0 266 110
phone 0.0053 125 0 187 64
phone 0.0053 0 0 47 30
phone 0.0053 142 14 201 62
phone 0.0053 203 0 263 30
phone 0.0053 80 0 140 30
phone 0.0053 65 45 124 93
phone 0.0053 0 273 3 387
phone 0.0053 50 0 109 30
phone 0.0053 33 72 95 188
phone 0.0053 34 14 94 62
phone 0.0053 94 11 157 126
phone 0.0053 114 174 144 201
phone 0.0053 156 0 218 64
phone 0.0053 125 363 157 399
phone 0.0053 264 353 266 399
phone 0.0053 220 304 266 356
phone 0.0053 113 194 130 228
phone 0.0053 0 214 2 262
phone 0.0053 142 69 171 129
phone 0.0053 94 0 156 64
phone 0.0053 64 101 94 159
phone 0.0053 111 75 171 123
phone 0.0053 18 69 48 129
phone 0.0053 32 315 64 376
phone 0.0053 0 180 3 295
phone 0.0053 173 0 232 30
phone 0.0053 156 362 188 399
phone 0.0053 140 363 172 399
phone 0.0052 3 14 63 62
phone 0.0052 265 0 266 30
phone 0.0052 186 362 219 399
phone 0.0052 265 116 266 175
phone 0.0052 250 0 266 30
phone 0.0052 187 0 248 64
phone 0.0052 111 368 170 399
phone 0.0052 203 14 263 62
phone 0.0052 171 362 203 399
phone 0.0052 244 177 266 199
phone 0.0052 172 14 232 62
phone 0.0052 234 69 264 129
phone 0.0052 113 286 130 320
phone 0.0052 218 116 248 174
phone 0.0052 157 0 186 37
phone 0.0052 34 91 94 139
phone 0.0052 265 306 266 354
phone 0.0052 142 0 171 37
phone 0.0052 248 0 266 64
phone 0.0051 234 353 266 399
phone 0.0051 34 54 63 113
phone 0.0051 91 229 121 255
phone 0.0051 34 0 63 37
phone 0.0051 19 100 48 159
phone 0.0051 263 134 266 249
phone 0.0051 263 103 266 218
phone 0.0051 126 0 156 37
phone 0.0051 48 57 110 172
phone 0.0051 33 26 95 141
phone 0.0051 48 116 79 175
phone 0.0051 173 0 202 37
phone 0.0051 188 330 217 391
phone 0.0051 111 0 140 37
phone 0.0051 49 0 79 37
phone 0.0051 219 0 248 37
phone 0.0051 96 0 125 37
phone 0.0051 80 0 109 37
phone 0.0051 65 0 94 37
phone 0.0051 263 273 266 387
phone 0.0051 265 152 266 200
phone 0.0051 96 60 155 108
phone 0.0051 249 367 266 399
phone 0.0051 17 42 80 156
phone 0.0051 234 0 263 37
phone 0.0051 0 227 3 341
phone 0.0051 235 151 266 202
phone 0.0051 90 278 107 313
phone 0.0051 203 0 233 37
phone 0.0051 79 101 110 159
phone 0.0051 201 362 234 399
phone 0.0051 94 101 126 159
phone 0.0051 203 331 233 391
phone 0.0050 126 54 156 113
phone 0.0050 203 367 264 399
phone 0.0050 203 101 233 159
phone 0.0050 191 205 221 232
phone 0.0050 213 133 230 166
phone 0.0050 188 0 217 37
phone 0.0050 129 175 160 201
phone 0.0050 83 221 113 247
