phone 0.9218 106 25 245 228
phone 0.1070 98 141 195 313
phone 0.0992 101 99 232 284
phone 0.0671 86 52 177 208
phone 0.0421 63 128 163 269
phone 0.0410 98 12 198 161
phone 0.0394 148 69 267 191
phone 0.0358 5 259 94 388
phone 0.0348 110 221 184 286
phone 0.0314 97 73 166 157
phone 0.0305 143 0 242 171
phone 0.0305 74 188 158 330
phone 0.0302 138 117 246 236
phone 0.0299 83 85 149 176
phone 0.0295 30 289 128 399
phone 0.0295 34 122 127 276
phone 0.0290 24 13 135 203
phone 0.0279 0 49 102 229
phone 0.0273 121 95 203 197
phone 0.0271 46 217 183 364
phone 0.0260 135 189 220 318
phone 0.0259 65 12 159 154
phone 0.0252 99 198 164 278
phone 0.0238 144 216 210 291
phone 0.0231 7 190 92 336
phone 0.0227 0 282 60 399
phone 0.0225 86 213 145 294
phone 0.0225 126 199 198 277
phone 0.0224 129 224 164 283
phone 0.0219 126 148 266 300
phone 0.0218 152 143 233 210
phone 0.0214 165 39 278 160
phone 0.0211 144 224 180 283
phone 0.0207 84 185 148 260
phone 0.0207 86 55 146 144
phone 0.0206 47 78 154 213
phone 0.0204 98 127 165 226
phone 0.0203 164 110 252 182
phone 0.0201 20 73 203 319
phone 0.0199 110 184 183 262
phone 0.0188 104 160 135 185
phone 0.0188 180 84 266 146
phone 0.0179 112 157 128 188
phone 0.0170 111 54 182 145
phone 0.0167 151 52 181 77
phone 0.0166 111 84 151 146
phone 0.0166 157 238 229 300
phone 0.0165 115 166 125 179
phone 0.0165 0 224 64 362
phone 0.0164 98 47 164 122
phone 0.0162 134 61 221 169
phone 0.0162 129 28 195 110
phone 0.0160 163 185 253 321
phone 0.0159 174 124 278 270
phone 0.0158 159 224 195 283
phone 0.0157 13 19 97 148
phone 0.0156 96 114 136 177
phone 0.0154 124 168 200 247
phone 0.0154 157 48 175 81
phone 0.0153 98 207 133 269
phone 0.0153 112 207 150 269
phone 0.0150 144 219 241 349
phone 0.0149 128 230 196 307
phone 0.0147 96 83 136 147
phone 0.0145 90 257 188 378
phone 0.0143 81 151 151 233
phone 0.0138 161 59 171 71
phone 0.0137 57 124 227 388
phone 0.0136 64 225 137 281
phone 0.0132 109 147 184 237
phone 0.0131 51 111 120 180
phone 0.0131 175 241 210 297
phone 0.0130 174 147 211 205
phone 0.0127 96 234 166 304
phone 0.0126 147 266 239 393
phone 0.0125 7 301 40 359
phone 0.0123 141 187 213 258
phone 0.0122 98 178 133 237
phone 0.0120 98 53 134 115
phone 0.0119 19 51 89 117
phone 0.0119 210 62 278 211
phone 0.0119 110 114 152 178
phone 0.0118 115 174 125 187
phone 0.0118 205 87 241 143
phone 0.0117 204 55 274 113
phone 0.0117 27 170 113 305
phone 0.0116 158 206 227 270
phone 0.0116 98 302 178 397
phone 0.0115 2 300 76 361
phone 0.0114 85 32 146 105
phone 0.0113 127 192 166 253
phone 0.0112 174 221 243 286
phone 0.0112 199 217 278 351
phone 0.0111 11 323 97 399
phone 0.0110 141 32 214 137
phone 0.0110 113 54 149 114
phone 0.0109 188 117 227 175
phone 0.0109 45 0 126 122
phone 0.0109 59 129 141 193
phone 0.0108 51 82 119 148
phone 0.0108 145 23 179 83
phone 0.0107 21 222 88 285
phone 0.0107 112 176 150 238
phone 0.0106 96 146 135 207
phone 0.0106 188 129 259 193
phone 0.0106 0 116 65 236
phone 0.0105 0 96 57 165
phone 0.0104 84 210 117 266
phone 0.0104 206 118 240 173
phone 0.0104 224 62 278 137
phone 0.0104 0 345 58 399
phone 0.0102 38 55 71 113
phone 0.0102 110 144 152 208
phone 0.0101 191 240 225 297
phone 0.0101 0 41 63 181
phone 0.0101 0 305 26 399
phone 0.0101 64 67 137 132
phone 0.0100 205 95 273 166
phone 0.0100 49 144 121 209
phone 0.0100 171 162 246 222
phone 0.0100 0 86 44 204
phone 0.0099 171 253 246 315
phone 0.0099 129 39 164 98
phone 0.0099 21 265 88 334
phone 0.0098 65 319 137 399
phone 0.0098 114 239 148 298
phone 0.0098 197 167 227 193
phone 0.0097 4 70 74 129
phone 0.0097 67 116 102 175
phone 0.0097 121 212 204 355
phone 0.0097 36 236 104 302
phone 0.0096 27 230 113 369
phone 0.0096 156 301 230 359
phone 0.0096 0 150 67 316
phone 0.0095 22 302 55 358
phone 0.0095 207 249 271 319
phone 0.0094 89 244 119 270
phone 0.0093 148 13 207 94
phone 0.0093 138 112 186 179
phone 0.0093 84 241 117 297
phone 0.0092 38 30 101 107
phone 0.0092 143 193 181 252
phone 0.0092 35 204 104 272
phone 0.0092 175 209 210 267
phone 0.0092 31 209 139 327
phone 0.0092 38 224 70 283
phone 0.0091 145 243 210 325
phone 0.0091 47 55 123 114
phone 0.0091 55 355 115 399
phone 0.0091 222 86 256 143
phone 0.0090 46 177 124 238
phone 0.0090 211 158 278 286
phone 0.0089 110 0 178 91
phone 0.0089 203 163 221 197
phone 0.0089 112 213 143 239
phone 0.0089 128 252 158 278
phone 0.0088 39 87 100 173
phone 0.0088 83 179 117 235
phone 0.0088 68 86 102 143
phone 0.0088 191 149 225 204
phone 0.0088 221 0 278 161
phone 0.0088 126 69 167 130
phone 0.0087 21 188 88 257
phone 0.0087 128 236 158 263
phone 0.0087 0 235 28 350
phone 0.0087 0 123 132 397
phone 0.0087 21 361 88 399
phone 0.0086 159 194 195 251
phone 0.0086 223 109 278 182
phone 0.0086 96 240 113 274
phone 0.0085 7 132 40 190
phone 0.0084 4 162 75 222
phone 0.0084 16 83 92 147
phone 0.0084 38 270 71 329
phone 0.0084 0 73 24 187
phone 0.0084 155 269 231 330
phone 0.0084 128 136 158 162
phone 0.0084 1 117 78 174
phone 0.0084 95 283 168 346
phone 0.0084 0 148 59 204
phone 0.0083 6 332 40 390
phone 0.0083 222 255 256 313
phone 0.0083 72 7 129 69
phone 0.0083 0 107 25 154
phone 0.0083 207 255 240 313
phone 0.0083 0 287 53 343
phone 0.0083 207 147 240 205
phone 0.0083 185 249 263 380
phone 0.0082 189 0 278 113
phone 0.0082 83 71 117 127
phone 0.0082 48 285 122 345
phone 0.0081 167 96 218 164
phone 0.0081 119 209 136 243
phone 0.0081 229 108 278 245
phone 0.0081 134 248 152 282
phone 0.0081 176 302 209 359
phone 0.0081 162 0 225 104
phone 0.0081 7 362 40 399
phone 0.0081 82 117 119 174
phone 0.0080 64 253 137 315
phone 0.0080 203 191 275 254
phone 0.0080 154 178 232 236
phone 0.0080 0 138 24 184
phone 0.0080 53 239 86 298
phone 0.0080 128 267 158 293
phone 0.0080 0 100 8 160
phone 0.0080 134 133 152 166
phone 0.0079 222 141 278 212
phone 0.0079 171 285 246 345
phone 0.0079 134 232 152 266
phone 0.0079 52 39 87 98
phone 0.0078 68 148 102 205
phone 0.0078 207 174 217 186
phone 0.0078 189 37 258 101
phone 0.0078 53 348 86 399
phone 0.0077 123 98 170 163
phone 0.0077 0 131 8 191
phone 0.0077 133 309 201 392
phone 0.0076 69 347 101 399
phone 0.0076 205 222 273 284
phone 0.0075 34 313 106 378
phone 0.0075 34 156 105 228
phone 0.0075 0 120 23 232
phone 0.0075 237 84 271 145
phone 0.0075 7 85 40 144
phone 0.0074 140 145 184 208
phone 0.0074 100 251 109 263
phone 0.0074 38 193 71 252
phone 0.0074 52 209 87 267
phone 0.0074 134 271 151 305
phone 0.0074 68 56 102 112
phone 0.0073 151 229 181 255
phone 0.0073 17 128 92 194
phone 0.0073 221 206 278 270
phone 0.0073 37 348 71 399
phone 0.0073 191 179 225 235
phone 0.0073 191 301 225 359
phone 0.0073 141 53 183 115
phone 0.0073 37 302 71 359
phone 0.0073 193 169 255 245
phone 0.0073 174 189 243 256
phone 0.0073 83 149 117 204
phone 0.0072 79 315 153 376
phone 0.0072 68 24 102 82
phone 0.0072 141 282 214 347
phone 0.0072 130 8 163 67
phone 0.0072 165 48 182 82
phone 0.0072 204 157 274 227
phone 0.0072 115 317 148 374
phone 0.0071 84 346 117 399
phone 0.0071 37 87 71 143
phone 0.0071 0 205 22 317
phone 0.0070 209 280 270 349
phone 0.0070 191 204 256 272
phone 0.0070 123 220 132 233
phone 0.0070 62 300 139 361
phone 0.0070 138 259 148 271
phone 0.0070 85 0 117 51
phone 0.0070 238 132 278 190
phone 0.0070 239 176 278 238
phone 0.0070 166 259 196 286
phone 0.0070 0 60 40 108
phone 0.0069 138 143 148 156
phone 0.0069 68 179 102 235
phone 0.0069 0 26 40 141
phone 0.0069 223 39 255 97
phone 0.0069 222 131 256 191
phone 0.0069 114 286 148 343
phone 0.0069 8 0 71 95
phone 0.0069 0 151 39 262
phone 0.0068 191 209 225 267
phone 0.0068 55 0 116 47
phone 0.0068 22 132 56 189
phone 0.0068 159 254 195 314
phone 0.0068 153 129 201 194
phone 0.0068 115 8 148 67
phone 0.0068 110 267 183 332
phone 0.0068 0 184 38 230
phone 0.0068 138 243 148 256
phone 0.0068 222 194 256 251
phone 0.0068 0 365 23 399
phone 0.0068 175 271 210 327
phone 0.0067 68 286 102 343
phone 0.0067 157 225 175 259
phone 0.0067 52 100 87 160
phone 0.0067 207 24 240 82
phone 0.0067 52 69 87 129
phone 0.0067 174 282 204 309
phone 0.0067 207 285 240 344
phone 0.0067 225 235 278 302
phone 0.0067 126 161 167 222
phone 0.0066 39 0 101 80
phone 0.0066 71 0 130 31
phone 0.0066 68 210 102 266
phone 0.0066 52 178 87 236
phone 0.0066 22 333 56 389
phone 0.0066 0 245 55 292
phone 0.0066 237 162 271 221
phone 0.0066 0 215 55 261
phone 0.0066 83 271 117 327
phone 0.0066 0 362 9 399
phone 0.0065 24 25 85 81
phone 0.0065 207 182 217 194
phone 0.0065 0 45 55 92
phone 0.0065 123 129 170 193
phone 0.0065 37 118 71 173
phone 0.0065 23 177 55 237
phone 0.0065 22 86 55 143
phone 0.0065 20 321 50 347
phone 0.0065 54 0 85 51
phone 0.0065 253 102 278 158
phone 0.0064 138 282 148 294
phone 0.0064 173 255 190 290
phone 0.0064 161 66 171 79
phone 0.0064 100 259 109 271
phone 0.0064 138 82 186 148
phone 0.0064 8 208 39 267
phone 0.0064 205 144 235 170
phone 0.0064 158 59 189 86
phone 0.0064 0 76 24 123
phone 0.0064 83 40 117 97
phone 0.0064 176 179 209 235
phone 0.0064 138 274 148 286
phone 0.0063 53 317 86 374
phone 0.0063 206 177 240 237
phone 0.0063 8 239 39 298
phone 0.0063 52 270 87 328
phone 0.0063 237 194 271 251
phone 0.0063 0 30 39 77
phone 0.0063 157 162 197 221
phone 0.0063 103 156 121 189
phone 0.0063 23 223 55 283
phone 0.0062 270 367 278 399
phone 0.0062 269 332 278 399
phone 0.0062 99 332 132 390
phone 0.0062 0 45 23 93
phone 0.0062 165 256 182 289
phone 0.0062 8 39 39 97
phone 0.0062 180 279 198 313
phone 0.0062 169 59 178 71
phone 0.0062 98 24 133 82
phone 0.0062 144 255 179 313
phone 0.0062 179 12 237 65
phone 0.0062 196 320 252 371
phone 0.0062 225 265 278 333
phone 0.0062 112 152 143 178
phone 0.0062 138 251 148 263
phone 0.0062 133 12 192 64
phone 0.0062 23 0 86 46
phone 0.0061 87 361 145 399
phone 0.0061 191 271 225 327
phone 0.0061 101 0 131 37
phone 0.0061 222 163 256 221
phone 0.0061 68 317 102 374
phone 0.0061 0 70 8 129
phone 0.0061 38 8 70 67
phone 0.0061 8 161 39 222
phone 0.0061 83 317 117 374
phone 0.0061 207 208 240 267
phone 0.0061 0 291 25 339
phone 0.0060 210 27 268 79
phone 0.0060 176 8 210 67
phone 0.0060 256 290 278 339
phone 0.0060 23 8 55 67
phone 0.0060 237 255 271 313
phone 0.0060 225 337 278 385
phone 0.0060 0 168 23 215
phone 0.0060 0 0 24 110
phone 0.0060 138 266 148 279
phone 0.0060 149 48 167 82
phone 0.0060 253 163 278 220
phone 0.0060 207 166 217 179
phone 0.0059 0 276 39 323
phone 0.0059 59 367 89 394
phone 0.0059 0 315 8 375
phone 0.0059 143 59 173 86
phone 0.0059 37 148 71 205
phone 0.0059 130 302 163 358
phone 0.0059 102 0 161 31
phone 0.0059 0 39 8 98
phone 0.0059 0 245 23 293
phone 0.0059 105 244 135 270
phone 0.0059 128 105 158 132
phone 0.0059 271 30 278 77
phone 0.0059 253 256 278 373
phone 0.0059 26 317 44 351
phone 0.0059 89 205 119 232
phone 0.0059 186 69 230 130
phone 0.0059 85 260 147 339
phone 0.0059 197 182 227 209
phone 0.0059 71 0 100 37
phone 0.0058 269 0 278 110
phone 0.0058 50 0 278 166
phone 0.0058 0 162 8 221
phone 0.0058 145 286 179 343
phone 0.0058 160 8 195 67
phone 0.0058 240 29 278 77
phone 0.0058 238 39 271 97
phone 0.0058 161 236 171 248
phone 0.0058 254 332 278 399
phone 0.0058 239 331 270 390
phone 0.0058 119 148 136 181
phone 0.0058 160 286 194 343
phone 0.0058 0 285 8 344
phone 0.0058 211 140 229 174
phone 0.0057 271 60 278 108
phone 0.0057 129 255 164 313
phone 0.0057 40 0 100 31
phone 0.0057 8 259 70 309
phone 0.0057 0 245 8 293
phone 0.0057 239 367 278 399
phone 0.0057 251 127 278 257
phone 0.0057 270 285 278 344
phone 0.0057 23 39 55 98
phone 0.0057 235 75 266 101
phone 0.0057 51 351 81 378
phone 0.0057 105 267 135 293
phone 0.0056 0 211 9 326
phone 0.0056 174 167 204 194
phone 0.0056 208 303 270 399
phone 0.0056 117 0 147 37
phone 0.0056 23 254 55 314
phone 0.0056 0 230 38 277
phone 0.0056 254 193 278 251
phone 0.0056 209 315 239 376
phone 0.0056 0 214 8 262
phone 0.0056 0 214 23 262
phone 0.0056 0 14 54 62
phone 0.0056 161 316 193 375
phone 0.0056 224 331 254 390
phone 0.0055 253 0 278 95
phone 0.0055 194 353 253 399
phone 0.0055 235 235 278 364
phone 0.0055 226 306 278 354
phone 0.0055 89 90 120 117
phone 0.0055 197 152 227 178
phone 0.0055 177 266 186 279
phone 0.0055 0 165 9 279
phone 0.0055 65 363 82 397
phone 0.0055 225 14 278 62
phone 0.0055 203 179 221 212
phone 0.0054 224 300 254 360
phone 0.0054 96 202 113 236
phone 0.0054 89 113 120 140
phone 0.0054 107 166 117 179
phone 0.0054 146 362 178 399
phone 0.0054 111 240 129 274
phone 0.0054 0 215 0 373
phone 0.0054 272 168 278 216
phone 0.0054 103 350 160 399
phone 0.0054 253 79 278 211
phone 0.0054 0 0 8 64
phone 0.0054 0 0 7 30
phone 0.0054 209 346 239 399
phone 0.0054 134 102 152 136
phone 0.0054 240 322 278 369
phone 0.0054 182 275 212 301
phone 0.0054 256 14 278 62
phone 0.0053 119 334 175 388
phone 0.0053 267 133 278 250
phone 0.0053 169 266 178 279
phone 0.0053 270 178 278 236
phone 0.0053 238 288 278 399
phone 0.0053 89 144 119 171
phone 0.0053 184 289 194 302
phone 0.0053 52 132 87 190
phone 0.0053 271 0 278 30
phone 0.0053 111 263 129 297
phone 0.0053 118 365 175 399
phone 0.0053 272 137 278 185
phone 0.0053 271 229 278 277
phone 0.0053 8 8 40 67
phone 0.0053 256 0 278 30
phone 0.0053 242 71 259 105
phone 0.0052 212 129 243 155
phone 0.0052 151 259 181 286
phone 0.0052 135 90 166 116
phone 0.0052 0 322 20 346
phone 0.0052 269 258 278 371
phone 0.0052 176 332 241 399
phone 0.0052 257 117 278 173
phone 0.0052 99 302 133 359
phone 0.0052 240 300 270 360
phone 0.0052 174 59 204 86
phone 0.0052 180 163 198 197
phone 0.0052 123 158 132 171
phone 0.0052 162 363 194 399
phone 0.0052 268 196 278 310
phone 0.0052 267 41 278 157
phone 0.0052 225 0 278 30
phone 0.0052 209 367 270 399
phone 0.0052 240 0 278 46
phone 0.0051 57 348 75 382
phone 0.0051 98 270 133 329
phone 0.0051 223 9 255 66
phone 0.0051 169 66 178 79
phone 0.0051 271 199 278 247
phone 0.0051 154 59 163 71
phone 0.0051 89 267 120 293
phone 0.0051 270 316 278 374
phone 0.0051 103 263 121 297
phone 0.0051 0 14 23 62
phone 0.0051 96 86 113 120
phone 0.0051 40 0 69 37
phone 0.0051 0 0 39 46
phone 0.0051 96 109 113 143
phone 0.0051 270 116 278 174
phone 0.0051 190 24 226 82
phone 0.0050 30 328 40 340
phone 0.0050 112 136 142 163
phone 0.0050 9 0 69 31
phone 0.0050 267 86 278 205
phone 0.0050 270 147 278 205
phone 0.0050 228 83 258 109
