phone 0.9296 40 62 361 253
phone 0.1226 124 117 333 246
phone 0.0628 198 155 326 270
phone 0.0515 60 56 236 215
phone 0.0359 169 28 344 251
phone 0.0271 62 37 167 175
phone 0.0265 241 183 326 245
phone 0.0238 271 134 372 249
phone 0.0235 71 105 217 258
phone 0.0229 203 70 303 235
phone 0.0194 77 0 323 218
phone 0.0189 131 98 251 237
phone 0.0185 235 5 355 194
phone 0.0176 172 46 272 197
phone 0.0173 229 100 344 234
phone 0.0161 266 185 302 242
phone 0.0159 169 135 276 261
phone 0.0159 75 70 154 143
phone 0.0158 36 65 126 189
phone 0.0152 243 64 325 209
phone 0.0141 226 161 311 237
phone 0.0140 92 19 199 193
phone 0.0139 63 88 163 222
phone 0.0139 104 113 187 192
phone 0.0136 256 166 342 232
phone 0.0136 276 54 374 205
phone 0.0132 10 47 89 148
phone 0.0130 194 145 281 222
phone 0.0126 89 96 171 178
phone 0.0124 144 23 239 189
phone 0.0123 271 164 359 294
phone 0.0119 35 4 126 135
phone 0.0117 91 135 170 201
phone 0.0117 251 186 286 242
phone 0.0117 111 153 211 274
phone 0.0117 122 149 199 217
phone 0.0115 71 153 159 274
phone 0.0115 40 121 129 244
phone 0.0113 170 96 399 282
phone 0.0113 74 0 152 132
phone 0.0112 219 198 318 320
phone 0.0109 76 120 154 185
phone 0.0107 144 183 240 306
phone 0.0106 181 165 264 232
phone 0.0104 219 92 287 182
phone 0.0104 203 83 272 160
phone 0.0103 19 95 89 209
phone 0.0102 35 71 102 141
phone 0.0099 262 196 337 262
phone 0.0098 0 290 40 320
phone 0.0098 0 0 39 27
phone 0.0098 138 165 215 232
phone 0.0098 282 186 317 241
phone 0.0097 217 0 316 142
phone 0.0096 225 78 282 135
phone 0.0096 270 111 329 163
phone 0.0096 239 89 298 154
phone 0.0096 148 129 235 207
phone 0.0095 276 183 354 245
phone 0.0095 175 199 271 320
phone 0.0095 211 182 295 246
phone 0.0095 96 78 133 135
phone 0.0094 62 87 137 156
phone 0.0093 95 201 166 257
phone 0.0092 268 92 300 150
phone 0.0092 126 2 196 148
phone 0.0092 79 185 151 243
phone 0.0092 125 215 197 274
phone 0.0091 48 153 121 213
phone 0.0091 226 200 312 258
phone 0.0091 286 126 344 179
phone 0.0090 192 24 254 157
phone 0.0090 35 118 102 186
phone 0.0090 232 108 305 198
phone 0.0089 52 51 116 131
phone 0.0089 109 183 183 305
phone 0.0089 317 101 393 224
phone 0.0089 122 183 200 245
phone 0.0088 107 167 185 230
phone 0.0087 63 169 136 228
phone 0.0087 274 152 355 215
phone 0.0087 113 140 147 196
phone 0.0086 52 77 85 135
phone 0.0086 282 212 348 277
phone 0.0085 156 231 228 289
phone 0.0085 248 230 321 290
phone 0.0085 138 198 215 260
phone 0.0085 166 146 248 221
phone 0.0085 144 155 178 211
phone 0.0084 298 166 363 231
phone 0.0083 194 62 251 120
phone 0.0083 76 152 154 214
phone 0.0082 98 124 131 180
phone 0.0082 153 182 231 246
phone 0.0082 298 200 332 258
phone 0.0082 0 5 50 131
phone 0.0081 281 158 311 185
phone 0.0081 128 155 162 211
phone 0.0079 114 200 146 258
phone 0.0079 169 77 245 166
phone 0.0078 92 104 311 320
phone 0.0078 216 229 291 290
phone 0.0078 314 154 347 212
phone 0.0078 362 0 399 25
phone 0.0077 21 142 86 193
phone 0.0077 148 45 205 106
phone 0.0076 162 55 222 127
phone 0.0076 53 153 84 212
phone 0.0076 52 123 85 181
phone 0.0076 237 248 301 302
phone 0.0076 38 122 69 182
phone 0.0076 67 154 100 212
phone 0.0075 186 229 260 291
phone 0.0075 169 214 246 275
phone 0.0075 82 78 116 134
phone 0.0075 287 155 304 188
phone 0.0075 200 196 276 262
phone 0.0075 59 138 140 198
phone 0.0074 301 141 359 195
phone 0.0074 159 170 193 226
phone 0.0074 28 37 198 278
phone 0.0074 66 61 102 120
phone 0.0074 319 164 388 278
phone 0.0073 205 170 240 226
phone 0.0073 83 169 116 227
phone 0.0072 267 231 301 288
phone 0.0072 45 106 123 168
phone 0.0072 206 246 270 304
phone 0.0072 8 80 69 193
phone 0.0071 176 248 239 302
phone 0.0071 129 200 162 258
phone 0.0071 160 230 192 289
phone 0.0071 126 123 165 182
phone 0.0071 144 185 178 242
phone 0.0071 313 185 347 242
phone 0.0071 53 35 115 85
phone 0.0071 6 114 70 160
phone 0.0070 219 170 256 227
phone 0.0070 281 123 317 181
phone 0.0070 100 199 130 260
phone 0.0070 98 0 183 119
phone 0.0070 219 92 256 151
phone 0.0069 300 196 361 262
phone 0.0069 283 230 316 289
phone 0.0069 159 201 193 257
phone 0.0069 252 232 285 288
phone 0.0069 236 186 270 241
phone 0.0069 37 91 69 151
phone 0.0068 271 250 328 301
phone 0.0068 23 107 53 167
phone 0.0068 69 30 100 89
phone 0.0067 113 170 147 227
phone 0.0067 300 107 330 166
phone 0.0067 285 92 315 150
phone 0.0067 175 216 208 273
phone 0.0066 115 39 176 112
phone 0.0066 38 152 69 213
phone 0.0066 146 229 176 290
phone 0.0066 219 120 249 146
phone 0.0066 254 82 314 130
phone 0.0066 98 155 131 211
phone 0.0065 204 77 240 135
phone 0.0065 264 128 335 208
phone 0.0065 238 61 269 119
phone 0.0065 250 108 287 166
phone 0.0065 23 143 84 253
phone 0.0065 291 165 301 178
phone 0.0065 190 171 224 226
phone 0.0064 297 156 332 210
phone 0.0064 267 213 332 320
phone 0.0064 83 30 116 89
phone 0.0064 110 107 150 167
phone 0.0064 175 186 208 242
phone 0.0064 38 158 99 269
phone 0.0063 23 175 84 221
phone 0.0063 192 245 223 305
phone 0.0063 341 61 399 199
phone 0.0063 236 231 270 288
phone 0.0063 177 50 237 100
phone 0.0063 330 293 393 320
phone 0.0063 332 159 390 207
phone 0.0063 315 123 346 181
phone 0.0062 206 231 239 288
phone 0.0062 39 191 99 237
phone 0.0062 23 138 53 197
phone 0.0062 69 20 130 69
phone 0.0062 177 245 207 306
phone 0.0062 54 173 115 284
phone 0.0062 102 30 159 90
phone 0.0062 131 35 191 85
phone 0.0062 221 231 254 288
phone 0.0062 22 51 85 99
phone 0.0062 54 184 84 244
phone 0.0062 299 233 362 320
phone 0.0062 190 216 224 273
phone 0.0061 67 93 101 150
phone 0.0061 225 116 243 150
phone 0.0061 233 107 273 167
phone 0.0061 82 109 116 165
phone 0.0061 346 153 377 212
phone 0.0060 208 46 238 104
phone 0.0060 54 206 114 252
phone 0.0060 331 236 391 283
phone 0.0060 54 30 84 89
phone 0.0060 114 293 178 320
phone 0.0060 331 138 361 197
phone 0.0060 69 199 99 259
phone 0.0060 7 0 70 56
phone 0.0060 192 46 223 104
phone 0.0060 6 82 70 130
phone 0.0060 145 293 209 320
phone 0.0060 22 292 85 320
phone 0.0060 84 292 147 320
phone 0.0059 329 203 393 316
phone 0.0059 285 283 345 320
phone 0.0059 145 31 177 88
phone 0.0059 237 293 301 320
phone 0.0059 223 0 283 38
phone 0.0059 67 124 101 180
phone 0.0059 53 292 116 320
phone 0.0059 176 293 239 320
phone 0.0059 207 293 270 320
phone 0.0059 8 160 69 206
phone 0.0059 7 127 69 238
phone 0.0059 314 264 377 320
phone 0.0059 238 0 300 71
phone 0.0059 295 154 312 188
phone 0.0059 221 201 255 257
phone 0.0059 268 293 332 320
phone 0.0059 346 230 376 289
phone 0.0058 316 36 376 84
phone 0.0058 131 5 191 53
phone 0.0058 0 99 48 223
phone 0.0058 116 0 176 38
phone 0.0058 300 245 330 305
phone 0.0058 130 264 193 320
phone 0.0058 188 96 218 123
phone 0.0058 300 298 361 320
phone 0.0058 254 5 314 53
phone 0.0058 101 5 160 53
phone 0.0058 39 46 68 104
phone 0.0058 70 37 129 114
phone 0.0058 207 0 269 70
phone 0.0058 69 189 130 299
phone 0.0058 363 34 399 146
phone 0.0058 82 140 116 196
phone 0.0058 315 2 377 117
phone 0.0058 173 155 210 211
phone 0.0058 315 261 346 320
phone 0.0058 242 135 272 162
phone 0.0058 331 51 391 99
phone 0.0058 361 66 399 115
phone 0.0058 37 0 101 55
phone 0.0058 160 0 224 55
phone 0.0058 270 21 330 68
phone 0.0058 193 0 253 38
phone 0.0058 147 0 207 38
phone 0.0058 100 15 130 73
phone 0.0058 161 31 192 88
phone 0.0057 361 35 399 84
phone 0.0057 39 236 99 284
phone 0.0057 85 0 145 38
phone 0.0057 315 313 376 320
phone 0.0057 285 36 345 84
phone 0.0057 347 206 399 253
phone 0.0057 300 21 360 69
phone 0.0057 330 18 393 132
phone 0.0057 0 0 40 73
phone 0.0057 54 0 114 38
phone 0.0057 300 0 361 24
phone 0.0057 115 313 176 320
phone 0.0057 223 36 283 84
phone 0.0057 145 0 208 86
phone 0.0057 24 221 83 268
phone 0.0057 346 291 376 320
phone 0.0057 300 276 330 320
phone 0.0057 362 127 399 238
phone 0.0057 24 0 83 38
phone 0.0057 254 51 314 99
phone 0.0057 70 222 129 267
phone 0.0057 193 21 253 68
phone 0.0057 162 36 222 84
phone 0.0057 85 215 115 274
phone 0.0057 361 158 399 208
phone 0.0057 101 237 160 283
phone 0.0057 331 292 361 320
phone 0.0057 270 0 330 38
phone 0.0057 284 2 346 117
phone 0.0057 7 0 69 24
phone 0.0057 285 313 345 320
phone 0.0057 300 51 360 99
phone 0.0057 146 313 207 320
phone 0.0056 37 203 100 317
phone 0.0056 265 124 303 181
phone 0.0056 239 0 269 43
phone 0.0056 254 0 284 43
phone 0.0056 316 230 345 290
phone 0.0056 115 230 146 290
phone 0.0056 146 291 176 320
phone 0.0056 23 76 53 135
phone 0.0056 285 5 345 53
phone 0.0056 146 235 207 320
phone 0.0056 331 21 391 69
phone 0.0056 362 0 399 69
phone 0.0056 0 231 40 320
phone 0.0056 254 313 315 320
phone 0.0056 85 313 145 320
phone 0.0056 316 67 376 115
phone 0.0056 253 0 315 24
phone 0.0056 22 187 85 301
phone 0.0056 284 276 315 320
phone 0.0056 99 264 162 320
phone 0.0056 8 205 68 253
phone 0.0056 299 18 362 132
phone 0.0056 203 260 235 283
phone 0.0056 362 265 399 320
phone 0.0056 223 313 284 320
phone 0.0056 205 201 239 257
phone 0.0056 223 0 253 43
phone 0.0056 253 280 316 320
phone 0.0056 361 128 399 177
phone 0.0056 131 0 161 43
phone 0.0056 0 0 22 12
phone 0.0056 177 313 238 320
phone 0.0056 346 30 376 89
phone 0.0056 70 252 130 299
phone 0.0056 115 20 176 69
phone 0.0056 147 0 176 59
phone 0.0056 331 30 361 89
phone 0.0055 360 297 399 320
phone 0.0055 0 0 35 7
phone 0.0055 361 97 399 146
phone 0.0055 22 2 85 117
phone 0.0055 207 0 269 24
phone 0.0055 162 291 192 320
phone 0.0055 331 199 361 259
phone 0.0055 161 280 223 320
phone 0.0055 361 199 392 258
phone 0.0055 176 0 239 86
phone 0.0055 115 15 146 73
phone 0.0055 211 256 227 287
phone 0.0055 285 67 345 115
phone 0.0055 270 0 299 43
phone 0.0055 222 280 285 320
phone 0.0055 116 0 145 43
phone 0.0055 23 313 84 320
phone 0.0055 176 0 238 24
phone 0.0055 7 172 69 286
phone 0.0055 330 0 392 24
phone 0.0055 331 128 391 176
phone 0.0055 361 189 399 239
phone 0.0055 130 0 192 24
phone 0.0055 69 0 130 24
phone 0.0055 99 0 161 24
phone 0.0055 362 173 399 284
phone 0.0055 316 30 345 89
phone 0.0055 300 82 361 130
phone 0.0055 162 0 192 43
phone 0.0055 131 292 161 320
phone 0.0055 54 313 115 320
phone 0.0055 191 280 254 320
phone 0.0055 208 0 238 43
phone 0.0055 268 18 331 132
phone 0.0055 285 0 315 58
phone 0.0055 84 233 147 320
phone 0.0055 300 15 330 74
phone 0.0055 54 230 84 289
phone 0.0055 331 307 361 320
phone 0.0055 8 236 68 284
phone 0.0055 177 0 207 43
phone 0.0055 38 0 100 24
phone 0.0055 316 98 376 145
phone 0.0055 68 280 131 320
phone 0.0055 331 230 361 289
phone 0.0055 38 264 100 320
phone 0.0055 54 0 84 43
phone 0.0055 100 0 130 43
phone 0.0055 85 0 115 58
phone 0.0054 193 0 222 43
phone 0.0054 318 214 351 237
phone 0.0054 316 5 376 53
phone 0.0054 0 46 40 166
phone 0.0054 39 214 69 274
phone 0.0054 315 307 346 320
phone 0.0054 69 0 99 43
phone 0.0054 0 313 36 320
phone 0.0054 24 0 53 43
phone 0.0054 361 220 399 269
phone 0.0054 116 252 176 298
phone 0.0054 131 246 161 305
phone 0.0054 270 15 299 74
phone 0.0054 146 307 176 320
phone 0.0054 39 0 68 43
phone 0.0054 7 280 69 320
phone 0.0054 300 307 330 320
phone 0.0054 208 14 238 74
phone 0.0054 239 30 268 89
phone 0.0054 315 49 377 163
phone 0.0054 162 307 192 320
phone 0.0054 270 45 299 105
phone 0.0054 285 307 315 320
phone 0.0054 214 265 223 278
phone 0.0054 331 82 391 130
phone 0.0054 116 307 145 320
phone 0.0054 269 307 300 320
phone 0.0054 0 0 22 43
phone 0.0054 177 31 207 89
phone 0.0054 254 307 284 320
phone 0.0054 257 256 273 287
phone 0.0054 24 21 83 69
phone 0.0054 285 30 315 89
phone 0.0054 239 67 299 115
phone 0.0054 177 307 207 320
phone 0.0054 249 260 281 283
phone 0.0054 326 210 342 241
phone 0.0054 23 251 84 299
phone 0.0053 238 307 269 320
phone 0.0053 254 15 284 74
phone 0.0053 23 199 53 258
phone 0.0053 347 61 376 120
phone 0.0053 100 292 130 320
phone 0.0053 377 60 399 121
phone 0.0053 195 93 212 127
phone 0.0053 347 175 399 222
phone 0.0053 8 36 68 84
phone 0.0053 331 61 361 120
phone 0.0053 198 103 278 202
phone 0.0053 109 77 151 136
phone 0.0053 223 30 253 89
phone 0.0053 192 307 223 320
phone 0.0053 223 307 253 320
phone 0.0053 85 245 115 305
phone 0.0053 131 15 161 73
phone 0.0053 116 276 146 320
phone 0.0053 377 29 399 90
phone 0.0053 208 307 238 320
phone 0.0053 254 45 284 104
phone 0.0053 318 219 374 270
phone 0.0053 300 45 330 105
phone 0.0053 177 291 207 320
phone 0.0053 85 292 115 320
phone 0.0053 346 122 376 181
phone 0.0053 193 15 222 74
phone 0.0053 107 56 184 157
phone 0.0053 208 51 268 99
phone 0.0053 345 188 354 201
phone 0.0053 248 131 266 166
phone 0.0053 301 113 360 161
phone 0.0053 69 245 99 305
phone 0.0053 195 248 211 280
phone 0.0053 0 307 22 320
phone 0.0052 285 61 315 120
phone 0.0052 70 292 99 320
phone 0.0052 39 307 69 320
phone 0.0052 23 168 53 228
phone 0.0052 260 265 270 278
phone 0.0052 188 252 219 276
phone 0.0052 54 292 84 320
phone 0.0052 329 219 339 232
phone 0.0052 0 276 22 320
phone 0.0052 316 0 345 58
phone 0.0052 316 61 345 120
phone 0.0052 54 307 84 320
phone 0.0052 300 0 330 43
phone 0.0052 376 152 399 213
phone 0.0052 38 184 69 244
phone 0.0052 70 307 99 320
phone 0.0052 53 233 116 320
phone 0.0052 346 0 376 58
phone 0.0052 23 307 53 320
phone 0.0052 333 183 366 206
phone 0.0052 284 49 346 163
phone 0.0052 331 91 361 151
phone 0.0052 23 230 53 289
phone 0.0052 229 127 239 139
phone 0.0052 342 180 357 209
phone 0.0052 376 0 399 44
phone 0.0052 0 66 36 115
phone 0.0052 331 0 361 58
phone 0.0052 269 276 300 320
phone 0.0052 361 168 392 228
phone 0.0051 0 169 41 289
phone 0.0051 346 199 376 258
phone 0.0051 346 5 399 53
phone 0.0051 8 0 38 43
phone 0.0051 376 122 399 182
phone 0.0051 24 45 53 104
phone 0.0051 346 91 376 151
phone 0.0051 376 291 399 320
phone 0.0051 157 61 195 120
phone 0.0051 377 91 399 151
phone 0.0051 0 245 23 305
phone 0.0051 223 276 253 320
phone 0.0051 156 139 196 196
phone 0.0051 39 14 68 74
phone 0.0051 0 36 36 84
phone 0.0051 0 267 53 314
phone 0.0051 100 230 130 289
phone 0.0051 140 123 181 181
phone 0.0051 316 92 346 151
phone 0.0051 361 230 392 289
phone 0.0051 39 245 69 304
phone 0.0051 0 52 53 99
phone 0.0051 173 89 203 116
phone 0.0051 346 144 399 191
phone 0.0051 196 104 226 131
phone 0.0051 39 276 69 320
phone 0.0051 0 97 36 146
phone 0.0051 146 0 177 28
phone 0.0051 285 98 345 145
phone 0.0050 376 183 399 244
phone 0.0050 0 14 22 74
phone 0.0050 362 45 392 105
phone 0.0050 84 0 115 28
phone 0.0050 299 165 308 178
phone 0.0050 24 14 53 74
phone 0.0050 0 220 36 269
phone 0.0050 300 76 330 135
phone 0.0050 23 276 53 320
