phone 0.8545 160 26 264 226
phone 0.0884 114 50 246 215
phone 0.0502 194 50 305 217
phone 0.0476 62 88 210 237
phone 0.0424 59 121 162 261
phone 0.0412 57 53 292 264
phone 0.0306 169 77 246 174
phone 0.0306 81 23 195 192
phone 0.0274 31 92 128 233
phone 0.0267 124 9 227 154
phone 0.0267 181 44 264 146
phone 0.0249 240 123 345 258
phone 0.0242 112 136 235 240
phone 0.0231 171 118 274 255
phone 0.0226 210 88 375 233
phone 0.0211 197 13 308 144
phone 0.0204 20 12 141 197
phone 0.0194 242 17 399 191
phone 0.0187 171 0 244 156
phone 0.0179 172 130 243 213
phone 0.0178 150 0 361 217
phone 0.0153 60 0 161 158
phone 0.0151 111 86 180 165
phone 0.0147 209 73 297 148
phone 0.0144 92 151 168 223
phone 0.0139 114 58 177 132
phone 0.0137 162 108 222 205
phone 0.0134 183 151 262 223
phone 0.0134 197 130 316 244
phone 0.0130 17 151 138 266
phone 0.0125 107 136 184 207
phone 0.0124 48 44 121 175
phone 0.0123 159 167 248 266
phone 0.0123 228 95 309 156
phone 0.0122 271 2 377 142
phone 0.0120 212 46 294 113
phone 0.0118 184 92 230 159
phone 0.0118 83 186 177 266
phone 0.0117 243 58 326 192
phone 0.0115 206 170 301 266
phone 0.0115 231 64 306 126
phone 0.0112 78 136 152 207
phone 0.0110 206 0 271 125
phone 0.0110 93 102 167 180
phone 0.0108 161 62 223 158
phone 0.0108 66 57 133 132
phone 0.0106 186 124 228 188
phone 0.0106 145 30 208 97
phone 0.0104 79 168 151 237
phone 0.0104 210 142 296 201
phone 0.0104 116 169 206 266
phone 0.0102 94 75 167 145
phone 0.0102 79 43 150 115
phone 0.0101 127 65 163 123
phone 0.0101 185 62 229 127
phone 0.0100 68 0 276 182
phone 0.0100 272 71 358 210
phone 0.0099 4 47 87 158
phone 0.0099 209 103 297 179
phone 0.0098 9 137 83 254
phone 0.0098 226 129 311 184
phone 0.0098 35 108 103 173
phone 0.0097 0 0 39 0
phone 0.0096 125 80 196 140
phone 0.0095 190 157 224 216
phone 0.0095 227 160 311 214
phone 0.0094 139 94 214 156
phone 0.0094 0 263 41 266
phone 0.0094 112 158 148 216
phone 0.0094 65 186 135 249
phone 0.0093 126 95 164 155
phone 0.0092 80 219 151 266
phone 0.0092 268 167 331 237
phone 0.0091 251 98 286 153
phone 0.0090 253 70 316 149
phone 0.0090 252 116 316 196
phone 0.0090 67 96 101 154
phone 0.0090 77 93 152 158
phone 0.0089 196 74 249 145
phone 0.0089 202 141 242 202
phone 0.0088 82 65 116 123
phone 0.0088 105 0 182 106
phone 0.0088 64 153 135 221
phone 0.0087 173 124 211 188
phone 0.0087 48 140 121 203
phone 0.0087 141 61 212 128
phone 0.0086 230 188 307 247
phone 0.0086 310 121 394 209
phone 0.0086 97 158 132 215
phone 0.0085 238 34 300 94
phone 0.0085 251 66 286 123
phone 0.0085 139 127 214 185
phone 0.0085 52 111 85 170
phone 0.0085 172 219 243 266
phone 0.0085 267 104 332 178
phone 0.0084 255 43 313 115
phone 0.0084 109 218 183 266
phone 0.0083 164 20 219 107
phone 0.0083 267 134 332 208
phone 0.0082 113 67 147 122
phone 0.0082 0 0 56 94
phone 0.0082 267 95 301 155
phone 0.0081 124 111 198 170
phone 0.0081 54 175 115 266
phone 0.0080 97 50 132 108
phone 0.0080 126 50 196 109
phone 0.0080 127 143 164 200
phone 0.0080 63 122 136 191
phone 0.0080 281 124 349 188
phone 0.0080 99 237 162 266
phone 0.0080 192 8 253 58
phone 0.0080 253 145 315 228
phone 0.0080 104 171 187 233
phone 0.0079 283 173 316 232
phone 0.0079 84 204 115 262
phone 0.0079 280 174 358 266
phone 0.0078 157 47 188 73
phone 0.0078 247 0 347 116
phone 0.0078 32 0 125 125
phone 0.0078 252 174 285 230
phone 0.0077 160 97 193 154
phone 0.0077 233 81 273 139
phone 0.0077 144 81 178 138
phone 0.0077 207 3 238 62
phone 0.0076 141 156 212 218
phone 0.0076 265 22 336 167
phone 0.0076 234 51 271 107
phone 0.0076 251 129 285 183
phone 0.0075 183 186 262 249
phone 0.0075 141 217 212 266
phone 0.0075 282 93 347 158
phone 0.0074 0 74 47 194
phone 0.0074 205 174 239 230
phone 0.0074 236 205 270 261
phone 0.0074 222 220 285 266
phone 0.0073 160 18 193 78
phone 0.0073 69 202 99 263
phone 0.0073 112 97 148 154
phone 0.0073 199 202 277 264
phone 0.0073 235 144 271 199
phone 0.0072 144 189 178 246
phone 0.0072 83 173 116 231
phone 0.0072 67 142 100 200
phone 0.0072 98 189 131 246
phone 0.0072 159 66 193 123
phone 0.0072 267 126 301 186
phone 0.0071 22 97 85 213
phone 0.0071 160 127 193 184
phone 0.0071 113 190 147 245
phone 0.0071 164 43 181 77
phone 0.0071 69 172 100 232
phone 0.0071 250 85 280 111
phone 0.0071 115 233 146 266
phone 0.0070 256 223 312 266
phone 0.0070 282 111 316 170
phone 0.0070 68 64 100 124
phone 0.0070 252 204 285 261
phone 0.0070 282 142 316 201
phone 0.0070 97 82 132 138
phone 0.0070 129 220 162 266
phone 0.0069 220 18 255 78
phone 0.0069 132 21 191 76
phone 0.0069 0 0 41 32
phone 0.0069 223 8 284 57
phone 0.0069 253 19 284 77
phone 0.0069 38 83 100 136
phone 0.0069 190 189 224 246
phone 0.0068 159 173 193 231
phone 0.0068 82 143 116 200
phone 0.0068 70 34 129 93
phone 0.0068 200 48 245 111
phone 0.0068 172 78 211 141
phone 0.0067 298 127 332 184
phone 0.0067 301 225 360 266
phone 0.0067 247 168 323 266
phone 0.0067 38 194 100 241
phone 0.0067 219 159 256 215
phone 0.0066 272 49 327 109
phone 0.0066 53 79 84 140
phone 0.0066 175 18 208 78
phone 0.0066 53 225 115 266
phone 0.0066 282 80 316 139
phone 0.0066 238 4 269 61
phone 0.0065 255 23 314 73
phone 0.0065 267 172 301 232
phone 0.0065 97 128 132 184
phone 0.0065 134 46 164 73
phone 0.0065 111 127 149 185
phone 0.0065 229 0 306 83
phone 0.0065 38 110 69 171
phone 0.0065 53 188 84 247
phone 0.0065 130 235 192 266
phone 0.0065 270 218 299 266
phone 0.0064 159 219 193 266
phone 0.0064 162 238 222 266
phone 0.0064 249 33 281 56
phone 0.0064 144 112 178 169
phone 0.0064 256 81 274 115
phone 0.0064 113 35 147 93
phone 0.0064 22 130 86 182
phone 0.0064 315 219 346 266
phone 0.0063 161 8 222 58
phone 0.0063 287 192 343 243
phone 0.0063 74 242 139 266
phone 0.0063 271 207 328 259
phone 0.0063 39 145 99 258
phone 0.0063 128 190 162 245
phone 0.0063 54 52 115 106
phone 0.0063 283 157 347 217
phone 0.0063 144 35 177 93
phone 0.0062 285 240 345 266
phone 0.0062 269 18 299 77
phone 0.0062 211 32 242 57
phone 0.0062 84 9 146 57
phone 0.0062 236 174 270 230
phone 0.0062 168 54 177 66
phone 0.0062 22 101 85 149
phone 0.0062 0 248 64 266
phone 0.0062 198 107 247 174
phone 0.0061 53 24 115 72
phone 0.0061 363 7 399 120
phone 0.0061 23 164 84 210
phone 0.0061 294 109 367 234
phone 0.0061 250 116 280 142
phone 0.0061 361 39 399 88
phone 0.0061 100 233 130 266
phone 0.0061 302 145 359 197
phone 0.0061 313 146 388 242
phone 0.0060 38 156 69 217
phone 0.0060 141 43 158 77
phone 0.0060 188 33 226 94
phone 0.0060 362 238 399 266
phone 0.0060 179 14 235 82
phone 0.0060 361 70 399 119
phone 0.0060 24 0 83 42
phone 0.0060 8 0 68 26
phone 0.0060 131 0 191 11
phone 0.0060 311 49 392 157
phone 0.0060 300 234 330 266
phone 0.0060 162 0 222 11
phone 0.0060 214 63 261 126
phone 0.0060 165 193 196 219
phone 0.0060 256 29 273 60
phone 0.0060 316 209 376 257
phone 0.0060 284 34 315 93
phone 0.0059 361 8 399 57
phone 0.0059 53 142 84 201
phone 0.0059 362 177 399 266
phone 0.0059 76 0 147 100
phone 0.0059 130 0 192 44
phone 0.0059 8 0 68 11
phone 0.0059 193 0 253 11
phone 0.0059 7 0 69 59
phone 0.0059 39 0 99 11
phone 0.0059 0 203 27 225
phone 0.0059 6 207 16 220
phone 0.0059 168 46 177 58
phone 0.0059 22 0 85 90
phone 0.0059 285 203 315 263
phone 0.0059 114 0 178 29
phone 0.0059 300 188 330 247
phone 0.0059 145 0 208 29
phone 0.0059 176 0 239 44
phone 0.0059 100 0 160 11
phone 0.0059 363 53 399 166
phone 0.0059 100 3 130 62
phone 0.0059 70 0 130 42
phone 0.0059 191 0 255 29
phone 0.0059 39 9 99 57
phone 0.0059 218 28 235 61
phone 0.0059 39 0 99 26
phone 0.0059 224 0 283 11
phone 0.0059 207 0 269 44
phone 0.0059 38 80 69 139
phone 0.0058 70 0 130 11
phone 0.0058 205 205 239 261
phone 0.0058 84 19 115 77
phone 0.0058 69 18 99 77
phone 0.0058 177 233 207 266
phone 0.0058 99 0 162 44
phone 0.0058 24 224 83 266
phone 0.0058 361 101 399 150
phone 0.0058 0 45 173 266
phone 0.0058 222 0 285 29
phone 0.0058 7 117 69 164
phone 0.0058 83 0 147 28
phone 0.0058 221 205 255 261
phone 0.0058 315 237 377 266
phone 0.0058 301 112 359 169
phone 0.0058 270 0 330 11
phone 0.0058 6 200 16 212
phone 0.0057 3 199 19 229
phone 0.0057 238 0 300 44
phone 0.0057 172 190 189 222
phone 0.0057 316 255 376 266
phone 0.0057 362 100 399 212
phone 0.0057 361 131 399 180
phone 0.0057 303 176 358 228
phone 0.0057 82 97 116 154
phone 0.0057 287 65 343 124
phone 0.0057 38 40 100 88
phone 0.0057 192 4 223 61
phone 0.0057 144 159 177 214
phone 0.0057 331 9 391 57
phone 0.0057 39 240 99 266
phone 0.0057 316 0 376 42
phone 0.0057 54 218 84 266
phone 0.0057 316 187 345 247
phone 0.0057 39 0 68 47
phone 0.0057 268 0 331 44
phone 0.0057 255 255 314 266
phone 0.0057 260 38 270 51
phone 0.0057 146 0 176 16
phone 0.0057 162 0 192 16
phone 0.0057 177 0 207 16
phone 0.0057 24 0 53 31
phone 0.0057 253 0 316 28
phone 0.0057 360 162 399 211
phone 0.0057 174 172 209 232
phone 0.0057 131 0 161 16
phone 0.0057 331 203 361 262
phone 0.0057 0 0 36 11
phone 0.0056 193 0 222 16
phone 0.0056 377 33 399 94
phone 0.0056 54 49 84 108
phone 0.0056 332 132 391 180
phone 0.0056 315 0 377 90
phone 0.0056 298 81 331 138
phone 0.0056 360 255 399 266
phone 0.0056 54 0 84 47
phone 0.0056 361 0 399 27
phone 0.0056 208 0 238 16
phone 0.0056 315 96 346 154
phone 0.0056 54 0 84 16
phone 0.0056 223 0 253 16
phone 0.0056 210 28 227 61
phone 0.0056 7 148 69 195
phone 0.0056 69 0 99 16
phone 0.0056 39 255 99 266
phone 0.0056 285 40 345 88
phone 0.0056 361 0 399 11
phone 0.0056 164 233 197 256
phone 0.0056 285 9 345 57
phone 0.0056 285 0 345 26
phone 0.0056 364 262 399 266
phone 0.0056 39 0 68 16
phone 0.0056 54 18 84 77
phone 0.0056 116 0 145 16
phone 0.0056 256 112 274 146
phone 0.0056 85 0 115 47
phone 0.0056 70 0 99 47
phone 0.0056 193 233 222 266
phone 0.0056 239 0 268 16
phone 0.0056 330 222 393 266
phone 0.0056 8 40 68 88
phone 0.0056 85 0 115 16
phone 0.0056 233 112 273 169
phone 0.0056 300 0 360 11
phone 0.0056 193 239 252 266
phone 0.0056 173 229 188 260
phone 0.0055 260 92 270 105
phone 0.0055 6 215 16 228
phone 0.0055 39 218 68 266
phone 0.0055 331 264 361 266
phone 0.0055 346 264 376 266
phone 0.0055 331 163 391 211
phone 0.0055 100 0 130 16
phone 0.0055 377 64 399 124
phone 0.0055 254 0 284 16
phone 0.0055 0 0 23 1
phone 0.0055 0 0 22 16
phone 0.0055 39 18 68 77
phone 0.0055 347 3 376 62
phone 0.0055 377 2 399 63
phone 0.0055 301 24 360 72
phone 0.0055 0 234 41 266
phone 0.0055 23 111 53 170
phone 0.0055 376 264 399 266
phone 0.0055 331 0 391 26
phone 0.0055 331 0 391 11
phone 0.0055 70 256 129 266
phone 0.0055 285 0 315 16
phone 0.0055 270 0 299 16
phone 0.0055 128 35 163 92
phone 0.0055 331 249 361 266
phone 0.0055 269 249 300 266
phone 0.0055 346 126 376 185
phone 0.0055 315 127 346 185
phone 0.0055 85 249 115 266
phone 0.0055 146 4 177 61
phone 0.0054 0 111 41 232
phone 0.0054 331 0 361 47
phone 0.0054 329 83 393 197
phone 0.0054 377 202 399 263
phone 0.0054 7 191 69 266
phone 0.0054 331 194 391 241
phone 0.0054 346 249 376 266
phone 0.0054 316 265 345 266
phone 0.0054 316 86 375 134
phone 0.0054 176 238 185 251
phone 0.0054 300 0 330 16
phone 0.0054 316 0 345 47
phone 0.0054 54 249 84 266
phone 0.0054 102 18 158 79
phone 0.0054 315 249 346 266
phone 0.0054 270 0 299 47
phone 0.0054 142 39 172 66
phone 0.0054 285 255 345 266
phone 0.0054 23 19 53 77
phone 0.0053 23 142 53 201
phone 0.0053 377 95 399 155
phone 0.0053 346 157 376 216
phone 0.0053 300 34 330 92
phone 0.0053 300 3 330 62
phone 0.0053 115 3 146 62
phone 0.0053 23 71 84 118
phone 0.0053 54 264 84 266
phone 0.0053 346 209 399 257
phone 0.0053 376 172 399 232
phone 0.0053 119 245 134 266
phone 0.0053 126 241 158 264
phone 0.0053 149 241 181 264
phone 0.0053 316 0 345 16
phone 0.0053 240 240 298 266
phone 0.0053 8 86 68 134
phone 0.0053 331 18 361 78
phone 0.0053 134 237 150 266
phone 0.0053 377 125 399 186
phone 0.0053 285 0 315 47
phone 0.0052 346 0 376 16
phone 0.0052 157 237 173 266
phone 0.0052 301 55 360 103
phone 0.0052 254 0 284 47
phone 0.0052 175 204 208 262
phone 0.0052 223 0 253 47
phone 0.0052 110 248 142 266
phone 0.0052 331 101 391 149
phone 0.0052 331 0 361 16
phone 0.0052 23 265 53 266
phone 0.0052 69 249 99 266
phone 0.0052 316 18 345 78
phone 0.0052 376 0 399 17
phone 0.0052 23 218 53 266
phone 0.0052 346 188 376 247
phone 0.0052 345 0 399 89
phone 0.0052 39 264 69 266
phone 0.0052 69 264 99 266
phone 0.0052 23 49 53 108
phone 0.0052 116 8 176 58
phone 0.0052 181 39 211 66
phone 0.0052 377 248 399 266
phone 0.0052 331 80 361 139
phone 0.0052 346 218 376 266
phone 0.0052 39 249 68 266
phone 0.0052 284 249 315 266
phone 0.0052 331 40 391 88
phone 0.0051 130 0 161 1
phone 0.0051 146 0 177 1
phone 0.0051 300 265 330 266
phone 0.0051 161 0 192 1
phone 0.0051 207 0 238 1
phone 0.0051 175 200 185 212
phone 0.0051 115 0 146 1
phone 0.0051 177 0 208 1
phone 0.0051 192 0 223 1
phone 0.0051 223 0 254 1
phone 0.0051 222 38 231 51
phone 0.0051 100 0 131 1
phone 0.0051 238 0 269 1
phone 0.0051 253 0 284 1
phone 0.0051 145 54 154 66
phone 0.0051 269 0 300 1
phone 0.0051 84 0 115 1
phone 0.0051 0 159 52 266
phone 0.0051 177 0 207 46
phone 0.0051 157 162 188 188
phone 0.0051 8 179 68 226
phone 0.0051 69 0 100 1
phone 0.0051 192 265 223 266
phone 0.0051 284 0 315 0
phone 0.0051 160 246 170 259
phone 0.0051 0 0 22 47
phone 0.0051 23 80 53 139
phone 0.0051 196 31 226 58
phone 0.0051 53 0 85 1
phone 0.0051 208 233 238 266
phone 0.0051 362 264 392 266
phone 0.0050 8 3 38 62
phone 0.0050 331 157 361 216
phone 0.0050 300 0 331 0
phone 0.0050 122 253 131 266
phone 0.0050 130 254 193 266
phone 0.0050 346 95 376 154
phone 0.0050 0 147 36 196
phone 0.0050 110 245 127 266
phone 0.0050 254 249 284 266
phone 0.0050 145 0 208 75
