phone 0.8530 45 106 252 289
phone 0.1089 67 93 186 259
phone 0.0450 159 209 253 309
phone 0.0353 136 150 239 295
phone 0.0322 59 183 237 317
phone 0.0296 169 161 299 302
phone 0.0247 83 113 169 211
phone 0.0229 43 96 145 199
phone 0.0227 101 132 212 282
phone 0.0223 130 230 237 336
phone 0.0213 77 148 176 296
phone 0.0208 0 101 78 235
phone 0.0201 95 65 299 276
phone 0.0191 45 134 146 250
phone 0.0181 87 200 196 337
phone 0.0173 150 179 226 266
phone 0.0162 178 222 294 358
phone 0.0158 170 238 206 299
phone 0.0155 89 36 164 224
phone 0.0154 184 95 299 249
phone 0.0149 67 181 155 325
phone 0.0147 24 64 106 227
phone 0.0147 115 83 229 238
phone 0.0144 130 225 215 282
phone 0.0143 38 145 122 208
phone 0.0141 132 166 213 249
phone 0.0140 213 210 299 310
phone 0.0138 183 237 223 300
phone 0.0134 88 165 165 249
phone 0.0130 20 208 110 328
phone 0.0130 166 249 251 381
phone 0.0129 11 121 105 272
phone 0.0128 155 90 251 262
phone 0.0123 22 126 223 386
phone 0.0121 69 246 175 398
phone 0.0121 89 230 163 307
phone 0.0118 78 180 145 265
phone 0.0117 27 159 133 286
phone 0.0117 193 268 279 370
phone 0.0116 7 42 236 244
phone 0.0115 164 165 243 250
phone 0.0115 178 201 259 275
phone 0.0111 77 163 113 220
phone 0.0110 182 250 255 319
phone 0.0110 102 214 181 293
phone 0.0109 103 236 210 362
phone 0.0106 202 68 287 208
phone 0.0106 117 55 197 205
phone 0.0105 103 251 181 317
phone 0.0105 0 177 77 298
phone 0.0104 103 183 180 262
phone 0.0103 155 226 189 281
phone 0.0102 48 224 144 343
phone 0.0101 16 122 83 200
phone 0.0101 28 241 102 296
phone 0.0101 165 39 267 176
phone 0.0100 117 201 197 275
phone 0.0100 127 284 219 399
phone 0.0099 0 32 76 186
phone 0.0098 23 162 106 221
phone 0.0097 0 148 58 266
phone 0.0096 63 165 97 219
phone 0.0095 73 251 149 317
phone 0.0095 38 179 123 236
phone 0.0095 89 197 164 279
phone 0.0094 217 206 282 270
phone 0.0094 89 266 163 333
phone 0.0092 129 136 216 217
phone 0.0092 48 149 81 204
phone 0.0091 13 224 86 283
phone 0.0091 114 239 200 299
phone 0.0091 92 177 130 237
phone 0.0091 168 208 208 268
phone 0.0090 109 256 143 312
phone 0.0090 134 253 212 315
phone 0.0089 183 207 224 269
phone 0.0089 157 67 220 193
phone 0.0089 44 256 117 311
phone 0.0089 116 305 184 397
phone 0.0088 59 48 133 212
phone 0.0088 159 103 217 157
phone 0.0088 90 302 163 358
phone 0.0087 191 239 277 299
phone 0.0087 194 190 274 255
phone 0.0087 0 48 5 162
phone 0.0086 0 84 34 195
phone 0.0086 32 102 98 189
phone 0.0086 75 287 148 343
phone 0.0086 113 85 170 145
phone 0.0086 0 78 4 196
phone 0.0085 94 240 128 297
phone 0.0085 17 147 51 205
phone 0.0084 48 240 81 297
phone 0.0084 201 256 236 312
phone 0.0082 59 272 132 327
phone 0.0082 26 209 104 267
phone 0.0081 127 28 240 190
phone 0.0081 62 200 130 276
phone 0.0081 102 128 151 194
phone 0.0080 136 316 210 375
phone 0.0080 165 300 242 360
phone 0.0080 32 132 67 190
phone 0.0080 58 236 134 302
phone 0.0080 0 106 2 231
phone 0.0080 105 283 179 347
phone 0.0079 156 101 189 159
phone 0.0079 64 253 128 375
phone 0.0078 119 300 195 360
phone 0.0078 181 283 257 347
phone 0.0078 213 174 286 240
phone 0.0077 124 256 159 312
phone 0.0077 41 223 120 284
phone 0.0076 0 162 52 221
phone 0.0076 109 318 175 372
phone 0.0076 117 270 198 329
phone 0.0076 143 90 203 140
phone 0.0076 33 224 66 282
phone 0.0076 96 300 126 360
phone 0.0075 217 301 251 359
phone 0.0075 153 193 192 252
phone 0.0075 200 225 237 282
phone 0.0075 14 189 85 256
phone 0.0075 96 82 157 178
phone 0.0075 166 177 209 238
phone 0.0075 64 255 96 313
phone 0.0074 0 195 54 250
phone 0.0074 175 114 231 177
phone 0.0074 110 301 142 359
phone 0.0074 155 256 189 312
phone 0.0073 233 224 266 282
phone 0.0072 78 194 113 251
phone 0.0072 20 101 79 160
phone 0.0072 186 271 220 328
phone 0.0072 34 89 96 141
phone 0.0072 88 144 133 208
phone 0.0072 89 307 150 395
phone 0.0071 138 225 175 281
phone 0.0071 18 209 50 267
phone 0.0071 106 177 146 237
phone 0.0071 50 4 130 150
phone 0.0070 49 85 81 143
phone 0.0070 0 181 34 293
phone 0.0070 4 117 65 174
phone 0.0070 0 133 34 249
phone 0.0069 186 84 252 207
phone 0.0069 94 270 127 328
phone 0.0069 0 215 34 261
phone 0.0069 205 135 263 188
phone 0.0069 80 270 112 329
phone 0.0069 232 194 266 251
phone 0.0069 3 91 65 139
phone 0.0068 221 149 278 204
phone 0.0068 66 307 126 353
phone 0.0068 141 316 173 375
phone 0.0068 219 252 280 316
phone 0.0068 197 157 271 227
phone 0.0068 216 271 251 327
phone 0.0068 0 153 35 200
phone 0.0068 80 75 142 124
phone 0.0067 80 41 143 157
phone 0.0067 0 208 19 268
phone 0.0067 92 208 129 268
phone 0.0067 187 317 220 374
phone 0.0067 125 301 158 359
phone 0.0067 34 85 65 144
phone 0.0067 81 300 111 360
phone 0.0066 97 338 156 384
phone 0.0066 153 263 223 336
phone 0.0066 156 317 189 374
phone 0.0066 203 116 235 174
phone 0.0066 0 161 19 221
phone 0.0066 216 211 251 265
phone 0.0066 216 242 251 296
phone 0.0066 82 322 141 369
phone 0.0066 205 319 264 372
phone 0.0066 135 283 211 347
phone 0.0065 112 331 142 391
phone 0.0065 171 317 204 374
phone 0.0065 236 321 294 370
phone 0.0065 0 106 50 154
phone 0.0065 124 96 190 165
phone 0.0065 27 4 96 155
phone 0.0065 19 85 49 144
phone 0.0065 78 225 112 282
phone 0.0065 96 70 126 128
phone 0.0065 63 195 97 250
phone 0.0065 48 210 81 266
phone 0.0065 0 136 50 186
phone 0.0064 233 286 297 399
phone 0.0064 111 70 142 128
phone 0.0064 188 101 219 159
phone 0.0064 202 302 235 358
phone 0.0064 50 337 110 385
phone 0.0064 19 75 80 123
phone 0.0064 281 367 299 399
phone 0.0063 280 332 299 399
phone 0.0063 0 76 49 123
phone 0.0063 0 122 18 169
phone 0.0063 0 183 34 231
phone 0.0063 117 144 166 209
phone 0.0063 189 29 249 77
phone 0.0063 35 322 95 369
phone 0.0063 96 368 157 399
phone 0.0063 97 45 156 93
phone 0.0063 296 367 299 399
phone 0.0062 188 0 250 110
phone 0.0062 122 194 161 251
phone 0.0062 250 337 299 385
phone 0.0062 204 45 264 93
phone 0.0062 143 60 203 108
phone 0.0062 149 9 222 150
phone 0.0062 187 332 251 399
phone 0.0062 46 116 83 175
phone 0.0062 295 332 299 399
phone 0.0062 0 213 50 323
phone 0.0062 95 11 158 125
phone 0.0062 4 60 64 108
phone 0.0062 122 224 161 282
phone 0.0062 34 289 97 399
phone 0.0062 63 225 97 281
phone 0.0062 174 60 233 108
phone 0.0062 234 127 297 256
phone 0.0062 35 45 95 93
phone 0.0062 107 224 145 282
phone 0.0062 218 284 281 345
phone 0.0061 81 29 141 77
phone 0.0061 66 45 126 93
phone 0.0061 235 106 295 154
phone 0.0061 0 60 33 108
phone 0.0061 250 315 280 375
phone 0.0061 0 246 49 292
phone 0.0061 0 91 18 139
phone 0.0061 0 27 50 141
phone 0.0061 158 29 218 77
phone 0.0061 19 30 80 77
phone 0.0061 96 331 126 391
phone 0.0061 189 75 249 123
phone 0.0061 19 244 80 354
phone 0.0061 220 75 279 123
phone 0.0061 51 292 110 338
phone 0.0061 250 122 299 170
phone 0.0061 66 331 96 390
phone 0.0061 4 367 65 399
phone 0.0061 110 40 174 158
phone 0.0061 127 29 187 77
phone 0.0061 111 362 142 399
phone 0.0061 140 287 174 343
phone 0.0061 50 60 110 108
phone 0.0061 0 332 20 399
phone 0.0061 112 60 172 108
phone 0.0061 204 91 264 139
phone 0.0061 0 367 19 399
phone 0.0061 234 73 296 187
phone 0.0061 47 179 82 235
phone 0.0061 141 0 205 95
phone 0.0060 0 57 19 172
phone 0.0060 50 30 110 77
phone 0.0060 19 307 80 354
phone 0.0060 126 27 188 141
phone 0.0060 266 316 295 375
phone 0.0060 0 116 3 175
phone 0.0060 50 92 110 169
phone 0.0060 219 26 281 141
phone 0.0060 0 332 51 399
phone 0.0060 18 0 81 110
phone 0.0060 219 320 281 399
phone 0.0060 4 239 34 298
phone 0.0060 266 0 299 30
phone 0.0060 32 194 66 251
phone 0.0060 204 23 234 83
phone 0.0060 50 316 80 375
phone 0.0060 20 277 80 322
phone 0.0060 110 0 174 95
phone 0.0060 237 162 293 221
phone 0.0060 35 269 65 329
phone 0.0060 266 183 299 231
phone 0.0060 65 285 95 345
phone 0.0060 0 45 18 93
phone 0.0059 0 14 8 135
phone 0.0059 112 39 142 98
phone 0.0059 251 275 299 324
phone 0.0059 250 0 299 64
phone 0.0059 50 275 111 385
phone 0.0059 19 337 80 385
phone 0.0059 32 163 66 220
phone 0.0059 139 257 174 311
phone 0.0059 96 39 126 98
phone 0.0059 220 39 249 98
phone 0.0059 189 23 219 83
phone 0.0059 233 271 266 327
phone 0.0059 19 363 50 399
phone 0.0059 19 54 49 113
phone 0.0059 263 149 299 265
phone 0.0059 0 363 4 399
phone 0.0059 158 54 188 113
phone 0.0059 96 362 127 399
phone 0.0059 0 11 19 126
phone 0.0059 235 60 295 108
phone 0.0059 35 54 65 113
phone 0.0059 4 261 65 307
phone 0.0059 127 70 157 128
phone 0.0059 3 362 35 399
phone 0.0059 0 45 49 92
phone 0.0059 50 39 80 98
phone 0.0059 250 91 299 139
phone 0.0059 251 306 299 354
phone 0.0058 266 137 299 185
phone 0.0058 249 103 299 218
phone 0.0058 127 75 188 123
phone 0.0058 220 29 280 77
phone 0.0058 127 39 157 98
phone 0.0058 247 241 299 357
phone 0.0058 81 23 111 82
phone 0.0058 168 132 238 221
phone 0.0058 158 76 218 123
phone 0.0058 19 254 49 314
phone 0.0058 0 146 3 206
phone 0.0058 173 23 203 83
phone 0.0058 66 39 95 98
phone 0.0058 17 178 51 236
phone 0.0058 0 85 3 144
phone 0.0058 250 100 280 159
phone 0.0058 143 23 172 82
phone 0.0058 143 54 172 113
phone 0.0058 35 23 65 82
phone 0.0058 81 331 111 391
phone 0.0058 235 54 265 113
phone 0.0058 182 177 224 237
phone 0.0058 189 54 218 113
phone 0.0058 266 214 299 262
phone 0.0058 173 54 203 113
phone 0.0058 204 54 234 113
phone 0.0058 35 300 65 360
phone 0.0058 281 0 299 37
phone 0.0058 173 85 203 143
phone 0.0058 158 23 188 83
phone 0.0058 34 363 65 399
phone 0.0058 138 194 176 251
phone 0.0058 4 322 65 369
phone 0.0057 66 353 126 399
phone 0.0057 126 362 158 399
phone 0.0057 3 273 66 386
phone 0.0057 235 347 265 399
phone 0.0057 250 69 280 129
phone 0.0057 235 85 265 144
phone 0.0057 0 54 3 113
phone 0.0057 81 54 111 113
phone 0.0057 250 367 299 399
phone 0.0057 0 193 3 252
phone 0.0057 281 177 299 236
phone 0.0057 220 85 249 144
phone 0.0057 199 194 238 251
phone 0.0057 50 285 80 344
phone 0.0057 0 29 34 77
phone 0.0057 19 23 49 82
phone 0.0057 250 208 280 267
phone 0.0057 281 153 299 200
phone 0.0057 250 147 280 205
phone 0.0057 174 336 232 386
phone 0.0057 249 42 299 156
phone 0.0057 4 291 64 338
phone 0.0057 35 331 65 390
phone 0.0056 238 227 292 279
phone 0.0056 0 30 3 77
phone 0.0056 65 70 96 128
phone 0.0056 0 0 35 110
phone 0.0056 0 260 18 308
phone 0.0056 266 100 295 159
phone 0.0056 0 0 2 30
phone 0.0056 264 196 299 310
phone 0.0056 0 12 4 125
phone 0.0056 235 315 264 375
phone 0.0056 280 119 299 233
phone 0.0056 0 0 3 64
phone 0.0056 266 260 299 308
phone 0.0056 234 11 296 126
phone 0.0056 281 122 299 170
phone 0.0056 0 303 35 399
phone 0.0056 235 23 265 82
phone 0.0056 174 91 233 139
phone 0.0056 34 367 96 399
phone 0.0056 19 300 49 359
phone 0.0056 0 227 19 341
phone 0.0056 0 322 18 370
phone 0.0055 0 307 49 354
phone 0.0055 220 0 279 30
phone 0.0055 281 208 299 267
phone 0.0055 204 85 234 144
phone 0.0055 174 14 233 62
phone 0.0055 138 106 207 186
phone 0.0055 171 270 205 328
phone 0.0055 0 291 18 339
phone 0.0055 281 322 299 369
phone 0.0055 266 285 295 344
phone 0.0055 251 0 280 37
phone 0.0055 204 331 234 391
phone 0.0055 265 353 299 399
phone 0.0055 281 91 299 139
phone 0.0055 296 0 299 64
phone 0.0055 297 0 299 37
phone 0.0055 220 122 279 170
phone 0.0055 266 75 299 123
phone 0.0055 80 363 112 399
phone 0.0055 280 73 299 187
phone 0.0055 97 14 156 62
phone 0.0054 296 146 299 206
phone 0.0054 0 276 34 323
phone 0.0054 4 14 64 62
phone 0.0054 0 273 19 387
phone 0.0054 0 58 9 221
phone 0.0054 204 14 264 62
phone 0.0054 62 133 98 189
phone 0.0054 35 14 95 62
phone 0.0054 66 14 126 62
phone 0.0054 235 132 265 190
phone 0.0054 151 162 193 222
phone 0.0054 49 363 81 399
phone 0.0054 127 335 187 386
phone 0.0054 188 367 249 399
phone 0.0054 0 254 3 313
phone 0.0054 281 270 299 328
phone 0.0054 0 223 3 283
phone 0.0054 5 0 64 30
phone 0.0054 250 39 280 98
phone 0.0054 0 331 3 390
phone 0.0054 0 0 19 64
phone 0.0054 0 242 35 356
phone 0.0054 296 116 299 175
phone 0.0054 281 29 299 77
phone 0.0054 281 245 299 293
phone 0.0053 219 116 250 174
phone 0.0053 189 106 249 154
phone 0.0053 143 0 202 30
phone 0.0053 250 29 299 77
phone 0.0053 281 60 299 108
phone 0.0053 157 0 219 64
phone 0.0053 250 347 280 399
phone 0.0053 155 287 189 343
phone 0.0053 280 273 299 387
phone 0.0053 75 132 115 190
phone 0.0053 235 0 264 37
phone 0.0053 280 211 299 325
phone 0.0053 280 0 299 110
phone 0.0053 92 121 122 147
phone 0.0053 0 291 3 339
phone 0.0053 296 316 299 375
phone 0.0053 65 363 96 399
phone 0.0052 296 85 299 144
phone 0.0052 264 0 299 95
phone 0.0052 0 258 4 371
phone 0.0052 127 368 187 399
phone 0.0052 126 0 188 64
phone 0.0052 189 0 248 30
phone 0.0052 35 0 95 30
phone 0.0052 81 0 142 46
phone 0.0052 296 193 299 252
phone 0.0052 67 85 125 145
phone 0.0052 142 362 173 399
phone 0.0052 100 228 130 255
phone 0.0052 220 331 249 391
phone 0.0051 157 0 188 51
phone 0.0051 20 0 49 37
phone 0.0051 296 239 299 298
phone 0.0051 0 135 4 248
phone 0.0051 296 23 299 83
phone 0.0051 296 60 299 108
phone 0.0051 153 123 185 146
phone 0.0051 35 0 64 37
phone 0.0051 205 353 264 399
phone 0.0051 296 269 299 329
phone 0.0051 0 0 33 30
phone 0.0051 97 0 156 30
phone 0.0051 96 8 127 67
phone 0.0051 220 0 249 37
phone 0.0051 111 8 142 67
phone 0.0051 219 8 250 67
phone 0.0051 50 8 81 67
phone 0.0051 126 8 158 67
phone 0.0051 173 0 203 51
phone 0.0051 0 212 4 325
phone 0.0051 123 178 299 399
phone 0.0051 295 42 299 156
phone 0.0051 142 0 173 51
phone 0.0051 219 367 280 399
phone 0.0051 216 179 252 235
phone 0.0050 203 362 235 399
phone 0.0050 50 0 111 46
phone 0.0050 65 8 96 67
phone 0.0050 19 0 80 46
phone 0.0050 81 0 111 51
phone 0.0050 188 0 219 51
phone 0.0050 295 104 299 217
phone 0.0050 295 150 299 263
phone 0.0050 187 363 219 399
