phone 0.9697 97 41 295 220
phone 0.0510 104 24 218 195
phone 0.0390 96 104 195 238
phone 0.0288 235 31 352 176
phone 0.0271 169 132 281 234
phone 0.0242 34 49 255 265
phone 0.0238 79 67 181 213
phone 0.0237 131 16 261 155
phone 0.0229 96 32 193 132
phone 0.0222 91 117 169 194
phone 0.0208 203 53 381 216
phone 0.0203 65 0 155 109
phone 0.0202 62 40 162 167
phone 0.0191 201 0 320 160
phone 0.0188 122 150 199 223
phone 0.0177 131 107 251 235
phone 0.0171 30 60 130 201
phone 0.0160 122 142 230 261
phone 0.0158 72 111 147 265
phone 0.0157 138 0 383 189
phone 0.0151 177 91 330 226
phone 0.0151 130 73 223 178
phone 0.0148 77 105 153 175
phone 0.0147 34 9 123 134
phone 0.0139 244 138 337 247
phone 0.0137 182 155 263 218
phone 0.0134 190 0 256 131
phone 0.0130 90 0 170 159
phone 0.0128 248 0 341 113
phone 0.0128 6 51 84 151
phone 0.0124 126 141 165 201
phone 0.0123 111 126 149 185
phone 0.0121 190 154 286 265
phone 0.0118 223 57 314 192
phone 0.0118 135 171 217 232
phone 0.0116 124 0 198 152
phone 0.0115 142 158 179 215
phone 0.0111 161 0 223 119
phone 0.0109 66 87 133 162
phone 0.0108 273 15 376 192
phone 0.0106 193 33 252 93
phone 0.0105 230 108 307 172
phone 0.0105 149 135 235 208
phone 0.0104 83 141 179 262
phone 0.0101 97 112 132 169
phone 0.0099 224 53 283 105
phone 0.0098 44 112 125 229
phone 0.0098 221 17 287 140
phone 0.0097 82 53 148 135
phone 0.0097 205 158 239 215
phone 0.0097 0 263 41 265
phone 0.0096 107 169 184 234
phone 0.0096 0 0 39 0
phone 0.0093 270 110 375 216
phone 0.0092 125 202 198 262
phone 0.0091 200 188 276 246
phone 0.0091 91 154 169 219
phone 0.0091 215 171 291 233
phone 0.0090 78 174 152 229
phone 0.0090 157 86 257 196
phone 0.0090 239 78 299 141
phone 0.0090 238 49 269 107
phone 0.0090 63 158 137 214
phone 0.0090 164 169 252 265
phone 0.0090 227 142 310 200
phone 0.0090 99 0 182 88
phone 0.0089 50 108 118 173
phone 0.0088 152 187 232 247
phone 0.0087 248 92 321 219
phone 0.0087 255 123 313 188
phone 0.0087 159 174 193 229
phone 0.0086 76 139 154 203
phone 0.0086 82 80 116 138
phone 0.0085 92 83 168 167
phone 0.0085 225 0 307 82
phone 0.0084 221 159 255 214
phone 0.0084 207 46 269 112
phone 0.0084 94 190 167 244
phone 0.0083 62 123 137 188
phone 0.0080 178 22 237 74
phone 0.0080 5 0 84 96
phone 0.0079 190 200 255 265
phone 0.0079 49 143 120 199
phone 0.0078 251 112 286 168
phone 0.0077 252 173 285 230
phone 0.0077 13 103 79 225
phone 0.0077 176 31 298 188
phone 0.0077 82 111 116 169
phone 0.0076 190 0 278 74
phone 0.0076 144 203 177 261
phone 0.0076 144 220 209 265
phone 0.0076 67 111 100 169
phone 0.0076 208 123 299 188
phone 0.0076 83 157 116 215
phone 0.0076 253 64 284 123
phone 0.0076 129 173 162 230
phone 0.0076 99 172 131 231
phone 0.0075 221 189 254 245
phone 0.0075 237 188 270 246
phone 0.0075 0 0 55 64
phone 0.0074 138 26 215 132
phone 0.0074 174 18 209 77
phone 0.0073 159 204 193 261
phone 0.0073 55 47 115 171
phone 0.0072 16 0 268 178
phone 0.0072 148 16 205 80
phone 0.0072 267 142 301 200
phone 0.0072 97 65 133 123
phone 0.0072 113 158 147 215
phone 0.0071 0 41 52 164
phone 0.0071 190 158 224 214
phone 0.0071 114 188 146 246
phone 0.0070 251 144 286 198
phone 0.0070 175 204 208 261
phone 0.0070 224 207 283 258
phone 0.0069 208 18 238 77
phone 0.0068 98 143 131 199
phone 0.0068 268 111 300 169
phone 0.0067 0 0 41 32
phone 0.0067 236 159 270 214
phone 0.0067 174 174 209 229
phone 0.0067 130 203 161 262
phone 0.0066 130 8 192 56
phone 0.0066 68 142 100 200
phone 0.0066 161 3 192 61
phone 0.0065 116 24 175 103
phone 0.0065 210 89 297 161
phone 0.0064 99 23 162 73
phone 0.0064 361 54 399 103
phone 0.0064 101 225 160 265
phone 0.0064 363 22 399 135
phone 0.0064 210 224 266 265
phone 0.0063 146 3 176 61
phone 0.0063 115 218 145 265
phone 0.0063 68 79 100 139
phone 0.0063 361 85 399 134
phone 0.0063 116 240 176 265
phone 0.0063 131 233 161 265
phone 0.0063 256 96 312 153
phone 0.0063 236 171 301 265
phone 0.0063 239 240 299 265
phone 0.0063 361 192 399 242
phone 0.0063 38 163 100 210
phone 0.0063 363 145 399 258
phone 0.0062 363 68 399 181
phone 0.0062 361 115 399 165
phone 0.0062 54 162 115 265
phone 0.0062 361 162 399 211
phone 0.0062 360 23 399 72
phone 0.0062 54 140 84 201
phone 0.0062 115 19 146 76
phone 0.0062 205 188 239 246
phone 0.0061 254 202 284 262
phone 0.0061 255 153 313 219
phone 0.0061 129 18 162 77
phone 0.0061 54 194 114 240
phone 0.0061 6 22 16 35
phone 0.0061 190 188 224 245
phone 0.0061 70 50 129 107
phone 0.0061 0 17 27 40
phone 0.0060 69 187 99 247
phone 0.0060 7 0 70 28
phone 0.0060 111 49 149 108
phone 0.0060 116 0 176 41
phone 0.0060 208 217 238 265
phone 0.0060 85 35 145 91
phone 0.0060 268 0 332 28
phone 0.0060 178 239 236 265
phone 0.0060 111 70 142 95
phone 0.0060 270 224 329 265
phone 0.0060 131 0 191 26
phone 0.0059 6 30 16 43
phone 0.0059 254 233 284 265
phone 0.0059 3 14 19 44
phone 0.0059 37 0 101 28
phone 0.0059 172 143 211 199
phone 0.0059 288 167 303 197
phone 0.0059 279 171 312 194
phone 0.0059 116 0 176 10
phone 0.0059 361 223 399 265
phone 0.0059 237 0 301 28
phone 0.0059 85 0 145 10
phone 0.0059 285 0 345 10
phone 0.0059 54 0 114 10
phone 0.0059 377 48 399 109
phone 0.0059 291 176 301 189
phone 0.0059 224 218 253 265
phone 0.0059 162 8 222 57
phone 0.0059 206 0 270 28
phone 0.0059 85 209 145 255
phone 0.0059 68 0 132 28
phone 0.0059 100 0 160 26
phone 0.0059 147 0 207 10
phone 0.0059 315 236 377 265
phone 0.0059 38 236 100 265
phone 0.0059 6 84 16 96
phone 0.0059 6 61 16 73
phone 0.0059 6 76 16 89
phone 0.0059 6 92 16 104
phone 0.0059 147 0 207 41
phone 0.0059 6 69 16 81
phone 0.0059 6 53 16 66
phone 0.0059 284 0 346 43
phone 0.0058 6 99 16 112
phone 0.0058 6 107 16 120
phone 0.0058 84 0 146 43
phone 0.0058 6 115 16 127
phone 0.0058 53 0 115 43
phone 0.0058 6 45 16 58
phone 0.0058 6 122 16 135
phone 0.0058 6 38 16 50
phone 0.0058 24 0 83 10
phone 0.0058 360 0 399 42
phone 0.0058 299 0 362 28
phone 0.0058 0 79 27 101
phone 0.0058 300 178 360 226
phone 0.0058 377 79 399 139
phone 0.0058 0 56 27 78
phone 0.0058 0 94 27 117
phone 0.0058 285 193 345 241
phone 0.0058 6 130 16 143
phone 0.0058 0 110 27 132
phone 0.0058 0 40 27 63
phone 0.0058 316 0 376 10
phone 0.0058 253 207 316 265
phone 0.0058 6 138 16 150
phone 0.0058 284 237 346 265
phone 0.0058 176 0 239 28
phone 0.0058 159 0 247 83
phone 0.0058 85 255 145 265
phone 0.0058 0 125 27 148
phone 0.0058 6 145 16 158
phone 0.0058 38 253 100 265
phone 0.0058 118 66 135 99
phone 0.0058 315 253 377 265
phone 0.0058 22 0 85 43
phone 0.0058 68 237 131 265
phone 0.0058 254 0 314 10
phone 0.0058 269 255 330 265
phone 0.0058 377 186 399 247
phone 0.0058 6 153 16 166
phone 0.0057 100 202 130 262
phone 0.0057 177 0 237 10
phone 0.0057 315 0 377 43
phone 0.0057 6 215 16 227
phone 0.0057 299 144 362 258
phone 0.0057 0 253 65 265
phone 0.0057 377 110 399 170
phone 0.0057 0 140 27 163
phone 0.0057 6 161 16 173
phone 0.0057 6 199 16 212
phone 0.0057 6 192 16 204
phone 0.0057 6 207 16 220
phone 0.0057 377 156 399 216
phone 0.0057 6 184 16 196
phone 0.0057 6 222 16 235
phone 0.0057 6 169 16 181
phone 0.0057 253 0 315 43
phone 0.0057 3 75 19 105
phone 0.0057 3 52 19 82
phone 0.0057 0 210 27 232
phone 0.0057 377 17 399 78
phone 0.0057 3 90 19 121
phone 0.0057 37 100 100 149
phone 0.0057 131 0 161 46
phone 0.0057 224 0 283 10
phone 0.0057 6 176 16 189
phone 0.0057 0 156 27 178
phone 0.0057 0 194 27 217
phone 0.0057 3 106 19 136
phone 0.0057 208 255 268 265
phone 0.0057 3 37 19 67
phone 0.0057 284 218 315 265
phone 0.0057 0 179 27 201
phone 0.0057 100 18 130 77
phone 0.0057 7 237 69 265
phone 0.0057 361 0 399 11
phone 0.0057 3 121 19 151
phone 0.0057 0 234 40 265
phone 0.0057 146 0 176 31
phone 0.0057 6 238 16 250
phone 0.0056 192 0 254 43
phone 0.0056 299 221 362 265
phone 0.0056 85 202 115 262
phone 0.0056 131 0 161 15
phone 0.0056 222 0 285 43
phone 0.0056 331 264 361 265
phone 0.0056 116 0 145 16
phone 0.0056 300 0 330 16
phone 0.0056 346 264 376 265
phone 0.0056 54 264 84 265
phone 0.0056 100 0 130 16
phone 0.0056 330 0 393 74
phone 0.0056 70 0 99 16
phone 0.0056 3 137 19 167
phone 0.0056 316 264 345 265
phone 0.0056 85 0 115 16
phone 0.0056 316 0 345 15
phone 0.0056 162 0 192 31
phone 0.0056 116 0 145 46
phone 0.0056 69 264 99 265
phone 0.0056 54 0 84 16
phone 0.0056 331 0 391 26
phone 0.0056 269 218 299 265
phone 0.0056 54 171 84 232
phone 0.0056 268 175 331 265
phone 0.0056 3 206 19 236
phone 0.0056 285 0 315 16
phone 0.0056 3 152 19 182
phone 0.0056 3 190 19 221
phone 0.0056 239 218 268 265
phone 0.0056 300 264 330 265
phone 0.0056 3 175 19 205
phone 0.0056 116 264 146 265
phone 0.0056 39 0 68 16
phone 0.0055 39 264 69 265
phone 0.0055 361 254 399 265
phone 0.0055 85 264 115 265
phone 0.0055 70 8 130 56
phone 0.0055 269 80 300 138
phone 0.0055 193 233 222 265
phone 0.0055 364 261 399 265
phone 0.0055 177 0 207 16
phone 0.0055 24 0 53 16
phone 0.0055 54 224 114 265
phone 0.0055 300 187 330 246
phone 0.0055 331 0 361 15
phone 0.0055 316 172 345 231
phone 0.0055 0 0 53 10
phone 0.0055 100 264 130 265
phone 0.0055 100 249 130 265
phone 0.0055 6 230 16 243
phone 0.0055 270 0 299 16
phone 0.0055 3 229 19 259
phone 0.0055 37 129 101 181
phone 0.0055 256 192 312 242
phone 0.0055 100 0 130 46
phone 0.0055 285 249 315 265
phone 0.0055 255 70 314 118
phone 0.0055 193 0 222 16
phone 0.0055 0 225 27 248
phone 0.0055 300 249 330 265
phone 0.0055 285 264 315 265
phone 0.0055 346 0 376 46
phone 0.0054 208 249 238 265
phone 0.0054 54 94 84 154
phone 0.0054 22 221 85 265
phone 0.0054 208 0 238 16
phone 0.0054 254 0 284 16
phone 0.0054 23 264 53 265
phone 0.0054 299 0 362 74
phone 0.0054 239 0 268 16
phone 0.0054 0 0 23 1
phone 0.0054 39 209 99 256
phone 0.0054 125 65 166 123
phone 0.0054 285 116 344 164
phone 0.0054 223 0 253 16
phone 0.0054 330 221 393 265
phone 0.0054 316 249 345 265
phone 0.0054 346 0 376 16
phone 0.0054 223 249 253 265
phone 0.0054 0 97 51 228
phone 0.0054 53 67 115 120
phone 0.0054 331 0 361 46
phone 0.0054 115 248 146 265
phone 0.0054 131 264 161 265
phone 0.0054 53 39 115 87
phone 0.0054 24 193 83 241
phone 0.0054 331 249 361 265
phone 0.0054 269 249 299 265
phone 0.0054 0 0 22 16
phone 0.0054 283 82 347 198
phone 0.0054 130 253 192 265
phone 0.0053 239 255 299 265
phone 0.0053 208 24 268 72
phone 0.0053 269 264 299 265
phone 0.0053 85 249 115 265
phone 0.0053 85 0 115 46
phone 0.0053 22 160 85 265
phone 0.0053 68 191 131 265
phone 0.0053 315 190 377 265
phone 0.0053 54 249 84 265
phone 0.0053 69 218 99 265
phone 0.0053 376 263 399 265
phone 0.0053 69 249 99 265
phone 0.0053 346 249 376 265
phone 0.0053 6 15 16 27
phone 0.0053 38 0 100 74
phone 0.0052 8 0 38 15
phone 0.0052 173 61 203 88
phone 0.0052 85 18 115 77
phone 0.0052 177 0 207 46
phone 0.0052 254 264 284 265
phone 0.0052 39 249 69 265
phone 0.0052 377 0 399 16
phone 0.0052 270 85 329 133
phone 0.0052 316 0 345 46
phone 0.0052 0 74 95 262
phone 0.0052 300 147 360 195
phone 0.0052 316 218 345 265
phone 0.0052 377 232 399 265
phone 0.0052 54 218 84 265
phone 0.0052 0 264 22 265
phone 0.0052 345 237 399 265
phone 0.0052 267 50 332 167
phone 0.0052 300 110 330 169
phone 0.0052 316 162 376 210
phone 0.0052 70 0 99 46
phone 0.0052 270 187 299 247
phone 0.0052 238 249 269 265
phone 0.0052 8 209 68 256
phone 0.0052 238 264 269 265
phone 0.0052 300 218 330 265
phone 0.0052 161 253 223 265
phone 0.0052 22 116 85 164
phone 0.0051 39 187 68 247
phone 0.0051 193 3 222 61
phone 0.0051 23 249 53 265
phone 0.0051 347 9 399 56
phone 0.0051 146 264 176 265
phone 0.0051 70 33 99 92
phone 0.0051 315 129 377 243
phone 0.0051 285 187 315 247
phone 0.0051 8 39 68 87
phone 0.0051 207 0 238 0
phone 0.0051 192 0 223 0
phone 0.0051 69 0 100 0
phone 0.0051 53 0 85 0
phone 0.0051 177 0 208 0
phone 0.0051 24 0 53 46
phone 0.0051 331 218 361 265
phone 0.0051 223 0 254 0
phone 0.0051 223 264 253 265
phone 0.0051 8 178 68 226
phone 0.0051 84 0 115 0
phone 0.0051 161 0 192 0
phone 0.0051 54 0 84 46
phone 0.0051 238 0 269 0
phone 0.0051 265 169 295 196
phone 0.0050 146 0 177 0
phone 0.0050 284 0 315 0
phone 0.0050 362 264 392 265
phone 0.0050 269 0 300 0
phone 0.0050 100 0 131 0
phone 0.0050 253 0 285 0
phone 0.0050 122 76 131 89
phone 0.0050 130 0 161 0
phone 0.0050 268 0 331 74
phone 0.0050 39 0 68 46
phone 0.0050 115 0 146 0
phone 0.0050 223 18 253 77
phone 0.0050 208 0 238 46
phone 0.0050 316 132 376 179
phone 0.0050 192 264 223 265
phone 0.0050 376 0 399 1
phone 0.0050 235 129 271 182
phone 0.0050 8 70 68 118
phone 0.0050 207 264 238 265
phone 0.0050 39 218 69 265
phone 0.0050 346 209 399 256
phone 0.0050 299 0 331 0
