phone 0.9383 123 48 301 219
phone 0.0410 110 85 212 227
phone 0.0278 267 61 382 206
phone 0.0250 203 135 310 238
phone 0.0245 130 109 253 233
phone 0.0237 122 134 200 209
phone 0.0217 136 0 278 175
phone 0.0198 108 102 183 180
phone 0.0185 31 36 127 171
phone 0.0181 123 26 230 194
phone 0.0180 90 38 196 178
phone 0.0169 189 74 316 207
phone 0.0166 134 157 218 217
phone 0.0166 237 129 344 252
phone 0.0158 233 30 353 184
phone 0.0152 125 142 227 262
phone 0.0150 160 92 254 190
phone 0.0134 61 54 156 213
phone 0.0132 166 133 248 210
phone 0.0132 142 142 180 201
phone 0.0129 278 137 365 247
phone 0.0124 273 0 375 147
phone 0.0123 65 7 155 143
phone 0.0122 93 90 168 161
phone 0.0117 71 126 160 247
phone 0.0115 159 159 193 215
phone 0.0114 47 82 122 198
phone 0.0113 172 124 274 249
phone 0.0112 126 111 165 170
phone 0.0111 97 0 184 114
phone 0.0109 132 97 220 186
phone 0.0108 190 0 256 144
phone 0.0107 207 172 301 266
phone 0.0106 67 73 132 146
phone 0.0106 104 157 188 266
phone 0.0099 215 91 365 230
phone 0.0097 0 0 39 0
phone 0.0097 0 263 40 266
phone 0.0097 113 113 147 169
phone 0.0095 248 0 346 112
phone 0.0094 186 0 397 216
phone 0.0094 150 172 233 232
phone 0.0094 83 55 147 134
phone 0.0093 79 158 152 216
phone 0.0093 139 188 214 247
phone 0.0091 123 170 199 234
phone 0.0091 82 80 116 139
phone 0.0090 250 186 319 249
phone 0.0090 163 172 252 266
phone 0.0090 91 123 169 189
phone 0.0089 94 173 167 231
phone 0.0089 64 142 136 201
phone 0.0087 49 129 120 183
phone 0.0087 197 155 279 219
phone 0.0087 174 160 209 214
phone 0.0086 128 142 163 201
phone 0.0086 110 189 182 246
phone 0.0086 312 83 392 187
phone 0.0085 76 109 154 173
phone 0.0085 0 0 55 94
phone 0.0085 234 203 304 263
phone 0.0084 201 204 276 262
phone 0.0084 15 101 141 237
phone 0.0084 241 143 327 200
phone 0.0083 4 45 85 162
phone 0.0083 225 122 312 191
phone 0.0082 267 170 333 234
phone 0.0080 68 111 100 170
phone 0.0080 228 157 310 217
phone 0.0080 51 96 118 154
phone 0.0079 130 206 193 259
phone 0.0079 157 204 227 261
phone 0.0078 98 158 131 216
phone 0.0077 267 189 301 246
phone 0.0077 159 189 193 246
phone 0.0076 186 168 259 236
phone 0.0076 97 65 132 124
phone 0.0076 176 0 239 109
phone 0.0075 83 142 116 200
phone 0.0075 114 173 147 231
phone 0.0074 190 158 224 215
phone 0.0074 108 71 183 149
phone 0.0073 144 173 178 231
phone 0.0073 256 224 313 266
phone 0.0073 263 122 336 190
phone 0.0073 129 188 162 247
phone 0.0073 177 56 267 165
phone 0.0073 191 19 223 77
phone 0.0072 192 222 253 266
phone 0.0072 194 28 251 100
phone 0.0072 286 138 344 205
phone 0.0071 197 11 308 178
phone 0.0071 144 37 208 121
phone 0.0071 98 97 132 153
phone 0.0071 271 207 328 258
phone 0.0071 241 110 327 172
phone 0.0071 185 125 229 187
phone 0.0070 69 141 100 201
phone 0.0070 146 203 176 263
phone 0.0070 223 222 284 266
phone 0.0069 221 204 254 261
phone 0.0069 207 19 238 76
phone 0.0069 282 158 316 215
phone 0.0069 162 22 222 74
phone 0.0068 175 204 208 262
phone 0.0068 140 110 182 171
phone 0.0068 0 0 41 32
phone 0.0067 82 111 116 170
phone 0.0067 270 218 299 266
phone 0.0067 130 24 192 73
phone 0.0067 253 14 317 143
phone 0.0067 176 19 208 77
phone 0.0066 206 204 239 262
phone 0.0066 252 189 285 246
phone 0.0066 285 203 315 263
phone 0.0066 267 159 301 214
phone 0.0066 138 65 215 156
phone 0.0066 267 90 332 160
phone 0.0065 155 126 198 186
phone 0.0065 112 82 148 138
phone 0.0065 239 38 298 90
phone 0.0065 205 159 239 215
phone 0.0065 256 51 312 108
phone 0.0065 300 225 360 266
phone 0.0065 68 40 131 88
phone 0.0064 37 117 100 164
phone 0.0064 285 240 345 266
phone 0.0064 298 127 331 185
phone 0.0064 223 0 285 128
phone 0.0064 221 159 255 214
phone 0.0064 38 131 100 242
phone 0.0064 146 19 176 77
phone 0.0063 54 147 115 257
phone 0.0063 38 164 99 210
phone 0.0063 54 126 84 186
phone 0.0063 146 9 207 57
phone 0.0063 68 79 100 140
phone 0.0063 285 108 345 173
phone 0.0063 238 218 269 266
phone 0.0063 116 9 176 57
phone 0.0063 303 176 319 205
phone 0.0062 100 24 161 72
phone 0.0062 53 55 116 103
phone 0.0062 221 34 255 92
phone 0.0062 294 179 328 202
phone 0.0062 98 128 131 184
phone 0.0062 282 171 348 266
phone 0.0062 54 179 115 225
phone 0.0062 315 219 346 266
phone 0.0062 300 234 330 266
phone 0.0062 253 34 285 92
phone 0.0062 306 184 316 197
phone 0.0062 162 0 222 42
phone 0.0062 54 21 115 136
phone 0.0062 126 52 196 137
phone 0.0062 131 0 191 42
phone 0.0062 208 24 268 73
phone 0.0062 113 143 147 200
phone 0.0062 54 157 84 217
phone 0.0061 69 172 99 232
phone 0.0061 54 95 84 155
phone 0.0061 0 69 53 196
phone 0.0061 254 218 284 266
phone 0.0061 236 190 270 245
phone 0.0061 85 34 115 93
phone 0.0061 100 34 130 92
phone 0.0061 69 195 130 240
phone 0.0061 316 24 376 72
phone 0.0061 237 34 270 92
phone 0.0061 85 187 115 247
phone 0.0060 363 0 399 104
phone 0.0060 131 19 161 77
phone 0.0060 361 24 399 73
phone 0.0060 300 9 360 57
phone 0.0060 161 19 192 77
phone 0.0060 315 0 377 105
phone 0.0060 251 144 286 199
phone 0.0060 193 0 253 42
phone 0.0060 316 194 375 241
phone 0.0060 285 25 345 72
phone 0.0060 248 74 320 146
phone 0.0060 300 40 361 87
phone 0.0060 331 71 392 118
phone 0.0060 362 238 399 266
phone 0.0060 85 178 145 266
phone 0.0060 236 159 270 214
phone 0.0059 270 9 330 57
phone 0.0059 84 237 146 266
phone 0.0059 282 112 317 169
phone 0.0059 316 240 376 266
phone 0.0059 331 9 391 57
phone 0.0059 85 9 145 57
phone 0.0059 116 19 145 77
phone 0.0059 37 86 100 134
phone 0.0059 316 55 376 103
phone 0.0059 190 189 224 246
phone 0.0059 331 40 391 88
phone 0.0059 69 49 99 108
phone 0.0059 314 161 378 266
phone 0.0059 36 0 118 104
phone 0.0059 316 255 376 266
phone 0.0059 147 0 207 26
phone 0.0059 177 0 237 26
phone 0.0059 330 38 393 151
phone 0.0059 297 90 364 221
phone 0.0059 177 9 238 57
phone 0.0059 272 65 328 123
phone 0.0059 100 0 160 42
phone 0.0059 177 0 207 47
phone 0.0059 114 237 177 266
phone 0.0059 146 0 176 47
phone 0.0059 239 9 299 57
phone 0.0059 330 207 393 266
phone 0.0059 285 0 345 42
phone 0.0059 162 0 192 47
phone 0.0058 266 129 301 183
phone 0.0058 331 179 392 226
phone 0.0058 316 102 375 149
phone 0.0058 100 255 160 266
phone 0.0058 254 0 314 42
phone 0.0058 361 54 399 104
phone 0.0058 361 0 399 42
phone 0.0058 100 203 130 263
phone 0.0058 0 234 40 266
phone 0.0058 39 24 99 72
phone 0.0058 316 0 376 42
phone 0.0058 162 0 222 11
phone 0.0058 331 188 361 247
phone 0.0058 193 0 222 47
phone 0.0058 135 0 215 100
phone 0.0058 53 237 116 266
phone 0.0058 208 0 268 26
phone 0.0058 331 18 361 77
phone 0.0058 145 237 208 266
phone 0.0058 143 50 178 108
phone 0.0058 131 0 161 47
phone 0.0058 223 0 283 42
phone 0.0058 99 222 162 266
phone 0.0058 193 0 253 11
phone 0.0058 329 130 393 242
phone 0.0058 287 82 343 138
phone 0.0057 116 0 176 26
phone 0.0057 223 0 284 11
phone 0.0057 239 0 299 26
phone 0.0057 192 218 222 266
phone 0.0057 131 0 191 11
phone 0.0057 331 148 391 195
phone 0.0057 68 253 131 266
phone 0.0057 254 0 314 11
phone 0.0057 54 9 114 57
phone 0.0057 316 3 345 62
phone 0.0057 346 64 376 124
phone 0.0057 270 0 330 26
phone 0.0057 115 42 176 116
phone 0.0057 24 9 83 57
phone 0.0057 208 0 238 47
phone 0.0057 362 84 399 196
phone 0.0057 346 234 376 266
phone 0.0057 347 18 376 78
phone 0.0057 100 264 130 266
phone 0.0057 269 34 300 92
phone 0.0057 361 116 399 166
phone 0.0057 331 234 361 266
phone 0.0057 8 24 68 72
phone 0.0057 331 265 361 266
phone 0.0057 116 264 145 266
phone 0.0057 346 264 376 266
phone 0.0057 303 129 358 183
phone 0.0057 300 18 330 77
phone 0.0057 254 25 314 72
phone 0.0057 316 34 345 93
phone 0.0057 38 253 100 266
phone 0.0057 24 40 83 88
phone 0.0057 362 38 399 150
phone 0.0056 24 194 83 241
phone 0.0056 131 264 161 266
phone 0.0056 254 256 314 266
phone 0.0056 285 3 315 62
phone 0.0056 346 157 377 216
phone 0.0056 331 96 361 154
phone 0.0056 85 265 115 266
phone 0.0056 100 3 130 62
phone 0.0056 223 0 253 47
phone 0.0056 8 178 68 226
phone 0.0056 331 49 361 108
phone 0.0056 361 85 399 135
phone 0.0056 22 237 85 266
phone 0.0056 39 209 99 257
phone 0.0056 68 221 131 266
phone 0.0056 146 264 176 266
phone 0.0056 362 146 399 257
phone 0.0056 360 255 399 266
phone 0.0056 300 203 330 263
phone 0.0056 100 0 160 11
phone 0.0056 22 6 85 121
phone 0.0056 70 0 130 42
phone 0.0056 116 0 145 47
phone 0.0056 346 102 399 149
phone 0.0056 162 264 192 266
phone 0.0056 316 265 346 266
phone 0.0056 361 177 399 227
phone 0.0056 270 3 299 62
phone 0.0056 361 0 399 11
phone 0.0056 115 249 146 266
phone 0.0056 22 160 85 266
phone 0.0056 285 0 345 11
phone 0.0056 239 3 269 62
phone 0.0056 254 3 284 62
phone 0.0056 300 0 330 47
phone 0.0056 131 218 161 266
phone 0.0056 285 256 345 266
phone 0.0055 377 18 399 78
phone 0.0055 70 265 99 266
phone 0.0055 8 0 68 42
phone 0.0055 130 253 192 266
phone 0.0055 56 40 228 266
phone 0.0055 134 77 165 104
phone 0.0055 54 18 84 78
phone 0.0055 300 0 360 26
phone 0.0055 85 0 145 26
phone 0.0055 0 0 36 11
phone 0.0055 8 55 68 103
phone 0.0055 315 249 346 266
phone 0.0055 285 234 315 266
phone 0.0055 70 18 99 78
phone 0.0055 299 96 331 154
phone 0.0055 364 262 399 266
phone 0.0055 7 253 69 266
phone 0.0055 177 0 207 16
phone 0.0055 331 0 361 47
phone 0.0055 100 249 130 266
phone 0.0055 85 3 115 62
phone 0.0055 162 0 192 16
phone 0.0055 346 95 376 154
phone 0.0055 39 18 68 78
phone 0.0055 331 117 391 164
phone 0.0055 285 55 344 103
phone 0.0055 54 265 84 266
phone 0.0055 7 129 69 243
phone 0.0055 193 0 222 16
phone 0.0055 176 237 239 266
phone 0.0055 0 188 40 266
phone 0.0055 315 80 346 139
phone 0.0055 39 0 99 42
phone 0.0055 208 0 238 16
phone 0.0055 223 0 253 16
phone 0.0055 54 65 84 124
phone 0.0055 161 253 223 266
phone 0.0055 361 147 399 196
phone 0.0055 158 50 195 108
phone 0.0055 239 0 269 16
phone 0.0055 146 0 176 16
phone 0.0054 254 0 284 16
phone 0.0054 346 203 377 262
phone 0.0054 376 264 399 266
phone 0.0054 347 0 376 47
phone 0.0054 270 0 299 16
phone 0.0054 192 253 254 266
phone 0.0054 177 264 207 266
phone 0.0054 0 9 36 57
phone 0.0054 237 237 301 266
phone 0.0054 316 0 376 11
phone 0.0054 8 209 68 257
phone 0.0054 269 249 300 266
phone 0.0054 70 0 130 11
phone 0.0054 301 71 360 118
phone 0.0054 0 0 23 1
phone 0.0054 299 157 331 216
phone 0.0054 331 0 391 26
phone 0.0054 8 86 68 134
phone 0.0054 85 249 115 266
phone 0.0054 360 208 399 257
phone 0.0054 270 40 329 88
phone 0.0054 24 3 53 62
phone 0.0054 131 0 161 16
phone 0.0054 0 0 22 47
phone 0.0054 39 265 68 266
phone 0.0054 8 148 68 195
phone 0.0054 39 172 69 232
phone 0.0054 162 0 223 139
phone 0.0054 285 0 315 16
phone 0.0054 23 71 84 118
phone 0.0054 207 237 270 266
phone 0.0054 0 0 22 16
phone 0.0054 300 265 330 266
phone 0.0054 361 95 392 155
phone 0.0054 222 253 285 266
phone 0.0054 141 74 158 107
phone 0.0054 272 210 304 233
phone 0.0054 0 264 22 266
phone 0.0054 54 203 84 262
phone 0.0054 69 218 99 266
phone 0.0054 131 249 161 266
phone 0.0054 376 48 399 109
phone 0.0054 346 133 399 179
phone 0.0053 8 0 68 11
phone 0.0053 249 209 280 234
phone 0.0053 70 249 99 266
phone 0.0053 23 172 53 231
phone 0.0053 23 265 53 266
phone 0.0053 0 111 41 231
phone 0.0053 346 126 377 185
phone 0.0053 280 206 296 237
phone 0.0053 53 0 116 28
phone 0.0053 116 0 145 16
phone 0.0053 39 0 99 11
phone 0.0053 0 255 36 266
phone 0.0053 23 34 53 93
phone 0.0053 300 0 330 16
phone 0.0053 54 249 84 266
phone 0.0053 362 34 392 93
phone 0.0053 346 164 399 210
phone 0.0053 300 50 330 108
phone 0.0053 39 203 68 262
phone 0.0052 39 49 69 108
phone 0.0052 100 0 130 16
phone 0.0052 376 94 399 155
phone 0.0052 70 0 99 47
phone 0.0052 362 64 392 124
phone 0.0052 316 141 346 201
phone 0.0052 23 65 53 124
phone 0.0052 54 0 84 47
phone 0.0052 285 265 315 266
phone 0.0052 377 0 399 32
phone 0.0052 22 0 85 28
phone 0.0052 257 205 273 238
phone 0.0052 161 234 192 266
phone 0.0052 361 126 392 185
phone 0.0052 115 218 146 266
phone 0.0052 346 0 376 16
phone 0.0052 316 0 345 16
phone 0.0052 0 19 41 139
phone 0.0052 0 249 22 266
phone 0.0052 0 163 53 210
phone 0.0052 39 249 68 266
phone 0.0052 0 194 53 241
phone 0.0052 39 0 68 47
phone 0.0052 376 248 399 266
phone 0.0052 317 163 375 211
phone 0.0052 8 117 68 164
phone 0.0052 331 0 361 16
phone 0.0052 8 19 38 77
phone 0.0052 346 194 399 241
phone 0.0052 85 0 115 16
phone 0.0052 23 141 53 201
phone 0.0052 315 111 346 169
phone 0.0051 285 34 315 92
phone 0.0051 254 249 284 266
phone 0.0051 192 264 223 266
phone 0.0051 23 203 53 262
phone 0.0051 376 171 399 232
phone 0.0051 376 125 399 186
phone 0.0051 85 218 115 266
phone 0.0051 283 215 293 228
phone 0.0051 0 18 22 78
phone 0.0051 23 249 53 266
phone 0.0051 113 49 148 108
phone 0.0051 269 265 300 266
phone 0.0051 0 71 53 118
phone 0.0051 361 157 392 216
phone 0.0051 376 218 399 266
phone 0.0051 0 40 36 88
phone 0.0051 362 264 392 266
phone 0.0051 70 0 99 16
phone 0.0051 8 265 38 266
phone 0.0051 23 101 84 149
phone 0.0051 23 0 53 16
phone 0.0051 0 132 53 180
phone 0.0051 238 0 269 1
phone 0.0051 223 0 254 1
phone 0.0051 192 249 223 266
phone 0.0051 207 0 238 1
phone 0.0051 331 157 361 216
phone 0.0051 253 0 284 1
phone 0.0051 192 0 223 1
phone 0.0051 54 0 84 16
phone 0.0050 177 0 208 1
phone 0.0050 161 0 192 1
phone 0.0050 0 147 36 196
phone 0.0050 22 115 85 227
phone 0.0050 269 0 300 0
phone 0.0050 146 0 177 1
phone 0.0050 0 178 36 227
phone 0.0050 254 265 284 266
phone 0.0050 0 218 23 266
phone 0.0050 146 249 177 266
phone 0.0050 284 0 315 0
phone 0.0050 23 95 53 154
phone 0.0050 39 0 68 16
phone 0.0050 168 109 215 172
phone 0.0050 39 80 69 139
phone 0.0050 130 0 161 1
