phone 0.8891 208 80 269 202
phone 0.1322 301 176 398 266
phone 0.1145 226 99 281 182
phone 0.0595 209 95 296 247
phone 0.0520 211 50 292 181
phone 0.0499 227 155 360 266
phone 0.0496 110 41 233 221
phone 0.0486 141 64 276 255
phone 0.0389 54 15 159 193
phone 0.0377 181 107 264 175
phone 0.0377 30 42 132 223
phone 0.0331 78 27 207 182
phone 0.0317 134 126 219 266
phone 0.0291 194 85 376 239
phone 0.0263 253 5 399 215
phone 0.0230 63 73 150 246
phone 0.0226 151 3 255 150
phone 0.0218 238 102 331 241
phone 0.0199 326 187 365 249
phone 0.0189 288 89 399 249
phone 0.0185 192 11 281 151
phone 0.0184 140 182 213 253
phone 0.0181 204 108 242 173
phone 0.0179 334 135 399 266
phone 0.0176 144 146 208 228
phone 0.0171 340 187 381 249
phone 0.0166 225 60 342 190
phone 0.0158 181 109 265 264
phone 0.0157 19 3 193 260
phone 0.0156 162 5 345 266
phone 0.0147 28 9 128 137
phone 0.0146 204 166 302 266
phone 0.0146 227 133 310 210
phone 0.0143 213 132 263 211
phone 0.0141 42 107 113 266
phone 0.0141 98 114 188 266
phone 0.0137 127 196 195 266
phone 0.0136 129 160 193 244
phone 0.0134 240 6 351 148
phone 0.0132 360 230 399 266
phone 0.0130 84 90 176 221
phone 0.0129 15 105 93 237
phone 0.0126 326 59 399 219
phone 0.0126 221 88 316 163
phone 0.0125 362 264 399 266
phone 0.0121 347 196 399 266
phone 0.0120 243 121 325 192
phone 0.0120 251 145 318 229
phone 0.0116 189 203 288 266
phone 0.0116 155 169 229 236
phone 0.0116 158 188 194 247
phone 0.0114 158 156 195 217
phone 0.0114 135 19 218 170
phone 0.0113 142 119 211 193
phone 0.0112 317 235 386 266
phone 0.0112 215 74 262 145
phone 0.0112 164 168 252 266
phone 0.0112 219 146 288 228
phone 0.0111 152 203 231 263
phone 0.0111 234 202 335 266
phone 0.0110 308 148 383 225
phone 0.0109 263 120 367 253
phone 0.0109 270 66 360 215
phone 0.0109 350 169 399 236
phone 0.0108 68 26 131 102
phone 0.0107 56 153 143 266
phone 0.0106 143 187 179 248
phone 0.0106 129 131 194 212
phone 0.0106 97 140 164 203
phone 0.0105 21 138 86 205
phone 0.0104 261 170 338 235
phone 0.0104 106 15 186 143
phone 0.0104 51 73 118 147
phone 0.0102 247 79 321 141
phone 0.0102 296 162 365 242
phone 0.0101 109 157 183 216
phone 0.0101 35 93 103 158
phone 0.0100 267 39 333 180
phone 0.0099 225 237 297 266
phone 0.0098 248 179 320 256
phone 0.0098 271 67 328 122
phone 0.0097 0 0 39 0
phone 0.0096 0 263 41 266
phone 0.0095 267 129 332 214
phone 0.0095 283 0 370 111
phone 0.0095 80 108 150 173
phone 0.0095 142 88 211 163
phone 0.0095 312 188 348 247
phone 0.0092 129 189 162 246
phone 0.0092 48 172 120 232
phone 0.0092 82 34 116 93
phone 0.0091 188 59 258 130
phone 0.0091 265 142 302 201
phone 0.0091 37 142 70 201
phone 0.0090 159 220 193 266
phone 0.0090 64 91 135 160
phone 0.0089 96 171 165 233
phone 0.0089 113 47 178 111
phone 0.0089 145 237 208 266
phone 0.0088 0 12 58 126
phone 0.0088 174 206 208 260
phone 0.0088 80 0 151 117
phone 0.0088 273 187 356 248
phone 0.0087 154 140 229 203
phone 0.0086 52 96 85 154
phone 0.0086 67 81 101 139
phone 0.0086 110 108 182 174
phone 0.0085 351 139 399 204
phone 0.0085 113 157 147 216
phone 0.0084 282 236 361 266
phone 0.0084 129 158 162 215
phone 0.0084 132 96 191 185
phone 0.0084 65 187 135 248
phone 0.0084 83 150 147 223
phone 0.0084 174 174 209 230
phone 0.0084 158 44 225 114
phone 0.0083 170 158 244 216
phone 0.0083 63 125 137 187
phone 0.0083 248 142 288 200
phone 0.0083 344 220 378 266
phone 0.0083 190 189 224 246
phone 0.0083 246 232 323 266
phone 0.0083 342 249 399 266
phone 0.0082 205 252 271 266
phone 0.0082 66 56 133 133
phone 0.0082 95 203 165 263
phone 0.0082 205 81 240 138
phone 0.0082 186 233 260 266
phone 0.0082 262 208 383 266
phone 0.0082 159 127 194 185
phone 0.0082 132 22 191 75
phone 0.0081 311 264 342 266
phone 0.0081 113 127 147 184
phone 0.0081 189 148 256 226
phone 0.0081 129 50 162 108
phone 0.0081 319 260 334 266
phone 0.0080 46 144 123 199
phone 0.0080 235 174 271 231
phone 0.0080 226 144 242 176
phone 0.0080 129 0 194 109
phone 0.0080 210 34 266 124
phone 0.0080 329 219 362 266
phone 0.0080 287 79 343 140
phone 0.0079 77 79 153 141
phone 0.0079 52 46 117 112
phone 0.0079 218 147 250 173
phone 0.0079 144 218 178 266
phone 0.0078 9 77 84 189
phone 0.0078 98 112 132 169
phone 0.0077 235 205 270 261
phone 0.0077 143 56 210 133
phone 0.0077 354 262 399 266
phone 0.0077 166 84 249 136
phone 0.0077 282 174 317 230
phone 0.0077 326 259 342 266
phone 0.0077 143 141 179 201
phone 0.0076 374 205 399 260
phone 0.0076 205 188 240 247
phone 0.0076 36 120 101 191
phone 0.0076 88 100 172 151
phone 0.0076 35 153 103 221
phone 0.0075 45 111 124 171
phone 0.0075 375 250 399 266
phone 0.0075 67 159 101 215
phone 0.0075 346 106 399 176
phone 0.0074 220 204 255 261
phone 0.0074 267 65 301 123
phone 0.0074 146 18 177 78
phone 0.0074 276 154 353 220
phone 0.0074 282 205 316 261
phone 0.0074 235 250 303 266
phone 0.0074 342 260 357 266
phone 0.0074 82 174 116 230
phone 0.0074 159 50 193 108
phone 0.0074 129 112 162 169
phone 0.0073 333 264 366 266
phone 0.0073 295 264 327 266
phone 0.0073 311 260 327 266
phone 0.0073 298 48 363 171
phone 0.0073 22 85 85 134
phone 0.0073 229 154 239 166
phone 0.0073 153 110 231 172
phone 0.0073 303 260 319 266
phone 0.0072 113 189 147 246
phone 0.0072 82 97 116 154
phone 0.0072 280 103 349 178
phone 0.0072 312 0 390 151
phone 0.0072 373 175 399 230
phone 0.0072 208 249 238 266
phone 0.0072 267 205 301 261
phone 0.0071 219 172 256 232
phone 0.0071 23 37 84 151
phone 0.0071 222 249 254 266
phone 0.0071 98 157 132 216
phone 0.0071 236 235 270 266
phone 0.0070 38 80 69 139
phone 0.0070 313 250 379 266
phone 0.0070 296 260 311 266
phone 0.0070 158 96 194 155
phone 0.0070 83 128 116 184
phone 0.0070 315 81 346 138
phone 0.0070 0 0 41 32
phone 0.0069 174 50 209 107
phone 0.0069 265 172 302 232
phone 0.0069 251 235 285 266
phone 0.0069 192 30 253 98
phone 0.0069 267 249 332 266
phone 0.0068 18 202 50 225
phone 0.0068 68 188 100 247
phone 0.0068 90 68 171 121
phone 0.0068 190 158 224 215
phone 0.0068 98 19 132 77
phone 0.0068 250 173 287 231
phone 0.0068 298 190 332 245
phone 0.0068 174 143 209 199
phone 0.0068 281 125 318 187
phone 0.0068 29 207 39 220
phone 0.0068 26 199 42 229
phone 0.0067 220 49 255 109
phone 0.0067 0 68 53 196
phone 0.0067 70 6 130 60
phone 0.0067 282 235 316 266
phone 0.0067 53 0 115 41
phone 0.0067 327 158 364 216
phone 0.0067 255 263 331 266
phone 0.0066 265 113 302 169
phone 0.0066 267 236 301 266
phone 0.0066 177 253 237 266
phone 0.0066 101 7 160 59
phone 0.0066 298 235 331 266
phone 0.0066 38 54 100 104
phone 0.0066 21 112 86 169
phone 0.0066 223 264 300 266
phone 0.0065 318 95 374 156
phone 0.0065 130 19 161 77
phone 0.0065 38 0 100 74
phone 0.0065 51 127 85 185
phone 0.0065 205 50 239 107
phone 0.0065 251 205 286 261
phone 0.0065 360 96 393 154
phone 0.0065 190 51 224 107
phone 0.0065 23 0 84 41
phone 0.0065 362 57 399 193
phone 0.0064 190 219 224 266
phone 0.0064 203 140 242 203
phone 0.0064 53 49 84 109
phone 0.0064 176 234 208 266
phone 0.0064 54 22 115 75
phone 0.0064 39 191 99 244
phone 0.0064 69 0 130 26
phone 0.0064 8 155 68 218
phone 0.0063 93 36 168 92
phone 0.0063 82 65 117 124
phone 0.0063 130 219 162 266
phone 0.0063 7 0 69 74
phone 0.0063 51 158 86 216
phone 0.0063 69 0 99 47
phone 0.0063 7 102 70 149
phone 0.0063 150 177 180 204
phone 0.0063 39 0 99 26
phone 0.0063 54 0 84 47
phone 0.0063 129 81 162 138
phone 0.0063 205 219 239 266
phone 0.0062 68 18 100 78
phone 0.0062 294 134 366 209
phone 0.0062 229 146 239 158
phone 0.0062 70 0 130 11
phone 0.0062 8 0 68 26
phone 0.0062 97 82 132 138
phone 0.0062 85 0 115 46
phone 0.0062 54 19 84 77
phone 0.0062 39 0 69 47
phone 0.0061 100 0 160 11
phone 0.0061 190 82 224 137
phone 0.0061 84 0 146 44
phone 0.0061 218 0 311 129
phone 0.0061 361 39 399 88
phone 0.0061 363 7 399 120
phone 0.0061 100 0 160 26
phone 0.0061 161 23 223 73
phone 0.0061 374 144 399 199
phone 0.0061 113 98 147 153
phone 0.0061 67 112 101 169
phone 0.0061 23 0 53 47
phone 0.0061 281 94 317 156
phone 0.0060 341 158 380 216
phone 0.0060 39 0 99 11
phone 0.0060 143 95 178 155
phone 0.0060 80 217 111 241
phone 0.0060 8 0 68 11
phone 0.0060 7 71 69 118
phone 0.0060 0 156 27 179
phone 0.0060 23 96 53 154
phone 0.0060 166 130 248 182
phone 0.0060 334 260 350 266
phone 0.0060 87 213 104 245
phone 0.0060 209 21 267 76
phone 0.0059 115 218 146 266
phone 0.0059 115 0 177 44
phone 0.0059 100 0 130 31
phone 0.0059 192 249 222 266
phone 0.0059 174 82 209 138
phone 0.0059 0 110 41 232
phone 0.0059 0 234 41 266
phone 0.0059 245 111 291 170
phone 0.0059 232 60 305 130
phone 0.0059 6 161 16 174
phone 0.0059 177 9 238 57
phone 0.0059 85 0 115 16
phone 0.0059 0 256 66 266
phone 0.0059 193 0 253 42
phone 0.0059 131 0 191 26
phone 0.0059 131 0 191 11
phone 0.0059 360 8 399 57
phone 0.0059 23 25 84 72
phone 0.0058 97 51 132 107
phone 0.0058 38 49 69 108
phone 0.0058 116 0 145 16
phone 0.0058 69 0 99 16
phone 0.0058 193 0 253 11
phone 0.0058 374 112 399 169
phone 0.0058 113 20 147 76
phone 0.0058 22 0 85 105
phone 0.0058 331 80 361 138
phone 0.0058 300 65 330 123
phone 0.0058 162 0 222 11
phone 0.0058 162 0 222 42
phone 0.0058 53 237 116 266
phone 0.0058 3 152 19 183
phone 0.0058 223 0 283 11
phone 0.0058 280 263 311 266
phone 0.0058 177 3 207 62
phone 0.0057 361 69 399 119
phone 0.0057 208 0 268 26
phone 0.0057 54 0 84 16
phone 0.0057 156 174 174 208
phone 0.0057 254 0 314 11
phone 0.0057 23 65 53 124
phone 0.0057 8 40 68 88
phone 0.0057 176 0 239 28
phone 0.0057 131 0 161 16
phone 0.0057 222 0 285 44
phone 0.0057 145 0 208 59
phone 0.0057 285 0 345 11
phone 0.0057 23 0 53 16
phone 0.0057 257 63 288 87
phone 0.0057 226 128 242 161
phone 0.0057 237 0 301 28
phone 0.0057 0 0 36 11
phone 0.0057 253 0 316 44
phone 0.0057 313 235 347 266
phone 0.0057 0 137 56 266
phone 0.0057 39 0 69 16
phone 0.0056 218 131 250 158
phone 0.0056 54 187 84 248
phone 0.0056 297 96 332 154
phone 0.0056 284 0 346 44
phone 0.0056 377 33 399 94
phone 0.0056 288 259 304 266
phone 0.0056 288 263 360 266
phone 0.0056 297 159 332 215
phone 0.0056 39 18 69 77
phone 0.0056 206 19 239 77
phone 0.0056 316 0 376 11
phone 0.0056 146 0 176 31
phone 0.0056 192 3 222 62
phone 0.0056 22 253 85 266
phone 0.0056 316 0 376 26
phone 0.0056 208 0 238 47
phone 0.0056 268 0 332 28
phone 0.0056 331 0 391 42
phone 0.0056 69 265 100 266
phone 0.0056 8 130 69 181
phone 0.0056 0 147 36 196
phone 0.0056 0 0 23 1
phone 0.0056 361 0 399 27
phone 0.0056 174 113 209 168
phone 0.0055 208 0 238 16
phone 0.0055 162 0 192 16
phone 0.0055 223 0 253 16
phone 0.0055 314 0 377 59
phone 0.0055 116 256 175 266
phone 0.0055 131 249 161 266
phone 0.0055 193 0 222 16
phone 0.0055 223 3 253 62
phone 0.0055 361 0 399 11
phone 0.0055 312 112 347 169
phone 0.0055 0 0 22 16
phone 0.0055 164 174 181 208
phone 0.0055 162 19 192 77
phone 0.0055 177 0 207 16
phone 0.0055 113 67 147 122
phone 0.0055 85 264 115 266
phone 0.0055 23 34 53 93
phone 0.0055 239 0 269 16
phone 0.0055 111 208 141 235
phone 0.0055 84 237 147 266
phone 0.0055 331 86 392 134
phone 0.0055 53 253 115 266
phone 0.0055 91 223 100 235
phone 0.0055 164 252 181 266
phone 0.0055 254 0 284 16
phone 0.0055 22 171 85 233
phone 0.0054 269 0 299 16
phone 0.0054 285 0 315 16
phone 0.0054 177 0 238 110
phone 0.0054 22 126 54 186
phone 0.0054 157 256 188 266
phone 0.0054 80 0 321 183
phone 0.0054 226 34 281 94
phone 0.0054 312 158 348 216
phone 0.0054 162 0 192 47
phone 0.0054 377 2 399 63
phone 0.0054 238 0 300 74
phone 0.0054 300 0 330 16
phone 0.0054 255 53 313 105
phone 0.0054 99 253 162 266
phone 0.0054 239 0 268 47
phone 0.0054 6 23 16 35
phone 0.0054 149 33 204 95
phone 0.0054 115 0 146 46
phone 0.0054 54 265 84 266
phone 0.0054 177 264 207 266
phone 0.0054 316 0 345 16
phone 0.0054 0 34 41 154
phone 0.0054 0 18 27 40
phone 0.0054 377 64 399 124
phone 0.0054 347 0 376 47
phone 0.0054 0 126 23 185
phone 0.0053 238 19 269 77
phone 0.0053 0 86 53 133
phone 0.0053 331 0 361 16
phone 0.0053 172 256 204 266
phone 0.0053 84 203 115 263
phone 0.0053 0 173 52 231
phone 0.0053 22 237 85 266
phone 0.0053 346 0 376 16
phone 0.0053 311 113 380 199
phone 0.0053 180 252 196 266
phone 0.0053 0 10 53 56
phone 0.0053 235 50 271 108
phone 0.0053 300 70 360 119
phone 0.0053 37 222 101 266
phone 0.0053 3 14 19 44
phone 0.0052 193 264 222 266
phone 0.0052 297 127 332 184
phone 0.0052 0 56 53 103
phone 0.0052 328 112 363 169
phone 0.0052 330 0 392 90
phone 0.0052 65 201 96 226
phone 0.0052 100 264 130 266
phone 0.0052 254 0 284 47
phone 0.0052 346 80 376 139
phone 0.0052 264 59 281 91
phone 0.0052 331 0 361 47
phone 0.0052 143 64 178 124
phone 0.0052 285 49 315 108
phone 0.0052 130 253 192 266
phone 0.0052 0 157 23 216
phone 0.0052 0 117 36 165
phone 0.0051 349 263 381 266
phone 0.0051 188 252 203 266
phone 0.0051 104 200 134 227
phone 0.0051 357 259 373 266
phone 0.0051 81 177 111 204
phone 0.0051 218 116 250 142
phone 0.0051 72 198 89 230
phone 0.0051 376 0 399 17
phone 0.0051 23 265 53 266
phone 0.0051 0 264 23 266
phone 0.0051 38 265 69 266
phone 0.0051 54 249 84 266
phone 0.0051 7 188 38 247
phone 0.0051 8 65 38 123
phone 0.0051 226 112 243 145
phone 0.0051 100 0 131 1
phone 0.0051 115 0 146 1
phone 0.0051 281 177 311 204
phone 0.0051 207 0 238 1
phone 0.0051 84 0 115 1
phone 0.0051 223 0 254 1
phone 0.0051 115 249 146 266
phone 0.0051 192 0 223 1
phone 0.0051 268 0 331 75
phone 0.0051 69 249 100 266
phone 0.0051 130 0 161 1
phone 0.0051 238 0 269 1
phone 0.0051 69 0 100 1
phone 0.0051 6 207 70 266
phone 0.0050 176 0 208 1
phone 0.0050 146 0 177 1
phone 0.0050 253 0 285 1
phone 0.0050 161 0 192 1
phone 0.0050 8 3 38 62
phone 0.0050 270 0 299 47
phone 0.0050 53 0 85 1
phone 0.0050 269 0 300 1
phone 0.0050 168 261 177 266
phone 0.0050 316 0 345 47
