phone 0.1564 81 161 191 302
phone 0.1511 190 138 222 161
phone 0.1486 198 135 214 164
phone 0.1457 201 143 211 156
phone 0.1434 206 135 222 164
phone 0.1397 209 143 219 156
phone 0.1214 184 114 250 178
phone 0.1133 89 94 183 248
phone 0.1047 159 96 246 195
phone 0.0700 75 201 189 369
phone 0.0700 201 151 211 163
phone 0.0633 55 120 166 283
phone 0.0602 61 197 162 315
phone 0.0562 35 165 111 293
phone 0.0554 27 103 114 240
phone 0.0532 199 130 236 192
phone 0.0516 85 41 188 185
phone 0.0478 0 105 89 291
phone 0.0416 179 109 266 226
phone 0.0386 93 250 169 388
phone 0.0374 67 88 251 310
phone 0.0370 185 131 219 191
phone 0.0370 191 153 222 177
phone 0.0367 33 203 94 273
phone 0.0354 198 145 229 170
phone 0.0344 198 149 215 181
phone 0.0343 91 80 229 208
phone 0.0343 38 64 182 220
phone 0.0323 5 194 79 322
phone 0.0317 201 159 211 171
phone 0.0307 209 151 219 163
phone 0.0286 116 6 218 150
phone 0.0255 145 117 228 175
phone 0.0250 113 180 228 296
phone 0.0250 140 45 257 179
phone 0.0238 29 124 98 198
phone 0.0236 98 215 183 293
phone 0.0236 140 125 242 267
phone 0.0219 46 223 81 284
phone 0.0216 107 70 175 160
phone 0.0213 58 0 266 209
phone 0.0208 98 83 129 108
phone 0.0206 37 229 68 254
phone 0.0200 105 80 122 112
phone 0.0195 44 226 61 258
phone 0.0193 95 55 156 144
phone 0.0188 11 119 204 338
phone 0.0185 61 11 157 147
phone 0.0182 61 215 128 292
phone 0.0181 109 89 119 102
phone 0.0175 47 236 57 248
phone 0.0172 0 69 63 208
phone 0.0169 92 114 159 208
phone 0.0167 217 121 266 201
phone 0.0158 184 0 266 157
phone 0.0158 130 220 213 287
phone 0.0156 46 190 112 256
phone 0.0155 45 132 82 190
phone 0.0153 0 14 101 204
phone 0.0152 214 137 244 162
phone 0.0152 169 116 204 175
phone 0.0148 62 209 96 267
phone 0.0146 42 144 116 209
phone 0.0146 199 101 236 160
phone 0.0145 200 123 266 273
phone 0.0142 132 209 241 327
phone 0.0141 89 159 162 256
phone 0.0140 110 47 172 122
phone 0.0140 31 224 65 283
phone 0.0138 221 133 238 166
phone 0.0138 183 99 221 161
phone 0.0137 205 60 266 200
phone 0.0136 19 0 128 163
phone 0.0136 213 205 266 316
phone 0.0133 0 53 158 283
phone 0.0133 98 79 114 112
phone 0.0132 33 207 126 330
phone 0.0130 118 265 198 374
phone 0.0127 77 223 112 283
phone 0.0126 121 69 159 130
phone 0.0126 224 143 234 156
phone 0.0125 75 232 145 305
phone 0.0124 31 133 65 189
phone 0.0124 120 62 192 137
phone 0.0124 107 68 144 130
phone 0.0123 133 94 209 167
phone 0.0122 0 171 24 290
phone 0.0122 11 113 86 178
phone 0.0121 101 89 111 102
phone 0.0120 46 50 143 179
phone 0.0119 18 190 79 255
phone 0.0118 162 175 243 301
phone 0.0118 0 219 60 348
phone 0.0117 32 173 96 241
phone 0.0116 116 232 195 305
phone 0.0111 205 148 222 181
phone 0.0111 30 63 98 135
phone 0.0110 62 148 96 205
phone 0.0110 144 212 230 265
phone 0.0108 216 96 266 164
phone 0.0108 34 251 125 377
phone 0.0108 120 222 161 284
phone 0.0108 16 77 81 153
phone 0.0104 60 173 129 241
phone 0.0101 0 123 41 283
phone 0.0099 151 209 190 267
phone 0.0098 10 146 87 207
phone 0.0098 76 179 145 266
phone 0.0097 232 147 266 205
phone 0.0097 0 235 51 302
phone 0.0097 168 136 198 163
phone 0.0097 45 259 75 286
phone 0.0097 32 235 96 303
phone 0.0096 42 109 116 182
phone 0.0096 190 133 207 166
phone 0.0096 91 223 128 283
phone 0.0095 209 159 219 171
phone 0.0094 28 94 99 166
phone 0.0094 75 50 145 118
phone 0.0094 149 256 225 312
phone 0.0093 74 126 146 196
phone 0.0093 119 99 161 162
phone 0.0093 3 235 94 364
phone 0.0092 174 133 192 166
phone 0.0092 186 203 249 273
phone 0.0091 76 79 144 150
phone 0.0091 144 233 229 365
phone 0.0090 51 256 69 289
phone 0.0090 46 70 81 128
phone 0.0090 0 270 68 329
phone 0.0090 0 129 53 192
phone 0.0089 77 151 143 232
phone 0.0089 185 208 219 268
phone 0.0089 15 101 50 159
phone 0.0089 0 181 36 348
phone 0.0088 114 159 197 256
phone 0.0087 31 85 66 144
phone 0.0087 105 114 145 177
phone 0.0087 43 49 115 119
phone 0.0087 102 253 179 316
phone 0.0087 137 268 206 331
phone 0.0087 201 136 211 148
phone 0.0087 0 112 19 227
phone 0.0086 199 238 266 300
phone 0.0086 44 256 61 289
phone 0.0086 44 252 115 316
phone 0.0086 90 91 122 115
phone 0.0086 146 179 228 235
phone 0.0085 247 133 266 189
phone 0.0085 198 275 229 301
phone 0.0085 54 72 135 127
phone 0.0084 171 230 233 307
phone 0.0084 194 143 203 156
phone 0.0084 30 286 98 344
phone 0.0084 154 76 220 154
phone 0.0084 41 85 117 145
phone 0.0083 169 211 203 265
phone 0.0083 77 178 112 236
phone 0.0083 0 223 34 283
phone 0.0083 239 84 266 192
phone 0.0083 74 284 146 346
phone 0.0083 181 202 255 335
phone 0.0083 37 252 67 278
phone 0.0083 104 144 146 208
phone 0.0083 117 103 195 189
phone 0.0083 153 86 189 143
phone 0.0082 114 121 145 147
phone 0.0082 205 271 222 304
phone 0.0081 231 117 266 174
phone 0.0081 59 99 130 161
phone 0.0081 137 71 174 128
phone 0.0080 93 71 127 128
phone 0.0080 121 118 138 150
phone 0.0080 185 77 250 153
phone 0.0080 218 189 266 256
phone 0.0080 117 190 164 255
phone 0.0080 133 206 178 270
phone 0.0080 62 240 96 297
phone 0.0080 170 256 203 312
phone 0.0080 1 255 34 313
phone 0.0079 1 116 34 175
phone 0.0079 178 143 188 155
phone 0.0079 159 0 234 112
phone 0.0079 37 275 68 301
phone 0.0079 171 158 234 226
phone 0.0079 105 283 177 347
phone 0.0078 124 39 158 98
phone 0.0078 106 137 137 162
phone 0.0077 55 266 65 279
phone 0.0077 0 206 65 269
phone 0.0077 138 240 174 297
phone 0.0076 44 271 61 304
phone 0.0076 198 174 266 240
phone 0.0076 101 97 111 110
phone 0.0076 51 225 69 259
phone 0.0076 62 35 127 102
phone 0.0076 108 241 142 297
phone 0.0076 247 163 266 220
phone 0.0076 93 148 127 205
phone 0.0075 216 225 249 282
phone 0.0075 183 229 213 255
phone 0.0075 0 211 18 325
phone 0.0075 47 266 57 279
phone 0.0074 0 230 19 277
phone 0.0074 204 275 262 323
phone 0.0074 98 34 153 103
phone 0.0074 200 223 234 283
phone 0.0073 154 271 188 328
phone 0.0073 63 302 127 358
phone 0.0073 113 133 130 166
phone 0.0073 77 149 111 204
phone 0.0073 13 251 84 317
phone 0.0072 0 223 2 283
phone 0.0072 185 177 219 237
phone 0.0072 62 271 96 328
phone 0.0072 209 282 219 294
phone 0.0071 16 255 50 313
phone 0.0071 60 275 90 301
phone 0.0071 77 86 111 143
phone 0.0071 224 151 234 163
phone 0.0071 201 193 234 252
phone 0.0071 93 255 127 313
phone 0.0071 139 286 172 343
phone 0.0071 16 225 49 281
phone 0.0071 61 102 96 158
phone 0.0070 0 261 18 307
phone 0.0070 124 128 134 140
phone 0.0070 68 221 98 247
phone 0.0070 62 55 96 113
phone 0.0070 0 76 49 123
phone 0.0070 35 4 93 133
phone 0.0070 86 269 164 330
phone 0.0070 185 239 219 298
phone 0.0070 215 157 266 227
phone 0.0069 93 286 126 343
phone 0.0069 0 42 49 156
phone 0.0069 35 39 93 98
phone 0.0069 206 284 237 308
phone 0.0069 171 288 234 399
phone 0.0069 0 183 34 231
phone 0.0069 0 64 30 219
phone 0.0069 231 208 265 268
phone 0.0069 45 221 75 247
phone 0.0069 139 39 173 97
phone 0.0069 213 280 230 311
phone 0.0068 0 254 2 314
phone 0.0068 46 270 80 328
phone 0.0068 104 207 146 269
phone 0.0068 218 269 248 330
phone 0.0068 123 256 157 312
phone 0.0068 190 225 207 259
phone 0.0068 92 117 127 174
phone 0.0068 0 91 34 139
phone 0.0068 45 102 81 159
phone 0.0068 265 137 266 186
phone 0.0068 154 241 188 297
phone 0.0067 91 303 106 334
phone 0.0067 31 177 65 237
phone 0.0067 152 118 190 174
phone 0.0067 0 137 18 184
phone 0.0067 0 177 18 237
phone 0.0067 83 307 114 331
phone 0.0067 173 43 232 94
phone 0.0067 47 259 57 271
phone 0.0066 219 29 266 77
phone 0.0066 237 268 266 293
phone 0.0066 16 147 49 205
phone 0.0066 188 248 247 319
phone 0.0066 48 282 57 294
phone 0.0066 139 53 204 116
phone 0.0066 12 256 68 389
phone 0.0066 261 102 266 220
phone 0.0066 48 0 111 95
phone 0.0066 169 180 203 234
phone 0.0066 68 121 98 147
phone 0.0066 217 0 266 110
phone 0.0066 213 132 231 167
phone 0.0065 104 175 147 239
phone 0.0065 111 28 171 78
phone 0.0065 141 304 203 399
phone 0.0065 176 267 206 293
phone 0.0065 244 265 261 296
phone 0.0065 170 70 204 129
phone 0.0065 92 301 159 359
phone 0.0065 124 286 157 343
phone 0.0065 110 24 141 82
phone 0.0065 77 56 111 112
phone 0.0065 18 57 79 111
phone 0.0065 46 162 81 222
phone 0.0065 20 23 78 144
phone 0.0065 77 117 112 174
phone 0.0065 129 124 213 199
phone 0.0065 67 271 84 305
phone 0.0065 231 178 265 236
phone 0.0065 55 236 65 248
phone 0.0065 216 178 250 236
phone 0.0064 173 322 232 370
phone 0.0064 0 85 18 144
phone 0.0064 117 143 126 156
phone 0.0064 0 131 2 190
phone 0.0064 17 29 80 77
phone 0.0064 0 193 2 252
phone 0.0064 202 273 264 386
phone 0.0064 79 300 110 360
phone 0.0064 204 58 262 110
phone 0.0063 74 217 92 251
phone 0.0063 249 29 266 77
phone 0.0063 174 290 231 340
phone 0.0063 187 39 218 97
phone 0.0063 94 312 103 325
phone 0.0063 33 53 64 114
phone 0.0063 63 23 96 82
phone 0.0063 64 300 94 361
phone 0.0063 248 0 266 110
phone 0.0062 108 286 142 343
phone 0.0062 264 367 266 399
phone 0.0062 263 332 266 399
phone 0.0062 0 332 19 399
phone 0.0062 0 367 18 399
phone 0.0062 1 161 65 222
phone 0.0062 0 162 2 221
phone 0.0062 215 148 250 205
phone 0.0062 124 0 189 112
phone 0.0062 64 14 125 62
phone 0.0062 217 289 226 302
phone 0.0062 0 60 32 108
phone 0.0062 234 45 266 92
phone 0.0062 83 82 113 109
phone 0.0061 265 152 266 201
phone 0.0061 61 263 128 336
phone 0.0061 48 24 79 82
phone 0.0061 34 24 64 82
phone 0.0061 33 14 95 62
phone 0.0061 1 147 34 206
phone 0.0061 137 82 167 109
phone 0.0061 31 255 65 312
phone 0.0061 178 151 188 163
phone 0.0061 0 30 32 77
phone 0.0061 0 363 3 399
phone 0.0061 203 39 233 97
phone 0.0061 90 192 129 253
phone 0.0060 203 306 263 354
phone 0.0060 55 259 65 271
phone 0.0060 78 0 143 96
phone 0.0060 18 54 48 113
phone 0.0060 76 129 106 155
phone 0.0060 265 23 266 83
phone 0.0060 0 11 34 125
phone 0.0060 0 0 3 96
phone 0.0060 74 117 92 151
phone 0.0060 0 332 4 399
phone 0.0060 119 130 162 192
phone 0.0060 187 316 218 375
phone 0.0060 173 61 231 137
phone 0.0060 0 0 18 110
phone 0.0060 203 337 263 385
phone 0.0060 1 0 65 95
phone 0.0060 157 337 217 385
phone 0.0060 0 45 17 93
phone 0.0060 0 259 33 370
phone 0.0059 215 86 250 144
phone 0.0059 214 152 244 178
phone 0.0059 202 269 233 330
phone 0.0059 263 0 266 110
phone 0.0059 125 303 187 357
phone 0.0059 156 331 187 390
phone 0.0059 248 332 266 399
phone 0.0059 0 45 48 92
phone 0.0059 182 263 200 297
phone 0.0059 0 292 32 338
phone 0.0059 233 367 266 399
phone 0.0059 188 29 248 77
phone 0.0059 194 236 203 248
phone 0.0059 171 39 203 97
phone 0.0059 242 148 266 254
phone 0.0059 0 29 2 77
phone 0.0059 0 367 48 399
phone 0.0059 99 314 163 391
phone 0.0059 250 182 266 280
phone 0.0059 0 85 2 144
phone 0.0059 265 45 266 93
phone 0.0059 0 231 12 354
phone 0.0059 142 14 201 62
phone 0.0058 136 101 176 160
phone 0.0058 157 300 187 360
phone 0.0058 118 160 163 224
phone 0.0058 155 39 188 97
phone 0.0058 79 9 111 67
phone 0.0058 0 284 17 345
phone 0.0058 2 332 65 399
phone 0.0058 186 332 250 399
phone 0.0058 96 14 155 62
phone 0.0058 94 24 126 82
phone 0.0058 218 300 248 359
phone 0.0058 251 149 266 204
phone 0.0058 247 274 257 287
phone 0.0057 18 367 79 399
phone 0.0057 250 260 266 308
phone 0.0057 33 285 64 345
phone 0.0057 0 54 2 113
phone 0.0057 172 367 233 399
phone 0.0057 203 300 233 359
phone 0.0057 188 284 217 345
phone 0.0057 183 288 198 319
phone 0.0057 157 29 217 77
phone 0.0057 174 292 207 315
phone 0.0057 0 337 2 385
phone 0.0057 218 39 248 97
phone 0.0057 18 23 48 82
phone 0.0057 234 14 266 62
phone 0.0057 233 304 266 399
phone 0.0057 217 363 249 399
phone 0.0057 218 331 248 390
phone 0.0057 246 225 266 343
phone 0.0057 32 332 96 399
phone 0.0057 90 78 107 113
phone 0.0056 217 143 226 156
phone 0.0056 203 331 233 390
phone 0.0056 82 125 99 159
phone 0.0056 63 332 127 399
phone 0.0056 265 337 266 385
phone 0.0056 0 26 3 141
phone 0.0056 18 284 48 345
phone 0.0056 0 166 3 279
phone 0.0056 172 331 202 390
phone 0.0056 0 337 32 385
phone 0.0056 47 274 57 286
phone 0.0056 202 363 233 399
phone 0.0056 49 367 110 399
phone 0.0056 71 282 80 294
phone 0.0056 264 132 266 190
phone 0.0056 51 209 69 244
phone 0.0056 33 363 64 399
phone 0.0056 114 159 144 186
phone 0.0056 234 269 264 329
phone 0.0056 173 14 232 62
phone 0.0056 187 363 218 399
phone 0.0056 141 367 202 399
phone 0.0056 143 78 161 113
phone 0.0056 0 194 47 251
phone 0.0056 171 363 203 399
phone 0.0055 0 73 3 187
phone 0.0055 249 291 266 338
phone 0.0055 199 251 229 278
phone 0.0055 201 166 211 179
phone 0.0055 264 254 266 313
phone 0.0055 265 167 266 216
phone 0.0055 156 8 187 67
phone 0.0055 110 0 171 64
phone 0.0055 48 363 80 399
phone 0.0055 221 148 238 181
phone 0.0055 158 306 215 354
phone 0.0055 0 322 17 369
phone 0.0055 78 228 88 240
phone 0.0055 141 8 172 67
phone 0.0055 186 297 195 310
phone 0.0055 125 8 157 67
phone 0.0055 127 0 186 31
phone 0.0054 234 0 266 30
phone 0.0054 156 363 187 399
phone 0.0054 63 363 95 399
phone 0.0054 122 74 152 101
phone 0.0054 156 0 218 64
phone 0.0054 172 8 203 67
phone 0.0054 80 0 140 46
phone 0.0054 60 244 90 270
phone 0.0054 142 315 171 376
phone 0.0054 96 0 155 31
phone 0.0054 187 0 249 64
phone 0.0054 79 367 141 399
phone 0.0054 0 119 3 233
phone 0.0054 172 285 202 345
phone 0.0054 112 321 170 370
phone 0.0054 218 0 266 46
phone 0.0054 0 14 47 62
phone 0.0054 68 236 98 263
phone 0.0054 219 291 266 338
phone 0.0054 98 303 114 335
phone 0.0054 55 228 65 240
phone 0.0054 79 363 111 399
phone 0.0053 0 307 47 353
phone 0.0053 68 259 98 286
phone 0.0053 125 332 188 399
phone 0.0053 18 338 78 384
phone 0.0053 110 0 141 51
phone 0.0053 0 306 2 354
phone 0.0053 65 261 146 399
phone 0.0053 218 322 266 369
phone 0.0053 0 14 1 62
phone 0.0053 0 212 3 325
phone 0.0053 64 0 95 51
phone 0.0053 264 285 266 344
phone 0.0053 0 0 1 30
phone 0.0053 173 0 232 31
phone 0.0053 18 0 79 46
phone 0.0053 95 0 125 51
phone 0.0053 247 101 266 159
phone 0.0053 245 43 266 171
phone 0.0053 218 8 249 67
phone 0.0053 264 322 266 369
phone 0.0053 265 0 266 30
phone 0.0053 49 0 79 51
phone 0.0053 44 167 75 193
phone 0.0052 231 25 266 142
phone 0.0052 0 273 3 387
phone 0.0052 18 346 48 399
phone 0.0052 77 270 111 328
phone 0.0052 199 128 229 155
phone 0.0052 45 144 75 170
phone 0.0052 120 155 138 189
phone 0.0052 187 8 218 67
phone 0.0052 264 8 266 67
phone 0.0052 33 316 64 375
phone 0.0052 45 205 75 232
phone 0.0052 202 8 233 67
phone 0.0052 48 305 110 399
phone 0.0052 0 14 17 62
phone 0.0052 33 0 64 51
phone 0.0052 111 353 171 399
phone 0.0052 141 363 172 399
phone 0.0052 94 363 126 399
phone 0.0052 265 106 266 154
phone 0.0052 78 128 88 140
phone 0.0052 45 243 75 271
phone 0.0052 249 0 266 37
phone 0.0052 228 158 266 287
phone 0.0052 126 0 156 37
phone 0.0051 250 60 266 108
phone 0.0051 142 0 171 37
phone 0.0051 205 248 223 282
phone 0.0051 64 331 95 390
phone 0.0051 190 263 207 297
phone 0.0051 51 164 69 197
phone 0.0051 265 14 266 62
phone 0.0051 186 274 195 286
phone 0.0051 35 323 93 368
phone 0.0051 248 273 266 386
phone 0.0051 49 331 79 390
phone 0.0051 81 338 139 384
phone 0.0051 95 331 125 391
phone 0.0051 157 0 186 37
phone 0.0051 220 71 266 128
phone 0.0051 65 0 124 31
phone 0.0050 113 156 130 189
phone 0.0050 18 0 48 51
phone 0.0050 113 118 130 150
phone 0.0050 183 205 213 232
phone 0.0050 111 331 141 391
phone 0.0050 173 0 202 37
phone 0.0050 0 0 33 46
