phone 0.9058 133 20 241 209
phone 0.1477 133 11 235 105
phone 0.1301 107 6 215 165
phone 0.0998 106 101 215 226
phone 0.0966 157 41 249 160
phone 0.0836 120 134 240 248
phone 0.0825 134 91 270 231
phone 0.0471 135 154 223 288
phone 0.0433 85 62 198 198
phone 0.0429 25 0 155 179
phone 0.0418 178 125 298 264
phone 0.0328 69 110 173 224
phone 0.0287 52 56 260 274
phone 0.0285 133 74 213 187
phone 0.0253 178 61 285 218
phone 0.0232 122 31 193 107
phone 0.0225 93 0 189 114
phone 0.0221 0 59 131 216
phone 0.0213 123 56 192 144
phone 0.0209 45 95 134 238
phone 0.0209 100 94 183 167
phone 0.0196 232 0 299 108
phone 0.0190 73 90 149 170
phone 0.0184 105 22 179 85
phone 0.0181 123 149 191 235
phone 0.0172 148 173 227 242
phone 0.0162 48 0 259 152
phone 0.0160 130 169 162 192
phone 0.0159 80 12 172 156
phone 0.0158 152 160 192 223
phone 0.0157 195 127 273 195
phone 0.0157 138 165 153 195
phone 0.0156 89 75 163 156
phone 0.0154 54 0 138 104
phone 0.0153 104 127 180 195
phone 0.0152 139 24 175 83
phone 0.0151 141 174 150 187
phone 0.0151 161 47 215 121
phone 0.0148 189 22 279 142
phone 0.0147 218 138 281 215
phone 0.0147 119 4 195 72
phone 0.0142 49 128 192 269
phone 0.0140 24 34 106 164
phone 0.0139 91 33 161 104
phone 0.0134 223 156 299 289
phone 0.0131 138 187 207 259
phone 0.0131 136 83 178 147
phone 0.0130 124 25 159 82
phone 0.0129 214 112 285 180
phone 0.0126 213 96 299 226
phone 0.0125 198 0 271 102
phone 0.0124 173 149 264 204
phone 0.0124 138 53 176 115
phone 0.0123 60 110 132 181
phone 0.0119 172 161 266 283
phone 0.0119 89 5 163 71
phone 0.0119 98 209 186 328
phone 0.0117 51 161 126 295
phone 0.0116 107 116 145 175
phone 0.0115 25 132 105 250
phone 0.0113 159 158 247 227
phone 0.0113 232 132 267 190
phone 0.0113 47 18 114 88
phone 0.0113 122 101 161 160
phone 0.0112 124 133 159 189
phone 0.0112 79 173 174 302
phone 0.0111 31 66 99 133
phone 0.0110 230 52 261 77
phone 0.0109 147 79 199 151
phone 0.0108 239 30 299 168
phone 0.0108 60 77 131 153
phone 0.0107 169 178 206 236
phone 0.0106 216 38 283 100
phone 0.0106 138 160 176 223
phone 0.0106 75 20 147 87
phone 0.0105 143 223 234 345
phone 0.0105 231 192 299 253
phone 0.0104 155 188 251 318
phone 0.0104 108 25 144 82
phone 0.0104 146 52 176 78
phone 0.0104 216 133 252 189
phone 0.0103 195 91 273 170
phone 0.0103 74 60 147 140
phone 0.0103 13 69 87 190
phone 0.0103 92 116 130 175
phone 0.0102 141 166 150 179
phone 0.0102 155 193 189 252
phone 0.0100 78 9 112 67
phone 0.0100 159 92 217 169
phone 0.0099 237 48 255 82
phone 0.0098 229 160 299 223
phone 0.0098 78 101 113 159
phone 0.0098 86 147 167 206
phone 0.0097 123 70 160 129
phone 0.0096 148 110 227 213
phone 0.0095 63 24 97 82
phone 0.0094 152 48 170 82
phone 0.0094 204 10 264 66
phone 0.0094 105 241 179 297
phone 0.0093 197 160 272 224
phone 0.0093 102 177 182 237
phone 0.0093 48 70 81 128
phone 0.0092 64 0 128 58
phone 0.0092 163 194 244 251
phone 0.0092 90 224 163 283
phone 0.0092 32 38 98 99
phone 0.0091 30 146 101 206
phone 0.0090 107 85 146 145
phone 0.0089 88 193 165 252
phone 0.0088 138 98 168 124
phone 0.0088 241 59 250 71
phone 0.0088 29 97 101 163
phone 0.0088 60 191 132 254
phone 0.0088 45 176 116 238
phone 0.0087 176 101 261 191
phone 0.0087 75 207 148 269
phone 0.0087 73 160 149 224
phone 0.0087 102 94 260 359
phone 0.0087 60 141 131 212
phone 0.0086 125 164 158 220
phone 0.0086 248 82 299 148
phone 0.0085 185 206 253 270
phone 0.0085 168 252 239 316
phone 0.0085 151 22 194 85
phone 0.0085 214 80 285 150
phone 0.0085 151 206 225 270
phone 0.0084 156 59 166 71
phone 0.0084 248 178 281 236
phone 0.0083 201 149 236 204
phone 0.0083 136 255 209 312
phone 0.0083 293 82 299 201
phone 0.0082 104 0 179 56
phone 0.0082 93 40 128 97
phone 0.0081 60 47 131 121
phone 0.0080 145 94 162 128
phone 0.0080 15 117 85 175
phone 0.0080 185 236 253 302
phone 0.0080 249 110 299 181
phone 0.0080 146 105 176 132
phone 0.0080 33 14 97 62
phone 0.0080 49 23 81 83
phone 0.0079 17 86 83 144
phone 0.0079 179 181 259 234
phone 0.0079 200 221 230 247
phone 0.0079 125 240 158 297
phone 0.0079 234 24 265 82
phone 0.0079 166 146 209 207
phone 0.0079 160 48 177 82
phone 0.0078 185 70 282 130
phone 0.0078 202 194 235 251
phone 0.0078 217 164 251 220
phone 0.0078 293 11 299 145
phone 0.0078 49 162 81 221
phone 0.0078 166 222 240 284
phone 0.0077 19 168 81 216
phone 0.0077 179 218 259 350
phone 0.0077 91 85 131 145
phone 0.0077 153 59 184 86
phone 0.0077 201 210 279 306
phone 0.0077 39 186 140 344
phone 0.0077 151 237 225 300
phone 0.0077 93 9 128 66
phone 0.0076 110 224 143 282
phone 0.0076 109 149 143 204
phone 0.0076 208 51 238 78
phone 0.0075 248 148 282 205
phone 0.0075 104 207 179 269
phone 0.0075 249 23 281 83
phone 0.0075 156 51 166 63
phone 0.0075 78 132 113 190
phone 0.0075 48 132 81 190
phone 0.0075 107 144 138 170
phone 0.0075 4 120 65 232
phone 0.0075 220 166 279 248
phone 0.0075 4 42 65 156
phone 0.0074 152 102 170 135
phone 0.0074 2 76 66 123
phone 0.0074 253 38 299 100
phone 0.0074 34 161 65 222
phone 0.0074 64 193 96 252
phone 0.0074 95 224 127 282
phone 0.0074 7 161 111 310
phone 0.0074 263 70 297 128
phone 0.0074 235 14 295 62
phone 0.0073 108 55 145 113
phone 0.0073 33 100 66 159
phone 0.0073 288 43 299 180
phone 0.0073 263 101 297 159
phone 0.0073 237 228 293 278
phone 0.0073 252 213 299 263
phone 0.0073 201 188 268 257
phone 0.0073 80 209 111 267
phone 0.0073 231 101 267 159
phone 0.0073 186 195 220 250
phone 0.0073 3 153 65 199
phone 0.0073 206 217 224 251
phone 0.0073 135 113 179 178
phone 0.0073 206 0 262 32
phone 0.0072 48 101 81 159
phone 0.0072 43 128 118 194
phone 0.0072 157 273 219 326
phone 0.0072 152 0 224 65
phone 0.0072 19 0 80 110
phone 0.0072 18 30 81 77
phone 0.0072 120 221 194 286
phone 0.0072 265 24 296 82
phone 0.0072 109 179 143 235
phone 0.0071 186 255 220 313
phone 0.0071 19 146 49 206
phone 0.0071 214 48 231 82
phone 0.0071 93 148 128 204
phone 0.0071 19 70 49 129
phone 0.0070 115 90 145 117
phone 0.0070 220 0 249 37
phone 0.0070 149 105 158 117
phone 0.0070 65 228 126 278
phone 0.0070 114 140 131 174
phone 0.0070 233 55 266 113
phone 0.0070 149 112 158 125
phone 0.0069 156 255 189 313
phone 0.0069 34 198 96 247
phone 0.0069 171 209 205 266
phone 0.0069 123 59 153 86
phone 0.0069 50 213 111 263
phone 0.0069 140 194 174 251
phone 0.0069 250 223 280 283
phone 0.0069 81 228 141 339
phone 0.0069 142 254 173 314
phone 0.0068 0 43 8 164
phone 0.0068 34 24 65 82
phone 0.0068 164 59 174 71
phone 0.0068 202 240 235 297
phone 0.0067 124 194 158 250
phone 0.0067 229 97 299 164
phone 0.0067 196 54 241 115
phone 0.0067 82 261 141 307
phone 0.0067 34 131 65 190
phone 0.0067 96 254 126 314
phone 0.0066 220 291 279 339
phone 0.0066 33 69 65 129
phone 0.0066 34 182 96 293
phone 0.0066 203 273 266 387
phone 0.0066 273 0 299 74
phone 0.0066 184 164 222 220
phone 0.0066 78 163 112 220
phone 0.0066 19 167 80 277
phone 0.0066 218 258 281 371
phone 0.0066 65 212 126 324
phone 0.0065 94 179 128 235
phone 0.0065 217 193 251 251
phone 0.0065 112 258 172 309
phone 0.0065 50 192 80 253
phone 0.0065 145 164 162 196
phone 0.0065 77 70 113 128
phone 0.0065 122 94 139 128
phone 0.0065 138 160 169 185
phone 0.0065 263 132 297 190
phone 0.0065 186 225 220 281
phone 0.0065 221 243 277 294
phone 0.0065 63 163 97 221
phone 0.0064 217 224 251 282
phone 0.0064 156 113 166 125
phone 0.0064 276 4 299 157
phone 0.0064 248 192 299 314
phone 0.0064 271 70 299 213
phone 0.0064 115 74 145 101
phone 0.0064 280 332 299 399
phone 0.0064 281 367 299 399
phone 0.0064 63 86 97 143
phone 0.0063 173 269 203 330
phone 0.0063 205 306 264 354
phone 0.0063 108 0 144 51
phone 0.0063 210 228 220 240
phone 0.0063 34 192 65 252
phone 0.0063 81 238 111 299
phone 0.0063 129 55 147 90
phone 0.0063 266 223 295 283
phone 0.0063 171 240 205 297
phone 0.0063 214 102 253 159
phone 0.0063 164 66 174 79
phone 0.0063 235 285 265 344
phone 0.0062 296 367 299 399
phone 0.0062 235 276 295 323
phone 0.0062 50 0 80 51
phone 0.0062 112 306 172 354
phone 0.0062 63 55 97 113
phone 0.0062 3 106 66 155
phone 0.0062 263 163 297 220
phone 0.0062 232 176 267 237
phone 0.0062 295 332 299 399
phone 0.0062 233 208 266 267
phone 0.0062 124 0 159 50
phone 0.0062 127 269 157 329
phone 0.0062 127 322 187 369
phone 0.0061 234 243 297 355
phone 0.0061 65 223 95 283
phone 0.0061 144 292 202 337
phone 0.0061 142 259 203 370
phone 0.0061 208 90 238 117
phone 0.0061 111 273 173 387
phone 0.0061 3 45 65 93
phone 0.0061 35 0 95 31
phone 0.0061 121 228 179 352
phone 0.0061 268 197 299 248
phone 0.0061 138 67 168 93
phone 0.0061 158 285 188 345
phone 0.0061 251 260 299 308
phone 0.0060 190 274 247 325
phone 0.0060 235 239 265 298
phone 0.0060 35 337 95 385
phone 0.0060 81 291 141 339
phone 0.0060 19 100 50 160
phone 0.0060 186 0 251 52
phone 0.0060 219 300 250 359
phone 0.0060 78 40 113 97
phone 0.0060 0 332 35 399
phone 0.0060 249 332 299 399
phone 0.0060 0 367 19 399
phone 0.0060 218 59 227 71
phone 0.0060 64 0 96 52
phone 0.0059 261 110 299 242
phone 0.0059 118 151 127 163
phone 0.0059 281 208 299 268
phone 0.0059 127 300 157 360
phone 0.0059 66 337 126 385
phone 0.0059 4 337 64 385
phone 0.0059 18 304 81 399
phone 0.0059 247 68 282 130
phone 0.0059 0 367 49 399
phone 0.0059 49 304 112 399
phone 0.0059 139 0 175 51
phone 0.0059 250 270 280 328
phone 0.0059 149 174 158 187
phone 0.0059 51 276 110 323
phone 0.0059 122 71 139 105
phone 0.0059 4 184 65 231
phone 0.0059 234 367 296 399
phone 0.0059 140 225 174 282
phone 0.0059 263 159 299 285
phone 0.0059 220 337 280 385
phone 0.0059 143 316 172 375
phone 0.0059 112 300 142 360
phone 0.0058 214 87 231 119
phone 0.0058 19 39 49 98
phone 0.0058 96 322 157 369
phone 0.0058 0 60 49 108
phone 0.0058 0 29 49 77
phone 0.0058 65 258 127 371
phone 0.0058 80 273 142 387
phone 0.0058 63 117 97 174
phone 0.0058 0 363 4 399
phone 0.0058 265 363 296 399
phone 0.0058 49 242 112 356
phone 0.0058 280 39 299 97
phone 0.0058 19 367 80 399
phone 0.0058 35 260 95 308
phone 0.0058 0 0 50 110
phone 0.0058 158 315 188 375
phone 0.0058 112 337 172 385
phone 0.0058 0 0 2 30
phone 0.0058 0 91 50 139
phone 0.0057 96 285 126 344
phone 0.0057 96 244 157 355
phone 0.0057 157 288 219 399
phone 0.0057 249 363 281 399
phone 0.0057 4 230 64 277
phone 0.0057 159 322 218 370
phone 0.0057 142 285 172 344
phone 0.0057 0 199 49 246
phone 0.0057 50 331 80 390
phone 0.0057 0 0 3 64
phone 0.0057 235 322 295 369
phone 0.0057 265 303 299 399
phone 0.0057 19 177 49 237
phone 0.0057 20 245 79 292
phone 0.0057 0 0 20 95
phone 0.0057 0 0 18 30
phone 0.0057 155 225 189 282
phone 0.0057 34 227 96 341
phone 0.0057 35 331 65 390
phone 0.0057 0 150 50 264
phone 0.0057 138 82 168 109
phone 0.0057 143 337 203 385
phone 0.0057 241 66 250 79
phone 0.0057 0 168 49 216
phone 0.0057 66 331 95 390
phone 0.0057 35 230 95 277
phone 0.0057 19 215 80 261
phone 0.0057 251 0 299 31
phone 0.0057 281 239 299 298
phone 0.0057 50 367 111 399
phone 0.0056 234 288 296 399
phone 0.0056 81 285 111 344
phone 0.0056 189 337 249 385
phone 0.0056 0 322 49 369
phone 0.0056 3 196 66 310
phone 0.0056 66 306 126 354
phone 0.0056 19 331 49 390
phone 0.0056 81 331 111 390
phone 0.0056 0 26 35 141
phone 0.0056 34 363 65 399
phone 0.0056 18 212 81 325
phone 0.0056 112 269 142 329
phone 0.0056 0 229 34 277
phone 0.0056 66 269 95 329
phone 0.0056 97 276 156 323
phone 0.0056 50 223 80 283
phone 0.0056 4 306 65 354
phone 0.0056 156 105 166 117
phone 0.0056 4 54 34 113
phone 0.0056 206 258 263 310
phone 0.0056 149 166 158 179
phone 0.0056 203 332 266 399
phone 0.0056 237 30 269 54
phone 0.0056 234 363 265 399
phone 0.0056 250 306 299 354
phone 0.0056 0 288 50 399
phone 0.0056 0 137 49 185
phone 0.0056 80 332 143 399
phone 0.0056 0 337 18 385
phone 0.0056 235 331 265 390
phone 0.0056 0 73 50 187
phone 0.0056 204 300 234 359
phone 0.0056 96 331 126 390
phone 0.0056 35 306 95 354
phone 0.0056 49 363 81 399
phone 0.0056 0 152 33 200
phone 0.0055 247 101 282 159
phone 0.0055 19 291 80 339
phone 0.0055 0 180 35 295
phone 0.0055 0 60 18 108
phone 0.0055 204 269 234 330
phone 0.0055 0 291 49 339
phone 0.0055 0 245 49 293
phone 0.0055 4 177 34 237
phone 0.0055 0 0 48 30
phone 0.0055 50 254 80 313
phone 0.0055 265 227 299 340
phone 0.0055 220 331 249 390
phone 0.0055 65 363 96 399
phone 0.0055 0 99 6 234
phone 0.0055 112 331 142 390
phone 0.0055 4 85 34 144
phone 0.0055 0 260 34 308
phone 0.0055 173 315 203 375
phone 0.0055 96 353 157 399
phone 0.0055 281 322 299 370
phone 0.0055 188 367 250 399
phone 0.0055 0 214 18 262
phone 0.0055 149 97 158 109
phone 0.0055 172 332 235 399
phone 0.0055 34 273 96 387
phone 0.0055 0 91 18 139
phone 0.0055 146 90 176 117
phone 0.0055 19 223 49 283
phone 0.0055 266 291 299 339
phone 0.0055 127 331 157 390
phone 0.0055 80 363 112 399
phone 0.0055 296 224 299 282
phone 0.0055 0 245 18 293
phone 0.0055 125 105 135 117
phone 0.0055 216 25 251 81
phone 0.0055 3 257 66 371
phone 0.0055 230 90 261 116
phone 0.0054 4 14 64 62
phone 0.0054 0 42 19 156
phone 0.0054 230 22 261 46
phone 0.0054 35 239 65 298
phone 0.0054 297 199 299 246
phone 0.0054 219 363 250 399
phone 0.0054 125 97 135 109
phone 0.0054 0 226 35 341
phone 0.0054 0 0 34 64
phone 0.0054 156 66 166 79
phone 0.0054 157 367 219 399
phone 0.0054 0 337 3 385
phone 0.0054 35 0 64 37
phone 0.0054 250 316 280 375
phone 0.0054 0 122 18 170
phone 0.0054 4 276 64 323
phone 0.0054 0 275 18 323
phone 0.0054 0 183 18 231
phone 0.0054 0 103 35 218
phone 0.0054 0 166 7 292
phone 0.0054 96 363 127 399
phone 0.0054 19 0 80 46
phone 0.0054 0 165 19 279
phone 0.0054 4 208 34 267
phone 0.0054 0 106 33 154
phone 0.0054 0 30 3 77
phone 0.0054 0 211 19 326
phone 0.0054 149 129 196 193
phone 0.0054 111 367 173 399
phone 0.0054 281 276 299 323
phone 0.0054 144 63 162 97
phone 0.0054 235 0 264 37
phone 0.0054 138 205 168 232
phone 0.0054 4 131 34 190
phone 0.0054 280 147 299 205
phone 0.0054 204 331 234 390
phone 0.0054 0 304 4 399
phone 0.0054 295 166 299 278
phone 0.0054 4 316 34 375
phone 0.0054 127 353 188 399
phone 0.0054 51 245 110 292
phone 0.0054 0 88 19 202
phone 0.0054 266 0 299 46
phone 0.0054 214 15 246 38
phone 0.0053 280 273 299 387
phone 0.0053 203 363 235 399
phone 0.0053 0 199 3 246
phone 0.0053 0 60 3 108
phone 0.0053 0 306 18 354
phone 0.0053 0 288 19 399
phone 0.0053 19 300 49 359
phone 0.0053 111 363 142 399
phone 0.0053 0 230 3 277
phone 0.0053 188 363 219 399
phone 0.0053 35 300 65 359
phone 0.0053 115 167 145 194
phone 0.0053 0 260 3 308
phone 0.0053 0 12 4 125
phone 0.0053 133 66 143 78
phone 0.0053 0 168 3 216
phone 0.0053 50 300 80 359
phone 0.0053 296 0 299 64
phone 0.0053 173 363 204 399
phone 0.0053 20 0 49 37
phone 0.0053 296 316 299 375
phone 0.0053 0 196 4 310
phone 0.0053 126 363 158 399
phone 0.0052 66 300 95 359
phone 0.0052 189 331 218 390
phone 0.0052 0 150 4 263
phone 0.0052 0 91 3 139
phone 0.0052 0 291 3 339
phone 0.0052 157 363 188 399
phone 0.0052 142 363 173 399
phone 0.0052 194 83 242 147
phone 0.0052 0 137 3 185
phone 0.0052 35 270 65 329
phone 0.0052 0 242 4 356
phone 0.0052 219 254 249 314
phone 0.0052 245 26 262 57
phone 0.0052 297 184 299 231
phone 0.0052 19 8 50 67
phone 0.0052 0 58 4 171
phone 0.0052 222 11 239 42
phone 0.0052 296 254 299 313
phone 0.0052 296 285 299 344
phone 0.0052 19 270 49 329
phone 0.0051 282 0 299 31
phone 0.0051 92 0 129 37
phone 0.0051 226 20 235 33
phone 0.0051 280 178 299 236
phone 0.0051 297 0 299 31
phone 0.0051 144 78 162 113
phone 0.0051 174 291 232 338
phone 0.0050 188 300 219 359
phone 0.0050 237 18 254 50
phone 0.0050 237 86 254 120
phone 0.0050 295 273 299 386
phone 0.0050 152 86 170 120
