phone 0.9341 128 193 258 327
phone 0.1205 70 198 204 325
phone 0.1087 67 185 264 387
phone 0.0493 101 239 219 387
phone 0.0440 76 284 196 399
phone 0.0420 84 11 184 147
phone 0.0410 81 19 241 200
phone 0.0406 49 177 152 292
phone 0.0391 139 151 245 275
phone 0.0379 77 77 185 208
phone 0.0354 166 227 230 310
phone 0.0324 21 131 244 331
phone 0.0322 72 147 189 268
phone 0.0311 90 333 183 390
phone 0.0310 0 0 89 160
phone 0.0304 48 105 143 237
phone 0.0252 169 237 257 332
phone 0.0252 28 0 110 124
phone 0.0249 19 68 117 208
phone 0.0238 73 221 169 378
phone 0.0233 41 39 155 182
phone 0.0232 166 211 319 358
phone 0.0230 111 308 192 383
phone 0.0225 80 309 162 382
phone 0.0223 22 183 127 324
phone 0.0220 115 229 219 310
phone 0.0220 141 290 240 399
phone 0.0216 113 112 210 241
phone 0.0195 13 264 127 399
phone 0.0185 118 333 154 389
phone 0.0179 12 9 185 266
phone 0.0175 145 120 293 299
phone 0.0170 60 0 146 122
phone 0.0167 129 325 205 397
phone 0.0165 68 225 143 312
phone 0.0163 133 332 170 390
phone 0.0162 179 178 313 298
phone 0.0153 81 211 161 296
phone 0.0151 97 224 175 314
phone 0.0149 0 44 58 168
phone 0.0147 178 75 273 205
phone 0.0145 19 125 117 275
phone 0.0144 144 44 239 174
phone 0.0143 103 332 138 390
phone 0.0140 0 163 86 295
phone 0.0138 15 218 105 350
phone 0.0137 56 55 267 283
phone 0.0136 0 106 51 231
phone 0.0135 67 328 144 394
phone 0.0133 198 291 302 399
phone 0.0132 151 214 215 293
phone 0.0130 208 57 306 224
phone 0.0129 148 98 248 348
phone 0.0126 114 0 209 119
phone 0.0125 36 233 114 304
phone 0.0124 54 295 126 365
phone 0.0119 50 250 130 318
phone 0.0114 0 79 98 256
phone 0.0113 240 327 310 399
phone 0.0111 181 249 276 381
phone 0.0111 232 91 319 255
phone 0.0111 180 319 262 399
phone 0.0110 28 8 91 68
phone 0.0109 0 195 53 311
phone 0.0109 24 249 95 319
phone 0.0109 242 235 319 364
phone 0.0108 87 317 123 374
phone 0.0108 12 17 77 90
phone 0.0108 126 191 208 286
phone 0.0108 85 252 157 347
phone 0.0107 150 346 184 399
phone 0.0106 39 264 110 335
phone 0.0105 24 217 95 290
phone 0.0104 196 257 292 311
phone 0.0103 5 255 84 374
phone 0.0101 225 347 294 399
phone 0.0101 246 365 303 399
phone 0.0101 188 270 269 329
phone 0.0099 0 83 48 146
phone 0.0099 0 7 48 129
phone 0.0099 0 330 1 399
phone 0.0098 260 202 319 335
phone 0.0098 94 276 125 300
phone 0.0097 5 180 193 399
phone 0.0097 36 202 113 274
phone 0.0096 73 302 107 359
phone 0.0095 101 272 118 304
phone 0.0095 86 359 156 399
phone 0.0094 85 223 125 283
phone 0.0094 98 269 174 361
phone 0.0094 24 282 96 347
phone 0.0094 0 141 9 261
phone 0.0093 0 170 61 244
phone 0.0093 221 233 298 304
phone 0.0093 0 32 62 105
phone 0.0093 27 24 61 82
phone 0.0093 190 251 236 317
phone 0.0092 82 117 160 175
phone 0.0092 272 272 319 374
phone 0.0092 55 346 126 399
phone 0.0090 160 252 205 316
phone 0.0090 20 192 99 254
phone 0.0090 43 327 108 399
phone 0.0090 243 155 319 290
phone 0.0089 101 50 173 179
phone 0.0089 107 80 166 149
phone 0.0088 210 360 279 399
phone 0.0088 62 9 119 68
phone 0.0088 9 234 80 303
phone 0.0086 105 282 114 294
phone 0.0086 149 359 217 399
phone 0.0086 0 61 146 335
phone 0.0086 255 299 319 361
phone 0.0086 42 255 76 313
phone 0.0086 91 16 152 90
phone 0.0085 9 203 79 273
phone 0.0085 71 240 109 297
phone 0.0085 0 226 49 281
phone 0.0085 68 274 143 356
phone 0.0085 57 256 92 312
phone 0.0084 118 357 185 399
phone 0.0084 195 270 231 329
phone 0.0084 0 46 10 170
phone 0.0084 125 262 209 338
phone 0.0083 26 319 94 372
phone 0.0083 54 68 127 131
phone 0.0082 0 70 30 128
phone 0.0082 68 85 144 145
phone 0.0082 100 237 142 300
phone 0.0082 271 251 319 317
phone 0.0082 165 348 199 399
phone 0.0081 104 7 138 68
phone 0.0081 253 268 319 331
phone 0.0081 179 280 248 350
phone 0.0080 0 117 49 174
phone 0.0080 119 363 153 399
phone 0.0079 12 178 45 236
phone 0.0079 298 166 319 301
phone 0.0079 12 39 45 98
phone 0.0079 61 0 119 31
phone 0.0079 72 271 108 328
phone 0.0079 270 220 319 286
phone 0.0078 68 129 143 193
phone 0.0078 69 54 143 114
phone 0.0078 0 39 29 98
phone 0.0078 0 255 65 313
phone 0.0078 0 101 29 159
phone 0.0077 178 360 249 399
phone 0.0077 206 285 282 345
phone 0.0077 43 286 76 344
phone 0.0077 136 145 198 208
phone 0.0077 293 287 319 343
phone 0.0077 211 272 245 327
phone 0.0077 0 208 29 267
phone 0.0077 194 296 264 364
phone 0.0076 120 70 153 129
phone 0.0076 284 234 319 364
phone 0.0076 13 305 76 355
phone 0.0076 41 225 77 282
phone 0.0076 118 36 186 101
phone 0.0076 128 290 206 371
phone 0.0076 76 0 106 37
phone 0.0076 0 20 13 134
phone 0.0075 104 118 138 173
phone 0.0075 304 126 319 279
phone 0.0075 56 225 93 282
phone 0.0075 206 329 283 393
phone 0.0074 226 258 261 310
phone 0.0074 24 34 95 103
phone 0.0074 73 332 107 390
phone 0.0074 58 286 92 343
phone 0.0074 27 270 60 328
phone 0.0074 104 124 169 198
phone 0.0074 54 96 127 165
phone 0.0074 74 362 107 399
phone 0.0074 58 316 91 375
phone 0.0074 38 52 112 117
phone 0.0074 199 151 259 202
phone 0.0074 197 116 261 236
phone 0.0074 37 174 113 240
phone 0.0074 245 151 305 201
phone 0.0074 143 237 191 300
phone 0.0074 0 129 65 192
phone 0.0074 106 0 167 47
phone 0.0073 260 347 290 399
phone 0.0073 42 25 76 82
phone 0.0073 119 116 153 174
phone 0.0073 86 254 125 314
phone 0.0073 59 346 90 399
phone 0.0073 0 27 44 79
phone 0.0073 272 189 319 256
phone 0.0072 44 316 75 375
phone 0.0072 124 9 180 67
phone 0.0072 0 0 1 99
phone 0.0072 0 239 29 298
phone 0.0071 27 224 61 282
phone 0.0071 213 147 245 205
phone 0.0071 84 143 158 210
phone 0.0071 38 81 111 149
phone 0.0071 52 40 128 98
phone 0.0071 179 269 217 330
phone 0.0071 7 113 81 178
phone 0.0071 7 67 82 132
phone 0.0071 21 160 98 224
phone 0.0071 222 314 297 378
phone 0.0071 0 184 30 230
phone 0.0070 0 98 65 163
phone 0.0070 9 142 79 210
phone 0.0070 306 300 319 360
phone 0.0070 36 113 114 178
phone 0.0070 260 147 291 205
phone 0.0070 251 238 319 300
phone 0.0070 284 129 319 279
phone 0.0070 98 172 175 243
phone 0.0070 89 25 122 82
phone 0.0070 148 317 186 374
phone 0.0070 86 66 156 132
phone 0.0070 0 166 44 218
phone 0.0069 60 0 90 37
phone 0.0069 273 286 307 343
phone 0.0069 229 147 260 205
phone 0.0069 244 147 275 205
phone 0.0069 29 367 90 399
phone 0.0069 0 177 14 237
phone 0.0069 29 300 60 360
phone 0.0069 42 195 76 250
phone 0.0068 88 118 122 173
phone 0.0068 253 205 319 271
phone 0.0068 223 266 296 333
phone 0.0068 198 147 229 205
phone 0.0067 88 71 122 127
phone 0.0067 151 132 183 189
phone 0.0067 0 135 29 248
phone 0.0067 167 114 230 238
phone 0.0067 37 144 113 209
phone 0.0067 274 316 306 375
phone 0.0067 73 71 107 128
phone 0.0067 169 150 227 203
phone 0.0067 290 238 319 299
phone 0.0067 44 362 75 399
phone 0.0067 305 270 319 328
phone 0.0066 291 208 319 268
phone 0.0066 240 172 309 243
phone 0.0066 230 29 289 77
phone 0.0066 69 170 142 245
phone 0.0066 57 195 92 250
phone 0.0066 242 333 276 389
phone 0.0066 12 239 45 298
phone 0.0066 14 289 75 399
phone 0.0066 153 14 212 62
phone 0.0066 138 285 227 345
phone 0.0066 70 208 110 268
phone 0.0066 13 338 75 384
phone 0.0066 262 161 318 223
phone 0.0066 89 362 122 399
phone 0.0066 229 0 291 110
phone 0.0066 54 156 126 227
phone 0.0066 22 128 97 194
phone 0.0066 153 136 212 186
phone 0.0065 212 363 245 399
phone 0.0065 245 45 305 93
phone 0.0065 199 30 259 77
phone 0.0065 104 87 138 143
phone 0.0065 124 113 179 178
phone 0.0065 29 331 59 391
phone 0.0065 0 8 29 67
phone 0.0065 241 241 277 297
phone 0.0064 135 40 168 97
phone 0.0064 261 335 319 387
phone 0.0064 198 0 260 110
phone 0.0064 214 45 274 92
phone 0.0064 275 147 306 205
phone 0.0064 167 9 199 67
phone 0.0064 258 317 292 374
phone 0.0064 181 363 215 399
phone 0.0063 167 132 198 189
phone 0.0063 227 287 261 343
phone 0.0063 150 88 215 203
phone 0.0063 245 23 275 83
phone 0.0063 196 363 230 399
phone 0.0063 211 301 246 359
phone 0.0063 132 164 202 251
phone 0.0063 119 24 153 83
phone 0.0063 260 60 319 108
phone 0.0063 259 11 319 125
phone 0.0062 0 254 13 314
phone 0.0062 168 29 228 77
phone 0.0062 304 225 319 282
phone 0.0062 12 209 46 267
phone 0.0062 230 23 259 82
phone 0.0062 260 39 290 98
phone 0.0062 26 194 61 251
phone 0.0062 0 0 61 46
phone 0.0062 83 182 159 264
phone 0.0062 260 29 319 77
phone 0.0062 229 60 290 108
phone 0.0062 214 23 244 82
phone 0.0061 46 0 103 50
phone 0.0061 292 167 319 217
phone 0.0061 165 0 231 111
phone 0.0061 276 91 319 139
phone 0.0061 117 154 186 230
phone 0.0061 29 362 60 399
phone 0.0061 0 291 59 339
phone 0.0061 0 242 44 356
phone 0.0061 275 363 306 399
phone 0.0061 13 270 44 329
phone 0.0061 153 91 212 139
phone 0.0060 275 137 319 185
phone 0.0060 275 58 319 171
phone 0.0060 273 178 307 236
phone 0.0060 13 0 44 51
phone 0.0060 245 76 305 123
phone 0.0060 22 96 97 164
phone 0.0060 276 39 305 98
phone 0.0060 196 301 230 359
phone 0.0060 183 23 213 82
phone 0.0060 0 86 1 205
phone 0.0060 274 104 319 218
phone 0.0060 291 122 319 169
phone 0.0059 57 71 92 128
phone 0.0059 306 162 319 221
phone 0.0059 231 159 288 224
phone 0.0059 258 286 292 344
phone 0.0059 0 153 29 199
phone 0.0059 244 42 306 156
phone 0.0059 0 223 13 283
phone 0.0059 73 25 107 82
phone 0.0059 199 23 229 82
phone 0.0059 115 254 157 315
phone 0.0059 305 194 319 251
phone 0.0059 0 195 5 328
phone 0.0059 28 0 60 52
phone 0.0059 0 269 29 330
phone 0.0059 227 333 261 389
phone 0.0059 276 69 305 129
phone 0.0059 27 147 61 205
phone 0.0059 183 137 244 185
phone 0.0059 136 0 168 51
phone 0.0059 57 25 92 81
phone 0.0058 258 255 292 313
phone 0.0058 168 85 198 144
phone 0.0058 0 146 13 206
phone 0.0058 0 367 59 399
phone 0.0058 214 137 275 185
phone 0.0058 42 56 76 112
phone 0.0058 0 84 14 145
phone 0.0058 0 0 18 100
phone 0.0058 0 39 1 159
phone 0.0058 12 147 45 205
phone 0.0058 215 14 274 62
phone 0.0058 245 54 275 113
phone 0.0058 0 270 1 390
phone 0.0058 73 102 107 158
phone 0.0058 291 69 319 129
phone 0.0058 0 323 59 369
phone 0.0058 124 87 179 142
phone 0.0058 115 223 157 284
phone 0.0058 0 332 30 399
phone 0.0058 27 71 61 128
phone 0.0058 115 300 157 360
phone 0.0057 211 332 245 389
phone 0.0057 303 219 319 349
phone 0.0057 27 117 61 174
phone 0.0057 184 14 243 62
phone 0.0057 306 116 319 175
phone 0.0057 213 27 276 140
phone 0.0057 103 148 138 204
phone 0.0057 228 103 291 218
phone 0.0057 260 70 290 129
phone 0.0057 136 100 168 159
phone 0.0057 13 362 45 399
phone 0.0057 242 271 276 328
phone 0.0057 104 39 138 98
phone 0.0057 14 316 44 375
phone 0.0057 168 122 228 169
phone 0.0057 165 318 200 373
phone 0.0057 94 44 125 70
phone 0.0057 139 59 195 109
phone 0.0056 291 39 319 98
phone 0.0056 199 122 259 169
phone 0.0056 291 316 319 375
phone 0.0056 0 0 7 63
phone 0.0056 57 102 92 158
phone 0.0056 0 363 14 399
phone 0.0056 183 45 244 92
phone 0.0056 309 258 319 310
phone 0.0056 260 107 319 154
phone 0.0056 306 85 319 144
phone 0.0056 100 269 142 330
phone 0.0056 42 164 76 220
phone 0.0056 307 367 319 399
phone 0.0056 183 132 213 190
phone 0.0056 304 333 319 399
phone 0.0056 0 131 1 251
phone 0.0055 169 0 228 30
phone 0.0055 245 122 305 169
phone 0.0055 257 179 292 235
phone 0.0055 149 163 185 220
phone 0.0055 229 54 259 113
phone 0.0055 0 115 14 176
phone 0.0055 76 0 136 47
phone 0.0055 14 0 74 33
phone 0.0055 276 116 306 175
phone 0.0055 108 271 126 304
phone 0.0055 245 14 305 62
phone 0.0055 0 337 13 385
phone 0.0055 0 61 14 107
phone 0.0055 57 164 92 220
phone 0.0054 0 178 1 298
phone 0.0054 306 23 319 83
phone 0.0054 291 0 319 30
phone 0.0054 273 210 307 266
phone 0.0054 88 148 123 205
phone 0.0054 291 367 319 399
phone 0.0054 307 54 319 113
phone 0.0054 183 106 243 154
phone 0.0054 307 0 319 30
phone 0.0054 199 116 229 175
phone 0.0054 242 302 276 358
phone 0.0054 91 0 121 37
phone 0.0054 178 214 248 293
phone 0.0054 214 116 244 175
phone 0.0053 153 54 182 114
phone 0.0053 199 0 259 46
phone 0.0053 0 64 28 218
phone 0.0053 72 178 108 236
phone 0.0053 0 224 1 344
phone 0.0053 218 202 301 274
phone 0.0053 275 0 319 64
phone 0.0053 11 70 45 128
phone 0.0053 198 0 229 51
phone 0.0053 0 30 14 77
phone 0.0053 86 286 125 343
phone 0.0053 198 61 259 107
phone 0.0053 57 133 92 189
phone 0.0053 0 307 44 353
phone 0.0053 260 116 290 175
phone 0.0053 184 0 213 37
phone 0.0053 233 244 263 270
phone 0.0053 229 116 259 175
phone 0.0052 168 76 228 123
phone 0.0052 0 289 14 399
phone 0.0052 214 0 244 51
phone 0.0052 42 133 76 189
phone 0.0052 0 0 12 30
phone 0.0052 214 106 274 154
phone 0.0052 183 100 213 159
phone 0.0052 73 133 107 189
phone 0.0052 134 36 201 162
phone 0.0052 245 116 275 175
phone 0.0052 239 241 257 273
phone 0.0052 262 338 295 361
phone 0.0052 180 333 215 388
phone 0.0052 312 327 319 399
phone 0.0052 101 40 118 74
phone 0.0052 229 0 290 46
phone 0.0051 87 90 117 117
phone 0.0051 196 333 230 389
phone 0.0051 229 0 259 51
phone 0.0051 286 284 318 307
phone 0.0051 271 334 286 365
phone 0.0051 122 0 181 30
phone 0.0051 119 164 154 220
phone 0.0051 0 289 45 399
phone 0.0051 259 8 291 67
phone 0.0051 0 46 2 69
phone 0.0051 215 0 274 31
phone 0.0051 214 76 275 123
phone 0.0051 0 307 13 354
phone 0.0051 134 132 169 190
phone 0.0051 183 70 213 128
phone 0.0051 152 151 213 233
phone 0.0051 229 91 290 138
phone 0.0050 244 0 275 51
phone 0.0050 199 91 259 139
phone 0.0050 228 58 291 171
phone 0.0050 214 54 244 113
phone 0.0050 245 0 305 30
phone 0.0050 197 58 260 171
