phone 0.9380 106 18 292 374
phone 0.1558 118 79 236 315
phone 0.1211 163 80 278 309
phone 0.0915 139 33 307 247
phone 0.0858 32 89 127 307
phone 0.0758 107 207 242 366
phone 0.0636 56 184 158 339
phone 0.0592 96 185 201 340
phone 0.0590 92 110 204 282
phone 0.0541 120 29 218 129
phone 0.0535 40 201 119 372
phone 0.0489 110 259 185 370
phone 0.0480 59 81 153 250
phone 0.0476 148 161 304 357
phone 0.0463 95 52 202 215
phone 0.0438 122 305 221 383
phone 0.0410 37 135 251 373
phone 0.0410 175 304 289 383
phone 0.0355 197 109 302 286
phone 0.0336 198 260 308 371
phone 0.0334 131 259 269 374
phone 0.0310 146 50 238 205
phone 0.0305 7 136 102 320
phone 0.0264 273 163 376 290
phone 0.0263 206 57 300 197
phone 0.0244 124 33 265 172
phone 0.0241 213 15 304 139
phone 0.0229 59 10 232 261
phone 0.0229 72 257 147 373
phone 0.0228 3 124 153 387
phone 0.0225 273 230 374 345
phone 0.0221 127 72 195 152
phone 0.0221 17 207 90 367
phone 0.0212 59 12 160 134
phone 0.0211 169 24 286 130
phone 0.0210 233 182 348 337
phone 0.0206 246 5 339 143
phone 0.0200 157 9 245 96
phone 0.0200 133 147 220 291
phone 0.0196 4 99 98 235
phone 0.0194 188 3 277 98
phone 0.0193 117 51 174 142
phone 0.0184 219 71 287 153
phone 0.0181 235 90 302 164
phone 0.0172 128 103 194 182
phone 0.0159 225 89 312 227
phone 0.0155 115 197 176 273
phone 0.0155 102 8 182 90
phone 0.0154 157 67 226 157
phone 0.0152 93 169 169 300
phone 0.0150 114 167 177 242
phone 0.0145 157 179 227 260
phone 0.0144 280 69 369 201
phone 0.0143 243 123 337 273
phone 0.0141 218 275 288 349
phone 0.0141 96 67 165 126
phone 0.0138 116 234 176 329
phone 0.0137 281 10 368 136
phone 0.0137 98 245 163 317
phone 0.0136 236 255 342 378
phone 0.0135 50 230 118 302
phone 0.0133 137 88 216 167
phone 0.0133 126 185 196 254
phone 0.0132 217 102 289 184
phone 0.0132 219 134 287 213
phone 0.0132 117 91 174 194
phone 0.0131 199 86 378 245
phone 0.0130 166 279 248 346
phone 0.0129 142 81 180 143
phone 0.0128 125 290 197 365
phone 0.0126 126 138 196 209
phone 0.0125 28 35 125 173
phone 0.0124 64 294 166 393
phone 0.0123 156 115 227 201
phone 0.0123 236 121 301 195
phone 0.0123 48 299 106 391
phone 0.0122 184 137 261 210
phone 0.0122 99 151 161 226
phone 0.0121 250 97 287 157
phone 0.0120 98 276 163 348
phone 0.0119 128 50 163 111
phone 0.0118 36 139 102 208
phone 0.0117 198 90 277 165
phone 0.0117 128 209 194 292
phone 0.0117 182 297 263 357
phone 0.0117 49 260 118 333
phone 0.0116 126 216 335 393
phone 0.0115 128 189 163 250
phone 0.0114 217 195 289 275
phone 0.0114 170 99 244 187
phone 0.0113 142 113 179 173
phone 0.0113 49 200 119 270
phone 0.0112 269 263 330 330
phone 0.0112 113 205 147 265
phone 0.0110 199 122 276 194
phone 0.0110 126 79 165 144
phone 0.0110 136 275 216 349
phone 0.0110 261 93 339 222
phone 0.0109 186 181 258 258
phone 0.0108 215 243 291 320
phone 0.0108 145 323 238 393
phone 0.0108 187 59 258 134
phone 0.0108 234 81 272 142
phone 0.0107 113 236 147 295
phone 0.0107 237 62 300 131
phone 0.0106 169 166 245 242
phone 0.0106 114 51 146 111
phone 0.0106 38 0 300 173
phone 0.0105 233 231 304 300
phone 0.0105 128 219 163 281
phone 0.0105 269 156 330 221
phone 0.0104 156 44 227 118
phone 0.0104 200 153 276 225
phone 0.0104 53 150 116 227
phone 0.0104 210 322 297 393
phone 0.0104 267 67 332 125
phone 0.0104 0 43 55 163
phone 0.0103 113 267 147 326
phone 0.0103 181 261 263 332
phone 0.0103 113 174 147 234
phone 0.0102 220 162 286 246
phone 0.0102 179 110 399 344
phone 0.0102 0 187 52 330
phone 0.0101 143 190 178 248
phone 0.0101 10 281 97 393
phone 0.0101 52 144 85 202
phone 0.0101 221 168 316 301
phone 0.0099 66 237 101 295
phone 0.0098 80 190 149 249
phone 0.0098 0 230 68 362
phone 0.0097 127 265 164 328
phone 0.0097 0 326 41 393
phone 0.0097 235 283 271 341
phone 0.0096 98 122 163 194
phone 0.0095 97 94 164 161
phone 0.0095 0 0 39 64
phone 0.0095 268 128 331 188
phone 0.0094 200 209 276 292
phone 0.0094 127 158 164 220
phone 0.0093 155 222 228 309
phone 0.0093 143 144 178 202
phone 0.0093 103 322 189 393
phone 0.0092 55 120 114 195
phone 0.0092 114 82 146 141
phone 0.0092 128 296 163 358
phone 0.0092 236 65 331 189
phone 0.0091 19 171 87 237
phone 0.0091 79 221 150 280
phone 0.0091 65 343 135 393
phone 0.0090 159 300 193 355
phone 0.0090 34 246 104 316
phone 0.0090 143 51 179 111
phone 0.0090 284 51 315 110
phone 0.0090 205 300 239 355
phone 0.0089 250 324 319 393
phone 0.0089 189 299 224 355
phone 0.0089 173 190 210 250
phone 0.0089 238 358 299 393
phone 0.0089 267 96 333 158
phone 0.0088 143 298 179 357
phone 0.0088 113 143 147 203
phone 0.0088 269 184 330 255
phone 0.0087 281 280 311 306
phone 0.0087 77 269 152 324
phone 0.0087 283 251 316 311
phone 0.0087 317 57 375 105
phone 0.0087 76 330 154 386
phone 0.0086 283 82 316 141
phone 0.0086 231 264 306 329
phone 0.0086 63 248 136 314
phone 0.0086 66 267 101 325
phone 0.0086 234 155 303 222
phone 0.0086 34 277 104 347
phone 0.0086 283 144 316 203
phone 0.0086 76 50 153 172
phone 0.0086 234 144 272 203
phone 0.0086 66 206 101 264
phone 0.0086 220 283 256 341
phone 0.0086 250 128 287 187
phone 0.0085 169 194 245 276
phone 0.0085 81 358 149 393
phone 0.0085 287 103 342 182
phone 0.0085 0 0 36 29
phone 0.0085 283 282 316 342
phone 0.0084 157 82 196 141
phone 0.0084 158 174 195 234
phone 0.0084 331 51 361 110
phone 0.0084 312 37 379 156
phone 0.0084 171 81 212 143
phone 0.0084 156 357 228 393
phone 0.0084 283 174 316 234
phone 0.0083 269 234 330 297
phone 0.0083 270 293 330 361
phone 0.0083 187 357 258 393
phone 0.0083 167 240 247 323
phone 0.0083 283 113 316 172
phone 0.0083 287 70 343 153
phone 0.0082 52 357 116 393
phone 0.0082 119 334 150 359
phone 0.0082 127 356 195 393
phone 0.0082 36 211 102 289
phone 0.0082 302 68 359 124
phone 0.0082 0 129 52 266
phone 0.0082 114 113 147 172
phone 0.0081 142 220 179 280
phone 0.0081 184 223 261 309
phone 0.0081 247 223 321 278
phone 0.0080 119 226 149 252
phone 0.0080 66 159 102 218
phone 0.0080 316 319 375 366
phone 0.0080 18 313 90 372
phone 0.0080 126 110 165 175
phone 0.0080 219 83 256 141
phone 0.0080 76 301 154 354
phone 0.0080 282 297 348 393
phone 0.0080 0 363 36 393
phone 0.0079 171 112 212 173
phone 0.0079 70 0 148 89
phone 0.0079 219 145 256 202
phone 0.0079 314 285 378 393
phone 0.0079 126 330 143 363
phone 0.0079 36 175 70 233
phone 0.0079 362 0 399 31
phone 0.0079 287 276 305 310
phone 0.0079 313 115 378 231
phone 0.0078 249 253 320 309
phone 0.0078 98 176 131 233
phone 0.0078 174 300 209 354
phone 0.0078 234 113 272 173
phone 0.0078 62 281 137 343
phone 0.0077 1 27 93 186
phone 0.0077 138 239 215 323
phone 0.0077 98 206 131 263
phone 0.0077 204 145 241 202
phone 0.0077 252 344 285 393
phone 0.0077 301 334 360 382
phone 0.0076 38 179 99 260
phone 0.0076 331 313 361 372
phone 0.0076 66 141 133 205
phone 0.0075 113 298 147 356
phone 0.0075 138 0 205 75
phone 0.0075 225 47 281 115
phone 0.0075 317 150 374 197
phone 0.0075 283 205 316 264
phone 0.0075 151 256 232 337
phone 0.0075 0 264 58 328
phone 0.0075 250 237 286 294
phone 0.0074 317 226 375 275
phone 0.0074 3 234 73 298
phone 0.0074 52 268 85 325
phone 0.0074 204 68 241 125
phone 0.0074 330 144 361 202
phone 0.0074 316 328 345 387
phone 0.0074 173 159 210 218
phone 0.0074 314 193 378 307
phone 0.0074 98 253 131 309
phone 0.0074 18 201 89 269
phone 0.0074 125 222 143 256
phone 0.0073 83 85 146 139
phone 0.0073 252 51 285 110
phone 0.0073 158 52 195 110
phone 0.0073 3 297 73 358
phone 0.0073 0 260 48 393
phone 0.0073 273 287 303 313
phone 0.0073 270 40 329 92
phone 0.0072 204 191 241 248
phone 0.0072 316 288 375 336
phone 0.0072 317 195 375 244
phone 0.0072 173 52 210 110
phone 0.0071 98 330 131 386
phone 0.0071 65 171 134 237
phone 0.0071 189 52 225 110
phone 0.0071 288 287 318 313
phone 0.0071 62 312 137 374
phone 0.0071 288 137 342 209
phone 0.0070 246 285 322 339
phone 0.0070 332 88 390 136
phone 0.0070 158 144 194 202
phone 0.0070 236 345 270 393
phone 0.0070 157 114 195 171
phone 0.0070 69 94 130 160
phone 0.0070 129 340 139 353
phone 0.0070 0 219 57 281
phone 0.0070 117 30 174 102
phone 0.0070 331 220 361 280
phone 0.0069 316 257 375 305
phone 0.0069 234 205 272 264
phone 0.0069 150 341 180 367
phone 0.0069 51 236 86 295
phone 0.0069 88 102 118 129
phone 0.0069 300 328 331 388
phone 0.0069 144 329 178 386
phone 0.0069 4 191 72 248
phone 0.0068 291 286 300 299
phone 0.0068 144 360 178 393
phone 0.0068 52 329 85 387
phone 0.0068 331 190 361 249
phone 0.0068 269 344 299 393
phone 0.0068 346 82 377 141
phone 0.0068 279 275 297 310
phone 0.0068 159 21 194 79
phone 0.0068 67 298 101 356
phone 0.0068 175 360 208 393
phone 0.0068 315 51 346 110
phone 0.0068 234 174 272 234
phone 0.0068 236 313 270 372
phone 0.0068 82 329 116 386
phone 0.0068 131 0 192 121
phone 0.0068 141 266 181 327
phone 0.0068 331 282 361 341
phone 0.0068 37 314 70 371
phone 0.0067 206 360 239 393
phone 0.0067 159 360 193 393
phone 0.0067 119 249 149 275
phone 0.0067 85 57 145 105
phone 0.0066 234 252 272 310
phone 0.0066 111 110 141 136
phone 0.0066 67 113 101 172
phone 0.0066 267 222 300 279
phone 0.0066 17 263 90 329
phone 0.0066 156 337 174 371
phone 0.0066 331 251 361 310
phone 0.0066 251 160 286 217
phone 0.0066 205 329 239 386
phone 0.0066 159 330 193 386
phone 0.0066 0 280 41 344
phone 0.0065 157 204 196 266
phone 0.0065 52 298 85 356
phone 0.0065 98 300 131 355
phone 0.0065 149 337 166 371
phone 0.0065 233 187 304 252
phone 0.0065 220 303 365 393
phone 0.0065 188 175 226 233
phone 0.0065 51 190 86 249
phone 0.0065 21 237 55 294
phone 0.0065 249 114 319 171
phone 0.0065 295 283 312 317
phone 0.0065 221 360 255 393
phone 0.0065 316 27 376 74
phone 0.0065 267 314 300 371
phone 0.0065 82 253 117 309
phone 0.0065 5 252 39 310
phone 0.0065 190 360 224 393
phone 0.0064 314 0 378 107
phone 0.0064 288 247 342 314
phone 0.0064 248 83 320 141
phone 0.0064 249 146 319 201
phone 0.0064 23 364 83 393
phone 0.0064 288 47 342 114
phone 0.0064 316 350 376 393
phone 0.0064 361 241 399 290
phone 0.0064 36 206 70 263
phone 0.0064 233 311 304 375
phone 0.0064 204 268 241 325
phone 0.0064 346 51 376 110
phone 0.0064 129 233 139 245
phone 0.0064 363 209 399 322
phone 0.0064 302 302 359 352
phone 0.0063 361 272 399 321
phone 0.0063 361 210 399 259
phone 0.0063 95 99 112 133
phone 0.0063 286 25 344 75
phone 0.0063 99 51 131 110
phone 0.0063 187 128 227 188
phone 0.0063 38 359 69 393
phone 0.0063 129 359 162 393
phone 0.0063 23 73 84 120
phone 0.0063 172 221 211 280
phone 0.0063 363 163 399 275
phone 0.0063 39 80 99 205
phone 0.0063 251 268 286 324
phone 0.0063 219 114 257 171
phone 0.0063 331 20 361 79
phone 0.0063 221 52 255 110
phone 0.0063 208 26 268 75
phone 0.0063 331 42 391 89
phone 0.0062 291 294 300 306
phone 0.0062 98 145 131 202
phone 0.0062 331 364 392 393
phone 0.0062 82 161 116 217
phone 0.0062 285 349 344 393
phone 0.0062 360 180 399 228
phone 0.0062 247 177 321 232
phone 0.0062 330 329 393 393
phone 0.0062 273 179 303 206
phone 0.0062 268 52 300 110
phone 0.0062 302 115 358 169
phone 0.0062 203 113 241 172
phone 0.0062 258 310 287 337
phone 0.0062 96 110 126 137
phone 0.0062 330 101 393 214
phone 0.0062 300 20 330 79
phone 0.0061 315 297 346 357
phone 0.0061 363 255 399 368
phone 0.0061 39 57 99 105
phone 0.0061 174 330 209 386
phone 0.0061 331 343 361 393
phone 0.0061 288 217 342 283
phone 0.0061 331 135 391 181
phone 0.0061 178 10 237 60
phone 0.0061 281 226 311 252
phone 0.0061 301 42 360 90
phone 0.0061 125 245 143 279
phone 0.0061 134 295 165 321
phone 0.0061 118 330 135 363
phone 0.0061 0 0 162 281
phone 0.0061 346 359 377 393
phone 0.0061 134 341 165 367
phone 0.0060 37 24 100 138
phone 0.0060 23 132 84 184
phone 0.0060 67 329 101 387
phone 0.0060 37 143 70 203
phone 0.0060 8 88 68 136
phone 0.0060 362 0 399 106
phone 0.0060 267 268 301 325
phone 0.0060 223 21 254 79
phone 0.0060 361 25 399 75
phone 0.0060 219 206 257 264
phone 0.0060 84 27 146 74
phone 0.0060 254 26 315 74
phone 0.0060 113 345 147 393
phone 0.0060 21 206 54 263
phone 0.0060 130 5 162 64
phone 0.0060 175 21 209 79
phone 0.0060 141 292 158 324
phone 0.0060 82 284 116 340
phone 0.0060 39 67 69 126
phone 0.0060 8 57 68 105
phone 0.0060 346 128 376 187
phone 0.0060 317 102 374 153
phone 0.0060 9 0 68 27
phone 0.0060 188 26 219 51
phone 0.0060 361 359 392 393
phone 0.0060 284 313 315 371
phone 0.0060 23 42 84 90
phone 0.0059 37 88 100 136
phone 0.0059 144 20 178 80
phone 0.0059 361 302 399 352
phone 0.0059 362 40 399 152
phone 0.0059 361 71 399 122
phone 0.0059 118 106 135 140
phone 0.0059 7 0 69 61
phone 0.0059 251 207 286 263
phone 0.0059 100 40 161 92
phone 0.0059 22 8 85 122
phone 0.0059 300 364 361 393
phone 0.0059 377 235 399 296
phone 0.0059 281 187 311 213
phone 0.0059 191 6 223 63
phone 0.0059 190 329 224 386
phone 0.0059 164 337 181 371
phone 0.0059 54 51 84 110
phone 0.0059 39 26 99 74
phone 0.0058 23 67 53 126
phone 0.0058 82 207 116 263
phone 0.0058 283 286 293 299
phone 0.0058 331 97 361 157
phone 0.0058 220 314 255 371
phone 0.0058 98 98 131 156
phone 0.0058 377 204 399 265
phone 0.0058 141 338 158 371
phone 0.0058 331 165 391 213
phone 0.0058 377 266 399 326
phone 0.0058 288 275 342 348
phone 0.0058 54 42 115 89
phone 0.0058 227 341 257 367
phone 0.0058 314 82 347 141
phone 0.0058 279 350 312 373
phone 0.0058 39 0 98 27
phone 0.0058 346 20 376 80
phone 0.0058 104 295 134 321
phone 0.0058 70 71 129 122
phone 0.0058 100 21 130 79
phone 0.0058 264 306 281 341
phone 0.0057 362 118 399 228
phone 0.0057 22 103 85 151
phone 0.0057 288 166 342 242
phone 0.0057 269 21 300 79
phone 0.0057 5 205 39 264
phone 0.0057 100 11 161 59
phone 0.0057 38 0 99 61
phone 0.0057 315 360 346 393
phone 0.0057 302 163 358 214
phone 0.0057 127 87 157 114
phone 0.0057 297 249 364 374
phone 0.0057 115 0 177 43
phone 0.0057 82 130 116 186
phone 0.0057 238 36 269 94
phone 0.0057 377 174 399 234
phone 0.0057 360 149 399 198
phone 0.0057 219 175 256 233
phone 0.0057 239 40 298 91
phone 0.0057 24 0 53 34
phone 0.0057 302 241 359 290
phone 0.0057 288 347 303 377
phone 0.0057 21 283 55 340
phone 0.0057 52 112 85 172
phone 0.0056 39 36 69 95
phone 0.0056 315 143 346 203
phone 0.0056 165 341 195 367
phone 0.0056 160 348 170 360
phone 0.0056 364 325 399 393
phone 0.0056 54 82 84 141
phone 0.0056 36 283 70 340
phone 0.0056 195 22 212 56
phone 0.0056 84 67 116 126
phone 0.0056 102 106 120 141
phone 0.0056 346 159 376 218
phone 0.0056 0 27 53 74
phone 0.0056 299 360 331 393
phone 0.0056 207 0 269 61
phone 0.0056 208 0 268 27
phone 0.0056 346 328 376 387
phone 0.0056 315 236 346 295
phone 0.0056 152 348 162 360
phone 0.0056 53 0 116 107
phone 0.0056 299 294 308 306
phone 0.0056 54 20 84 79
phone 0.0056 194 34 251 97
phone 0.0056 132 0 191 27
phone 0.0056 283 294 293 306
phone 0.0056 23 20 53 79
phone 0.0055 8 162 68 216
phone 0.0055 119 210 149 237
phone 0.0055 0 0 54 106
phone 0.0055 233 337 251 371
phone 0.0055 54 0 84 34
phone 0.0055 7 330 70 393
phone 0.0055 187 82 227 142
phone 0.0055 297 140 364 267
phone 0.0055 188 310 219 336
phone 0.0055 279 175 297 210
phone 0.0055 36 236 70 295
phone 0.0055 0 0 22 49
phone 0.0055 258 148 288 175
phone 0.0055 96 187 126 214
phone 0.0055 69 36 99 95
phone 0.0055 39 0 68 34
phone 0.0055 376 4 399 65
phone 0.0055 291 355 301 368
phone 0.0055 287 222 305 256
phone 0.0055 361 102 399 152
phone 0.0055 376 50 399 111
phone 0.0055 23 129 53 187
phone 0.0055 22 359 54 393
phone 0.0055 207 21 238 79
phone 0.0054 377 297 399 357
phone 0.0054 188 341 218 367
phone 0.0054 38 98 69 156
phone 0.0054 187 268 226 325
phone 0.0054 128 329 162 387
phone 0.0054 346 58 399 105
phone 0.0054 70 0 99 34
phone 0.0054 70 0 129 27
phone 0.0054 24 11 83 59
phone 0.0054 23 98 53 156
phone 0.0054 195 307 212 340
phone 0.0054 115 0 146 48
phone 0.0054 218 252 257 310
phone 0.0054 346 0 399 61
phone 0.0054 361 36 392 95
phone 0.0054 330 147 393 261
phone 0.0054 344 71 399 183
phone 0.0054 146 0 177 48
phone 0.0054 227 0 300 66
phone 0.0054 99 110 108 122
phone 0.0054 203 27 235 50
phone 0.0054 133 222 151 256
phone 0.0054 330 0 392 43
phone 0.0054 122 340 131 353
phone 0.0054 0 73 52 120
phone 0.0053 0 178 36 230
phone 0.0053 0 20 23 80
phone 0.0053 172 337 189 371
phone 0.0053 331 303 391 351
phone 0.0053 145 302 154 314
phone 0.0053 8 21 38 79
phone 0.0053 346 119 399 166
phone 0.0053 376 81 399 142
phone 0.0053 224 0 253 34
phone 0.0053 239 0 299 27
phone 0.0053 7 119 69 166
phone 0.0053 316 0 375 27
phone 0.0053 302 271 359 322
phone 0.0053 133 83 151 117
phone 0.0053 133 292 150 324
phone 0.0053 101 0 160 27
phone 0.0053 346 288 399 336
phone 0.0053 250 264 280 291
phone 0.0053 84 0 146 43
phone 0.0053 287 183 305 217
phone 0.0052 267 160 301 217
phone 0.0052 0 268 24 325
phone 0.0052 7 85 69 199
phone 0.0052 129 256 139 268
phone 0.0052 376 358 399 393
phone 0.0052 315 21 346 79
phone 0.0052 239 0 268 34
phone 0.0052 315 266 346 326
phone 0.0052 208 0 237 34
phone 0.0052 376 143 399 203
phone 0.0052 299 0 361 61
phone 0.0052 54 11 114 59
phone 0.0052 178 0 237 27
phone 0.0052 346 319 399 366
phone 0.0052 96 171 126 198
phone 0.0052 110 291 128 325
phone 0.0052 131 0 161 34
phone 0.0052 361 112 392 172
phone 0.0052 85 0 114 34
phone 0.0052 0 41 36 90
phone 0.0052 0 297 23 357
phone 0.0052 203 22 220 55
phone 0.0052 122 117 131 130
phone 0.0051 8 67 38 126
phone 0.0051 0 317 52 368
phone 0.0051 187 206 226 264
phone 0.0051 0 150 54 197
phone 0.0051 267 191 300 248
phone 0.0051 100 0 130 48
phone 0.0051 258 110 288 137
phone 0.0051 251 314 286 371
phone 0.0051 104 318 134 344
phone 0.0051 345 286 399 393
phone 0.0051 241 337 258 371
phone 0.0051 273 195 303 221
phone 0.0051 38 5 69 64
phone 0.0051 211 23 227 54
phone 0.0051 238 5 269 64
phone 0.0051 162 0 191 34
phone 0.0051 347 0 376 34
phone 0.0051 195 337 212 371
phone 0.0051 347 297 376 356
phone 0.0051 0 97 41 218
phone 0.0051 285 343 315 393
phone 0.0051 264 144 281 179
phone 0.0051 281 318 311 344
phone 0.0051 331 0 361 48
phone 0.0051 125 206 143 240
phone 0.0051 111 326 141 352
phone 0.0051 254 0 284 34
phone 0.0051 265 41 295 67
phone 0.0051 361 82 392 141
phone 0.0051 119 264 149 290
phone 0.0051 214 33 223 45
phone 0.0050 362 282 392 341
phone 0.0050 150 118 180 144
phone 0.0050 202 221 242 280
phone 0.0050 211 341 242 367
phone 0.0050 316 0 345 34
phone 0.0050 257 341 288 367
phone 0.0050 285 0 345 27
phone 0.0050 168 348 177 360
phone 0.0050 330 254 393 369
phone 0.0050 99 117 108 129
phone 0.0050 188 264 219 290
