phone 0.9114 180 71 252 212
phone 0.0768 195 116 250 197
phone 0.0634 195 85 251 166
phone 0.0536 96 107 246 266
phone 0.0528 141 86 244 195
phone 0.0507 122 24 290 245
phone 0.0450 167 92 305 190
phone 0.0319 117 36 235 186
phone 0.0299 169 98 277 266
phone 0.0292 56 51 164 218
phone 0.0281 77 78 201 247
phone 0.0249 26 123 130 263
phone 0.0223 153 94 231 157
phone 0.0216 129 0 393 215
phone 0.0203 132 115 190 197
phone 0.0195 31 60 124 208
phone 0.0191 174 110 209 171
phone 0.0188 90 182 189 266
phone 0.0187 220 28 367 187
phone 0.0182 157 12 257 152
phone 0.0181 191 44 314 175
phone 0.0175 199 112 308 230
phone 0.0153 63 149 156 266
phone 0.0151 148 185 248 266
phone 0.0149 186 195 269 266
phone 0.0149 15 0 202 265
phone 0.0139 89 0 190 153
phone 0.0137 143 140 179 203
phone 0.0136 151 126 233 187
phone 0.0129 242 101 272 126
phone 0.0127 126 120 197 254
phone 0.0125 234 88 303 163
phone 0.0124 204 130 303 183
phone 0.0124 101 238 175 266
phone 0.0122 101 204 237 266
phone 0.0120 50 168 118 236
phone 0.0117 135 0 218 130
phone 0.0117 60 103 140 240
phone 0.0116 249 97 266 130
phone 0.0116 126 241 207 266
phone 0.0115 108 126 183 186
phone 0.0115 207 153 300 266
phone 0.0115 216 126 259 186
phone 0.0115 42 188 127 266
phone 0.0113 143 111 178 171
phone 0.0113 238 113 300 199
phone 0.0113 129 92 193 158
phone 0.0112 242 72 327 209
phone 0.0107 247 162 331 266
phone 0.0105 271 12 359 146
phone 0.0104 196 138 279 205
phone 0.0103 253 107 262 120
phone 0.0102 252 106 347 236
phone 0.0101 221 124 399 264
phone 0.0101 67 104 132 177
phone 0.0101 138 84 215 136
phone 0.0101 298 29 394 159
phone 0.0100 67 173 100 231
phone 0.0100 75 239 141 266
phone 0.0100 97 58 164 131
phone 0.0100 250 108 280 134
phone 0.0100 111 154 181 219
phone 0.0099 129 144 162 199
phone 0.0099 0 0 39 0
phone 0.0099 67 134 132 208
phone 0.0098 82 87 148 163
phone 0.0097 215 158 292 215
phone 0.0097 269 142 370 248
phone 0.0095 142 170 211 234
phone 0.0094 209 77 297 143
phone 0.0094 0 263 41 266
phone 0.0093 236 144 270 199
phone 0.0093 256 97 274 130
phone 0.0093 177 143 238 230
phone 0.0093 353 9 399 148
phone 0.0092 114 41 177 118
phone 0.0091 137 217 215 266
phone 0.0091 201 174 275 230
phone 0.0090 142 31 210 97
phone 0.0090 275 58 356 192
phone 0.0090 251 106 317 176
phone 0.0089 160 242 233 266
phone 0.0087 183 75 231 145
phone 0.0087 251 95 286 155
phone 0.0087 89 112 171 169
phone 0.0086 62 219 138 266
phone 0.0086 83 111 116 170
phone 0.0085 94 171 166 233
phone 0.0085 174 81 209 138
phone 0.0084 113 65 147 123
phone 0.0084 242 116 272 142
phone 0.0084 123 64 198 125
phone 0.0084 217 188 290 248
phone 0.0084 142 139 172 165
phone 0.0084 108 77 183 142
phone 0.0084 179 0 287 130
phone 0.0083 78 123 152 189
phone 0.0083 218 216 288 266
phone 0.0083 264 202 335 264
phone 0.0082 159 189 193 246
phone 0.0082 160 82 193 138
phone 0.0082 128 113 162 168
phone 0.0082 82 142 116 201
phone 0.0082 360 59 399 130
phone 0.0082 260 115 270 128
phone 0.0081 260 108 270 120
phone 0.0081 280 45 350 114
phone 0.0081 77 156 153 218
phone 0.0081 195 260 211 266
phone 0.0081 251 125 286 186
phone 0.0081 187 263 219 266
phone 0.0080 98 80 131 139
phone 0.0080 141 143 212 200
phone 0.0080 264 154 335 219
phone 0.0079 251 138 318 205
phone 0.0079 229 9 309 149
phone 0.0079 144 81 178 138
phone 0.0079 156 59 227 130
phone 0.0079 280 77 350 143
phone 0.0079 128 50 163 108
phone 0.0079 312 80 380 139
phone 0.0078 68 141 100 201
phone 0.0078 221 189 254 246
phone 0.0078 51 128 118 184
phone 0.0078 172 215 242 266
phone 0.0078 156 156 228 218
phone 0.0078 149 135 166 169
phone 0.0078 284 106 346 175
phone 0.0078 39 114 99 228
phone 0.0078 253 115 262 128
phone 0.0077 206 189 239 246
phone 0.0077 349 34 399 94
phone 0.0077 331 24 391 73
phone 0.0077 7 136 81 254
phone 0.0077 249 112 266 146
phone 0.0077 159 35 193 92
phone 0.0077 315 0 378 131
phone 0.0076 250 77 318 142
phone 0.0076 37 148 101 195
phone 0.0076 205 157 240 216
phone 0.0076 71 47 129 172
phone 0.0076 109 217 183 266
phone 0.0076 174 205 209 260
phone 0.0076 68 219 100 266
phone 0.0075 128 220 162 266
phone 0.0075 267 111 301 170
phone 0.0075 189 231 257 266
phone 0.0075 220 158 255 215
phone 0.0075 53 172 84 232
phone 0.0075 235 59 303 130
phone 0.0074 270 31 329 97
phone 0.0074 264 93 335 157
phone 0.0073 300 23 360 74
phone 0.0073 346 19 377 77
phone 0.0073 54 141 84 201
phone 0.0073 262 124 337 188
phone 0.0073 236 189 270 246
phone 0.0073 77 186 153 249
phone 0.0073 328 43 394 115
phone 0.0073 250 44 318 114
phone 0.0072 83 79 115 140
phone 0.0072 347 83 399 136
phone 0.0072 261 66 339 123
phone 0.0072 53 203 85 262
phone 0.0072 88 145 173 198
phone 0.0071 83 220 116 266
phone 0.0071 144 221 178 266
phone 0.0071 236 220 270 266
phone 0.0071 159 221 193 266
phone 0.0071 253 218 316 266
phone 0.0071 113 174 147 230
phone 0.0071 296 60 365 129
phone 0.0071 317 32 374 95
phone 0.0071 114 252 178 266
phone 0.0070 283 204 316 261
phone 0.0070 190 204 224 262
phone 0.0070 315 19 346 77
phone 0.0070 159 158 193 215
phone 0.0070 217 45 289 113
phone 0.0070 0 98 55 226
phone 0.0070 284 169 346 235
phone 0.0070 23 175 84 266
phone 0.0070 330 19 361 77
phone 0.0070 267 204 301 262
phone 0.0069 239 22 299 75
phone 0.0069 298 50 332 108
phone 0.0069 253 123 262 135
phone 0.0069 115 23 177 73
phone 0.0068 284 19 316 77
phone 0.0068 299 19 331 77
phone 0.0068 298 81 331 139
phone 0.0068 267 142 301 201
phone 0.0068 161 9 222 57
phone 0.0068 175 158 208 215
phone 0.0068 0 0 41 32
phone 0.0067 152 146 162 158
phone 0.0067 178 23 236 104
phone 0.0067 313 50 347 108
phone 0.0067 190 235 224 266
phone 0.0067 282 158 316 215
phone 0.0067 23 225 84 266
phone 0.0067 98 235 131 266
phone 0.0066 267 34 301 93
phone 0.0066 205 219 239 266
phone 0.0066 113 113 147 168
phone 0.0066 374 50 399 108
phone 0.0066 128 82 162 138
phone 0.0066 299 94 362 156
phone 0.0066 38 202 68 263
phone 0.0066 68 110 100 170
phone 0.0066 361 19 392 77
phone 0.0066 219 100 249 127
phone 0.0066 238 19 269 77
phone 0.0065 130 19 161 77
phone 0.0065 98 127 132 185
phone 0.0065 287 223 343 266
phone 0.0065 144 34 178 93
phone 0.0065 190 172 224 232
phone 0.0065 82 174 116 230
phone 0.0065 84 40 146 88
phone 0.0065 189 35 256 123
phone 0.0065 100 0 161 105
phone 0.0065 175 35 209 92
phone 0.0065 267 173 301 231
phone 0.0065 114 235 147 266
phone 0.0065 328 50 363 108
phone 0.0064 239 238 298 266
phone 0.0064 177 3 207 62
phone 0.0064 0 39 61 159
phone 0.0064 234 98 272 153
phone 0.0064 174 235 209 266
phone 0.0064 267 80 301 139
phone 0.0064 162 3 192 62
phone 0.0064 188 260 204 266
phone 0.0064 235 197 303 266
phone 0.0064 207 29 268 98
phone 0.0064 130 9 192 57
phone 0.0064 97 159 132 215
phone 0.0064 53 100 115 151
phone 0.0063 222 19 254 77
phone 0.0063 316 9 376 57
phone 0.0063 221 234 254 266
phone 0.0063 332 132 390 180
phone 0.0063 192 9 253 57
phone 0.0063 192 3 223 62
phone 0.0063 282 97 316 154
phone 0.0062 329 99 393 212
phone 0.0062 237 166 301 239
phone 0.0062 344 50 378 108
phone 0.0062 193 253 253 266
phone 0.0062 285 139 345 204
phone 0.0062 116 19 145 77
phone 0.0062 252 34 285 93
phone 0.0062 113 204 147 261
phone 0.0061 376 79 399 140
phone 0.0061 346 126 376 185
phone 0.0061 376 18 399 78
phone 0.0061 225 97 243 130
phone 0.0061 130 249 161 266
phone 0.0061 100 34 130 93
phone 0.0061 69 55 131 103
phone 0.0061 282 50 316 108
phone 0.0061 316 240 376 266
phone 0.0061 100 9 161 57
phone 0.0061 146 3 176 62
phone 0.0061 173 101 203 127
phone 0.0061 360 162 399 211
phone 0.0061 362 131 399 242
phone 0.0060 362 115 399 166
phone 0.0060 331 0 391 42
phone 0.0060 363 84 399 196
phone 0.0060 159 112 193 169
phone 0.0060 314 207 377 266
phone 0.0060 282 128 316 184
phone 0.0060 254 9 315 57
phone 0.0060 300 218 330 266
phone 0.0060 177 0 237 42
phone 0.0060 331 163 391 211
phone 0.0060 37 117 100 164
phone 0.0060 146 0 207 42
phone 0.0060 251 65 286 123
phone 0.0060 285 9 345 57
phone 0.0060 190 34 224 93
phone 0.0060 208 3 238 62
phone 0.0059 235 67 271 122
phone 0.0059 85 20 145 138
phone 0.0059 105 265 175 266
phone 0.0059 223 9 284 57
phone 0.0059 145 249 177 266
phone 0.0059 203 260 219 266
phone 0.0059 301 0 360 42
phone 0.0059 23 163 84 211
phone 0.0059 208 0 268 42
phone 0.0059 39 172 69 231
phone 0.0059 361 0 399 42
phone 0.0059 54 9 114 57
phone 0.0059 297 106 365 236
phone 0.0059 98 189 132 245
phone 0.0059 213 94 262 157
phone 0.0059 24 24 83 72
phone 0.0059 298 158 331 215
phone 0.0059 134 262 208 266
phone 0.0058 331 234 361 266
phone 0.0058 254 233 284 266
phone 0.0058 205 34 240 93
phone 0.0058 302 191 358 244
phone 0.0058 302 160 358 213
phone 0.0058 22 0 85 105
phone 0.0058 69 80 99 139
phone 0.0058 85 49 115 108
phone 0.0058 116 0 176 42
phone 0.0058 254 3 284 62
phone 0.0058 347 0 376 47
phone 0.0058 362 238 399 266
phone 0.0058 8 9 68 57
phone 0.0058 68 0 131 90
phone 0.0058 346 157 376 216
phone 0.0058 346 9 399 57
phone 0.0058 53 70 115 119
phone 0.0058 298 127 331 185
phone 0.0057 8 40 68 88
phone 0.0057 127 188 164 247
phone 0.0057 239 0 299 42
phone 0.0057 298 189 331 246
phone 0.0057 331 0 361 47
phone 0.0057 100 264 130 266
phone 0.0057 269 3 299 62
phone 0.0057 225 255 282 266
phone 0.0057 299 253 361 266
phone 0.0057 53 37 115 151
phone 0.0057 85 0 145 42
phone 0.0057 55 256 114 266
phone 0.0057 270 0 329 42
phone 0.0057 223 0 283 11
phone 0.0057 162 0 222 26
phone 0.0057 161 249 192 266
phone 0.0057 254 0 314 11
phone 0.0057 193 0 253 26
phone 0.0057 193 0 253 11
phone 0.0057 39 240 98 266
phone 0.0057 54 111 84 170
phone 0.0057 188 100 219 127
phone 0.0057 152 138 162 151
phone 0.0057 39 40 99 88
phone 0.0057 162 0 222 11
phone 0.0056 332 101 390 149
phone 0.0056 113 144 147 199
phone 0.0056 330 253 393 266
phone 0.0056 329 145 394 259
phone 0.0056 0 0 36 11
phone 0.0056 316 0 345 47
phone 0.0056 208 249 238 266
phone 0.0056 131 0 191 11
phone 0.0056 285 0 345 11
phone 0.0056 256 112 274 146
phone 0.0056 70 3 99 62
phone 0.0056 223 0 253 47
phone 0.0056 315 142 346 201
phone 0.0056 346 264 376 266
phone 0.0056 54 18 84 78
phone 0.0056 69 249 99 266
phone 0.0056 39 18 68 78
phone 0.0056 131 0 191 26
phone 0.0056 285 0 345 26
phone 0.0056 317 147 374 196
phone 0.0056 224 0 283 26
phone 0.0056 0 0 40 77
phone 0.0056 364 262 399 266
phone 0.0056 361 0 399 11
phone 0.0056 39 0 99 42
phone 0.0056 270 233 299 266
phone 0.0056 100 3 130 62
phone 0.0056 0 188 40 266
phone 0.0056 360 193 399 242
phone 0.0056 85 253 145 266
phone 0.0056 316 0 376 26
phone 0.0056 0 246 66 266
phone 0.0056 268 237 331 266
phone 0.0056 100 0 160 26
phone 0.0056 315 173 346 231
phone 0.0056 23 18 53 78
phone 0.0055 100 0 160 11
phone 0.0055 85 3 115 62
phone 0.0055 8 70 68 118
phone 0.0055 253 0 316 28
phone 0.0055 239 0 268 47
phone 0.0055 316 0 376 11
phone 0.0055 252 173 285 231
phone 0.0055 376 156 399 217
phone 0.0055 8 255 68 266
phone 0.0055 131 0 161 47
phone 0.0055 0 234 40 266
phone 0.0055 300 0 330 47
phone 0.0055 24 55 83 103
phone 0.0055 187 97 204 130
phone 0.0055 251 204 286 262
phone 0.0055 330 222 393 266
phone 0.0055 0 0 22 16
phone 0.0055 0 0 23 1
phone 0.0055 302 130 358 182
phone 0.0055 360 255 399 266
phone 0.0055 70 0 130 26
phone 0.0055 8 0 68 11
phone 0.0054 70 0 130 11
phone 0.0054 54 233 84 266
phone 0.0054 163 263 241 266
phone 0.0054 8 0 68 26
phone 0.0054 331 265 361 266
phone 0.0054 179 97 197 131
phone 0.0054 331 194 391 241
phone 0.0054 346 179 399 226
phone 0.0054 116 0 145 47
phone 0.0054 331 142 361 200
phone 0.0054 195 97 212 130
phone 0.0054 193 0 222 31
phone 0.0054 177 0 207 31
phone 0.0054 208 0 238 31
phone 0.0054 239 0 269 16
phone 0.0054 285 0 315 47
phone 0.0054 254 0 284 16
phone 0.0054 269 0 299 16
phone 0.0054 285 0 315 16
phone 0.0054 38 86 99 134
phone 0.0054 223 0 253 16
phone 0.0054 162 0 192 31
phone 0.0054 39 0 99 11
phone 0.0053 315 250 346 266
phone 0.0053 38 22 100 136
phone 0.0053 173 201 203 227
phone 0.0053 300 0 330 16
phone 0.0053 146 0 176 16
phone 0.0053 346 249 376 266
phone 0.0053 158 139 188 166
phone 0.0053 24 49 53 108
phone 0.0053 131 0 161 16
phone 0.0053 239 249 268 266
phone 0.0053 70 34 99 93
phone 0.0053 347 95 376 155
phone 0.0053 376 264 399 266
phone 0.0053 54 0 84 47
phone 0.0053 346 0 376 16
phone 0.0053 23 0 53 47
phone 0.0053 347 148 399 195
phone 0.0053 0 25 53 72
phone 0.0053 116 0 145 16
phone 0.0053 316 0 345 16
phone 0.0053 346 188 376 247
phone 0.0053 7 207 69 266
phone 0.0053 0 0 22 47
phone 0.0053 331 0 361 16
phone 0.0053 24 249 53 266
phone 0.0052 22 37 85 151
phone 0.0052 376 0 399 32
phone 0.0052 316 203 345 263
phone 0.0052 376 126 399 186
phone 0.0052 100 0 130 16
phone 0.0052 8 178 69 226
phone 0.0052 362 172 392 232
phone 0.0052 39 49 68 108
phone 0.0052 315 265 346 266
phone 0.0052 39 0 68 47
phone 0.0052 211 260 226 266
phone 0.0052 188 123 219 150
phone 0.0052 269 264 300 266
phone 0.0052 202 264 235 266
phone 0.0052 8 101 68 149
phone 0.0052 0 255 36 266
phone 0.0052 346 0 399 26
phone 0.0052 85 0 115 16
phone 0.0052 23 0 53 16
phone 0.0052 269 253 331 266
phone 0.0052 300 249 330 266
phone 0.0052 39 264 68 266
phone 0.0052 54 49 84 108
phone 0.0052 361 141 392 201
phone 0.0051 24 264 53 266
phone 0.0051 54 80 84 139
phone 0.0051 70 0 99 16
phone 0.0051 0 264 22 266
phone 0.0051 346 219 376 266
phone 0.0051 229 108 239 120
phone 0.0051 0 218 22 266
phone 0.0051 54 0 84 16
phone 0.0051 0 55 53 103
phone 0.0051 242 224 273 249
phone 0.0051 331 203 361 262
phone 0.0051 0 249 22 266
phone 0.0051 376 187 399 248
phone 0.0051 39 0 68 16
phone 0.0051 23 80 53 139
phone 0.0050 195 120 212 153
phone 0.0050 4 75 83 194
phone 0.0050 376 248 399 266
phone 0.0050 223 0 254 0
phone 0.0050 238 0 269 0
phone 0.0050 39 249 68 266
phone 0.0050 362 264 392 266
phone 0.0050 376 218 399 266
phone 0.0050 207 0 238 0
phone 0.0050 253 0 284 0
phone 0.0050 192 0 223 0
phone 0.0050 177 0 207 0
phone 0.0050 269 0 300 0
phone 0.0050 142 188 179 247
phone 0.0050 161 0 192 0
phone 0.0050 254 264 284 266
