phone 0.9404 88 120 160 268
phone 0.1046 150 125 254 289
phone 0.1038 102 124 179 230
phone 0.0779 81 138 231 305
phone 0.0531 72 85 149 237
phone 0.0530 186 130 266 253
phone 0.0422 6 136 137 313
phone 0.0376 30 81 192 314
phone 0.0329 60 189 162 317
phone 0.0309 160 184 244 262
phone 0.0296 86 223 177 347
phone 0.0294 0 111 84 286
phone 0.0281 138 184 247 320
phone 0.0273 73 172 148 274
phone 0.0260 83 151 138 233
phone 0.0249 90 199 122 223
phone 0.0243 98 196 114 226
phone 0.0241 101 125 150 197
phone 0.0240 105 86 217 208
phone 0.0239 213 161 252 222
phone 0.0236 101 205 111 217
phone 0.0211 122 152 152 178
phone 0.0202 128 149 145 181
phone 0.0198 27 167 101 248
phone 0.0195 91 152 121 178
phone 0.0195 0 183 72 332
phone 0.0193 14 182 83 264
phone 0.0191 152 183 183 208
phone 0.0186 38 256 121 373
phone 0.0184 43 131 146 252
phone 0.0183 93 83 266 261
phone 0.0182 98 148 115 181
phone 0.0179 19 76 126 212
phone 0.0178 132 159 142 171
phone 0.0178 106 264 175 335
phone 0.0173 159 179 176 212
phone 0.0168 102 162 179 285
phone 0.0163 153 191 221 285
phone 0.0161 101 159 111 171
phone 0.0158 92 277 159 353
phone 0.0158 166 146 239 238
phone 0.0157 163 189 172 202
phone 0.0156 61 39 155 185
phone 0.0148 105 168 207 247
phone 0.0147 64 252 156 378
phone 0.0144 0 60 63 224
phone 0.0142 46 216 143 352
phone 0.0141 44 158 114 225
phone 0.0140 195 175 240 239
phone 0.0139 157 151 217 263
phone 0.0139 103 252 209 378
phone 0.0136 132 166 142 179
phone 0.0135 31 137 97 216
phone 0.0135 181 191 223 255
phone 0.0133 101 205 210 332
phone 0.0133 62 285 96 344
phone 0.0132 163 224 241 283
phone 0.0131 90 148 107 181
phone 0.0131 0 238 102 361
phone 0.0129 107 269 143 329
phone 0.0127 0 249 60 380
phone 0.0124 123 270 158 329
phone 0.0123 58 269 131 330
phone 0.0122 25 200 102 276
phone 0.0121 7 296 77 399
phone 0.0120 102 234 179 304
phone 0.0118 0 127 68 195
phone 0.0118 206 169 266 306
phone 0.0118 90 195 107 227
phone 0.0117 206 179 266 236
phone 0.0117 29 192 67 253
phone 0.0117 94 159 103 171
phone 0.0117 157 234 248 364
phone 0.0116 14 154 83 230
phone 0.0116 61 178 97 236
phone 0.0114 111 312 201 399
phone 0.0114 19 170 192 399
phone 0.0114 225 143 266 270
phone 0.0114 200 73 266 206
phone 0.0113 40 191 118 255
phone 0.0112 60 115 129 176
phone 0.0111 13 217 83 290
phone 0.0111 27 267 100 332
phone 0.0110 101 166 111 179
phone 0.0110 147 87 228 235
phone 0.0110 83 160 114 185
phone 0.0110 130 141 212 213
phone 0.0110 167 179 184 212
phone 0.0109 27 301 101 360
phone 0.0109 57 147 132 206
phone 0.0109 163 59 243 200
phone 0.0109 164 321 241 399
phone 0.0108 0 223 42 344
phone 0.0107 44 177 83 237
phone 0.0107 15 109 82 183
phone 0.0106 62 295 127 365
phone 0.0106 163 182 172 194
phone 0.0106 94 205 103 217
phone 0.0106 45 251 113 317
phone 0.0106 74 247 146 321
phone 0.0105 138 111 205 180
phone 0.0105 77 286 111 343
phone 0.0104 37 0 266 228
phone 0.0104 0 206 18 316
phone 0.0103 80 207 141 300
phone 0.0103 83 329 114 354
phone 0.0103 185 225 219 281
phone 0.0102 160 190 190 216
phone 0.0102 0 282 52 347
phone 0.0102 50 326 140 399
phone 0.0102 163 197 172 210
phone 0.0101 90 289 175 399
phone 0.0101 47 287 80 343
phone 0.0101 87 186 133 259
phone 0.0100 8 287 89 343
phone 0.0100 122 167 152 193
phone 0.0099 83 221 114 247
phone 0.0098 0 192 54 253
phone 0.0098 106 195 122 227
phone 0.0098 36 0 119 174
phone 0.0098 90 325 107 358
phone 0.0098 16 132 50 190
phone 0.0098 232 164 266 219
phone 0.0097 123 0 217 168
phone 0.0096 171 189 180 202
phone 0.0096 128 164 145 196
phone 0.0095 0 316 67 375
phone 0.0095 82 325 99 358
phone 0.0094 56 224 133 283
phone 0.0094 215 205 266 271
phone 0.0094 0 0 141 282
phone 0.0094 117 300 195 360
phone 0.0093 0 176 38 299
phone 0.0093 168 284 237 345
phone 0.0093 134 146 177 207
phone 0.0093 248 178 266 236
phone 0.0092 97 92 153 169
phone 0.0092 130 198 159 224
phone 0.0092 109 205 119 217
phone 0.0091 93 286 127 343
phone 0.0091 78 164 111 220
phone 0.0091 90 217 107 251
phone 0.0091 122 360 190 399
phone 0.0091 166 254 239 315
phone 0.0090 116 219 195 287
phone 0.0090 209 148 266 205
phone 0.0090 115 255 197 313
phone 0.0089 16 361 80 399
phone 0.0089 46 132 81 190
phone 0.0089 106 238 144 299
phone 0.0089 83 175 114 201
phone 0.0088 31 117 65 174
phone 0.0088 155 122 218 200
phone 0.0088 172 356 233 399
phone 0.0087 54 180 135 235
phone 0.0087 78 133 111 189
phone 0.0087 125 100 187 161
phone 0.0087 214 194 251 251
phone 0.0087 94 336 103 348
phone 0.0087 200 325 266 399
phone 0.0087 0 270 38 329
phone 0.0086 94 166 103 179
phone 0.0086 136 194 153 227
phone 0.0085 62 255 96 313
phone 0.0085 31 224 65 282
phone 0.0085 136 163 153 197
phone 0.0085 68 329 98 355
phone 0.0085 231 195 265 250
phone 0.0085 0 160 52 224
phone 0.0085 86 335 95 348
phone 0.0084 243 112 266 227
phone 0.0084 156 95 218 165
phone 0.0084 28 233 100 304
phone 0.0084 194 218 266 350
phone 0.0084 130 174 159 201
phone 0.0084 155 116 188 175
phone 0.0083 171 197 180 209
phone 0.0083 8 254 88 315
phone 0.0083 30 162 66 221
phone 0.0082 148 265 228 394
phone 0.0082 166 206 207 270
phone 0.0082 132 174 142 186
phone 0.0081 0 199 19 246
phone 0.0080 181 280 255 399
phone 0.0080 12 333 85 389
phone 0.0080 2 300 33 360
phone 0.0080 0 221 53 286
phone 0.0080 60 360 129 399
phone 0.0080 90 360 161 399
phone 0.0080 188 74 248 125
phone 0.0079 94 228 103 240
phone 0.0079 136 148 153 182
phone 0.0079 130 238 212 300
phone 0.0079 186 39 250 159
phone 0.0079 90 171 107 205
phone 0.0079 31 287 65 342
phone 0.0079 77 226 111 281
phone 0.0079 1 209 34 266
phone 0.0078 94 236 103 248
phone 0.0078 29 345 99 399
phone 0.0078 74 325 92 359
phone 0.0078 183 269 252 330
phone 0.0078 0 192 2 252
phone 0.0077 0 36 89 184
phone 0.0077 122 240 159 297
phone 0.0077 181 161 223 223
phone 0.0077 168 111 237 180
phone 0.0076 45 209 82 267
phone 0.0076 93 100 127 160
phone 0.0076 202 70 233 128
phone 0.0076 130 333 213 389
phone 0.0076 201 251 265 317
phone 0.0076 16 301 50 359
phone 0.0076 248 147 266 205
phone 0.0076 102 202 149 274
phone 0.0076 152 198 183 224
phone 0.0075 139 348 173 399
phone 0.0075 0 150 18 264
phone 0.0075 184 119 252 203
phone 0.0075 231 224 265 282
phone 0.0075 185 255 219 312
phone 0.0075 185 316 219 375
phone 0.0075 75 267 106 293
phone 0.0075 77 256 111 312
phone 0.0074 91 167 121 193
phone 0.0074 0 274 17 385
phone 0.0074 0 338 33 384
phone 0.0074 134 267 209 332
phone 0.0074 187 70 218 128
phone 0.0074 179 237 257 300
phone 0.0074 48 99 110 162
phone 0.0074 1 178 34 236
phone 0.0074 138 302 173 358
phone 0.0074 108 301 142 359
phone 0.0074 160 137 191 162
phone 0.0074 60 144 90 171
phone 0.0073 0 307 18 353
phone 0.0073 189 304 247 356
phone 0.0073 140 205 150 217
phone 0.0073 201 362 234 399
phone 0.0073 68 182 98 209
phone 0.0073 110 147 266 369
phone 0.0073 0 125 29 283
phone 0.0073 152 193 190 252
phone 0.0073 185 101 219 159
phone 0.0072 1 147 34 206
phone 0.0072 166 175 208 239
phone 0.0072 92 254 128 314
phone 0.0072 91 222 128 284
phone 0.0071 76 321 106 347
phone 0.0071 0 300 2 360
phone 0.0071 82 264 99 297
phone 0.0071 173 83 232 146
phone 0.0071 184 131 220 190
phone 0.0071 4 101 63 159
phone 0.0071 140 174 150 186
phone 0.0071 216 239 250 298
phone 0.0070 48 309 110 382
phone 0.0070 167 133 184 166
phone 0.0070 16 178 50 236
phone 0.0070 139 272 173 327
phone 0.0070 60 167 90 194
phone 0.0070 128 195 145 227
phone 0.0070 156 74 218 124
phone 0.0070 205 85 261 145
phone 0.0069 202 317 234 374
phone 0.0069 94 182 103 194
phone 0.0069 61 148 96 205
phone 0.0069 67 140 84 174
phone 0.0069 169 131 204 191
phone 0.0069 159 194 176 228
phone 0.0069 130 159 159 186
phone 0.0068 186 347 219 399
phone 0.0068 77 309 143 383
phone 0.0068 138 241 173 296
phone 0.0068 248 81 266 194
phone 0.0068 0 119 48 173
phone 0.0068 31 332 65 389
phone 0.0068 215 132 251 190
phone 0.0068 97 163 115 197
phone 0.0068 136 178 153 213
phone 0.0068 154 348 188 399
phone 0.0068 249 142 266 272
phone 0.0068 0 275 18 324
phone 0.0068 78 336 88 348
phone 0.0067 217 362 249 399
phone 0.0067 78 195 111 250
phone 0.0067 47 317 80 374
phone 0.0067 74 178 92 213
phone 0.0067 201 271 234 328
phone 0.0067 46 256 81 312
phone 0.0066 0 0 32 30
phone 0.0066 0 365 48 399
phone 0.0066 67 163 84 197
phone 0.0066 172 70 202 128
phone 0.0066 0 269 2 330
phone 0.0066 78 363 111 399
phone 0.0066 234 134 266 188
phone 0.0066 170 300 204 360
phone 0.0066 140 159 150 171
phone 0.0066 67 178 84 213
phone 0.0065 0 236 71 302
phone 0.0065 140 182 150 194
phone 0.0065 0 367 17 399
phone 0.0065 77 316 111 375
phone 0.0065 0 0 48 64
phone 0.0065 108 363 142 399
phone 0.0065 0 332 19 399
phone 0.0065 129 213 160 240
phone 0.0065 218 70 249 128
phone 0.0065 53 321 83 347
phone 0.0065 0 122 109 394
phone 0.0064 160 175 190 201
phone 0.0064 31 256 65 312
phone 0.0064 16 271 50 328
phone 0.0064 0 0 17 37
phone 0.0064 0 88 33 203
phone 0.0064 83 190 113 216
phone 0.0064 62 316 96 375
phone 0.0064 68 221 98 247
phone 0.0064 141 60 202 108
phone 0.0064 4 0 63 30
phone 0.0064 132 151 142 163
phone 0.0063 156 27 218 141
phone 0.0063 93 363 126 399
phone 0.0063 0 362 3 399
phone 0.0063 0 332 4 399
phone 0.0063 0 168 18 215
phone 0.0063 215 116 266 175
phone 0.0063 172 60 233 108
phone 0.0063 171 143 180 156
phone 0.0063 134 178 177 237
phone 0.0063 94 220 103 233
phone 0.0063 0 0 1 30
phone 0.0063 34 60 94 108
phone 0.0063 16 209 50 267
phone 0.0063 132 182 142 194
phone 0.0063 167 194 184 228
phone 0.0063 96 45 155 93
phone 0.0063 0 0 2 64
phone 0.0062 65 45 125 93
phone 0.0062 196 146 238 207
phone 0.0062 0 239 34 298
phone 0.0062 33 26 95 141
phone 0.0062 80 60 140 108
phone 0.0062 94 11 157 126
phone 0.0062 188 45 248 93
phone 0.0062 86 274 95 286
phone 0.0062 64 11 126 126
phone 0.0062 2 75 64 123
phone 0.0062 126 45 186 93
phone 0.0062 263 332 266 399
phone 0.0062 264 367 266 399
phone 0.0062 136 210 153 243
phone 0.0062 157 45 217 93
phone 0.0062 152 147 190 206
phone 0.0062 18 0 79 64
phone 0.0062 203 60 263 108
phone 0.0061 170 347 203 399
phone 0.0061 91 213 121 240
phone 0.0061 171 11 233 126
phone 0.0061 142 29 202 77
phone 0.0061 0 91 49 139
phone 0.0061 99 175 129 201
phone 0.0061 163 205 172 217
phone 0.0061 172 29 232 77
phone 0.0061 79 26 141 141
phone 0.0061 19 0 48 37
phone 0.0061 154 271 188 327
phone 0.0061 140 0 203 110
phone 0.0061 202 26 265 141
phone 0.0061 138 117 173 174
phone 0.0061 111 60 171 108
phone 0.0061 111 29 171 77
phone 0.0061 0 116 17 175
phone 0.0061 188 0 247 30
phone 0.0061 34 0 93 30
phone 0.0060 152 167 183 193
phone 0.0060 218 45 266 92
phone 0.0060 154 241 188 296
phone 0.0060 157 54 187 113
phone 0.0060 200 211 235 265
phone 0.0060 0 162 2 221
phone 0.0060 132 205 142 217
phone 0.0060 170 270 204 328
phone 0.0060 80 29 140 77
phone 0.0060 110 26 172 141
phone 0.0060 61 225 96 281
phone 0.0060 200 241 234 296
phone 0.0060 0 223 2 283
phone 0.0060 49 54 79 113
phone 0.0059 19 45 78 93
phone 0.0059 111 39 140 98
phone 0.0059 95 39 125 98
phone 0.0059 34 0 63 37
phone 0.0059 17 346 49 399
phone 0.0059 172 0 233 64
phone 0.0059 80 39 110 98
phone 0.0059 233 254 264 314
phone 0.0059 34 54 64 113
phone 0.0059 202 0 264 64
phone 0.0059 59 317 76 351
phone 0.0059 108 333 142 389
phone 0.0059 157 0 217 30
phone 0.0059 49 29 109 77
phone 0.0059 126 39 156 98
phone 0.0059 154 303 188 358
phone 0.0059 0 337 2 385
phone 0.0059 49 0 110 64
phone 0.0059 188 39 217 98
phone 0.0059 17 11 80 126
phone 0.0059 203 39 233 98
phone 0.0059 249 60 266 108
phone 0.0059 83 136 113 163
phone 0.0059 203 29 263 77
phone 0.0059 65 39 94 98
phone 0.0059 65 0 124 30
phone 0.0059 142 39 171 98
phone 0.0059 18 70 48 128
phone 0.0059 250 0 266 30
phone 0.0059 112 88 169 142
phone 0.0059 172 39 202 98
phone 0.0058 157 23 187 83
phone 0.0058 96 0 155 30
phone 0.0058 127 0 186 30
phone 0.0058 217 0 266 110
phone 0.0058 19 87 78 143
phone 0.0058 74 217 92 251
phone 0.0058 219 0 266 30
phone 0.0058 0 42 49 156
phone 0.0058 231 205 266 332
phone 0.0058 101 174 111 186
phone 0.0058 0 106 33 154
phone 0.0058 92 316 127 375
phone 0.0058 248 0 266 64
phone 0.0058 203 0 232 37
phone 0.0058 248 27 266 140
phone 0.0058 49 0 79 37
phone 0.0058 101 182 111 194
phone 0.0058 79 0 141 64
phone 0.0058 110 0 171 64
phone 0.0058 70 151 80 163
phone 0.0058 249 29 266 77
phone 0.0058 200 101 235 159
phone 0.0058 49 75 110 124
phone 0.0058 265 0 266 30
phone 0.0058 234 54 264 113
phone 0.0057 264 161 266 222
phone 0.0057 249 239 266 298
phone 0.0057 265 76 266 123
phone 0.0057 124 348 157 399
phone 0.0057 188 0 217 37
phone 0.0057 264 0 266 64
phone 0.0057 265 229 266 277
phone 0.0057 94 174 103 186
phone 0.0057 151 194 169 228
phone 0.0057 65 0 94 37
phone 0.0057 114 188 166 257
phone 0.0057 251 193 266 251
phone 0.0057 263 42 266 156
phone 0.0057 173 0 202 37
phone 0.0057 0 137 2 185
phone 0.0056 169 240 204 297
phone 0.0056 86 328 96 340
phone 0.0056 263 196 266 310
phone 0.0056 80 0 109 37
phone 0.0056 120 116 160 175
phone 0.0056 248 332 266 399
phone 0.0056 3 70 33 129
phone 0.0056 105 171 123 205
phone 0.0056 157 14 217 62
phone 0.0056 126 14 186 62
phone 0.0056 234 23 264 82
phone 0.0056 157 0 186 37
phone 0.0056 96 0 125 37
phone 0.0056 265 214 266 262
phone 0.0056 111 0 140 37
phone 0.0056 126 0 156 37
phone 0.0056 142 0 171 37
phone 0.0056 218 23 248 82
phone 0.0056 0 103 3 218
phone 0.0056 264 54 266 113
phone 0.0056 140 190 150 201
phone 0.0056 265 45 266 93
phone 0.0056 70 174 80 186
phone 0.0056 0 60 48 108
phone 0.0056 205 289 261 340
phone 0.0056 90 263 107 297
phone 0.0056 70 189 80 202
phone 0.0056 137 210 174 266
phone 0.0056 78 190 88 202
phone 0.0056 234 367 266 399
phone 0.0056 265 168 266 216
phone 0.0056 96 14 155 62
phone 0.0056 49 23 79 82
phone 0.0055 125 75 187 123
phone 0.0055 0 258 3 371
phone 0.0055 235 91 266 139
phone 0.0055 97 209 115 244
phone 0.0055 263 0 266 110
phone 0.0055 188 14 248 62
phone 0.0055 145 206 175 232
phone 0.0055 265 337 266 385
phone 0.0055 65 14 125 62
phone 0.0055 0 106 2 154
phone 0.0055 265 245 266 292
phone 0.0055 231 55 266 173
phone 0.0055 171 205 180 217
phone 0.0055 109 85 142 144
phone 0.0055 262 133 266 250
phone 0.0055 64 70 95 128
phone 0.0055 249 276 266 323
phone 0.0055 0 215 6 238
phone 0.0055 234 291 266 338
phone 0.0055 3 29 63 77
phone 0.0055 91 321 121 347
phone 0.0054 218 332 249 390
phone 0.0054 34 14 94 62
phone 0.0054 0 85 17 144
phone 0.0054 234 337 266 385
phone 0.0054 91 228 121 255
phone 0.0054 248 243 266 355
phone 0.0054 34 23 64 82
phone 0.0054 18 39 48 98
phone 0.0054 232 258 266 371
phone 0.0054 98 190 129 216
phone 0.0054 113 171 130 205
phone 0.0054 218 285 248 344
phone 0.0053 216 101 250 159
phone 0.0053 0 150 3 264
phone 0.0053 219 322 266 370
phone 0.0053 159 163 177 198
phone 0.0053 0 57 3 172
phone 0.0053 172 8 203 67
phone 0.0053 141 8 172 67
phone 0.0053 95 70 125 128
phone 0.0053 98 325 115 358
phone 0.0053 141 70 171 128
phone 0.0053 187 8 218 67
phone 0.0053 67 217 84 251
phone 0.0053 122 190 152 217
phone 0.0053 125 8 156 67
phone 0.0053 265 260 266 308
phone 0.0053 123 317 158 374
phone 0.0053 13 322 45 346
phone 0.0052 89 132 107 167
phone 0.0052 21 319 38 350
phone 0.0052 264 270 266 328
phone 0.0052 95 75 156 124
phone 0.0052 249 307 266 354
phone 0.0052 110 8 141 67
phone 0.0052 0 75 2 123
phone 0.0052 140 212 150 225
phone 0.0052 265 152 266 201
phone 0.0052 152 368 183 393
phone 0.0052 95 8 126 67
phone 0.0052 79 8 110 67
phone 0.0052 250 107 266 154
phone 0.0052 140 166 150 178
phone 0.0052 202 8 233 67
phone 0.0052 265 306 266 354
phone 0.0052 222 190 252 217
phone 0.0052 140 220 149 232
phone 0.0052 64 8 95 67
phone 0.0052 160 206 191 232
phone 0.0052 220 274 266 324
phone 0.0051 16 240 50 297
phone 0.0051 264 239 266 298
phone 0.0051 263 273 266 387
phone 0.0051 65 87 124 143
phone 0.0051 0 45 32 93
phone 0.0051 82 309 100 344
phone 0.0051 0 60 17 108
phone 0.0051 159 365 176 395
phone 0.0051 0 0 3 95
phone 0.0051 0 319 49 399
phone 0.0051 70 182 80 194
phone 0.0051 247 209 266 267
phone 0.0051 163 212 172 225
phone 0.0051 0 11 34 126
phone 0.0051 80 70 110 128
phone 0.0051 0 29 2 77
phone 0.0050 63 328 72 340
phone 0.0050 265 106 266 154
phone 0.0050 60 244 90 271
phone 0.0050 129 128 159 155
phone 0.0050 129 336 160 362
phone 0.0050 97 225 115 259
