phone 0.5395 191 114 294 297
phone 0.1029 205 157 283 259
phone 0.0963 17 300 109 399
phone 0.0720 0 261 87 392
phone 0.0513 128 108 268 295
phone 0.0420 184 181 274 323
phone 0.0401 4 314 84 377
phone 0.0379 14 250 182 396
phone 0.0377 12 165 191 361
phone 0.0356 157 65 319 278
phone 0.0347 5 216 123 379
phone 0.0311 90 74 236 269
phone 0.0304 213 131 319 253
phone 0.0272 222 181 319 330
phone 0.0255 206 63 302 229
phone 0.0247 8 107 129 298
phone 0.0244 199 227 295 342
phone 0.0244 26 316 61 375
phone 0.0243 75 295 183 399
phone 0.0227 135 74 251 216
phone 0.0225 0 291 52 399
phone 0.0225 220 187 268 259
phone 0.0204 219 155 269 228
phone 0.0200 0 178 87 354
phone 0.0192 205 171 252 243
phone 0.0191 48 150 155 314
phone 0.0189 138 127 227 256
phone 0.0172 233 142 316 212
phone 0.0171 177 185 250 260
phone 0.0167 38 58 221 336
phone 0.0166 197 126 261 227
phone 0.0162 155 155 241 290
phone 0.0161 51 316 142 399
phone 0.0160 148 157 217 226
phone 0.0156 84 189 234 334
phone 0.0152 254 157 319 227
phone 0.0149 168 221 259 347
phone 0.0148 214 107 275 215
phone 0.0146 110 230 209 349
phone 0.0143 78 245 238 395
phone 0.0143 32 189 118 317
phone 0.0143 108 152 212 307
phone 0.0142 164 138 319 371
phone 0.0141 177 158 250 226
phone 0.0141 257 122 319 285
phone 0.0139 116 40 214 179
phone 0.0134 20 3 100 134
phone 0.0134 218 201 300 276
phone 0.0129 76 65 185 214
phone 0.0128 231 191 318 255
phone 0.0128 207 210 281 297
phone 0.0126 11 315 46 376
phone 0.0125 0 218 51 349
phone 0.0125 58 8 144 145
phone 0.0125 192 246 265 322
phone 0.0124 196 178 231 236
phone 0.0124 180 210 246 297
phone 0.0124 210 251 309 378
phone 0.0121 275 174 319 301
phone 0.0121 259 131 319 191
phone 0.0121 165 202 230 274
phone 0.0120 79 118 184 283
phone 0.0115 41 318 77 373
phone 0.0114 212 117 245 174
phone 0.0113 165 162 200 221
phone 0.0113 176 37 275 181
phone 0.0113 261 218 319 350
phone 0.0111 32 131 118 252
phone 0.0110 148 188 217 257
phone 0.0110 40 221 110 285
phone 0.0109 9 22 128 198
phone 0.0109 19 84 101 207
phone 0.0109 26 35 93 103
phone 0.0108 175 132 252 191
phone 0.0108 0 292 11 399
phone 0.0107 272 147 308 206
phone 0.0107 181 194 215 251
phone 0.0106 273 97 319 224
phone 0.0105 206 204 251 272
phone 0.0104 45 7 105 69
phone 0.0104 90 18 183 150
phone 0.0104 295 138 319 269
phone 0.0103 230 110 289 181
phone 0.0103 103 326 170 399
phone 0.0102 159 146 237 206
phone 0.0102 0 253 46 316
phone 0.0102 236 175 282 240
phone 0.0101 25 234 94 303
phone 0.0101 255 148 293 205
phone 0.0100 176 265 250 333
phone 0.0099 226 115 262 176
phone 0.0098 184 268 275 392
phone 0.0098 243 29 319 187
phone 0.0098 59 0 265 241
phone 0.0098 289 146 319 206
phone 0.0097 148 253 248 376
phone 0.0097 301 101 319 246
phone 0.0096 147 126 218 196
phone 0.0095 196 149 230 204
phone 0.0095 220 237 299 301
phone 0.0094 54 52 158 177
phone 0.0094 75 237 168 361
phone 0.0093 196 255 231 313
phone 0.0093 58 224 91 282
phone 0.0092 8 345 81 399
phone 0.0092 0 223 13 364
phone 0.0092 43 39 76 97
phone 0.0092 258 116 292 174
phone 0.0091 129 175 205 240
phone 0.0091 212 271 245 328
phone 0.0091 221 285 298 345
phone 0.0091 272 178 308 236
phone 0.0090 285 195 319 250
phone 0.0090 42 97 139 224
phone 0.0089 271 254 319 314
phone 0.0089 192 281 265 348
phone 0.0089 159 252 237 316
phone 0.0089 39 146 111 207
phone 0.0088 113 191 190 254
phone 0.0088 208 144 249 208
phone 0.0088 25 99 94 162
phone 0.0087 238 218 312 289
phone 0.0087 144 222 221 285
phone 0.0087 77 12 134 64
phone 0.0086 72 359 139 399
phone 0.0086 256 195 293 250
phone 0.0086 129 206 205 270
phone 0.0086 42 240 76 297
phone 0.0085 165 194 200 251
phone 0.0084 146 301 220 359
phone 0.0084 305 147 319 205
phone 0.0084 25 133 95 189
phone 0.0084 239 131 279 191
phone 0.0084 181 164 215 220
phone 0.0084 135 18 201 149
phone 0.0083 200 100 258 161
phone 0.0083 141 272 224 327
phone 0.0083 119 52 184 116
phone 0.0083 0 327 1 399
phone 0.0082 286 225 319 282
phone 0.0082 209 299 280 361
phone 0.0082 27 239 61 298
phone 0.0082 309 187 319 258
phone 0.0082 40 360 110 399
phone 0.0081 0 193 20 329
phone 0.0081 0 360 46 399
phone 0.0080 217 129 248 155
phone 0.0080 104 0 169 115
phone 0.0080 108 364 165 399
phone 0.0080 24 67 95 132
phone 0.0080 132 141 203 211
phone 0.0080 194 223 232 284
phone 0.0079 304 210 319 266
phone 0.0079 0 249 20 379
phone 0.0079 99 174 174 240
phone 0.0079 0 271 30 328
phone 0.0079 136 39 168 97
phone 0.0079 58 24 92 82
phone 0.0078 108 27 165 80
phone 0.0078 240 209 278 267
phone 0.0078 130 284 205 345
phone 0.0078 160 114 236 177
phone 0.0078 7 39 82 159
phone 0.0077 0 302 30 358
phone 0.0077 0 73 60 186
phone 0.0077 167 32 230 166
phone 0.0077 286 130 317 153
phone 0.0077 274 116 306 174
phone 0.0077 306 156 319 288
phone 0.0077 27 347 61 399
phone 0.0077 27 166 92 217
phone 0.0077 115 219 188 288
phone 0.0077 243 101 276 159
phone 0.0076 99 284 174 345
phone 0.0076 153 64 212 135
phone 0.0076 196 118 230 173
phone 0.0076 40 179 110 235
phone 0.0076 227 271 261 327
phone 0.0076 130 236 204 302
phone 0.0076 0 107 60 153
phone 0.0075 11 54 78 114
phone 0.0075 180 224 215 282
phone 0.0075 43 101 76 159
phone 0.0075 178 298 249 362
phone 0.0074 58 147 91 205
phone 0.0074 308 209 319 314
phone 0.0074 167 55 199 113
phone 0.0074 297 136 306 148
phone 0.0074 71 33 140 104
phone 0.0074 59 0 91 52
phone 0.0074 14 135 74 247
phone 0.0074 245 106 305 155
phone 0.0074 13 100 44 160
phone 0.0074 293 126 310 157
phone 0.0074 85 268 158 331
phone 0.0073 224 125 241 159
phone 0.0073 243 301 276 359
phone 0.0073 99 205 174 271
phone 0.0073 90 310 153 381
phone 0.0073 304 179 319 235
phone 0.0073 57 319 92 373
phone 0.0073 53 160 128 223
phone 0.0073 150 163 184 220
phone 0.0072 138 43 197 94
phone 0.0072 160 284 236 346
phone 0.0072 270 208 319 268
phone 0.0072 54 206 127 270
phone 0.0072 58 18 123 89
phone 0.0072 111 162 192 222
phone 0.0071 43 132 75 190
phone 0.0071 84 237 158 300
phone 0.0071 99 83 174 147
phone 0.0071 182 70 214 128
phone 0.0071 165 132 200 190
phone 0.0071 47 302 133 358
phone 0.0071 166 302 199 359
phone 0.0071 84 189 158 256
phone 0.0070 187 228 217 255
phone 0.0070 224 223 264 283
phone 0.0070 241 241 277 296
phone 0.0070 67 100 144 161
phone 0.0070 44 161 75 222
phone 0.0070 219 2 297 156
phone 0.0070 38 113 112 178
phone 0.0070 99 252 174 316
phone 0.0070 181 256 215 312
phone 0.0070 29 162 59 221
phone 0.0070 194 318 210 350
phone 0.0070 13 153 75 200
phone 0.0070 115 266 189 333
phone 0.0070 186 322 217 346
phone 0.0070 273 270 307 328
phone 0.0070 116 299 188 361
phone 0.0070 236 267 314 332
phone 0.0070 13 214 75 262
phone 0.0069 186 319 202 350
phone 0.0069 152 39 183 97
phone 0.0069 150 195 184 250
phone 0.0069 53 129 128 193
phone 0.0069 69 253 143 315
phone 0.0069 89 348 122 399
phone 0.0069 14 28 75 79
phone 0.0069 165 225 199 281
phone 0.0069 227 301 261 359
phone 0.0069 0 347 30 399
phone 0.0069 69 221 143 285
phone 0.0069 69 173 142 241
phone 0.0069 0 227 59 279
phone 0.0069 242 272 276 327
phone 0.0069 0 0 1 99
phone 0.0069 38 82 112 148
phone 0.0069 104 24 138 82
phone 0.0069 165 256 199 312
phone 0.0069 149 92 216 169
phone 0.0068 167 318 230 373
phone 0.0068 0 0 60 110
phone 0.0068 53 237 128 300
phone 0.0068 309 160 319 223
phone 0.0068 134 195 169 250
phone 0.0068 115 98 189 163
phone 0.0068 289 270 319 328
phone 0.0068 137 319 197 372
phone 0.0068 73 318 107 373
phone 0.0068 104 362 137 399
phone 0.0068 150 301 184 359
phone 0.0068 28 23 60 83
phone 0.0068 150 70 184 128
phone 0.0068 180 133 215 189
phone 0.0067 69 283 142 347
phone 0.0067 39 50 111 118
phone 0.0067 0 283 15 347
phone 0.0067 232 125 249 159
phone 0.0067 209 239 248 298
phone 0.0067 66 69 145 130
phone 0.0067 83 115 160 177
phone 0.0067 12 239 45 298
phone 0.0067 304 240 319 297
phone 0.0067 37 252 113 316
phone 0.0067 73 363 107 399
phone 0.0067 286 236 319 362
phone 0.0067 58 363 91 399
phone 0.0067 119 40 153 97
phone 0.0067 169 59 227 109
phone 0.0066 42 70 76 128
phone 0.0066 98 145 175 208
phone 0.0066 257 225 292 281
phone 0.0066 86 156 156 227
phone 0.0066 212 301 245 359
phone 0.0066 0 43 17 166
phone 0.0066 30 164 90 280
phone 0.0066 29 208 60 267
phone 0.0066 42 363 76 399
phone 0.0066 29 130 59 191
phone 0.0065 193 225 211 259
phone 0.0065 190 328 199 341
phone 0.0065 14 24 44 82
phone 0.0065 262 304 319 356
phone 0.0065 0 139 21 256
phone 0.0065 0 45 60 93
phone 0.0065 59 178 91 236
phone 0.0065 119 301 153 359
phone 0.0065 12 243 76 325
phone 0.0065 70 142 142 211
phone 0.0065 104 332 138 390
phone 0.0065 276 60 319 108
phone 0.0065 13 184 75 231
phone 0.0064 196 286 230 343
phone 0.0064 134 71 169 128
phone 0.0064 84 51 158 118
phone 0.0064 228 136 237 148
phone 0.0064 0 91 44 138
phone 0.0064 245 60 305 108
phone 0.0064 245 29 305 77
phone 0.0064 275 27 319 141
phone 0.0064 29 198 90 247
phone 0.0064 30 0 90 80
phone 0.0064 231 320 288 370
phone 0.0064 184 85 242 144
phone 0.0064 306 270 319 329
phone 0.0064 181 301 214 359
phone 0.0064 258 287 291 343
phone 0.0063 132 110 203 181
phone 0.0063 260 76 319 123
phone 0.0063 115 128 189 194
phone 0.0063 104 301 138 359
phone 0.0063 260 45 319 93
phone 0.0063 213 0 276 95
phone 0.0063 244 0 306 110
phone 0.0063 197 328 207 340
phone 0.0063 181 332 246 399
phone 0.0063 149 225 184 281
phone 0.0063 0 222 1 346
phone 0.0063 0 224 29 282
phone 0.0063 43 207 75 268
phone 0.0063 202 326 217 358
phone 0.0063 50 270 131 329
phone 0.0063 275 304 319 399
phone 0.0063 182 0 245 95
phone 0.0062 0 75 59 124
phone 0.0062 0 0 30 96
phone 0.0062 194 330 225 354
phone 0.0062 0 43 45 155
phone 0.0062 12 88 77 142
phone 0.0062 13 0 76 46
phone 0.0062 0 60 44 108
phone 0.0062 197 316 260 374
phone 0.0062 44 0 75 52
phone 0.0062 88 317 122 374
phone 0.0062 151 0 215 95
phone 0.0062 104 270 138 328
phone 0.0062 165 86 200 144
phone 0.0061 261 337 319 385
phone 0.0061 0 85 13 144
phone 0.0061 151 332 215 399
phone 0.0061 88 24 123 82
phone 0.0061 119 179 153 235
phone 0.0061 0 14 59 62
phone 0.0061 198 70 229 128
phone 0.0061 294 114 319 139
phone 0.0061 61 0 119 33
phone 0.0061 13 69 44 130
phone 0.0061 73 25 107 82
phone 0.0061 168 30 228 77
phone 0.0061 0 122 28 169
phone 0.0061 260 54 290 113
phone 0.0061 260 23 290 82
phone 0.0061 199 30 259 77
phone 0.0061 134 225 169 281
phone 0.0061 0 364 11 399
phone 0.0061 276 300 305 360
phone 0.0061 29 0 60 51
phone 0.0060 119 271 153 328
phone 0.0060 276 69 305 129
phone 0.0060 73 209 107 266
phone 0.0060 21 274 98 356
phone 0.0060 0 70 29 129
phone 0.0060 291 70 319 129
phone 0.0060 0 88 29 202
phone 0.0060 73 163 107 220
phone 0.0060 276 39 305 98
phone 0.0060 229 45 290 92
phone 0.0060 0 199 28 246
phone 0.0060 276 29 319 77
phone 0.0060 28 100 60 160
phone 0.0060 135 286 168 343
phone 0.0060 318 153 319 291
phone 0.0059 291 367 319 399
phone 0.0059 226 284 293 399
phone 0.0059 205 336 214 348
phone 0.0059 291 39 319 98
phone 0.0059 245 54 275 113
phone 0.0059 214 60 274 108
phone 0.0059 0 138 59 184
phone 0.0059 0 23 13 82
phone 0.0059 275 331 306 390
phone 0.0059 261 315 290 376
phone 0.0059 306 368 319 399
phone 0.0059 245 23 275 82
phone 0.0059 184 0 243 31
phone 0.0059 0 165 60 279
phone 0.0059 198 0 259 64
phone 0.0059 104 240 138 297
phone 0.0058 122 346 152 399
phone 0.0058 180 102 215 159
phone 0.0058 150 271 184 328
phone 0.0058 240 314 271 339
phone 0.0058 247 310 264 343
phone 0.0058 236 136 245 148
phone 0.0058 119 86 153 143
phone 0.0058 210 244 240 270
phone 0.0058 0 214 44 262
phone 0.0058 0 116 13 175
phone 0.0058 0 208 13 267
phone 0.0058 305 332 319 399
phone 0.0058 306 54 319 113
phone 0.0058 0 39 0 159
phone 0.0058 199 23 229 82
phone 0.0058 0 168 28 216
phone 0.0058 230 14 289 62
phone 0.0058 183 23 213 82
phone 0.0058 15 2 181 271
phone 0.0058 89 255 122 312
phone 0.0058 244 320 306 399
phone 0.0058 214 23 244 82
phone 0.0058 230 23 259 82
phone 0.0057 119 210 153 266
phone 0.0057 215 0 274 31
phone 0.0057 167 0 229 64
phone 0.0057 290 331 319 390
phone 0.0057 58 117 92 174
phone 0.0057 256 151 286 178
phone 0.0057 13 120 76 171
phone 0.0057 0 239 14 297
phone 0.0057 14 131 44 190
phone 0.0057 0 54 13 113
phone 0.0057 14 0 44 51
phone 0.0057 212 332 277 399
phone 0.0057 230 76 290 123
phone 0.0057 150 132 184 189
phone 0.0057 14 192 44 252
phone 0.0057 89 225 122 282
phone 0.0057 0 85 0 205
phone 0.0057 73 240 107 297
phone 0.0057 225 291 255 316
phone 0.0057 88 286 122 343
phone 0.0057 0 120 60 232
phone 0.0057 138 14 197 62
phone 0.0057 290 116 319 174
phone 0.0056 0 183 43 231
phone 0.0056 229 54 259 113
phone 0.0056 0 153 43 200
phone 0.0056 273 240 307 297
phone 0.0056 198 12 260 125
phone 0.0056 75 0 106 37
phone 0.0056 197 236 207 248
phone 0.0056 73 132 107 189
phone 0.0056 136 363 168 399
phone 0.0056 88 178 122 236
phone 0.0056 134 102 168 158
phone 0.0056 104 194 138 251
phone 0.0056 30 0 90 33
phone 0.0056 88 102 122 158
phone 0.0056 183 367 244 399
phone 0.0056 168 24 198 82
phone 0.0056 153 0 212 31
phone 0.0056 104 102 138 158
phone 0.0056 58 86 92 143
phone 0.0056 28 70 60 129
phone 0.0056 137 367 198 399
phone 0.0056 0 0 12 30
phone 0.0056 0 177 13 236
phone 0.0056 214 90 275 139
phone 0.0056 275 91 319 139
phone 0.0055 0 262 7 398
phone 0.0055 134 164 169 219
phone 0.0055 245 0 305 31
phone 0.0055 14 162 44 221
phone 0.0055 0 162 1 282
phone 0.0055 0 0 58 31
phone 0.0055 199 0 228 37
phone 0.0055 214 0 244 37
phone 0.0055 257 256 292 312
phone 0.0055 0 153 13 200
phone 0.0055 119 240 153 297
phone 0.0055 194 275 225 301
phone 0.0055 58 55 92 112
phone 0.0055 232 287 249 320
phone 0.0055 24 285 63 344
phone 0.0055 39 65 57 96
phone 0.0055 134 256 169 312
phone 0.0055 259 0 319 64
phone 0.0055 32 69 64 92
phone 0.0054 10 285 47 344
phone 0.0054 184 0 213 37
phone 0.0054 199 76 258 124
phone 0.0054 305 120 314 133
phone 0.0054 0 317 14 374
phone 0.0054 0 119 14 232
phone 0.0054 230 0 259 37
phone 0.0054 306 23 319 83
phone 0.0054 230 353 289 399
phone 0.0054 277 287 319 342
phone 0.0054 260 347 290 399
phone 0.0054 216 240 234 274
phone 0.0054 57 256 92 312
phone 0.0053 245 0 274 37
phone 0.0053 73 102 107 158
phone 0.0053 152 8 183 67
phone 0.0053 229 85 260 143
phone 0.0053 119 117 153 174
phone 0.0053 275 363 306 399
phone 0.0053 306 85 319 144
phone 0.0053 88 133 122 189
phone 0.0053 182 362 214 399
phone 0.0053 121 9 153 66
phone 0.0053 104 163 138 220
phone 0.0053 197 362 230 399
phone 0.0053 151 362 184 399
phone 0.0053 244 347 275 399
phone 0.0053 104 71 138 127
phone 0.0053 276 0 319 30
phone 0.0053 91 0 121 37
phone 0.0052 262 148 280 182
phone 0.0052 168 0 198 37
phone 0.0052 225 107 256 131
phone 0.0052 261 0 290 37
phone 0.0052 136 8 168 67
phone 0.0052 119 148 153 204
phone 0.0052 88 71 122 127
phone 0.0052 167 362 199 399
phone 0.0052 214 54 244 113
phone 0.0052 260 85 290 143
phone 0.0052 307 0 319 30
phone 0.0052 304 256 319 373
phone 0.0052 251 320 260 333
phone 0.0052 201 271 218 305
phone 0.0052 104 133 138 189
phone 0.0051 73 71 107 128
phone 0.0051 134 133 169 189
phone 0.0051 307 307 319 354
phone 0.0051 150 102 184 159
phone 0.0051 122 0 181 30
phone 0.0051 136 315 167 375
phone 0.0051 121 0 183 79
phone 0.0051 43 74 52 87
phone 0.0051 213 362 245 399
phone 0.0051 153 0 182 37
phone 0.0050 275 8 306 67
phone 0.0050 214 367 275 399
