phone 0.2614 10 120 190 328
phone 0.0473 36 179 151 325
phone 0.0400 61 103 180 252
phone 0.0220 0 153 73 305
phone 0.0208 50 125 145 289
phone 0.0185 0 79 86 259
phone 0.0184 166 111 241 230
phone 0.0182 102 82 197 211
phone 0.0170 14 72 106 211
phone 0.0166 52 224 126 351
phone 0.0149 68 181 225 333
phone 0.0143 73 156 183 288
phone 0.0136 93 134 163 219
phone 0.0130 117 121 239 275
phone 0.0129 18 144 115 270
phone 0.0128 81 225 152 351
phone 0.0122 46 84 139 204
phone 0.0119 0 220 63 348
phone 0.0117 111 124 176 199
phone 0.0114 62 150 133 234
phone 0.0114 48 167 116 247
phone 0.0112 29 226 94 350
phone 0.0105 32 140 101 213
phone 0.0104 140 136 170 162
phone 0.0103 0 188 55 257
phone 0.0102 0 193 42 313
phone 0.0101 135 93 214 228
phone 0.0100 0 48 150 289
phone 0.0097 3 156 69 228
phone 0.0096 146 133 164 166
phone 0.0095 32 188 102 257
phone 0.0094 136 172 214 303
phone 0.0094 0 253 56 315
phone 0.0093 130 117 188 175
phone 0.0093 86 208 170 268
phone 0.0092 59 203 136 273
phone 0.0091 83 37 165 182
phone 0.0091 108 237 179 300
phone 0.0090 124 138 194 215
phone 0.0090 140 190 209 255
phone 0.0089 92 254 165 314
phone 0.0089 13 209 90 267
phone 0.0088 82 124 143 199
phone 0.0087 125 221 193 285
phone 0.0087 103 219 184 349
phone 0.0086 172 47 241 165
phone 0.0086 10 178 92 237
phone 0.0086 137 159 211 224
phone 0.0086 0 221 55 285
phone 0.0085 0 239 73 298
phone 0.0085 0 270 72 329
phone 0.0085 150 143 160 156
phone 0.0084 110 131 146 191
phone 0.0083 49 148 84 205
phone 0.0083 125 131 161 191
phone 0.0083 18 162 53 221
phone 0.0082 77 269 148 330
phone 0.0081 3 177 37 236
phone 0.0080 64 178 100 236
phone 0.0080 142 129 206 193
phone 0.0080 118 176 200 238
phone 0.0080 71 222 154 284
phone 0.0080 49 179 83 235
phone 0.0079 100 115 157 176
phone 0.0079 47 218 117 289
phone 0.0079 93 146 132 206
phone 0.0077 89 165 167 249
phone 0.0077 99 194 188 252
phone 0.0077 74 184 152 261
phone 0.0077 157 194 191 251
phone 0.0076 45 269 120 330
phone 0.0076 126 240 160 297
phone 0.0076 104 152 182 232
phone 0.0075 34 210 68 266
phone 0.0075 142 225 175 282
phone 0.0074 0 146 35 267
phone 0.0074 64 148 99 205
phone 0.0074 0 208 21 267
phone 0.0074 111 256 145 312
phone 0.0074 79 147 116 205
phone 0.0074 58 238 137 300
phone 0.0074 34 163 68 220
phone 0.0074 0 153 36 200
phone 0.0073 0 227 20 340
phone 0.0073 4 270 36 329
phone 0.0072 0 261 21 307
phone 0.0072 19 240 52 297
phone 0.0072 157 148 191 205
phone 0.0071 19 270 52 328
phone 0.0070 0 254 5 314
phone 0.0070 0 137 52 185
phone 0.0070 0 147 21 205
phone 0.0069 96 271 129 328
phone 0.0069 0 104 52 218
phone 0.0069 50 209 83 267
phone 0.0069 0 177 21 237
phone 0.0068 0 192 5 252
phone 0.0068 52 126 112 196
phone 0.0068 159 174 220 240
phone 0.0067 64 208 99 267
phone 0.0067 80 210 114 266
phone 0.0067 111 211 145 265
phone 0.0066 6 131 36 190
phone 0.0066 139 132 156 166
phone 0.0066 19 210 52 266
phone 0.0066 176 122 235 170
phone 0.0066 0 241 37 357
phone 0.0065 95 211 130 265
phone 0.0065 97 289 160 399
phone 0.0065 19 287 84 342
phone 0.0065 5 122 67 169
phone 0.0065 100 290 156 339
phone 0.0064 140 147 177 205
phone 0.0064 30 250 103 318
phone 0.0064 0 292 36 338
phone 0.0064 0 162 5 221
phone 0.0064 0 223 5 283
phone 0.0063 34 271 68 328
phone 0.0063 190 116 221 175
phone 0.0063 128 273 190 387
phone 0.0063 67 91 128 139
phone 0.0063 65 271 99 328
phone 0.0063 206 0 241 30
phone 0.0063 80 271 114 328
phone 0.0063 52 76 112 123
phone 0.0062 129 306 189 354
phone 0.0062 145 291 204 339
phone 0.0062 175 178 241 282
phone 0.0062 66 57 129 172
phone 0.0062 51 42 113 156
phone 0.0062 221 0 241 64
phone 0.0062 143 258 206 371
phone 0.0062 130 0 189 30
phone 0.0061 0 332 6 399
phone 0.0061 0 367 5 399
phone 0.0061 21 106 82 154
phone 0.0061 0 367 20 399
phone 0.0061 37 91 97 139
phone 0.0061 190 0 241 64
phone 0.0061 0 332 22 399
phone 0.0061 99 322 158 369
phone 0.0061 160 276 220 323
phone 0.0061 131 258 187 310
phone 0.0061 21 116 51 175
phone 0.0061 113 0 174 64
phone 0.0061 126 211 160 265
phone 0.0061 115 274 172 325
phone 0.0061 5 73 67 187
phone 0.0061 173 163 206 220
phone 0.0061 114 105 174 155
phone 0.0061 176 0 235 30
phone 0.0061 67 287 129 342
phone 0.0061 6 91 66 139
phone 0.0061 22 131 80 191
phone 0.0061 21 76 81 123
phone 0.0061 144 0 205 64
phone 0.0061 36 57 98 172
phone 0.0061 99 0 158 30
phone 0.0061 34 240 68 297
phone 0.0060 83 75 143 123
phone 0.0060 150 136 160 148
phone 0.0060 141 195 176 250
phone 0.0060 159 243 221 356
phone 0.0060 191 230 241 277
phone 0.0060 237 0 241 30
phone 0.0060 37 60 97 108
phone 0.0060 20 42 83 156
phone 0.0060 67 60 128 108
phone 0.0060 236 0 241 64
phone 0.0060 36 116 67 174
phone 0.0060 0 106 51 154
phone 0.0060 0 122 35 169
phone 0.0060 154 132 172 166
phone 0.0060 83 85 113 144
phone 0.0060 159 285 190 344
phone 0.0059 65 240 99 297
phone 0.0059 144 301 174 359
phone 0.0059 67 69 97 129
phone 0.0059 191 152 241 201
phone 0.0059 159 332 222 399
phone 0.0059 160 143 220 209
phone 0.0059 114 284 143 345
phone 0.0059 145 0 174 37
phone 0.0059 146 243 202 294
phone 0.0059 0 91 35 139
phone 0.0059 129 0 158 37
phone 0.0059 175 367 236 399
phone 0.0059 6 60 66 108
phone 0.0059 144 367 205 399
phone 0.0059 51 106 113 154
phone 0.0059 160 0 189 37
phone 0.0059 82 0 143 64
phone 0.0059 189 332 241 399
phone 0.0059 143 101 175 159
phone 0.0058 144 337 205 385
phone 0.0058 176 245 235 293
phone 0.0058 206 122 241 170
phone 0.0058 191 0 220 37
phone 0.0058 0 57 37 172
phone 0.0058 128 332 191 399
phone 0.0058 0 76 51 123
phone 0.0058 52 69 82 129
phone 0.0058 113 316 144 375
phone 0.0058 5 26 67 141
phone 0.0058 175 0 205 37
phone 0.0058 0 131 5 190
phone 0.0058 160 76 220 123
phone 0.0058 175 270 205 328
phone 0.0058 191 91 241 139
phone 0.0058 129 285 159 345
phone 0.0058 114 0 143 37
phone 0.0058 98 60 158 108
phone 0.0058 128 101 160 159
phone 0.0058 51 304 114 399
phone 0.0058 21 85 51 144
phone 0.0058 206 168 241 216
phone 0.0058 125 136 155 163
phone 0.0058 236 332 241 399
phone 0.0058 37 119 97 172
phone 0.0058 220 332 241 399
phone 0.0058 68 0 127 30
phone 0.0058 37 69 66 129
phone 0.0058 205 88 241 202
phone 0.0058 113 367 174 399
phone 0.0058 236 367 241 399
phone 0.0058 0 337 35 385
phone 0.0058 174 363 206 399
phone 0.0058 21 45 81 93
phone 0.0057 0 300 20 360
phone 0.0057 52 45 112 93
phone 0.0057 0 106 20 154
phone 0.0057 98 69 128 129
phone 0.0057 143 143 152 156
phone 0.0057 174 211 237 325
phone 0.0057 190 363 221 399
phone 0.0057 50 271 83 328
phone 0.0057 159 363 190 399
phone 0.0057 0 367 51 399
phone 0.0057 129 60 189 108
phone 0.0057 204 134 241 248
phone 0.0057 80 241 114 296
phone 0.0057 6 100 36 159
phone 0.0057 35 11 98 126
phone 0.0057 83 54 113 113
phone 0.0057 221 137 241 185
phone 0.0057 144 254 174 314
phone 0.0057 112 26 175 141
phone 0.0057 205 363 236 399
phone 0.0057 0 274 52 385
phone 0.0057 114 337 174 385
phone 0.0057 143 363 175 399
phone 0.0057 99 0 128 37
phone 0.0057 0 73 21 187
phone 0.0056 6 29 66 77
phone 0.0056 37 29 97 77
phone 0.0056 98 353 159 399
phone 0.0056 82 332 145 399
phone 0.0056 0 307 50 353
phone 0.0056 0 60 35 108
phone 0.0056 0 76 20 123
phone 0.0056 175 116 205 174
phone 0.0056 220 103 241 218
phone 0.0056 6 0 66 30
phone 0.0056 221 106 241 154
phone 0.0056 128 363 159 399
phone 0.0056 114 75 174 123
phone 0.0056 51 0 113 64
phone 0.0056 37 0 96 30
phone 0.0056 21 54 51 113
phone 0.0056 128 316 159 374
phone 0.0056 66 11 129 126
phone 0.0056 67 101 97 159
phone 0.0056 143 26 206 141
phone 0.0056 52 100 82 159
phone 0.0056 5 332 68 399
phone 0.0056 6 300 36 360
phone 0.0056 21 367 82 399
phone 0.0056 206 199 241 246
phone 0.0056 160 239 190 298
phone 0.0056 67 367 128 399
phone 0.0055 0 45 51 93
phone 0.0055 160 331 190 390
phone 0.0055 113 363 144 399
phone 0.0055 67 29 128 77
phone 0.0055 6 70 36 129
phone 0.0055 144 331 174 390
phone 0.0055 21 0 82 64
phone 0.0055 175 60 235 108
phone 0.0055 190 239 220 298
phone 0.0055 175 69 205 129
phone 0.0055 83 0 112 37
phone 0.0055 35 332 99 399
phone 0.0055 206 85 236 144
phone 0.0055 83 45 143 93
phone 0.0055 162 211 218 265
phone 0.0055 191 85 220 144
phone 0.0055 221 183 241 231
phone 0.0055 114 54 143 113
phone 0.0055 237 168 241 216
phone 0.0055 0 119 6 233
phone 0.0055 237 137 241 185
phone 0.0055 97 363 129 399
phone 0.0055 82 106 144 155
phone 0.0055 98 91 159 139
phone 0.0055 68 337 127 385
phone 0.0055 0 0 52 110
phone 0.0055 0 45 20 93
phone 0.0055 52 39 82 98
phone 0.0055 220 57 241 172
phone 0.0055 95 241 130 296
phone 0.0055 205 181 241 294
phone 0.0055 0 26 21 141
phone 0.0055 37 39 66 98
phone 0.0055 175 331 205 390
phone 0.0055 221 214 241 262
phone 0.0055 160 306 220 354
phone 0.0055 67 39 97 98
phone 0.0054 0 100 5 159
phone 0.0054 129 54 159 113
phone 0.0054 0 0 35 30
phone 0.0054 237 199 241 246
phone 0.0054 113 101 144 159
phone 0.0054 0 0 4 30
phone 0.0054 0 29 35 77
phone 0.0054 220 150 241 264
phone 0.0054 236 103 241 218
phone 0.0054 0 285 5 344
phone 0.0054 237 106 241 154
phone 0.0054 236 150 241 264
phone 0.0054 36 363 67 399
phone 0.0054 68 0 97 37
phone 0.0054 221 75 241 123
phone 0.0054 144 54 174 113
phone 0.0054 82 363 113 399
phone 0.0054 0 76 5 123
phone 0.0054 20 305 83 399
phone 0.0054 128 42 190 156
phone 0.0054 0 29 4 77
phone 0.0054 0 322 5 369
phone 0.0054 51 363 83 399
phone 0.0054 175 322 235 370
phone 0.0054 0 0 5 64
phone 0.0054 22 0 51 37
phone 0.0054 175 291 235 339
phone 0.0054 66 363 98 399
phone 0.0054 21 23 51 82
phone 0.0054 160 54 189 113
phone 0.0054 0 0 21 64
phone 0.0054 37 0 66 37
phone 0.0054 52 0 82 37
phone 0.0054 190 260 241 308
phone 0.0054 97 11 160 126
phone 0.0053 220 196 241 310
phone 0.0053 108 162 148 221
phone 0.0053 0 73 6 187
phone 0.0053 114 45 174 93
phone 0.0053 206 245 241 292
phone 0.0053 0 26 6 141
phone 0.0053 174 258 237 371
phone 0.0053 206 60 241 108
phone 0.0053 237 229 241 277
phone 0.0053 237 75 241 123
phone 0.0053 98 29 158 77
phone 0.0053 236 57 241 172
phone 0.0053 160 45 220 93
phone 0.0053 6 39 36 98
phone 0.0053 83 23 113 82
phone 0.0053 131 132 149 167
phone 0.0053 36 331 67 390
phone 0.0053 205 26 241 141
phone 0.0053 191 54 220 113
phone 0.0053 67 331 98 390
phone 0.0053 98 316 128 375
phone 0.0053 237 29 241 77
phone 0.0053 21 346 51 399
phone 0.0052 98 39 128 98
phone 0.0052 98 101 128 159
phone 0.0052 236 196 241 310
phone 0.0052 154 230 187 253
phone 0.0052 51 331 82 390
phone 0.0052 205 227 241 341
phone 0.0052 125 180 161 234
phone 0.0052 159 11 221 126
phone 0.0052 129 91 190 139
phone 0.0052 82 331 113 390
phone 0.0052 206 276 241 323
phone 0.0052 191 45 241 93
phone 0.0052 145 106 204 155
phone 0.0052 144 29 205 77
phone 0.0052 0 273 6 387
phone 0.0052 175 29 235 77
phone 0.0052 175 300 205 359
phone 0.0052 77 177 117 237
phone 0.0052 221 260 241 308
phone 0.0052 191 306 241 354
phone 0.0052 190 270 220 328
phone 0.0052 221 29 241 77
phone 0.0052 0 14 51 62
phone 0.0051 49 239 83 298
phone 0.0051 128 0 190 110
phone 0.0051 237 260 241 308
phone 0.0051 84 306 142 354
phone 0.0051 175 239 205 298
phone 0.0051 190 300 220 359
phone 0.0051 163 226 178 257
phone 0.0051 158 143 168 156
phone 0.0051 235 11 241 126
phone 0.0051 220 11 241 126
phone 0.0051 160 14 220 62
phone 0.0051 129 14 189 62
phone 0.0051 174 193 206 252
phone 0.0050 190 177 220 236
phone 0.0050 205 303 241 399
phone 0.0050 114 23 143 82
phone 0.0050 220 242 241 356
phone 0.0050 175 39 205 98
