phone 0.9097 154 69 262 217
phone 0.1518 115 35 290 238
phone 0.0605 102 83 189 229
phone 0.0557 168 83 337 231
phone 0.0494 172 95 243 187
phone 0.0488 125 51 228 200
phone 0.0393 164 121 279 244
phone 0.0293 127 84 195 167
phone 0.0286 88 38 199 183
phone 0.0283 120 131 232 240
phone 0.0275 99 112 161 200
phone 0.0268 135 0 386 211
phone 0.0255 242 140 273 164
phone 0.0244 123 121 199 192
phone 0.0243 188 40 327 183
phone 0.0239 249 136 266 168
phone 0.0237 136 100 217 182
phone 0.0236 110 132 181 211
phone 0.0231 239 68 329 212
phone 0.0222 252 146 262 158
phone 0.0209 239 111 298 201
phone 0.0202 40 53 244 266
phone 0.0195 209 126 298 186
phone 0.0194 192 86 253 165
phone 0.0185 56 124 163 259
phone 0.0184 156 162 245 266
phone 0.0182 110 72 181 148
phone 0.0173 177 7 280 156
phone 0.0169 111 124 149 187
phone 0.0166 140 70 212 150
phone 0.0162 141 94 180 156
phone 0.0160 169 0 247 213
phone 0.0158 53 56 171 215
phone 0.0149 234 85 303 165
phone 0.0149 25 87 129 238
phone 0.0144 250 101 318 180
phone 0.0144 97 139 193 265
phone 0.0144 142 126 179 186
phone 0.0141 232 117 345 263
phone 0.0138 127 58 194 131
phone 0.0137 242 124 272 149
phone 0.0135 126 141 165 202
phone 0.0133 94 91 166 160
phone 0.0130 250 124 287 188
phone 0.0130 166 119 217 193
phone 0.0129 59 0 158 153
phone 0.0128 235 128 271 184
phone 0.0125 125 108 166 173
phone 0.0125 143 146 210 228
phone 0.0123 249 120 266 153
phone 0.0123 189 155 287 266
phone 0.0122 30 57 109 193
phone 0.0121 121 158 201 216
phone 0.0121 260 92 377 236
phone 0.0119 156 125 196 187
phone 0.0119 237 6 346 154
phone 0.0116 116 184 207 266
phone 0.0115 253 138 262 151
phone 0.0114 229 0 309 115
phone 0.0114 349 25 399 164
phone 0.0114 97 161 163 243
phone 0.0112 81 137 149 206
phone 0.0112 75 112 154 170
phone 0.0112 127 80 164 140
phone 0.0112 232 28 399 190
phone 0.0110 253 131 262 143
phone 0.0108 192 117 253 195
phone 0.0107 249 137 319 206
phone 0.0107 358 90 399 221
phone 0.0105 362 124 399 188
phone 0.0105 108 172 183 233
phone 0.0105 0 90 79 222
phone 0.0104 98 128 131 184
phone 0.0103 156 95 197 156
phone 0.0103 256 136 274 169
phone 0.0103 18 156 119 266
phone 0.0102 68 187 162 266
phone 0.0102 331 60 399 190
phone 0.0099 0 135 68 266
phone 0.0099 253 123 262 135
phone 0.0099 20 105 87 176
phone 0.0098 192 141 283 203
phone 0.0098 0 0 39 0
phone 0.0097 113 97 147 154
phone 0.0097 219 154 288 220
phone 0.0097 160 7 224 151
phone 0.0097 276 133 362 255
phone 0.0096 250 203 319 263
phone 0.0095 181 152 263 222
phone 0.0095 210 76 296 145
phone 0.0095 358 58 399 131
phone 0.0095 266 127 302 185
phone 0.0095 144 159 178 214
phone 0.0094 252 154 262 166
phone 0.0094 143 65 179 124
phone 0.0094 158 65 194 124
phone 0.0093 346 15 399 82
phone 0.0093 312 16 399 142
phone 0.0093 147 48 206 110
phone 0.0093 250 95 287 156
phone 0.0092 221 17 286 80
phone 0.0092 51 71 117 149
phone 0.0091 235 59 303 129
phone 0.0090 260 146 270 158
phone 0.0090 281 170 349 234
phone 0.0090 158 157 194 216
phone 0.0090 251 72 317 148
phone 0.0089 202 203 274 263
phone 0.0088 281 34 380 154
phone 0.0088 278 0 352 117
phone 0.0087 204 44 272 115
phone 0.0087 128 189 162 246
phone 0.0087 110 155 150 219
phone 0.0087 5 121 71 191
phone 0.0086 56 130 143 183
phone 0.0085 52 96 85 154
phone 0.0085 181 135 233 208
phone 0.0085 36 111 70 170
phone 0.0085 248 169 320 235
phone 0.0085 236 158 270 215
phone 0.0084 0 263 41 266
phone 0.0084 263 94 336 157
phone 0.0083 167 91 216 160
phone 0.0083 227 169 312 266
phone 0.0083 328 125 395 186
phone 0.0083 263 187 337 248
phone 0.0083 341 109 399 172
phone 0.0083 60 94 139 157
phone 0.0082 61 158 139 215
phone 0.0082 46 108 122 174
phone 0.0082 144 190 177 245
phone 0.0082 109 217 182 266
phone 0.0082 63 218 136 266
phone 0.0081 278 141 352 202
phone 0.0081 174 172 209 232
phone 0.0081 341 46 399 112
phone 0.0081 2 47 89 161
phone 0.0081 44 142 124 201
phone 0.0081 37 222 100 266
phone 0.0081 198 176 278 228
phone 0.0081 98 158 132 215
phone 0.0081 342 76 399 144
phone 0.0080 190 174 224 230
phone 0.0080 250 116 280 142
phone 0.0079 67 54 132 135
phone 0.0079 238 0 299 43
phone 0.0079 297 154 364 219
phone 0.0078 12 0 205 221
phone 0.0078 173 218 242 266
phone 0.0078 251 12 317 84
phone 0.0078 298 173 331 231
phone 0.0077 30 188 108 247
phone 0.0077 276 111 353 171
phone 0.0077 75 79 155 141
phone 0.0077 314 140 378 203
phone 0.0076 144 220 178 266
phone 0.0076 221 204 254 261
phone 0.0075 253 0 284 46
phone 0.0075 0 169 58 235
phone 0.0075 67 81 101 139
phone 0.0075 267 158 301 216
phone 0.0075 40 32 98 156
phone 0.0075 47 202 122 263
phone 0.0075 325 93 397 158
phone 0.0075 46 172 123 233
phone 0.0075 269 0 300 46
phone 0.0075 0 201 59 264
phone 0.0075 263 122 336 190
phone 0.0075 21 127 55 185
phone 0.0075 39 66 99 123
phone 0.0074 262 64 337 125
phone 0.0074 182 189 263 246
phone 0.0074 256 120 274 154
phone 0.0074 83 236 147 266
phone 0.0074 301 14 360 83
phone 0.0074 94 0 184 122
phone 0.0074 271 224 328 266
phone 0.0074 16 203 91 262
phone 0.0073 92 60 168 130
phone 0.0073 374 81 399 139
phone 0.0073 374 50 399 108
phone 0.0073 100 24 161 73
phone 0.0073 31 155 107 219
phone 0.0073 251 65 286 124
phone 0.0073 374 19 399 77
phone 0.0073 360 3 393 62
phone 0.0073 0 139 57 204
phone 0.0073 269 0 330 42
phone 0.0073 249 46 320 112
phone 0.0072 141 216 212 266
phone 0.0072 311 107 380 174
phone 0.0072 179 40 235 119
phone 0.0072 287 207 343 258
phone 0.0072 267 189 301 246
phone 0.0072 309 63 383 126
phone 0.0072 149 178 180 203
phone 0.0072 84 0 146 106
phone 0.0071 286 5 343 61
phone 0.0071 238 0 269 46
phone 0.0071 53 218 84 266
phone 0.0071 129 234 193 266
phone 0.0071 315 0 377 95
phone 0.0071 69 37 130 90
phone 0.0071 234 178 265 204
phone 0.0070 56 14 114 143
phone 0.0070 332 6 390 60
phone 0.0070 220 51 255 107
phone 0.0070 55 50 114 108
phone 0.0069 97 98 132 153
phone 0.0069 273 83 357 137
phone 0.0069 115 19 146 77
phone 0.0069 284 0 315 46
phone 0.0069 193 35 252 92
phone 0.0069 266 80 301 139
phone 0.0069 282 189 316 246
phone 0.0069 294 124 367 188
phone 0.0069 192 9 254 57
phone 0.0069 207 0 269 42
phone 0.0069 100 19 130 77
phone 0.0069 227 85 257 112
phone 0.0069 83 219 116 266
phone 0.0068 128 220 162 266
phone 0.0068 313 158 347 215
phone 0.0068 298 19 332 77
phone 0.0068 162 237 222 266
phone 0.0068 193 0 253 128
phone 0.0068 269 218 299 266
phone 0.0068 285 218 315 266
phone 0.0068 330 4 362 62
phone 0.0068 82 159 116 215
phone 0.0068 233 97 272 153
phone 0.0068 23 84 84 136
phone 0.0068 175 204 208 262
phone 0.0067 294 93 366 158
phone 0.0067 0 186 76 249
phone 0.0067 0 0 41 32
phone 0.0067 157 174 173 207
phone 0.0067 375 111 399 170
phone 0.0067 300 203 330 263
phone 0.0067 298 143 331 200
phone 0.0067 315 0 376 42
phone 0.0067 98 219 131 266
phone 0.0067 236 189 270 246
phone 0.0067 173 86 203 111
phone 0.0067 69 34 100 93
phone 0.0067 359 97 393 154
phone 0.0066 82 129 116 183
phone 0.0066 292 48 369 111
phone 0.0066 267 19 301 77
phone 0.0066 282 97 316 154
phone 0.0066 221 218 286 266
phone 0.0066 236 50 270 108
phone 0.0066 221 175 254 230
phone 0.0066 262 31 337 97
phone 0.0066 242 185 272 211
phone 0.0065 203 229 219 260
phone 0.0065 195 233 227 256
phone 0.0065 261 155 338 218
phone 0.0065 223 0 253 47
phone 0.0065 208 3 238 62
phone 0.0065 205 205 239 261
phone 0.0065 38 79 69 140
phone 0.0065 0 154 42 220
phone 0.0065 130 19 161 77
phone 0.0064 0 13 57 124
phone 0.0064 346 0 376 47
phone 0.0064 38 40 100 88
phone 0.0064 176 0 239 90
phone 0.0064 359 35 393 92
phone 0.0064 18 135 88 207
phone 0.0064 260 131 270 143
phone 0.0064 250 131 280 158
phone 0.0064 241 174 258 208
phone 0.0064 377 141 399 202
phone 0.0064 223 0 284 26
phone 0.0064 116 9 176 57
phone 0.0064 67 112 101 169
phone 0.0063 190 204 224 261
phone 0.0063 85 9 145 57
phone 0.0063 260 123 270 135
phone 0.0063 162 9 222 57
phone 0.0063 162 39 222 89
phone 0.0063 128 0 215 125
phone 0.0063 298 112 332 169
phone 0.0063 177 0 237 41
phone 0.0063 282 20 316 77
phone 0.0063 23 80 53 139
phone 0.0063 54 24 115 72
phone 0.0063 233 81 251 115
phone 0.0063 81 65 117 123
phone 0.0063 219 144 256 199
phone 0.0063 52 189 85 246
phone 0.0063 67 143 101 199
phone 0.0062 361 162 399 212
phone 0.0062 177 233 207 266
phone 0.0062 204 159 240 215
phone 0.0062 344 96 378 154
phone 0.0062 85 19 115 77
phone 0.0062 302 192 358 243
phone 0.0062 82 97 116 153
phone 0.0062 113 220 147 266
phone 0.0062 23 55 84 103
phone 0.0062 38 218 69 266
phone 0.0062 147 0 206 41
phone 0.0062 67 189 101 246
phone 0.0062 254 0 314 26
phone 0.0062 98 189 132 246
phone 0.0062 315 0 346 46
phone 0.0062 159 220 193 266
phone 0.0062 316 225 376 266
phone 0.0062 193 3 222 62
phone 0.0062 115 41 176 118
phone 0.0062 160 184 170 197
phone 0.0062 344 66 378 123
phone 0.0062 331 0 391 26
phone 0.0062 23 21 84 136
phone 0.0061 0 62 41 188
phone 0.0061 285 0 345 26
phone 0.0061 249 181 266 215
phone 0.0061 328 112 362 169
phone 0.0061 159 188 193 247
phone 0.0061 300 0 330 46
phone 0.0061 0 112 51 169
phone 0.0061 54 34 84 93
phone 0.0061 161 35 193 92
phone 0.0061 176 35 208 92
phone 0.0061 97 50 132 108
phone 0.0061 206 238 216 251
phone 0.0061 38 0 100 105
phone 0.0061 300 240 360 266
phone 0.0061 130 0 192 74
phone 0.0060 329 81 362 139
phone 0.0060 113 189 147 246
phone 0.0060 282 66 316 123
phone 0.0060 179 81 197 115
phone 0.0060 267 50 301 108
phone 0.0060 193 239 252 266
phone 0.0060 8 100 69 151
phone 0.0060 145 34 178 92
phone 0.0060 177 3 207 62
phone 0.0060 239 0 299 11
phone 0.0060 5 126 39 185
phone 0.0060 5 189 39 246
phone 0.0060 193 0 253 26
phone 0.0060 82 189 116 246
phone 0.0060 160 192 170 205
phone 0.0060 329 143 394 261
phone 0.0060 270 255 329 266
phone 0.0059 240 240 298 266
phone 0.0059 282 128 316 184
phone 0.0059 331 219 361 266
phone 0.0059 252 35 285 92
phone 0.0059 100 0 160 42
phone 0.0059 39 49 69 108
phone 0.0059 348 147 399 196
phone 0.0059 7 70 69 118
phone 0.0059 332 194 390 241
phone 0.0059 162 0 192 47
phone 0.0059 51 143 85 200
phone 0.0059 180 77 211 104
phone 0.0059 23 24 83 72
phone 0.0059 146 3 176 62
phone 0.0059 270 0 330 11
phone 0.0059 331 0 361 31
phone 0.0059 316 188 345 247
phone 0.0059 208 0 268 11
phone 0.0059 242 154 272 181
phone 0.0059 346 172 376 232
phone 0.0058 316 0 376 11
phone 0.0058 315 253 377 266
phone 0.0058 330 237 393 266
phone 0.0058 8 40 68 88
phone 0.0058 315 234 346 266
phone 0.0058 362 238 399 266
phone 0.0058 165 244 181 266
phone 0.0058 157 248 189 266
phone 0.0058 346 141 376 201
phone 0.0058 313 81 347 138
phone 0.0058 36 189 70 246
phone 0.0057 313 127 347 184
phone 0.0057 39 9 99 57
phone 0.0057 146 24 207 72
phone 0.0057 162 0 222 26
phone 0.0057 251 188 286 247
phone 0.0057 0 0 40 77
phone 0.0057 347 179 399 226
phone 0.0057 7 96 38 154
phone 0.0057 147 255 206 266
phone 0.0057 208 0 238 31
phone 0.0057 131 0 161 47
phone 0.0057 254 0 284 16
phone 0.0057 3 248 35 266
phone 0.0057 284 249 315 266
phone 0.0057 361 0 399 11
phone 0.0057 331 265 361 266
phone 0.0057 157 170 188 196
phone 0.0057 242 108 272 135
phone 0.0057 177 0 237 11
phone 0.0057 269 0 299 16
phone 0.0057 346 264 376 266
phone 0.0057 239 0 269 16
phone 0.0057 8 9 68 57
phone 0.0056 150 162 180 188
phone 0.0056 70 0 130 42
phone 0.0056 361 0 399 27
phone 0.0056 0 204 24 262
phone 0.0056 116 0 145 47
phone 0.0056 70 3 99 62
phone 0.0056 39 18 68 78
phone 0.0056 300 234 330 266
phone 0.0056 361 172 392 232
phone 0.0056 11 244 27 266
phone 0.0056 315 265 346 266
phone 0.0056 285 0 315 16
phone 0.0056 298 66 331 122
phone 0.0056 364 262 399 266
phone 0.0056 204 49 240 108
phone 0.0056 314 175 378 266
phone 0.0056 0 0 36 11
phone 0.0056 223 0 253 16
phone 0.0056 346 203 376 262
phone 0.0056 362 146 399 257
phone 0.0056 131 0 191 26
phone 0.0056 23 49 53 108
phone 0.0055 146 0 207 11
phone 0.0055 0 25 53 72
phone 0.0055 346 0 376 16
phone 0.0055 316 0 345 16
phone 0.0055 245 184 254 197
phone 0.0055 300 0 330 16
phone 0.0055 254 233 284 266
phone 0.0055 112 67 147 122
phone 0.0055 313 35 347 92
phone 0.0055 279 210 312 233
phone 0.0055 24 18 53 78
phone 0.0055 0 173 24 231
phone 0.0055 100 0 130 47
phone 0.0055 192 265 223 266
phone 0.0055 328 51 362 107
phone 0.0055 21 189 55 246
phone 0.0055 208 233 238 266
phone 0.0055 54 3 84 62
phone 0.0055 331 249 361 266
phone 0.0055 116 0 176 11
phone 0.0055 288 206 303 237
phone 0.0054 164 174 181 207
phone 0.0054 14 254 23 266
phone 0.0054 360 209 399 257
phone 0.0054 0 0 22 16
phone 0.0054 0 55 53 103
phone 0.0054 219 139 249 166
phone 0.0054 168 254 177 266
phone 0.0054 0 0 22 47
phone 0.0054 360 255 399 266
phone 0.0054 300 265 330 266
phone 0.0054 187 74 204 108
phone 0.0054 249 151 266 184
phone 0.0054 269 249 300 266
phone 0.0054 331 187 361 247
phone 0.0054 0 0 23 1
phone 0.0054 69 249 99 266
phone 0.0054 193 0 222 16
phone 0.0054 0 86 53 134
phone 0.0054 85 0 145 26
phone 0.0054 141 248 173 266
phone 0.0054 55 256 113 266
phone 0.0054 346 249 376 266
phone 0.0054 7 0 70 29
phone 0.0054 85 0 145 11
phone 0.0054 85 0 115 47
phone 0.0054 149 244 165 266
phone 0.0054 177 264 207 266
phone 0.0053 142 244 157 266
phone 0.0053 36 158 70 215
phone 0.0053 376 264 399 266
phone 0.0053 376 0 399 47
phone 0.0053 177 0 207 16
phone 0.0053 253 192 262 205
phone 0.0053 183 92 193 105
phone 0.0053 23 0 83 42
phone 0.0053 225 81 243 115
phone 0.0053 21 158 55 215
phone 0.0053 284 265 315 266
phone 0.0053 8 0 68 11
phone 0.0053 376 0 399 17
phone 0.0053 343 35 378 92
phone 0.0053 237 92 247 104
phone 0.0053 162 0 192 16
phone 0.0053 22 253 31 266
phone 0.0053 0 70 36 119
phone 0.0053 333 162 389 211
phone 0.0052 291 215 300 228
phone 0.0052 282 159 316 215
phone 0.0052 8 34 38 93
phone 0.0052 146 0 176 16
phone 0.0052 53 0 116 28
phone 0.0052 54 0 114 11
phone 0.0052 38 253 100 266
phone 0.0052 7 218 38 266
phone 0.0052 131 0 161 16
phone 0.0052 23 218 53 266
phone 0.0052 128 50 163 108
phone 0.0052 0 18 22 78
phone 0.0052 238 253 300 266
phone 0.0052 116 0 145 16
phone 0.0052 239 233 268 266
phone 0.0052 24 0 53 47
phone 0.0051 207 254 269 266
phone 0.0051 19 245 34 266
phone 0.0051 7 238 69 266
phone 0.0051 207 265 238 266
phone 0.0051 269 265 300 266
phone 0.0051 238 265 269 266
phone 0.0051 0 80 23 139
phone 0.0051 245 192 254 205
phone 0.0051 172 64 211 125
phone 0.0051 253 0 284 1
phone 0.0051 150 85 180 112
phone 0.0051 100 0 130 16
phone 0.0051 238 0 269 1
phone 0.0051 223 233 253 266
phone 0.0051 225 136 243 169
phone 0.0051 0 49 22 108
phone 0.0051 269 0 300 1
phone 0.0051 362 264 392 266
phone 0.0051 223 265 254 266
phone 0.0051 253 265 284 266
phone 0.0051 153 254 162 266
phone 0.0051 0 142 24 200
phone 0.0051 176 254 239 266
phone 0.0051 223 0 254 1
phone 0.0050 149 49 181 71
phone 0.0050 145 253 154 266
phone 0.0050 376 172 399 232
phone 0.0050 260 138 270 151
phone 0.0050 248 104 266 139
phone 0.0050 156 158 174 192
phone 0.0050 315 0 346 0
phone 0.0050 39 0 68 47
phone 0.0050 284 0 315 1
phone 0.0050 207 0 238 1
phone 0.0050 300 0 331 0
phone 0.0050 376 248 399 266
phone 0.0050 376 202 399 263
phone 0.0050 157 244 173 266
phone 0.0050 85 0 115 16
phone 0.0050 23 0 53 16
phone 0.0050 330 0 361 1
phone 0.0050 142 115 172 143
