phone 0.9661 67 86 184 327
phone 0.0686 104 134 207 281
phone 0.0507 67 185 153 352
phone 0.0388 19 121 145 336
phone 0.0384 63 84 156 211
phone 0.0369 77 189 204 318
phone 0.0361 56 167 134 309
phone 0.0316 74 128 146 225
phone 0.0315 121 194 191 283
phone 0.0296 118 132 194 221
phone 0.0295 56 105 134 248
phone 0.0285 0 115 65 282
phone 0.0265 129 116 266 282
phone 0.0265 132 171 210 243
phone 0.0230 2 187 79 333
phone 0.0219 32 83 119 200
phone 0.0205 45 206 75 232
phone 0.0204 67 266 147 367
phone 0.0203 76 222 144 316
phone 0.0200 0 70 85 212
phone 0.0194 51 202 68 235
phone 0.0191 83 196 167 281
phone 0.0181 31 222 123 353
phone 0.0179 44 203 61 235
phone 0.0173 95 219 186 288
phone 0.0172 78 58 185 175
phone 0.0171 106 70 205 222
phone 0.0169 55 213 65 225
phone 0.0169 106 228 212 340
phone 0.0167 36 141 123 273
phone 0.0162 124 227 188 310
phone 0.0160 47 213 57 225
phone 0.0159 53 55 256 295
phone 0.0158 137 222 175 284
phone 0.0156 132 176 251 338
phone 0.0155 88 204 132 271
phone 0.0154 141 95 232 226
phone 0.0151 152 178 190 237
phone 0.0150 183 229 214 254
phone 0.0148 176 163 266 297
phone 0.0148 152 190 183 216
phone 0.0143 91 106 121 131
phone 0.0143 190 226 207 258
phone 0.0140 143 49 250 169
phone 0.0138 159 187 176 220
phone 0.0136 98 102 115 135
phone 0.0132 134 190 178 255
phone 0.0129 87 143 132 210
phone 0.0128 194 236 203 248
phone 0.0128 134 145 177 208
phone 0.0128 182 67 266 211
phone 0.0128 46 101 112 159
phone 0.0127 75 106 106 131
phone 0.0124 44 160 114 224
phone 0.0124 133 127 210 195
phone 0.0123 0 30 61 190
phone 0.0123 0 233 66 304
phone 0.0122 5 31 208 254
phone 0.0122 74 220 115 287
phone 0.0122 0 253 93 394
phone 0.0121 101 112 111 125
phone 0.0120 163 197 173 209
phone 0.0120 89 293 171 399
phone 0.0119 31 298 127 399
phone 0.0119 44 191 114 254
phone 0.0119 120 321 193 399
phone 0.0119 163 190 173 202
phone 0.0118 82 102 99 135
phone 0.0117 152 148 190 205
phone 0.0115 90 102 107 135
phone 0.0111 45 130 114 192
phone 0.0110 1 140 64 213
phone 0.0109 34 15 116 142
phone 0.0108 83 256 198 373
phone 0.0108 147 164 226 220
phone 0.0107 16 157 80 227
phone 0.0105 66 16 148 144
phone 0.0104 86 112 95 125
phone 0.0104 1 201 65 275
phone 0.0104 22 110 105 242
phone 0.0103 89 237 130 301
phone 0.0102 129 10 206 150
phone 0.0102 94 112 103 125
phone 0.0101 45 182 75 209
phone 0.0101 80 37 140 192
phone 0.0100 0 174 67 241
phone 0.0100 16 255 49 313
phone 0.0100 62 147 96 206
phone 0.0100 62 178 95 236
phone 0.0099 0 269 68 330
phone 0.0099 45 136 75 163
phone 0.0099 91 167 121 193
phone 0.0098 110 361 171 399
phone 0.0098 119 106 193 186
phone 0.0098 152 206 183 232
phone 0.0098 154 117 220 174
phone 0.0097 92 270 127 329
phone 0.0097 45 236 114 301
phone 0.0097 66 362 123 399
phone 0.0097 152 254 222 314
phone 0.0096 77 324 143 399
phone 0.0095 146 279 239 362
phone 0.0095 172 139 233 214
phone 0.0095 153 209 189 267
phone 0.0095 95 13 178 147
phone 0.0094 210 142 266 256
phone 0.0093 51 179 69 212
phone 0.0093 143 362 200 399
phone 0.0093 73 174 116 240
phone 0.0093 63 116 95 175
phone 0.0093 16 147 50 205
phone 0.0092 85 285 165 345
phone 0.0092 97 163 115 197
phone 0.0092 85 250 165 318
phone 0.0091 15 326 83 399
phone 0.0091 94 349 157 399
phone 0.0091 51 132 69 166
phone 0.0091 46 348 113 399
phone 0.0091 147 195 226 250
phone 0.0091 134 249 210 380
phone 0.0090 15 223 50 283
phone 0.0090 159 202 176 235
phone 0.0090 163 205 172 217
phone 0.0090 105 223 145 284
phone 0.0090 62 209 95 267
phone 0.0090 67 81 122 149
phone 0.0090 121 224 160 282
phone 0.0089 152 229 183 255
phone 0.0089 32 360 95 399
phone 0.0089 13 252 84 316
phone 0.0089 135 238 208 299
phone 0.0088 18 173 109 302
phone 0.0088 138 268 205 331
phone 0.0087 171 168 234 246
phone 0.0087 28 284 99 345
phone 0.0087 161 14 234 140
phone 0.0087 170 256 203 312
phone 0.0086 170 132 203 190
phone 0.0086 63 84 95 145
phone 0.0085 152 152 183 178
phone 0.0085 142 294 202 366
phone 0.0084 62 240 96 297
phone 0.0084 103 316 179 375
phone 0.0084 68 175 98 201
phone 0.0084 170 164 203 220
phone 0.0084 47 157 217 399
phone 0.0083 1 177 34 236
phone 0.0083 159 225 176 259
phone 0.0083 16 178 50 236
phone 0.0082 31 163 66 220
phone 0.0082 1 0 86 154
phone 0.0082 42 267 116 332
phone 0.0082 0 85 22 262
phone 0.0082 14 298 83 362
phone 0.0081 75 114 114 177
phone 0.0081 13 220 84 287
phone 0.0081 110 346 141 399
phone 0.0081 93 84 127 145
phone 0.0081 0 243 33 355
phone 0.0080 101 174 111 186
phone 0.0080 194 228 203 240
phone 0.0080 174 230 231 307
phone 0.0080 0 276 34 323
phone 0.0080 55 190 65 202
phone 0.0079 175 221 206 247
phone 0.0079 0 289 49 399
phone 0.0079 159 148 176 182
phone 0.0079 1 208 34 267
phone 0.0078 163 213 172 225
phone 0.0078 0 323 49 369
phone 0.0078 55 143 65 155
phone 0.0078 2 239 33 298
phone 0.0077 149 225 224 282
phone 0.0077 0 269 18 329
phone 0.0077 190 129 246 193
phone 0.0076 74 171 92 205
phone 0.0076 47 163 80 221
phone 0.0076 75 252 114 316
phone 0.0076 2 316 33 375
phone 0.0075 119 284 194 346
phone 0.0075 55 151 65 163
phone 0.0075 154 285 188 344
phone 0.0075 93 301 126 359
phone 0.0074 204 121 262 170
phone 0.0074 188 186 247 259
phone 0.0074 173 196 232 279
phone 0.0074 15 187 81 258
phone 0.0074 171 101 203 159
phone 0.0073 62 333 96 389
phone 0.0073 95 74 156 125
phone 0.0073 98 270 183 329
phone 0.0073 139 317 173 374
phone 0.0073 89 115 130 177
phone 0.0073 95 346 125 399
phone 0.0073 185 105 252 247
phone 0.0072 170 194 203 251
phone 0.0072 103 130 147 192
phone 0.0072 29 313 99 378
phone 0.0072 182 217 200 251
phone 0.0072 197 225 215 258
phone 0.0072 60 183 90 209
phone 0.0072 154 240 188 297
phone 0.0072 163 236 172 248
phone 0.0072 31 255 65 312
phone 0.0071 219 137 266 185
phone 0.0071 62 271 96 328
phone 0.0071 140 347 172 399
phone 0.0071 218 116 248 174
phone 0.0071 79 347 110 399
phone 0.0071 110 70 141 128
phone 0.0071 189 249 260 336
phone 0.0070 216 101 266 220
phone 0.0070 0 40 123 298
phone 0.0070 108 287 142 342
phone 0.0070 32 316 64 375
phone 0.0070 163 228 172 240
phone 0.0070 0 98 48 223
phone 0.0070 123 317 157 374
phone 0.0070 185 177 219 237
phone 0.0070 155 327 220 399
phone 0.0070 3 366 63 399
phone 0.0069 0 184 18 231
phone 0.0069 108 317 142 374
phone 0.0069 103 191 147 254
phone 0.0069 101 159 149 225
phone 0.0069 0 291 48 339
phone 0.0068 114 321 144 347
phone 0.0068 156 346 187 399
phone 0.0068 200 177 234 237
phone 0.0068 138 255 173 313
phone 0.0068 0 166 18 278
phone 0.0068 33 53 95 176
phone 0.0067 163 159 172 171
phone 0.0067 204 180 262 234
phone 0.0067 35 89 93 141
phone 0.0067 17 362 49 399
phone 0.0067 18 125 79 197
phone 0.0067 0 151 34 201
phone 0.0067 45 221 75 248
phone 0.0067 0 106 49 154
phone 0.0066 78 182 88 194
phone 0.0066 0 177 2 236
phone 0.0066 45 151 75 178
phone 0.0066 107 256 143 312
phone 0.0066 250 0 266 30
phone 0.0066 47 332 80 390
phone 0.0065 203 291 263 338
phone 0.0065 74 102 92 136
phone 0.0065 141 75 202 124
phone 0.0065 57 314 133 378
phone 0.0065 170 225 203 282
phone 0.0065 33 346 64 399
phone 0.0065 233 0 266 64
phone 0.0065 0 332 19 399
phone 0.0065 0 367 17 399
phone 0.0065 47 301 80 359
phone 0.0065 202 116 233 175
phone 0.0065 218 193 249 251
phone 0.0064 5 115 62 176
phone 0.0064 188 337 247 385
phone 0.0064 0 146 18 206
phone 0.0064 176 206 206 232
phone 0.0064 66 178 84 213
phone 0.0064 163 220 172 232
phone 0.0064 46 271 80 328
phone 0.0063 0 215 18 261
phone 0.0063 120 317 138 351
phone 0.0063 234 230 266 277
phone 0.0063 3 337 64 385
phone 0.0063 139 286 173 343
phone 0.0063 0 362 3 399
phone 0.0063 60 144 90 170
phone 0.0063 186 288 250 399
phone 0.0063 265 0 266 37
phone 0.0063 186 228 195 240
phone 0.0063 218 285 248 344
phone 0.0063 20 102 77 158
phone 0.0063 0 52 17 167
phone 0.0062 43 179 61 213
phone 0.0062 2 362 34 399
phone 0.0062 51 217 69 251
phone 0.0062 17 330 49 391
phone 0.0062 232 196 266 309
phone 0.0062 156 70 187 128
phone 0.0062 219 0 266 30
phone 0.0062 201 236 211 248
phone 0.0062 264 367 266 399
phone 0.0062 213 230 245 253
phone 0.0062 263 332 266 399
phone 0.0062 67 84 98 108
phone 0.0062 188 106 247 155
phone 0.0062 219 106 266 154
phone 0.0062 125 70 157 128
phone 0.0062 0 122 34 169
phone 0.0062 190 241 245 296
phone 0.0062 31 225 65 281
phone 0.0062 111 45 171 93
phone 0.0062 0 332 3 399
phone 0.0062 264 0 266 64
phone 0.0062 219 261 266 307
phone 0.0062 0 226 57 369
phone 0.0061 0 208 2 267
phone 0.0061 203 316 233 374
phone 0.0061 221 227 237 257
phone 0.0061 68 136 98 162
phone 0.0061 217 228 266 340
phone 0.0061 80 45 140 93
phone 0.0061 200 146 235 206
phone 0.0061 128 84 184 146
phone 0.0061 51 148 69 182
phone 0.0061 79 70 111 128
phone 0.0061 47 194 80 251
phone 0.0061 65 29 125 77
phone 0.0060 158 89 216 141
phone 0.0060 234 116 264 175
phone 0.0060 203 91 263 139
phone 0.0060 0 0 32 30
phone 0.0060 113 354 145 376
phone 0.0060 123 257 158 311
phone 0.0060 188 0 247 30
phone 0.0060 47 132 80 190
phone 0.0060 249 223 266 282
phone 0.0060 63 0 126 110
phone 0.0060 121 350 137 380
phone 0.0060 218 337 266 385
phone 0.0060 190 276 222 300
phone 0.0060 172 316 202 375
phone 0.0060 224 235 234 248
phone 0.0059 136 116 175 175
phone 0.0059 142 45 202 93
phone 0.0059 201 208 234 268
phone 0.0059 62 302 96 358
phone 0.0059 185 207 219 268
phone 0.0059 0 0 1 30
phone 0.0059 172 0 233 64
phone 0.0059 95 29 156 77
phone 0.0059 126 29 186 77
phone 0.0059 0 0 48 64
phone 0.0059 124 359 134 371
phone 0.0059 111 0 170 30
phone 0.0059 0 116 18 175
phone 0.0059 0 0 2 64
phone 0.0059 173 76 232 123
phone 0.0059 0 245 17 292
phone 0.0059 198 272 214 303
phone 0.0058 218 367 266 399
phone 0.0058 0 73 34 187
phone 0.0058 203 322 263 369
phone 0.0058 0 300 18 360
phone 0.0058 0 146 2 206
phone 0.0058 126 39 156 98
phone 0.0058 188 306 247 354
phone 0.0058 175 99 230 161
phone 0.0058 248 332 266 399
phone 0.0058 0 0 18 64
phone 0.0058 4 0 63 30
phone 0.0058 157 0 217 30
phone 0.0058 116 174 165 240
phone 0.0058 123 287 157 342
phone 0.0058 34 0 93 30
phone 0.0058 111 39 140 98
phone 0.0058 129 236 160 263
phone 0.0058 49 45 109 93
phone 0.0058 34 29 94 77
phone 0.0058 125 0 187 64
phone 0.0058 182 202 200 236
phone 0.0058 95 39 125 98
phone 0.0058 218 85 248 144
phone 0.0058 68 206 98 232
phone 0.0058 154 316 188 375
phone 0.0057 17 300 49 360
phone 0.0057 126 60 186 108
phone 0.0057 152 84 183 107
phone 0.0057 80 23 110 82
phone 0.0057 31 194 66 251
phone 0.0057 203 0 232 37
phone 0.0057 0 337 2 385
phone 0.0057 2 91 64 139
phone 0.0057 141 39 171 98
phone 0.0057 18 0 79 64
phone 0.0057 233 303 266 399
phone 0.0057 249 168 266 216
phone 0.0057 234 153 266 200
phone 0.0057 217 57 266 172
phone 0.0057 176 182 206 209
phone 0.0057 188 0 217 37
phone 0.0057 0 76 48 123
phone 0.0057 3 60 63 108
phone 0.0057 48 0 110 64
phone 0.0057 74 79 92 112
phone 0.0057 65 23 94 82
phone 0.0057 75 283 106 308
phone 0.0057 95 0 156 64
phone 0.0057 114 263 266 378
phone 0.0057 78 112 88 125
phone 0.0057 0 229 2 277
phone 0.0057 249 137 266 185
phone 0.0057 82 280 99 312
phone 0.0056 126 0 156 37
phone 0.0056 205 228 261 278
phone 0.0056 0 239 2 298
phone 0.0056 18 45 79 93
phone 0.0056 248 134 266 248
phone 0.0056 66 140 84 174
phone 0.0056 157 39 187 98
phone 0.0056 201 281 211 294
phone 0.0056 65 0 124 30
phone 0.0056 75 213 106 239
phone 0.0056 172 45 232 93
phone 0.0056 0 269 2 329
phone 0.0056 141 70 172 128
phone 0.0056 142 0 171 37
phone 0.0056 183 267 213 293
phone 0.0056 0 196 3 310
phone 0.0056 157 29 217 77
phone 0.0056 77 286 111 344
phone 0.0056 152 128 183 155
phone 0.0056 248 88 266 202
phone 0.0056 187 70 218 129
phone 0.0056 159 301 215 359
phone 0.0056 19 0 48 37
phone 0.0056 163 90 172 102
phone 0.0056 188 60 248 108
phone 0.0056 218 316 248 375
phone 0.0056 159 81 176 111
phone 0.0056 49 0 79 37
phone 0.0056 173 0 202 37
phone 0.0056 265 229 266 277
phone 0.0056 203 285 233 344
phone 0.0055 0 119 3 233
phone 0.0055 71 189 80 202
phone 0.0055 175 268 230 330
phone 0.0055 34 0 63 37
phone 0.0055 218 307 266 354
phone 0.0055 265 337 266 385
phone 0.0055 265 168 266 216
phone 0.0055 3 29 63 77
phone 0.0055 65 0 94 37
phone 0.0055 249 261 266 308
phone 0.0055 74 132 92 166
phone 0.0055 157 0 186 37
phone 0.0055 105 102 123 136
phone 0.0055 49 23 79 82
phone 0.0055 137 328 167 355
phone 0.0055 263 196 266 310
phone 0.0055 111 0 140 37
phone 0.0055 234 85 263 144
phone 0.0055 217 273 266 386
phone 0.0055 106 341 122 373
phone 0.0055 0 122 2 170
phone 0.0054 124 328 134 340
phone 0.0054 172 39 202 98
phone 0.0054 263 134 266 248
phone 0.0054 248 227 266 340
phone 0.0054 265 260 266 308
phone 0.0054 98 346 130 369
phone 0.0054 265 137 266 185
phone 0.0054 197 269 230 292
phone 0.0054 0 306 2 354
phone 0.0054 18 85 48 144
phone 0.0054 18 54 48 113
phone 0.0054 264 239 266 298
phone 0.0054 249 199 266 246
phone 0.0054 206 265 221 295
phone 0.0054 34 23 64 82
phone 0.0054 218 223 248 283
phone 0.0054 209 274 219 287
phone 0.0054 233 270 264 328
phone 0.0054 218 75 266 123
phone 0.0054 0 242 3 356
phone 0.0054 80 0 109 37
phone 0.0054 249 106 266 154
phone 0.0054 0 91 17 139
phone 0.0054 111 14 171 62
phone 0.0054 175 244 206 270
phone 0.0053 77 317 111 374
phone 0.0053 96 0 125 37
phone 0.0053 202 26 264 141
phone 0.0053 203 347 233 399
phone 0.0053 49 70 79 128
phone 0.0053 265 199 266 246
phone 0.0053 47 189 57 202
phone 0.0053 187 367 248 399
phone 0.0053 78 90 88 102
phone 0.0053 188 39 217 98
phone 0.0053 218 347 248 399
phone 0.0053 203 54 233 113
phone 0.0053 0 73 3 187
phone 0.0053 0 45 48 93
phone 0.0053 188 29 248 77
phone 0.0053 136 232 153 267
phone 0.0053 71 182 80 194
phone 0.0053 203 254 233 314
phone 0.0053 114 350 129 380
phone 0.0053 64 60 125 108
phone 0.0053 117 359 126 371
phone 0.0053 82 210 99 243
phone 0.0053 0 91 2 139
phone 0.0053 0 26 34 141
phone 0.0053 80 14 140 62
phone 0.0053 249 306 266 354
phone 0.0052 265 306 266 354
phone 0.0052 263 242 266 356
phone 0.0052 37 197 67 224
phone 0.0052 129 350 145 380
phone 0.0052 263 88 266 202
phone 0.0052 18 23 48 82
phone 0.0052 186 0 249 110
phone 0.0052 55 228 65 240
phone 0.0052 33 60 95 108
phone 0.0052 0 29 2 77
phone 0.0052 159 125 176 159
phone 0.0052 248 273 266 387
phone 0.0052 170 249 235 380
phone 0.0052 166 147 184 182
phone 0.0052 265 106 266 154
phone 0.0052 0 29 17 77
phone 0.0052 3 54 33 113
phone 0.0052 142 14 201 62
phone 0.0052 74 202 92 236
phone 0.0052 45 120 75 148
phone 0.0052 66 79 84 112
phone 0.0052 0 60 17 108
phone 0.0052 265 29 266 77
phone 0.0052 0 316 0 399
phone 0.0052 190 263 207 297
phone 0.0052 55 205 65 217
phone 0.0051 0 60 2 108
phone 0.0051 157 60 217 108
phone 0.0051 218 54 248 113
phone 0.0051 203 45 263 93
phone 0.0051 55 159 65 171
phone 0.0051 86 289 95 302
phone 0.0051 109 351 118 364
phone 0.0051 182 178 200 213
phone 0.0051 37 284 68 308
phone 0.0051 132 359 142 371
phone 0.0051 263 0 266 110
phone 0.0051 78 189 88 202
phone 0.0051 264 270 266 328
phone 0.0051 0 26 3 141
phone 0.0051 125 8 156 67
phone 0.0051 248 0 266 95
phone 0.0051 33 85 64 144
phone 0.0050 234 183 266 231
phone 0.0050 0 11 18 126
phone 0.0050 265 60 266 108
phone 0.0050 55 136 65 148
phone 0.0050 141 8 172 67
phone 0.0050 110 8 141 67
phone 0.0050 199 229 229 255
phone 0.0050 203 23 233 82
phone 0.0050 154 101 188 159
phone 0.0050 3 23 33 82
phone 0.0050 44 280 61 311
phone 0.0050 143 325 161 359
phone 0.0050 34 54 64 113
phone 0.0050 217 147 249 205
phone 0.0050 203 85 233 144
phone 0.0050 49 75 110 124
