phone 0.9210 82 107 189 313
phone 0.0932 67 196 201 374
phone 0.0493 82 290 186 399
phone 0.0460 33 224 120 360
phone 0.0436 33 235 182 399
phone 0.0390 30 167 127 299
phone 0.0366 33 215 94 292
phone 0.0297 3 135 94 279
phone 0.0288 0 212 85 374
phone 0.0285 0 145 60 314
phone 0.0280 97 186 184 291
phone 0.0277 98 248 217 387
phone 0.0275 131 157 242 288
phone 0.0274 16 102 128 248
phone 0.0272 169 124 266 279
phone 0.0265 166 221 266 363
phone 0.0251 128 186 266 333
phone 0.0246 0 41 70 241
phone 0.0244 66 166 155 309
phone 0.0242 112 129 229 254
phone 0.0239 53 50 261 299
phone 0.0231 146 304 244 397
phone 0.0215 37 293 119 399
phone 0.0214 99 139 182 245
phone 0.0211 0 105 174 349
phone 0.0200 43 224 115 283
phone 0.0199 88 54 163 237
phone 0.0194 197 202 266 317
phone 0.0192 64 86 156 210
phone 0.0182 107 79 210 216
phone 0.0179 88 225 163 312
phone 0.0178 46 237 82 300
phone 0.0177 12 171 84 243
phone 0.0170 62 319 145 399
phone 0.0164 48 206 142 331
phone 0.0160 129 139 213 214
phone 0.0153 179 62 266 219
phone 0.0152 0 262 46 380
phone 0.0151 10 206 87 270
phone 0.0146 144 210 229 266
phone 0.0144 45 208 82 267
phone 0.0139 27 185 100 260
phone 0.0139 145 176 228 238
phone 0.0138 99 249 182 319
phone 0.0135 57 204 132 272
phone 0.0134 0 143 23 257
phone 0.0133 0 202 18 320
phone 0.0133 121 322 204 399
phone 0.0132 0 180 37 349
phone 0.0131 125 220 217 288
phone 0.0131 60 236 90 263
phone 0.0130 27 34 119 186
phone 0.0129 169 199 236 277
phone 0.0128 0 91 36 256
phone 0.0128 7 296 79 399
phone 0.0127 36 240 92 328
phone 0.0122 9 240 87 297
phone 0.0120 61 209 97 267
phone 0.0120 88 268 163 331
phone 0.0120 67 233 84 266
phone 0.0119 0 27 114 308
phone 0.0119 58 237 132 300
phone 0.0119 126 183 216 263
phone 0.0119 47 279 111 351
phone 0.0115 26 156 101 228
phone 0.0115 30 178 66 237
phone 0.0113 31 226 65 281
phone 0.0112 59 173 130 241
phone 0.0110 169 150 235 233
phone 0.0110 179 319 266 387
phone 0.0108 80 125 140 228
phone 0.0108 169 211 204 265
phone 0.0106 184 183 252 262
phone 0.0106 145 242 228 296
phone 0.0104 13 139 84 214
phone 0.0104 113 228 198 310
phone 0.0103 70 243 80 255
phone 0.0103 59 233 76 266
phone 0.0101 176 244 206 270
phone 0.0099 122 360 190 399
phone 0.0098 78 240 111 297
phone 0.0098 0 220 36 287
phone 0.0096 77 209 112 267
phone 0.0096 83 94 136 166
phone 0.0096 62 285 96 344
phone 0.0096 169 179 204 235
phone 0.0096 147 132 227 191
phone 0.0095 102 205 148 271
phone 0.0095 61 115 129 177
phone 0.0095 108 271 142 328
phone 0.0095 0 254 37 313
phone 0.0094 12 269 85 330
phone 0.0093 32 256 65 312
phone 0.0091 182 240 200 274
phone 0.0091 1 285 34 344
phone 0.0091 0 111 50 180
phone 0.0091 184 208 220 268
phone 0.0091 0 189 36 256
phone 0.0090 149 271 225 328
phone 0.0090 171 230 234 307
phone 0.0090 195 176 266 239
phone 0.0089 63 243 72 256
phone 0.0088 59 144 130 208
phone 0.0088 105 237 146 300
phone 0.0088 0 236 53 302
phone 0.0088 0 316 52 375
phone 0.0087 184 217 251 290
phone 0.0087 90 221 130 285
phone 0.0087 158 360 216 399
phone 0.0086 77 178 112 236
phone 0.0086 151 148 191 205
phone 0.0086 139 348 173 399
phone 0.0086 75 360 145 399
phone 0.0086 0 334 70 388
phone 0.0086 44 360 114 399
phone 0.0086 45 236 75 263
phone 0.0085 62 240 96 297
phone 0.0085 89 298 162 363
phone 0.0085 170 241 203 296
phone 0.0085 45 178 82 236
phone 0.0084 122 256 159 313
phone 0.0084 91 121 121 147
phone 0.0084 169 149 204 204
phone 0.0084 0 162 38 221
phone 0.0084 133 286 210 343
phone 0.0084 55 299 134 362
phone 0.0084 70 251 80 263
phone 0.0083 61 179 96 235
phone 0.0083 104 145 146 208
phone 0.0083 184 177 220 238
phone 0.0083 172 120 232 202
phone 0.0083 0 226 76 281
phone 0.0082 131 255 212 314
phone 0.0082 79 100 111 160
phone 0.0082 151 300 223 360
phone 0.0082 12 346 85 399
phone 0.0082 0 303 72 357
phone 0.0082 0 258 17 371
phone 0.0081 120 297 192 363
phone 0.0081 62 316 96 375
phone 0.0081 105 281 176 349
phone 0.0080 97 117 115 151
phone 0.0080 0 291 18 338
phone 0.0080 144 30 256 191
phone 0.0080 186 251 195 263
phone 0.0079 51 233 69 266
phone 0.0079 106 340 175 399
phone 0.0078 57 266 132 333
phone 0.0078 108 100 142 160
phone 0.0078 170 332 203 389
phone 0.0078 115 188 167 258
phone 0.0077 0 285 2 345
phone 0.0077 0 204 53 272
phone 0.0077 154 348 188 399
phone 0.0076 170 271 203 327
phone 0.0076 200 209 235 267
phone 0.0076 213 207 266 269
phone 0.0076 0 258 74 310
phone 0.0076 116 220 165 287
phone 0.0076 184 250 252 318
phone 0.0076 0 364 48 399
phone 0.0075 142 100 201 161
phone 0.0075 0 141 52 212
phone 0.0075 197 144 266 209
phone 0.0075 17 105 80 187
phone 0.0075 78 147 111 205
phone 0.0074 216 194 250 251
phone 0.0074 91 253 128 315
phone 0.0074 3 90 64 140
phone 0.0074 31 287 65 342
phone 0.0074 117 266 195 333
phone 0.0074 139 317 173 374
phone 0.0073 0 303 32 399
phone 0.0073 152 225 190 282
phone 0.0073 46 253 113 316
phone 0.0073 0 178 18 236
phone 0.0072 16 332 49 390
phone 0.0072 30 147 66 205
phone 0.0072 154 271 188 327
phone 0.0072 28 126 99 196
phone 0.0072 216 238 266 299
phone 0.0071 103 175 148 240
phone 0.0071 0 131 35 191
phone 0.0071 108 302 142 358
phone 0.0071 186 243 195 256
phone 0.0071 185 239 219 299
phone 0.0071 100 0 180 165
phone 0.0071 32 348 65 399
phone 0.0071 0 330 18 391
phone 0.0071 170 302 203 358
phone 0.0070 66 0 151 169
phone 0.0070 62 363 96 399
phone 0.0070 217 280 266 365
phone 0.0070 18 85 49 143
phone 0.0070 93 363 126 399
phone 0.0070 0 260 18 308
phone 0.0070 101 128 111 140
phone 0.0070 201 239 234 298
phone 0.0070 0 23 216 254
phone 0.0070 125 53 187 207
phone 0.0069 1 100 34 159
phone 0.0069 16 179 50 235
phone 0.0069 0 253 2 314
phone 0.0069 116 158 166 226
phone 0.0069 236 258 266 310
phone 0.0069 55 243 65 256
phone 0.0069 0 147 18 205
phone 0.0069 216 255 249 313
phone 0.0068 230 220 266 348
phone 0.0068 244 179 266 282
phone 0.0068 171 281 234 348
phone 0.0068 123 316 158 375
phone 0.0068 0 227 20 279
phone 0.0068 185 115 219 175
phone 0.0067 62 101 96 159
phone 0.0067 0 115 18 175
phone 0.0067 16 302 49 358
phone 0.0067 235 227 266 280
phone 0.0067 203 268 263 330
phone 0.0066 219 121 266 171
phone 0.0066 207 110 266 242
phone 0.0066 0 181 2 294
phone 0.0066 0 367 17 399
phone 0.0066 170 117 203 174
phone 0.0066 249 254 266 314
phone 0.0065 0 214 3 261
phone 0.0065 215 163 250 220
phone 0.0065 123 286 157 343
phone 0.0065 126 89 186 140
phone 0.0065 174 102 231 159
phone 0.0065 154 302 188 358
phone 0.0064 77 363 111 399
phone 0.0064 31 317 65 373
phone 0.0064 216 224 250 282
phone 0.0064 199 161 236 222
phone 0.0064 46 284 81 345
phone 0.0064 233 316 264 375
phone 0.0064 0 362 3 399
phone 0.0064 72 282 148 347
phone 0.0064 92 333 127 389
phone 0.0064 89 191 130 254
phone 0.0064 77 271 111 327
phone 0.0064 77 303 111 358
phone 0.0063 123 347 158 399
phone 0.0063 184 146 220 207
phone 0.0063 108 363 142 399
phone 0.0063 138 257 174 312
phone 0.0063 212 327 266 399
phone 0.0062 0 130 2 191
phone 0.0062 16 226 50 281
phone 0.0062 141 85 172 143
phone 0.0062 108 333 142 389
phone 0.0062 90 129 129 193
phone 0.0062 176 290 206 316
phone 0.0062 0 85 18 144
phone 0.0061 186 301 218 359
phone 0.0061 0 316 2 375
phone 0.0061 185 270 219 329
phone 0.0061 234 0 266 30
phone 0.0061 16 256 49 312
phone 0.0061 30 116 66 175
phone 0.0061 35 98 92 162
phone 0.0060 45 148 81 204
phone 0.0060 183 236 213 263
phone 0.0060 233 132 264 189
phone 0.0060 142 29 201 77
phone 0.0060 218 0 266 64
phone 0.0060 234 106 266 154
phone 0.0060 248 209 266 266
phone 0.0060 0 332 4 399
phone 0.0060 249 291 266 338
phone 0.0060 264 367 266 399
phone 0.0060 219 91 266 139
phone 0.0060 263 332 266 399
phone 0.0060 131 4 208 155
phone 0.0059 0 0 3 96
phone 0.0059 216 132 250 189
phone 0.0059 156 0 218 110
phone 0.0059 231 195 265 250
phone 0.0059 217 57 266 172
phone 0.0059 77 333 111 389
phone 0.0059 125 0 188 95
phone 0.0059 248 73 266 187
phone 0.0059 248 258 266 371
phone 0.0059 0 76 33 123
phone 0.0059 111 29 171 77
phone 0.0059 95 90 156 140
phone 0.0059 48 0 111 95
phone 0.0059 230 143 266 271
phone 0.0059 172 29 232 77
phone 0.0059 75 267 106 293
phone 0.0059 90 117 107 151
phone 0.0059 249 337 266 385
phone 0.0059 249 0 266 37
phone 0.0058 156 86 187 143
phone 0.0058 188 0 247 30
phone 0.0058 0 29 17 77
phone 0.0058 0 42 34 156
phone 0.0058 249 91 266 139
phone 0.0058 90 160 130 223
phone 0.0058 0 183 3 231
phone 0.0058 94 0 157 95
phone 0.0058 203 367 263 399
phone 0.0058 126 60 186 108
phone 0.0058 200 131 235 191
phone 0.0058 139 286 173 343
phone 0.0058 157 0 217 30
phone 0.0058 157 45 217 93
phone 0.0058 49 89 109 140
phone 0.0058 0 0 18 110
phone 0.0058 264 285 266 344
phone 0.0058 265 337 266 385
phone 0.0058 157 23 187 83
phone 0.0057 172 0 233 64
phone 0.0057 94 85 126 144
phone 0.0057 265 122 266 169
phone 0.0057 249 122 266 169
phone 0.0057 150 193 192 252
phone 0.0057 0 0 34 95
phone 0.0057 187 0 249 110
phone 0.0057 157 90 217 140
phone 0.0057 172 23 202 83
phone 0.0057 0 0 1 30
phone 0.0057 182 286 200 320
phone 0.0057 141 0 202 64
phone 0.0057 141 23 171 83
phone 0.0057 219 0 248 37
phone 0.0057 0 29 2 77
phone 0.0057 17 0 80 95
phone 0.0057 234 75 266 123
phone 0.0057 218 346 248 399
phone 0.0057 265 0 266 37
phone 0.0057 263 88 266 202
phone 0.0056 92 303 127 358
phone 0.0056 155 55 219 174
phone 0.0056 125 85 157 143
phone 0.0056 126 23 156 83
phone 0.0056 265 199 266 246
phone 0.0056 80 29 140 77
phone 0.0056 127 0 186 30
phone 0.0056 188 23 217 83
phone 0.0056 250 152 266 201
phone 0.0056 157 14 217 62
phone 0.0056 265 91 266 139
phone 0.0056 203 0 233 37
phone 0.0056 203 29 263 77
phone 0.0056 201 240 266 399
phone 0.0056 218 285 248 345
phone 0.0056 0 60 17 108
phone 0.0056 188 0 217 37
phone 0.0056 173 0 202 37
phone 0.0056 249 367 266 399
phone 0.0055 263 165 266 279
phone 0.0055 265 214 266 262
phone 0.0055 219 60 266 108
phone 0.0055 264 0 266 64
phone 0.0055 188 45 247 93
phone 0.0055 0 0 32 30
phone 0.0055 0 60 48 108
phone 0.0055 142 54 171 113
phone 0.0055 157 0 186 37
phone 0.0055 111 23 140 83
phone 0.0055 153 117 189 174
phone 0.0055 246 117 266 235
phone 0.0055 33 85 64 144
phone 0.0055 233 363 264 399
phone 0.0055 190 232 207 267
phone 0.0055 0 29 48 77
phone 0.0055 173 60 232 108
phone 0.0055 0 100 2 159
phone 0.0055 265 260 266 308
phone 0.0055 96 60 155 108
phone 0.0055 203 23 233 83
phone 0.0055 157 54 187 113
phone 0.0055 53 244 83 270
phone 0.0055 0 337 2 385
phone 0.0055 218 316 249 375
phone 0.0055 264 322 266 369
phone 0.0054 265 245 266 293
phone 0.0054 248 178 266 236
phone 0.0054 202 285 233 344
phone 0.0054 249 60 266 108
phone 0.0054 265 276 266 323
phone 0.0054 18 75 79 123
phone 0.0054 231 164 265 219
phone 0.0054 171 27 233 141
phone 0.0054 263 227 266 340
phone 0.0054 60 100 91 122
phone 0.0054 126 54 156 113
phone 0.0054 233 26 266 141
phone 0.0054 0 60 2 108
phone 0.0054 182 354 215 376
phone 0.0054 110 0 172 64
phone 0.0054 62 148 96 204
phone 0.0054 263 42 266 156
phone 0.0054 188 14 248 62
phone 0.0054 265 29 266 77
phone 0.0054 0 0 48 64
phone 0.0054 265 60 266 108
phone 0.0054 264 147 266 205
phone 0.0054 172 54 202 114
phone 0.0054 0 258 3 371
phone 0.0054 33 0 95 64
phone 0.0054 34 29 94 77
phone 0.0054 172 86 202 143
phone 0.0054 64 0 125 64
phone 0.0054 142 0 171 37
phone 0.0054 95 23 125 83
phone 0.0054 50 0 109 30
phone 0.0053 249 29 266 77
phone 0.0053 191 350 206 380
phone 0.0053 17 41 80 157
phone 0.0053 71 105 80 117
phone 0.0053 194 358 203 371
phone 0.0053 234 45 266 93
phone 0.0053 82 263 99 297
phone 0.0053 0 26 2 141
phone 0.0053 218 23 248 82
phone 0.0053 96 0 155 30
phone 0.0053 263 0 266 110
phone 0.0053 0 0 17 37
phone 0.0053 264 254 266 313
phone 0.0053 111 95 170 166
phone 0.0053 265 153 266 200
phone 0.0053 2 26 64 141
phone 0.0053 80 23 110 83
phone 0.0053 248 0 266 110
phone 0.0053 47 316 81 375
phone 0.0053 19 0 78 30
phone 0.0053 63 54 127 175
phone 0.0053 218 101 248 159
phone 0.0052 263 273 266 386
phone 0.0052 65 45 124 93
phone 0.0052 65 23 94 83
phone 0.0052 122 121 152 147
phone 0.0052 111 54 140 113
phone 0.0052 265 168 266 216
phone 0.0052 188 54 217 114
phone 0.0052 190 302 245 358
phone 0.0052 126 0 156 37
phone 0.0052 67 96 84 126
phone 0.0052 174 349 230 399
phone 0.0052 141 75 202 123
phone 0.0052 94 128 103 140
phone 0.0051 188 85 218 144
phone 0.0051 110 75 171 124
phone 0.0051 246 208 266 329
phone 0.0051 219 69 248 129
phone 0.0051 202 363 234 399
phone 0.0051 49 23 79 83
phone 0.0051 46 117 81 174
phone 0.0051 65 0 94 37
phone 0.0051 264 208 266 267
phone 0.0051 203 54 233 113
phone 0.0051 80 0 109 37
phone 0.0051 3 45 63 93
phone 0.0051 111 0 140 37
phone 0.0051 19 54 48 113
phone 0.0051 49 0 79 37
phone 0.0051 96 0 125 37
phone 0.0050 48 85 80 143
phone 0.0050 19 23 48 83
phone 0.0050 34 23 63 83
phone 0.0050 0 73 3 187
phone 0.0050 231 100 266 222
phone 0.0050 188 75 248 123
phone 0.0050 34 0 63 37
phone 0.0050 19 0 48 37
phone 0.0050 114 321 144 347
