phone 0.8387 99 94 354 175
phone 0.0648 77 78 332 238
phone 0.0643 84 86 200 184
phone 0.0549 230 99 338 173
phone 0.0498 95 97 259 210
phone 0.0427 117 58 298 173
phone 0.0385 143 75 241 235
phone 0.0344 183 90 322 190
phone 0.0292 260 84 375 184
phone 0.0278 128 16 384 189
phone 0.0261 61 69 165 201
phone 0.0253 203 111 303 170
phone 0.0239 113 113 236 265
phone 0.0225 140 95 212 185
phone 0.0205 38 4 310 203
phone 0.0190 155 153 247 265
phone 0.0186 303 72 399 193
phone 0.0183 265 112 302 169
phone 0.0182 71 117 148 260
phone 0.0179 168 119 277 253
phone 0.0177 244 122 324 189
phone 0.0172 220 0 362 173
phone 0.0172 173 103 272 178
phone 0.0171 250 112 287 169
phone 0.0169 247 98 352 213
phone 0.0167 125 25 228 194
phone 0.0166 145 140 208 232
phone 0.0165 10 88 83 231
phone 0.0165 124 123 198 188
phone 0.0162 105 111 186 170
phone 0.0149 155 111 229 201
phone 0.0143 38 88 125 227
phone 0.0140 0 63 57 205
phone 0.0133 150 84 234 167
phone 0.0131 234 112 272 168
phone 0.0128 143 111 179 169
phone 0.0127 204 138 303 265
phone 0.0125 144 178 209 256
phone 0.0123 18 137 119 265
phone 0.0122 182 170 262 233
phone 0.0121 194 122 281 190
phone 0.0119 87 105 174 236
phone 0.0119 128 151 194 221
phone 0.0118 36 46 130 167
phone 0.0118 82 152 148 221
phone 0.0118 95 122 165 189
phone 0.0117 165 0 302 165
phone 0.0116 281 107 379 234
phone 0.0114 135 0 218 131
phone 0.0114 17 32 205 230
phone 0.0114 360 168 399 265
phone 0.0112 98 156 193 265
phone 0.0112 128 111 163 169
phone 0.0111 97 18 194 170
phone 0.0110 156 109 197 172
phone 0.0110 1 60 105 189
phone 0.0109 158 171 195 233
phone 0.0109 172 0 244 117
phone 0.0109 269 153 361 265
phone 0.0107 0 154 68 265
phone 0.0106 144 142 178 200
phone 0.0106 167 133 247 210
phone 0.0105 174 172 210 231
phone 0.0105 276 123 354 188
phone 0.0104 93 91 167 159
phone 0.0104 216 48 399 216
phone 0.0102 62 1 162 151
phone 0.0101 77 109 152 171
phone 0.0099 300 136 391 265
phone 0.0098 160 16 224 80
phone 0.0097 98 157 132 215
phone 0.0097 157 139 196 203
phone 0.0097 69 132 130 209
phone 0.0097 202 0 275 98
phone 0.0097 0 0 39 0
phone 0.0097 200 154 275 219
phone 0.0096 0 262 41 265
phone 0.0095 96 169 164 234
phone 0.0095 156 218 228 265
phone 0.0095 144 172 178 231
phone 0.0094 282 127 317 184
phone 0.0094 186 200 260 264
phone 0.0094 218 111 257 169
phone 0.0094 219 110 319 231
phone 0.0094 113 111 147 169
phone 0.0093 262 138 337 203
phone 0.0093 28 129 110 183
phone 0.0092 216 172 291 232
phone 0.0091 19 139 88 203
phone 0.0091 240 168 329 265
phone 0.0091 311 10 393 135
phone 0.0089 205 174 239 229
phone 0.0089 189 173 225 230
phone 0.0088 278 0 375 114
phone 0.0088 143 30 210 97
phone 0.0088 32 187 106 247
phone 0.0088 0 7 60 149
phone 0.0088 292 140 368 202
phone 0.0087 248 45 320 113
phone 0.0087 108 72 183 147
phone 0.0086 229 0 309 119
phone 0.0086 217 201 290 264
phone 0.0086 16 111 91 170
phone 0.0086 80 184 150 250
phone 0.0086 68 42 131 115
phone 0.0085 150 154 180 180
phone 0.0085 312 153 379 219
phone 0.0085 279 186 351 248
phone 0.0084 345 118 399 254
phone 0.0084 193 1 253 64
phone 0.0084 278 155 352 217
phone 0.0083 264 201 335 263
phone 0.0083 113 158 147 215
phone 0.0082 64 92 136 157
phone 0.0082 175 204 208 261
phone 0.0082 48 155 121 218
phone 0.0082 98 112 131 168
phone 0.0082 109 203 182 262
phone 0.0080 201 184 275 251
phone 0.0080 172 141 211 201
phone 0.0080 0 108 60 172
phone 0.0080 82 141 117 201
phone 0.0080 294 170 367 233
phone 0.0080 48 202 120 263
phone 0.0079 213 142 294 200
phone 0.0079 293 109 367 171
phone 0.0079 16 12 92 144
phone 0.0079 376 201 399 263
phone 0.0078 349 154 399 219
phone 0.0078 156 150 174 184
phone 0.0078 297 128 332 183
phone 0.0078 142 244 157 265
phone 0.0077 17 169 89 234
phone 0.0077 134 247 165 265
phone 0.0077 205 204 239 261
phone 0.0077 290 45 371 174
phone 0.0077 159 34 193 92
phone 0.0076 177 238 237 265
phone 0.0076 82 49 116 107
phone 0.0076 52 128 85 183
phone 0.0076 36 127 70 184
phone 0.0075 0 140 61 202
phone 0.0075 147 237 207 265
phone 0.0075 264 31 335 96
phone 0.0075 236 173 270 230
phone 0.0075 129 142 162 199
phone 0.0075 79 74 151 145
phone 0.0074 0 43 53 114
phone 0.0074 66 167 134 237
phone 0.0074 84 23 146 73
phone 0.0074 129 173 162 230
phone 0.0074 327 167 395 236
phone 0.0074 3 59 73 129
phone 0.0074 232 186 306 248
phone 0.0073 328 158 362 215
phone 0.0073 249 154 320 218
phone 0.0073 211 169 242 195
phone 0.0073 220 158 255 214
phone 0.0073 98 188 132 246
phone 0.0072 67 49 101 108
phone 0.0072 236 204 270 261
phone 0.0072 145 253 154 265
phone 0.0072 224 0 283 68
phone 0.0072 312 186 380 248
phone 0.0072 52 189 85 245
phone 0.0072 201 110 243 170
phone 0.0072 298 203 331 261
phone 0.0072 14 80 93 138
phone 0.0071 67 142 101 199
phone 0.0071 177 233 207 265
phone 0.0071 82 111 116 169
phone 0.0071 283 204 316 261
phone 0.0071 30 95 107 155
phone 0.0071 52 103 117 177
phone 0.0071 53 24 115 72
phone 0.0071 313 143 347 199
phone 0.0071 129 204 162 261
phone 0.0071 267 142 301 200
phone 0.0071 270 0 329 42
phone 0.0071 241 240 273 263
phone 0.0071 249 236 265 265
phone 0.0071 0 206 53 258
phone 0.0071 209 238 267 265
phone 0.0070 20 204 87 261
phone 0.0070 144 34 178 92
phone 0.0070 39 9 99 56
phone 0.0070 6 188 39 246
phone 0.0070 52 0 116 106
phone 0.0070 100 19 131 76
phone 0.0070 253 0 316 78
phone 0.0070 97 218 164 265
phone 0.0070 223 0 284 26
phone 0.0070 298 157 331 215
phone 0.0070 361 141 392 200
phone 0.0069 374 172 399 231
phone 0.0069 100 8 161 56
phone 0.0069 0 0 41 32
phone 0.0069 69 9 130 56
phone 0.0069 97 39 163 118
phone 0.0069 8 23 68 72
phone 0.0069 343 39 399 170
phone 0.0069 84 19 115 76
phone 0.0068 316 125 376 186
phone 0.0068 67 219 132 265
phone 0.0068 0 170 44 234
phone 0.0068 160 161 170 173
phone 0.0068 218 166 235 199
phone 0.0068 362 221 399 265
phone 0.0068 192 233 222 265
phone 0.0068 127 146 157 173
phone 0.0068 345 142 377 199
phone 0.0068 159 203 193 262
phone 0.0068 34 59 103 128
phone 0.0067 116 0 176 41
phone 0.0067 142 146 172 172
phone 0.0067 204 143 241 199
phone 0.0067 162 233 192 265
phone 0.0067 127 42 195 115
phone 0.0067 85 0 145 41
phone 0.0067 22 0 85 89
phone 0.0067 69 18 100 76
phone 0.0067 67 203 101 261
phone 0.0067 6 34 39 92
phone 0.0067 113 188 147 245
phone 0.0067 23 0 84 41
phone 0.0067 36 157 70 215
phone 0.0067 266 50 301 107
phone 0.0067 54 0 114 41
phone 0.0067 0 92 45 158
phone 0.0067 54 3 84 62
phone 0.0067 67 173 101 230
phone 0.0066 209 0 267 45
phone 0.0066 268 0 300 46
phone 0.0066 313 173 347 230
phone 0.0066 208 233 238 265
phone 0.0066 279 73 350 146
phone 0.0066 238 0 269 30
phone 0.0066 347 207 399 257
phone 0.0066 253 245 262 258
phone 0.0066 23 19 54 76
phone 0.0066 22 47 85 111
phone 0.0066 51 158 85 214
phone 0.0066 252 3 285 62
phone 0.0066 242 177 272 203
phone 0.0066 115 0 177 90
phone 0.0066 115 3 146 61
phone 0.0065 331 202 361 263
phone 0.0065 267 173 301 230
phone 0.0065 82 203 116 261
phone 0.0065 223 0 253 30
phone 0.0065 0 125 45 186
phone 0.0065 192 0 253 26
phone 0.0065 216 28 290 99
phone 0.0065 205 18 239 77
phone 0.0065 39 3 69 61
phone 0.0064 221 219 254 265
phone 0.0064 251 173 285 230
phone 0.0064 130 8 192 57
phone 0.0064 193 0 253 10
phone 0.0064 175 34 209 92
phone 0.0064 5 65 40 123
phone 0.0064 252 204 285 261
phone 0.0064 220 189 255 245
phone 0.0064 131 0 161 46
phone 0.0064 236 217 302 265
phone 0.0064 361 23 399 73
phone 0.0064 100 0 130 46
phone 0.0064 239 0 299 10
phone 0.0064 5 158 39 215
phone 0.0064 363 0 399 104
phone 0.0064 282 157 316 215
phone 0.0063 160 153 170 166
phone 0.0063 85 0 115 46
phone 0.0063 82 172 116 231
phone 0.0063 267 203 301 261
phone 0.0063 69 0 99 46
phone 0.0063 21 127 55 184
phone 0.0063 116 239 175 265
phone 0.0063 254 0 314 26
phone 0.0063 344 173 378 230
phone 0.0063 162 0 222 10
phone 0.0063 282 35 316 91
phone 0.0063 100 0 160 26
phone 0.0063 176 0 239 43
phone 0.0063 283 0 347 76
phone 0.0063 70 0 130 26
phone 0.0063 315 202 346 262
phone 0.0063 236 143 270 199
phone 0.0063 270 0 330 10
phone 0.0063 190 204 224 260
phone 0.0063 36 188 70 246
phone 0.0063 262 56 337 133
phone 0.0062 189 23 256 104
phone 0.0062 312 113 347 168
phone 0.0062 8 0 68 26
phone 0.0062 39 0 99 26
phone 0.0062 131 0 191 26
phone 0.0062 82 80 116 138
phone 0.0062 164 150 181 184
phone 0.0062 330 111 362 168
phone 0.0062 40 35 98 91
phone 0.0062 283 3 316 61
phone 0.0062 133 142 151 177
phone 0.0062 188 142 226 200
phone 0.0062 20 96 55 153
phone 0.0061 249 173 266 207
phone 0.0061 208 0 238 30
phone 0.0061 161 0 222 26
phone 0.0061 145 0 208 43
phone 0.0061 97 49 132 107
phone 0.0061 332 101 390 149
phone 0.0061 146 3 177 61
phone 0.0061 302 223 358 265
phone 0.0061 131 0 191 10
phone 0.0061 36 97 70 153
phone 0.0061 300 0 360 26
phone 0.0061 254 0 284 16
phone 0.0061 146 233 176 265
phone 0.0061 375 140 399 201
phone 0.0061 171 95 213 155
phone 0.0061 67 111 101 169
phone 0.0060 300 0 330 46
phone 0.0060 193 0 222 16
phone 0.0060 23 0 53 46
phone 0.0060 270 0 299 16
phone 0.0060 148 142 166 177
phone 0.0060 300 255 360 265
phone 0.0060 20 65 55 122
phone 0.0060 361 0 399 42
phone 0.0060 286 43 344 113
phone 0.0060 221 19 255 76
phone 0.0060 177 0 207 16
phone 0.0060 285 0 315 31
phone 0.0060 118 247 150 265
phone 0.0060 8 0 68 10
phone 0.0059 331 0 391 41
phone 0.0059 39 0 68 31
phone 0.0059 52 71 116 147
phone 0.0059 100 0 160 10
phone 0.0059 146 0 176 31
phone 0.0059 126 244 142 265
phone 0.0059 315 0 377 58
phone 0.0059 346 95 377 154
phone 0.0059 52 97 85 152
phone 0.0059 222 176 231 189
phone 0.0059 70 0 130 10
phone 0.0059 0 9 53 56
phone 0.0059 162 0 192 31
phone 0.0059 177 0 207 46
phone 0.0059 300 0 360 10
phone 0.0059 377 17 399 78
phone 0.0059 314 81 346 137
phone 0.0059 39 0 99 10
phone 0.0059 21 157 55 215
phone 0.0058 361 54 399 103
phone 0.0058 0 0 41 77
phone 0.0058 0 233 41 265
phone 0.0058 21 188 55 246
phone 0.0058 97 81 132 138
phone 0.0058 316 240 375 265
phone 0.0058 251 34 286 92
phone 0.0058 134 244 150 265
phone 0.0058 300 0 330 15
phone 0.0058 127 81 164 138
phone 0.0058 252 142 285 199
phone 0.0058 0 0 36 11
phone 0.0058 316 0 345 31
phone 0.0058 52 65 85 122
phone 0.0058 315 249 346 265
phone 0.0058 347 132 399 180
phone 0.0058 159 36 225 121
phone 0.0057 131 233 161 265
phone 0.0057 361 85 399 134
phone 0.0057 347 0 376 46
phone 0.0057 39 222 99 265
phone 0.0057 149 244 165 265
phone 0.0057 331 0 361 31
phone 0.0057 131 0 161 15
phone 0.0057 361 0 399 11
phone 0.0057 331 0 391 10
phone 0.0057 236 19 270 76
phone 0.0057 363 84 399 196
phone 0.0057 361 115 399 165
phone 0.0057 23 0 53 16
phone 0.0056 36 66 70 122
phone 0.0056 0 188 24 246
phone 0.0056 116 0 145 15
phone 0.0056 315 3 346 61
phone 0.0056 112 50 148 107
phone 0.0056 100 0 130 15
phone 0.0056 0 0 22 16
phone 0.0056 85 0 115 15
phone 0.0056 178 255 236 265
phone 0.0056 22 253 85 265
phone 0.0056 112 81 148 138
phone 0.0056 241 236 258 265
phone 0.0056 2 210 35 232
phone 0.0056 14 215 23 227
phone 0.0056 69 0 99 15
phone 0.0056 54 0 84 15
phone 0.0056 346 264 376 265
phone 0.0056 364 261 399 265
phone 0.0055 284 237 347 265
phone 0.0055 0 0 23 1
phone 0.0055 204 115 234 142
phone 0.0055 330 0 393 89
phone 0.0055 347 202 376 263
phone 0.0055 330 253 393 265
phone 0.0055 331 264 361 265
phone 0.0055 268 253 331 265
phone 0.0055 128 34 163 92
phone 0.0055 199 245 208 258
phone 0.0055 11 206 27 236
phone 0.0055 331 249 361 265
phone 0.0055 302 67 359 121
phone 0.0055 53 253 116 265
phone 0.0054 346 0 376 16
phone 0.0054 161 3 192 61
phone 0.0054 132 255 190 265
phone 0.0054 331 70 391 118
phone 0.0054 152 253 162 265
phone 0.0054 316 24 375 72
phone 0.0054 7 237 69 265
phone 0.0054 267 19 301 76
phone 0.0054 377 48 399 109
phone 0.0054 0 112 24 169
phone 0.0054 253 237 316 265
phone 0.0054 65 154 95 180
phone 0.0054 129 253 139 265
phone 0.0054 168 161 177 173
phone 0.0054 376 0 399 32
phone 0.0053 130 221 192 265
phone 0.0053 125 142 143 176
phone 0.0053 209 255 267 265
phone 0.0053 208 264 238 265
phone 0.0053 252 184 262 196
phone 0.0053 315 264 346 265
phone 0.0053 329 222 393 265
phone 0.0053 192 264 223 265
phone 0.0053 207 0 238 0
phone 0.0053 238 253 300 265
phone 0.0053 331 3 361 61
phone 0.0053 119 230 149 257
phone 0.0053 189 34 225 93
phone 0.0053 223 264 253 265
phone 0.0053 192 0 223 0
phone 0.0052 346 64 376 123
phone 0.0052 376 79 399 139
phone 0.0052 347 9 399 56
phone 0.0052 137 253 147 265
phone 0.0052 210 112 227 145
phone 0.0052 318 109 350 133
phone 0.0052 223 0 254 0
phone 0.0052 177 264 207 265
phone 0.0052 99 253 162 265
phone 0.0052 0 142 24 199
phone 0.0052 137 153 147 165
phone 0.0052 300 249 330 265
phone 0.0052 376 109 399 170
phone 0.0052 0 255 35 265
phone 0.0052 360 254 399 265
phone 0.0052 238 0 269 0
phone 0.0052 0 0 23 46
phone 0.0052 176 0 208 0
phone 0.0052 346 233 377 265
phone 0.0052 224 248 253 265
phone 0.0052 23 264 53 265
phone 0.0052 130 264 161 265
phone 0.0052 152 153 162 166
phone 0.0052 257 236 273 265
phone 0.0052 0 81 24 138
phone 0.0052 300 264 331 265
phone 0.0052 346 39 399 87
phone 0.0052 346 0 399 26
phone 0.0052 253 0 284 0
phone 0.0051 376 263 399 265
phone 0.0051 238 264 269 265
phone 0.0051 161 0 192 0
phone 0.0051 161 264 192 265
phone 0.0051 54 217 84 265
phone 0.0051 346 18 376 77
phone 0.0051 269 0 300 0
phone 0.0051 298 34 331 92
phone 0.0051 53 237 116 265
phone 0.0051 84 264 115 265
phone 0.0051 146 0 177 0
phone 0.0051 146 264 177 265
phone 0.0051 115 264 146 265
phone 0.0051 0 248 23 265
phone 0.0051 249 232 281 256
phone 0.0051 284 0 315 0
phone 0.0051 84 238 146 265
phone 0.0051 0 264 23 265
phone 0.0051 245 245 254 258
phone 0.0051 297 65 332 123
phone 0.0051 67 80 101 139
phone 0.0050 130 0 161 0
phone 0.0050 300 0 331 0
phone 0.0050 38 264 69 265
phone 0.0050 242 123 272 149
phone 0.0050 86 255 144 265
phone 0.0050 315 0 346 0
phone 0.0050 115 0 146 0
phone 0.0050 265 139 296 165
phone 0.0050 330 0 361 0
phone 0.0050 54 264 84 265
phone 0.0050 100 249 130 265
