phone 0.7778 18 214 212 387
phone 0.2667 38 52 236 347
phone 0.0634 105 120 273 345
phone 0.0633 112 305 215 391
phone 0.0618 38 86 186 248
phone 0.0554 3 164 87 297
phone 0.0493 0 147 155 321
phone 0.0393 0 123 64 276
phone 0.0318 32 228 134 371
phone 0.0317 53 285 169 397
phone 0.0279 69 146 195 323
phone 0.0265 125 227 268 364
phone 0.0251 88 71 242 216
phone 0.0244 0 62 63 219
phone 0.0237 168 163 273 303
phone 0.0236 17 71 139 211
phone 0.0235 86 256 201 399
phone 0.0223 18 134 116 280
phone 0.0189 178 256 273 388
phone 0.0180 56 274 139 356
phone 0.0164 94 199 231 339
phone 0.0163 4 185 69 260
phone 0.0158 0 187 61 326
phone 0.0153 44 259 121 341
phone 0.0152 45 293 120 368
phone 0.0151 207 207 273 318
phone 0.0149 54 57 165 172
phone 0.0149 17 268 117 392
phone 0.0149 25 194 110 343
phone 0.0148 100 325 179 399
phone 0.0140 59 311 137 381
phone 0.0139 31 184 103 261
phone 0.0129 0 172 22 285
phone 0.0127 138 285 243 399
phone 0.0125 0 231 83 368
phone 0.0123 210 142 273 257
phone 0.0123 19 193 54 252
phone 0.0122 2 107 101 246
phone 0.0120 2 157 71 227
phone 0.0119 0 39 93 181
phone 0.0117 25 206 56 232
phone 0.0117 30 278 104 352
phone 0.0116 0 108 22 229
phone 0.0115 158 96 273 247
phone 0.0114 126 317 162 374
phone 0.0114 32 202 49 235
phone 0.0113 40 324 126 399
phone 0.0112 103 116 216 236
phone 0.0110 0 254 48 375
phone 0.0110 142 318 177 374
phone 0.0107 33 212 102 294
phone 0.0106 34 244 101 325
phone 0.0106 11 293 80 399
phone 0.0106 33 193 70 252
phone 0.0101 34 37 132 161
phone 0.0101 95 39 193 190
phone 0.0101 143 46 237 183
phone 0.0100 102 289 186 372
phone 0.0100 36 213 45 225
phone 0.0098 65 317 100 374
phone 0.0097 157 327 224 395
phone 0.0095 0 130 40 192
phone 0.0094 29 313 105 378
phone 0.0094 138 347 212 399
phone 0.0094 47 171 118 243
phone 0.0094 80 317 116 374
phone 0.0094 75 347 152 399
phone 0.0094 112 158 207 286
phone 0.0094 0 170 54 244
phone 0.0093 79 17 149 150
phone 0.0093 178 62 265 198
phone 0.0092 0 93 43 248
phone 0.0092 16 332 88 390
phone 0.0092 0 157 39 305
phone 0.0092 1 282 72 347
phone 0.0091 187 326 256 399
phone 0.0091 19 163 54 221
phone 0.0090 49 359 117 399
phone 0.0090 31 156 103 227
phone 0.0089 0 93 54 167
phone 0.0089 0 316 73 375
phone 0.0088 199 285 273 345
phone 0.0088 18 64 86 136
phone 0.0088 0 268 41 330
phone 0.0088 63 285 102 345
phone 0.0088 47 195 118 281
phone 0.0088 229 233 273 365
phone 0.0088 48 194 86 252
phone 0.0088 216 268 273 331
phone 0.0087 235 254 273 314
phone 0.0087 71 236 156 333
phone 0.0087 34 224 69 283
phone 0.0086 50 302 84 358
phone 0.0085 0 254 75 315
phone 0.0085 0 220 73 286
phone 0.0084 17 233 87 305
phone 0.0084 14 144 89 209
phone 0.0083 51 347 83 399
phone 0.0083 173 332 207 390
phone 0.0083 28 102 106 158
phone 0.0083 111 318 146 373
phone 0.0083 158 202 254 335
phone 0.0083 76 112 151 179
phone 0.0082 40 136 71 162
phone 0.0082 83 52 143 116
phone 0.0082 104 130 184 192
phone 0.0081 177 358 235 399
phone 0.0081 77 284 119 345
phone 0.0081 158 348 191 399
phone 0.0080 46 84 119 146
phone 0.0080 0 115 74 177
phone 0.0080 96 318 131 373
phone 0.0080 71 98 102 124
phone 0.0080 81 348 115 399
phone 0.0079 66 347 99 399
phone 0.0079 22 364 82 399
phone 0.0079 120 163 199 221
phone 0.0079 47 133 64 166
phone 0.0079 63 185 133 260
phone 0.0079 144 143 237 270
phone 0.0079 189 295 254 365
phone 0.0078 225 173 273 303
phone 0.0078 143 348 176 399
phone 0.0078 12 268 92 331
phone 0.0078 0 303 41 357
phone 0.0077 202 127 271 195
phone 0.0077 173 310 238 381
phone 0.0077 220 301 253 359
phone 0.0077 96 348 130 399
phone 0.0076 0 237 39 300
phone 0.0076 0 14 125 262
phone 0.0076 187 95 255 166
phone 0.0076 4 193 38 252
phone 0.0076 154 81 227 149
phone 0.0075 19 70 53 128
phone 0.0075 49 255 85 313
phone 0.0075 112 348 145 399
phone 0.0075 127 347 161 399
phone 0.0075 4 85 38 144
phone 0.0075 19 286 53 343
phone 0.0075 20 317 53 374
phone 0.0074 0 54 37 175
phone 0.0074 168 145 243 208
phone 0.0074 78 94 95 128
phone 0.0074 49 224 85 283
phone 0.0074 67 61 129 137
phone 0.0073 22 6 252 211
phone 0.0073 50 52 115 116
phone 0.0073 107 176 182 238
phone 0.0073 166 116 245 176
phone 0.0073 34 71 69 128
phone 0.0073 0 255 22 313
phone 0.0072 0 286 22 344
phone 0.0072 114 44 174 94
phone 0.0072 123 191 197 254
phone 0.0072 103 98 185 163
phone 0.0071 19 224 53 282
phone 0.0071 250 271 273 328
phone 0.0071 0 107 22 154
phone 0.0071 168 284 244 346
phone 0.0071 2 205 33 232
phone 0.0071 19 132 53 189
phone 0.0071 91 143 166 210
phone 0.0070 112 9 177 128
phone 0.0070 34 163 69 220
phone 0.0070 4 162 38 221
phone 0.0070 147 303 234 357
phone 0.0070 46 144 120 208
phone 0.0070 189 332 222 390
phone 0.0070 235 286 268 343
phone 0.0070 183 252 259 316
phone 0.0069 222 145 273 207
phone 0.0069 205 362 237 399
phone 0.0069 169 174 243 240
phone 0.0069 19 256 53 312
phone 0.0069 31 128 104 194
phone 0.0069 153 129 227 193
phone 0.0069 66 86 99 143
phone 0.0069 129 39 160 98
phone 0.0069 50 102 84 158
phone 0.0069 204 301 238 359
phone 0.0068 75 162 153 222
phone 0.0068 136 97 214 164
phone 0.0068 51 143 61 156
phone 0.0068 116 116 203 175
phone 0.0068 97 61 161 138
phone 0.0068 0 60 37 108
phone 0.0068 234 224 273 282
phone 0.0068 0 100 6 160
phone 0.0068 60 130 137 192
phone 0.0068 47 112 119 179
phone 0.0067 136 145 214 207
phone 0.0067 64 178 100 236
phone 0.0067 157 319 192 372
phone 0.0067 137 175 213 239
phone 0.0067 0 227 6 340
phone 0.0067 183 205 259 270
phone 0.0067 35 302 69 358
phone 0.0066 9 202 26 235
phone 0.0066 251 240 273 297
phone 0.0066 122 78 197 152
phone 0.0066 0 261 7 307
phone 0.0066 5 44 68 93
phone 0.0066 96 70 130 129
phone 0.0066 235 164 269 220
phone 0.0065 223 76 273 124
phone 0.0065 5 10 68 126
phone 0.0065 224 321 273 370
phone 0.0065 96 117 130 174
phone 0.0065 113 39 145 97
phone 0.0065 0 305 21 399
phone 0.0065 219 117 253 174
phone 0.0065 219 40 273 158
phone 0.0065 168 220 243 286
phone 0.0064 0 54 21 113
phone 0.0064 0 368 21 399
phone 0.0064 204 102 238 159
phone 0.0064 81 70 115 129
phone 0.0064 82 105 91 117
phone 0.0064 133 1 208 155
phone 0.0064 155 157 225 226
phone 0.0064 234 194 269 251
phone 0.0064 153 190 228 255
phone 0.0064 137 206 213 270
phone 0.0064 142 179 176 235
phone 0.0064 184 159 258 225
phone 0.0064 66 92 131 169
phone 0.0064 215 79 273 212
phone 0.0063 144 65 206 134
phone 0.0063 151 237 229 300
phone 0.0063 91 191 166 254
phone 0.0063 49 163 85 220
phone 0.0063 0 362 6 399
phone 0.0063 161 29 220 77
phone 0.0063 140 68 171 93
phone 0.0063 0 30 51 77
phone 0.0063 269 322 273 369
phone 0.0063 52 29 114 77
phone 0.0063 0 291 6 338
phone 0.0063 5 316 37 375
phone 0.0063 20 0 84 95
phone 0.0063 0 331 6 391
phone 0.0063 176 58 236 110
phone 0.0063 189 301 222 359
phone 0.0063 174 23 238 144
phone 0.0063 222 45 273 93
phone 0.0062 0 230 7 277
phone 0.0062 21 39 52 97
phone 0.0062 238 178 273 236
phone 0.0062 159 0 222 110
phone 0.0062 253 337 273 385
phone 0.0062 6 39 37 97
phone 0.0062 269 244 273 293
phone 0.0062 207 29 266 77
phone 0.0062 34 133 69 189
phone 0.0062 267 289 273 399
phone 0.0062 111 118 146 173
phone 0.0062 148 269 233 330
phone 0.0062 35 102 68 158
phone 0.0062 127 133 161 189
phone 0.0062 0 181 6 294
phone 0.0061 238 91 273 139
phone 0.0061 206 0 268 110
phone 0.0061 131 281 219 349
phone 0.0061 188 86 222 143
phone 0.0061 219 283 273 399
phone 0.0061 127 163 161 220
phone 0.0061 172 87 207 143
phone 0.0061 237 60 273 108
phone 0.0061 130 29 190 77
phone 0.0061 219 163 253 220
phone 0.0061 34 272 69 327
phone 0.0061 66 0 130 111
phone 0.0061 189 148 222 205
phone 0.0060 107 205 182 271
phone 0.0060 265 209 273 327
phone 0.0060 253 76 273 123
phone 0.0060 97 0 161 95
phone 0.0060 0 0 37 110
phone 0.0060 62 254 102 314
phone 0.0060 176 23 206 83
phone 0.0060 207 60 266 108
phone 0.0060 37 346 67 399
phone 0.0060 268 331 273 390
phone 0.0060 251 42 273 156
phone 0.0060 235 132 268 189
phone 0.0059 142 149 176 204
phone 0.0059 190 55 222 113
phone 0.0059 117 60 148 85
phone 0.0059 237 39 267 98
phone 0.0059 68 24 98 82
phone 0.0059 191 23 221 83
phone 0.0059 191 45 251 93
phone 0.0059 0 333 38 399
phone 0.0059 193 69 249 130
phone 0.0059 52 24 83 82
phone 0.0059 0 29 20 77
phone 0.0059 204 271 238 328
phone 0.0059 83 29 144 77
phone 0.0059 206 54 237 113
phone 0.0059 219 256 253 312
phone 0.0059 222 23 252 83
phone 0.0059 207 366 266 399
phone 0.0059 0 70 6 129
phone 0.0059 207 23 236 83
phone 0.0059 77 198 150 278
phone 0.0059 160 23 190 83
phone 0.0059 83 24 113 82
phone 0.0059 0 199 7 246
phone 0.0058 36 39 68 97
phone 0.0058 269 290 273 340
phone 0.0058 236 11 273 125
phone 0.0058 188 118 222 173
phone 0.0058 147 64 165 97
phone 0.0058 0 228 22 278
phone 0.0058 253 106 273 154
phone 0.0058 0 39 6 98
phone 0.0058 159 55 191 112
phone 0.0058 145 45 205 93
phone 0.0058 145 23 175 82
phone 0.0058 0 274 6 386
phone 0.0058 111 70 146 128
phone 0.0058 251 210 273 266
phone 0.0058 97 39 130 97
phone 0.0058 80 178 115 236
phone 0.0057 33 237 63 262
phone 0.0057 268 91 273 139
phone 0.0057 209 83 264 146
phone 0.0057 13 213 22 225
phone 0.0057 65 117 99 174
phone 0.0057 265 255 273 374
phone 0.0057 253 45 273 93
phone 0.0057 0 368 51 399
phone 0.0057 50 71 84 127
phone 0.0057 50 132 84 189
phone 0.0057 157 87 192 143
phone 0.0057 56 205 86 232
phone 0.0057 222 54 252 113
phone 0.0057 122 219 197 288
phone 0.0057 7 14 66 62
phone 0.0057 38 14 97 62
phone 0.0057 267 58 273 171
phone 0.0057 65 148 99 205
phone 0.0057 69 14 128 62
phone 0.0057 219 194 253 251
phone 0.0057 250 88 273 203
phone 0.0056 268 54 273 113
phone 0.0056 112 163 145 220
phone 0.0056 96 148 130 205
phone 0.0056 81 148 115 205
phone 0.0056 115 14 174 62
phone 0.0056 268 367 273 399
phone 0.0056 16 202 34 235
phone 0.0056 248 306 273 332
phone 0.0056 188 179 222 235
phone 0.0056 251 0 273 110
phone 0.0056 0 168 7 215
phone 0.0056 0 135 6 248
phone 0.0056 189 271 222 327
phone 0.0056 134 250 216 318
phone 0.0056 173 132 207 189
phone 0.0056 39 233 57 266
phone 0.0056 219 225 253 282
phone 0.0055 252 163 273 220
phone 0.0055 268 122 273 170
phone 0.0055 239 303 273 357
phone 0.0055 236 332 273 399
phone 0.0055 158 163 192 220
phone 0.0055 174 55 207 112
phone 0.0055 268 30 273 77
phone 0.0055 155 187 171 219
phone 0.0055 127 194 161 251
phone 0.0055 253 137 273 185
phone 0.0055 142 70 177 128
phone 0.0054 148 192 179 215
phone 0.0054 81 117 115 174
phone 0.0054 267 0 273 110
phone 0.0054 124 56 141 89
phone 0.0054 0 136 22 185
phone 0.0054 39 133 57 166
phone 0.0054 145 14 205 62
phone 0.0054 63 209 102 267
phone 0.0054 192 14 251 62
phone 0.0054 158 133 192 189
phone 0.0054 204 132 238 189
phone 0.0054 0 137 6 185
phone 0.0054 173 163 207 220
phone 0.0054 250 203 273 334
phone 0.0053 204 210 238 266
phone 0.0053 158 194 192 251
phone 0.0053 269 214 273 262
phone 0.0053 188 210 222 266
phone 0.0053 109 53 141 77
phone 0.0053 224 102 273 158
phone 0.0053 21 8 52 67
phone 0.0053 0 14 36 62
phone 0.0053 82 0 144 64
phone 0.0053 129 8 160 67
phone 0.0053 52 0 114 64
phone 0.0053 173 303 207 357
phone 0.0053 151 74 160 86
phone 0.0053 37 8 68 67
phone 0.0053 0 0 6 64
phone 0.0053 207 0 266 30
phone 0.0053 98 8 129 67
phone 0.0053 204 240 238 297
phone 0.0053 114 8 145 67
phone 0.0052 221 0 273 64
phone 0.0052 252 367 273 399
phone 0.0052 267 104 273 217
phone 0.0052 22 0 82 30
phone 0.0052 96 179 130 235
phone 0.0052 69 0 128 30
phone 0.0052 148 188 164 219
phone 0.0052 238 0 273 30
phone 0.0052 234 111 273 241
phone 0.0052 62 201 80 236
phone 0.0052 99 0 159 30
phone 0.0052 0 198 22 247
phone 0.0052 173 194 207 251
phone 0.0052 126 103 161 158
phone 0.0052 142 209 176 266
phone 0.0052 255 226 273 280
phone 0.0052 142 103 176 157
phone 0.0052 68 0 98 51
phone 0.0052 55 201 72 236
phone 0.0052 129 0 191 64
phone 0.0052 209 336 264 386
phone 0.0052 188 240 223 297
phone 0.0052 255 256 273 312
phone 0.0052 175 0 237 64
phone 0.0051 83 0 113 51
phone 0.0051 0 167 22 216
phone 0.0051 145 0 205 30
phone 0.0051 253 14 273 62
phone 0.0051 268 0 273 30
phone 0.0051 48 198 78 224
phone 0.0051 0 0 5 31
phone 0.0051 204 163 238 220
phone 0.0051 111 194 146 251
phone 0.0051 37 5 98 131
phone 0.0051 173 225 207 281
phone 0.0051 268 152 273 200
phone 0.0050 222 0 251 37
phone 0.0050 151 197 160 210
phone 0.0050 268 224 273 282
phone 0.0050 52 0 83 51
phone 0.0050 33 182 63 209
phone 0.0050 159 197 168 210
