phone 0.7863 31 28 365 183
phone 0.1441 46 65 108 189
phone 0.0960 66 81 335 225
phone 0.0957 14 44 93 175
phone 0.0949 281 44 361 169
phone 0.0630 245 62 337 194
phone 0.0551 309 33 397 177
phone 0.0522 45 25 172 190
phone 0.0479 181 37 333 181
phone 0.0445 48 92 89 159
phone 0.0374 35 5 125 157
phone 0.0373 34 78 73 142
phone 0.0328 44 104 124 178
phone 0.0317 176 49 269 201
phone 0.0302 36 51 101 139
phone 0.0294 338 57 399 205
phone 0.0291 240 7 349 153
phone 0.0277 68 82 161 230
phone 0.0275 139 44 244 176
phone 0.0253 311 155 342 180
phone 0.0242 318 152 335 184
phone 0.0235 296 74 364 146
phone 0.0235 0 36 59 175
phone 0.0234 188 117 219 142
phone 0.0233 264 55 334 134
phone 0.0224 279 79 319 141
phone 0.0223 203 97 322 214
phone 0.0221 195 113 212 145
phone 0.0220 322 161 331 174
phone 0.0219 24 44 82 114
phone 0.0214 285 100 355 206
phone 0.0213 296 80 333 140
phone 0.0200 199 123 208 135
phone 0.0199 93 48 197 202
phone 0.0197 149 16 308 150
phone 0.0196 100 122 303 250
phone 0.0187 6 58 70 131
phone 0.0185 169 70 245 150
phone 0.0185 5 0 93 111
phone 0.0185 199 115 208 128
phone 0.0182 60 81 139 171
phone 0.0180 63 94 105 157
phone 0.0174 187 82 257 169
phone 0.0168 242 117 273 142
phone 0.0166 232 84 305 167
phone 0.0163 49 155 80 180
phone 0.0160 48 63 89 126
phone 0.0160 249 113 266 145
phone 0.0160 56 152 73 183
phone 0.0159 260 109 339 173
phone 0.0158 40 112 98 200
phone 0.0157 81 133 200 242
phone 0.0155 312 80 348 139
phone 0.0154 137 74 215 146
phone 0.0152 277 0 376 129
phone 0.0148 263 93 305 158
phone 0.0147 77 66 153 154
phone 0.0146 183 55 261 135
phone 0.0145 252 123 262 135
phone 0.0144 200 72 276 148
phone 0.0142 60 161 70 174
phone 0.0141 0 96 51 224
phone 0.0141 220 0 315 100
phone 0.0141 78 117 151 196
phone 0.0140 151 58 232 131
phone 0.0139 51 41 117 118
phone 0.0139 256 113 273 146
phone 0.0138 186 155 289 266
phone 0.0136 155 86 229 165
phone 0.0133 111 93 142 119
phone 0.0131 118 90 135 122
phone 0.0131 26 59 256 258
phone 0.0131 218 0 399 205
phone 0.0129 18 96 85 211
phone 0.0128 302 105 390 237
phone 0.0128 257 0 340 92
phone 0.0127 61 0 158 129
phone 0.0127 171 107 274 235
phone 0.0126 36 111 71 171
phone 0.0126 232 58 305 131
phone 0.0124 157 116 188 142
phone 0.0123 122 84 230 228
phone 0.0123 42 124 121 246
phone 0.0122 260 123 270 135
phone 0.0122 239 151 330 266
phone 0.0121 1 94 75 156
phone 0.0119 284 46 346 113
phone 0.0118 122 100 131 112
phone 0.0117 360 138 399 265
phone 0.0116 313 63 379 126
phone 0.0115 164 113 181 146
phone 0.0114 252 115 262 128
phone 0.0113 20 79 56 140
phone 0.0113 160 0 254 129
phone 0.0113 357 106 399 175
phone 0.0113 0 135 83 266
phone 0.0109 145 158 252 266
phone 0.0109 107 5 215 153
phone 0.0106 280 100 311 127
phone 0.0106 134 116 165 142
phone 0.0103 312 110 348 171
phone 0.0103 173 81 210 139
phone 0.0102 35 172 133 266
phone 0.0102 287 97 304 130
phone 0.0102 250 108 280 135
phone 0.0102 168 123 177 135
phone 0.0101 309 96 382 154
phone 0.0100 265 65 303 124
phone 0.0100 187 80 227 140
phone 0.0100 281 112 317 170
phone 0.0100 298 112 332 169
phone 0.0099 231 136 306 207
phone 0.0099 141 112 158 146
phone 0.0099 65 155 165 266
phone 0.0098 203 80 242 140
phone 0.0098 173 116 203 142
phone 0.0097 356 74 399 145
phone 0.0097 251 41 317 118
phone 0.0097 202 203 274 263
phone 0.0097 67 127 101 185
phone 0.0096 183 137 262 206
phone 0.0096 107 84 184 167
phone 0.0096 66 49 102 109
phone 0.0095 0 0 39 0
phone 0.0095 49 152 65 183
phone 0.0095 121 139 201 204
phone 0.0095 112 171 210 266
phone 0.0095 171 93 243 189
phone 0.0094 310 141 381 202
phone 0.0093 41 34 97 93
phone 0.0093 249 80 288 140
phone 0.0092 98 143 131 200
phone 0.0092 21 49 54 109
phone 0.0092 79 110 120 172
phone 0.0092 180 108 211 134
phone 0.0092 0 263 41 266
phone 0.0092 157 81 195 139
phone 0.0091 248 187 320 248
phone 0.0091 156 59 364 258
phone 0.0091 94 94 136 156
phone 0.0090 195 176 281 229
phone 0.0090 140 0 213 105
phone 0.0090 76 156 153 218
phone 0.0090 179 112 197 146
phone 0.0089 172 112 189 146
phone 0.0089 311 70 342 96
phone 0.0089 329 81 362 138
phone 0.0089 108 117 183 195
phone 0.0088 329 49 362 108
phone 0.0088 343 137 399 206
phone 0.0088 374 128 399 184
phone 0.0088 52 161 62 174
phone 0.0088 291 108 301 120
phone 0.0087 340 0 399 126
phone 0.0087 265 171 334 233
phone 0.0086 376 171 399 233
phone 0.0086 145 123 154 135
phone 0.0086 374 97 399 154
phone 0.0086 235 81 271 139
phone 0.0085 99 0 189 105
phone 0.0085 150 140 233 203
phone 0.0085 219 81 257 139
phone 0.0085 3 172 73 233
phone 0.0084 277 134 354 266
phone 0.0084 282 154 348 219
phone 0.0084 187 105 205 138
phone 0.0082 168 154 246 220
phone 0.0082 298 143 331 200
phone 0.0082 318 66 335 100
phone 0.0082 329 143 362 200
phone 0.0082 1 202 75 263
phone 0.0082 260 115 270 127
phone 0.0081 221 204 254 261
phone 0.0081 311 124 342 150
phone 0.0080 322 169 331 181
phone 0.0080 235 167 303 237
phone 0.0080 87 140 173 203
phone 0.0080 187 184 258 251
phone 0.0079 135 157 218 217
phone 0.0079 153 203 230 263
phone 0.0079 325 151 343 184
phone 0.0079 212 157 295 217
phone 0.0079 291 115 301 127
phone 0.0078 87 151 104 184
phone 0.0078 80 155 111 180
phone 0.0078 139 97 213 184
phone 0.0078 216 186 291 249
phone 0.0078 183 123 193 135
phone 0.0078 176 123 185 135
phone 0.0078 0 0 61 73
phone 0.0077 199 116 277 197
phone 0.0077 329 112 362 169
phone 0.0077 267 189 301 246
phone 0.0077 77 203 153 263
phone 0.0077 246 111 352 231
phone 0.0077 126 218 197 266
phone 0.0076 50 69 80 96
phone 0.0076 311 139 342 165
phone 0.0076 18 154 89 219
phone 0.0076 152 172 232 232
phone 0.0076 349 46 399 112
phone 0.0076 281 154 311 181
phone 0.0075 310 194 343 218
phone 0.0075 318 120 335 154
phone 0.0075 34 147 65 173
phone 0.0075 272 32 327 96
phone 0.0075 282 174 316 230
phone 0.0075 198 41 278 117
phone 0.0074 319 191 334 221
phone 0.0074 347 177 399 227
phone 0.0074 95 218 166 266
phone 0.0073 120 58 202 131
phone 0.0073 0 138 41 205
phone 0.0073 191 115 200 128
phone 0.0073 191 123 200 135
phone 0.0073 0 182 50 266
phone 0.0073 67 158 101 215
phone 0.0073 85 23 145 104
phone 0.0073 0 90 40 160
phone 0.0073 322 200 331 213
phone 0.0073 80 151 96 184
phone 0.0072 21 173 55 231
phone 0.0072 303 202 335 225
phone 0.0072 251 143 286 200
phone 0.0072 287 151 304 184
phone 0.0071 107 154 184 219
phone 0.0071 37 142 70 200
phone 0.0071 322 77 331 89
phone 0.0071 360 157 393 216
phone 0.0071 318 135 335 169
phone 0.0071 205 144 239 199
phone 0.0071 130 0 192 68
phone 0.0071 362 191 399 244
phone 0.0070 56 66 74 100
phone 0.0070 311 198 326 229
phone 0.0070 237 198 300 266
phone 0.0070 51 140 86 202
phone 0.0070 91 161 100 174
phone 0.0070 193 0 274 97
phone 0.0070 221 174 254 230
phone 0.0070 281 116 311 142
phone 0.0070 157 93 188 119
phone 0.0070 144 144 178 199
phone 0.0070 329 200 339 212
phone 0.0070 64 133 136 210
phone 0.0070 314 207 324 220
phone 0.0069 34 108 65 134
phone 0.0069 66 219 134 266
phone 0.0069 248 110 289 171
phone 0.0069 326 191 342 221
phone 0.0069 89 99 171 183
phone 0.0069 128 143 162 199
phone 0.0069 291 100 301 112
phone 0.0068 34 93 65 119
phone 0.0068 16 186 91 250
phone 0.0068 60 187 139 248
phone 0.0068 226 229 242 260
phone 0.0068 128 19 163 77
phone 0.0068 218 233 250 257
phone 0.0068 344 81 378 138
phone 0.0068 21 204 54 261
phone 0.0068 281 62 310 89
phone 0.0068 0 0 41 32
phone 0.0067 311 93 342 119
phone 0.0067 41 143 58 177
phone 0.0067 329 161 339 174
phone 0.0067 265 127 303 185
phone 0.0067 92 186 168 249
phone 0.0067 159 4 193 62
phone 0.0067 242 229 257 260
phone 0.0067 164 89 181 123
phone 0.0067 205 173 239 231
phone 0.0067 220 144 255 199
phone 0.0066 190 144 224 199
phone 0.0066 233 233 266 256
phone 0.0066 252 173 285 231
phone 0.0066 287 112 304 146
phone 0.0066 325 66 343 100
phone 0.0066 160 219 193 266
phone 0.0066 99 0 162 42
phone 0.0066 161 0 222 73
phone 0.0066 83 161 93 174
phone 0.0066 361 34 392 93
phone 0.0065 331 38 391 89
phone 0.0065 322 131 331 143
phone 0.0065 175 219 208 266
phone 0.0065 22 220 85 266
phone 0.0065 161 0 223 27
phone 0.0065 234 229 250 260
phone 0.0065 236 189 270 245
phone 0.0065 60 154 70 166
phone 0.0065 50 85 80 112
phone 0.0065 281 85 311 112
phone 0.0065 144 219 177 266
phone 0.0065 299 34 331 93
phone 0.0065 42 77 72 104
phone 0.0064 67 204 101 261
phone 0.0064 211 108 242 135
phone 0.0064 218 229 234 260
phone 0.0064 34 124 65 150
phone 0.0064 374 66 399 123
phone 0.0064 245 238 254 251
phone 0.0064 190 174 224 230
phone 0.0063 159 144 193 199
phone 0.0063 229 238 239 251
phone 0.0063 315 175 376 229
phone 0.0063 98 174 131 230
phone 0.0063 203 237 219 266
phone 0.0063 54 19 84 77
phone 0.0063 195 241 227 264
phone 0.0063 267 159 301 214
phone 0.0063 98 205 131 261
phone 0.0062 318 89 335 123
phone 0.0062 287 58 304 92
phone 0.0062 344 112 378 169
phone 0.0062 130 0 161 46
phone 0.0062 301 37 359 91
phone 0.0062 322 123 331 135
phone 0.0062 41 104 59 139
phone 0.0062 236 144 270 199
phone 0.0062 174 144 209 199
phone 0.0062 115 0 145 46
phone 0.0062 190 205 224 261
phone 0.0062 361 8 399 57
phone 0.0062 311 108 342 135
phone 0.0062 287 82 304 115
phone 0.0062 206 246 216 259
phone 0.0062 177 0 207 31
phone 0.0061 346 34 377 92
phone 0.0061 328 153 395 220
phone 0.0061 315 191 377 266
phone 0.0061 346 172 376 232
phone 0.0061 194 0 251 46
phone 0.0061 162 0 192 31
phone 0.0061 80 62 111 88
phone 0.0061 187 50 226 108
phone 0.0061 82 205 116 261
phone 0.0061 192 0 223 31
phone 0.0061 322 146 331 158
phone 0.0061 41 89 59 123
phone 0.0061 130 0 192 26
phone 0.0061 0 0 139 258
phone 0.0061 284 206 346 266
phone 0.0061 258 70 288 96
phone 0.0061 97 34 132 93
phone 0.0060 237 238 247 251
phone 0.0060 291 161 301 174
phone 0.0060 9 37 67 91
phone 0.0060 54 24 115 73
phone 0.0060 322 154 331 166
phone 0.0060 174 189 208 245
phone 0.0060 222 238 231 251
phone 0.0060 191 218 255 266
phone 0.0060 60 77 70 89
phone 0.0060 116 238 176 266
phone 0.0060 250 51 287 108
phone 0.0060 119 70 149 96
phone 0.0060 0 112 24 170
phone 0.0060 56 81 74 115
phone 0.0059 256 224 313 266
phone 0.0059 36 204 70 261
phone 0.0059 45 154 54 166
phone 0.0059 36 174 70 230
phone 0.0059 218 104 235 138
phone 0.0059 299 0 362 29
phone 0.0059 156 112 174 146
phone 0.0059 113 204 147 261
phone 0.0059 129 204 162 261
phone 0.0059 286 240 344 266
phone 0.0059 48 74 66 108
phone 0.0059 0 158 24 215
phone 0.0059 316 0 376 11
phone 0.0059 83 0 147 29
phone 0.0059 159 189 193 246
phone 0.0059 7 0 70 29
phone 0.0058 162 0 222 11
phone 0.0058 113 144 147 199
phone 0.0058 362 238 399 266
phone 0.0058 0 204 24 261
phone 0.0058 53 0 116 29
phone 0.0058 376 33 399 93
phone 0.0058 165 108 195 135
phone 0.0058 315 0 377 44
phone 0.0058 87 58 104 92
phone 0.0058 268 0 331 29
phone 0.0058 223 221 284 266
phone 0.0058 264 66 281 99
phone 0.0058 330 172 361 232
phone 0.0058 23 24 84 73
phone 0.0058 146 0 176 31
phone 0.0058 84 8 146 57
phone 0.0058 315 237 377 266
phone 0.0058 301 224 359 266
phone 0.0058 173 51 210 108
phone 0.0058 54 0 114 11
phone 0.0058 241 112 258 146
phone 0.0058 361 0 399 11
phone 0.0058 311 47 342 72
phone 0.0058 147 238 206 266
phone 0.0057 131 0 191 11
phone 0.0057 207 0 270 29
phone 0.0057 168 100 177 112
phone 0.0057 255 22 313 75
phone 0.0057 69 19 100 77
phone 0.0057 146 0 208 44
phone 0.0057 7 218 38 266
phone 0.0057 319 62 349 89
phone 0.0057 318 104 335 138
phone 0.0057 52 204 85 261
phone 0.0057 41 120 59 154
phone 0.0057 193 0 253 11
phone 0.0057 360 0 399 27
phone 0.0057 69 0 130 42
phone 0.0057 249 225 281 249
phone 0.0057 126 66 143 99
phone 0.0057 36 165 102 240
phone 0.0057 257 221 273 252
phone 0.0057 38 0 100 44
phone 0.0057 237 0 301 29
phone 0.0057 377 2 399 63
phone 0.0057 23 0 83 11
phone 0.0057 310 151 327 184
phone 0.0057 225 5 282 61
phone 0.0057 360 255 399 266
phone 0.0056 0 80 24 139
phone 0.0056 100 0 160 11
phone 0.0056 303 170 334 195
phone 0.0056 331 255 391 266
phone 0.0056 242 70 272 96
phone 0.0056 201 110 243 171
phone 0.0056 0 0 41 109
phone 0.0056 144 189 178 246
phone 0.0056 281 139 311 166
phone 0.0056 11 85 41 112
phone 0.0056 300 234 330 266
phone 0.0056 100 0 130 47
phone 0.0056 329 77 339 89
phone 0.0056 291 123 301 135
phone 0.0056 314 172 347 232
phone 0.0056 331 0 361 16
phone 0.0056 180 248 212 266
phone 0.0056 331 0 391 26
phone 0.0056 188 244 203 266
phone 0.0056 331 218 361 266
phone 0.0056 224 0 283 11
phone 0.0056 346 264 376 266
phone 0.0056 285 0 345 11
phone 0.0056 330 222 393 266
phone 0.0056 284 19 315 77
phone 0.0056 299 253 362 266
phone 0.0055 322 69 331 81
phone 0.0055 60 85 70 97
phone 0.0055 331 265 361 266
phone 0.0055 364 262 399 266
phone 0.0055 23 19 53 77
phone 0.0055 38 19 69 77
phone 0.0055 254 218 284 266
phone 0.0055 267 34 301 92
phone 0.0055 330 0 393 59
phone 0.0055 5 65 40 124
phone 0.0055 346 0 376 16
phone 0.0055 315 218 346 266
phone 0.0055 0 0 36 11
phone 0.0055 219 116 249 142
phone 0.0055 284 0 346 44
phone 0.0055 316 0 345 16
phone 0.0055 208 0 238 31
phone 0.0055 70 0 99 16
phone 0.0055 54 0 84 16
phone 0.0055 176 238 239 266
phone 0.0054 346 203 376 262
phone 0.0054 85 0 115 16
phone 0.0054 270 218 299 266
phone 0.0054 256 66 274 99
phone 0.0054 158 62 187 88
phone 0.0054 285 218 314 266
phone 0.0054 265 221 280 252
phone 0.0054 341 49 373 71
phone 0.0054 319 77 349 104
phone 0.0054 142 82 179 138
phone 0.0054 85 0 115 47
phone 0.0054 346 249 376 266
phone 0.0054 126 81 165 139
phone 0.0054 0 0 23 1
phone 0.0054 203 50 242 108
phone 0.0054 39 0 68 16
phone 0.0054 302 191 359 243
phone 0.0054 131 0 161 16
phone 0.0054 224 0 253 16
phone 0.0054 260 230 270 243
phone 0.0054 24 0 53 31
phone 0.0054 45 115 54 128
phone 0.0054 191 253 201 266
phone 0.0054 116 0 145 16
phone 0.0054 322 138 331 151
phone 0.0054 322 100 331 112
phone 0.0054 100 0 130 16
phone 0.0054 0 0 22 16
phone 0.0054 83 33 116 93
phone 0.0054 249 66 266 100
phone 0.0054 131 233 161 266
phone 0.0053 77 79 121 140
phone 0.0053 322 84 331 97
phone 0.0053 142 62 172 88
phone 0.0053 376 264 399 266
phone 0.0053 0 9 36 57
phone 0.0053 316 264 345 266
phone 0.0053 113 174 147 230
phone 0.0053 299 0 362 75
phone 0.0053 2 129 74 183
phone 0.0053 240 255 298 266
phone 0.0053 50 100 80 127
phone 0.0053 376 0 399 17
phone 0.0053 300 0 330 16
phone 0.0053 218 17 250 41
phone 0.0053 255 0 314 11
phone 0.0053 70 0 99 47
phone 0.0053 346 24 399 72
phone 0.0053 233 112 273 170
phone 0.0053 331 249 361 266
phone 0.0053 18 82 35 115
phone 0.0053 50 139 80 166
phone 0.0053 128 174 162 230
phone 0.0053 54 0 84 47
phone 0.0053 118 66 135 100
phone 0.0053 260 144 339 199
phone 0.0053 45 100 54 112
phone 0.0053 310 166 327 199
phone 0.0053 89 54 171 135
phone 0.0053 68 253 131 266
phone 0.0053 318 43 335 77
phone 0.0053 287 135 304 169
phone 0.0053 347 0 376 47
phone 0.0053 331 0 361 47
phone 0.0053 239 0 268 16
phone 0.0053 116 233 145 266
phone 0.0053 181 70 211 96
phone 0.0052 376 218 399 266
phone 0.0052 82 142 117 200
phone 0.0052 322 108 331 120
phone 0.0052 253 0 315 59
phone 0.0052 39 0 68 47
phone 0.0052 268 230 277 243
phone 0.0052 225 104 243 139
phone 0.0052 291 92 301 104
phone 0.0052 60 69 70 81
phone 0.0052 352 54 362 66
phone 0.0052 211 85 242 111
phone 0.0052 7 238 69 266
phone 0.0052 285 24 345 73
phone 0.0052 291 69 301 81
phone 0.0052 240 239 298 266
phone 0.0052 143 20 178 77
phone 0.0052 376 248 399 266
phone 0.0052 173 62 203 89
phone 0.0052 254 249 284 266
phone 0.0052 265 116 295 142
phone 0.0052 204 70 234 96
phone 0.0052 0 0 22 47
phone 0.0052 316 19 346 77
phone 0.0051 349 45 365 75
phone 0.0051 285 0 315 16
phone 0.0051 104 139 134 165
phone 0.0051 38 253 100 266
phone 0.0051 86 238 144 266
phone 0.0051 99 253 162 266
phone 0.0051 269 253 331 266
phone 0.0051 316 0 345 47
phone 0.0051 316 24 376 72
phone 0.0051 0 249 41 266
phone 0.0051 254 0 284 16
phone 0.0051 322 92 331 104
phone 0.0051 314 161 324 174
phone 0.0051 222 115 231 128
phone 0.0051 42 62 72 89
phone 0.0051 45 108 54 120
phone 0.0051 42 131 72 158
phone 0.0051 273 222 288 252
phone 0.0051 79 58 97 92
phone 0.0051 287 210 320 233
phone 0.0051 264 225 297 248
phone 0.0051 160 123 170 135
phone 0.0051 291 77 301 89
phone 0.0051 52 84 62 97
phone 0.0051 376 0 399 1
phone 0.0051 300 264 330 266
phone 0.0051 296 206 311 237
phone 0.0051 241 66 258 100
phone 0.0051 111 35 148 93
phone 0.0051 127 62 157 88
phone 0.0051 131 265 161 266
phone 0.0051 245 123 254 135
phone 0.0051 189 4 225 62
phone 0.0051 270 0 299 16
phone 0.0051 60 92 70 104
phone 0.0051 362 264 392 266
phone 0.0051 84 0 115 1
phone 0.0050 177 265 207 266
phone 0.0050 69 0 100 1
phone 0.0050 227 70 257 96
phone 0.0050 100 0 131 1
phone 0.0050 172 112 211 170
phone 0.0050 45 123 54 135
phone 0.0050 21 112 54 169
phone 0.0050 48 89 66 123
phone 0.0050 218 82 235 115
phone 0.0050 115 0 146 1
phone 0.0050 164 58 181 92
phone 0.0050 187 66 204 99
phone 0.0050 0 19 23 77
phone 0.0050 276 230 285 243
phone 0.0050 272 66 289 99
phone 0.0050 226 13 243 45
phone 0.0050 146 265 176 266
phone 0.0050 188 62 218 89
phone 0.0050 250 229 265 260
phone 0.0050 53 0 85 1
phone 0.0050 133 66 150 100
phone 0.0050 238 0 269 46
phone 0.0050 130 254 193 266
