phone 0.9157 136 104 234 300
phone 0.1072 142 123 203 230
phone 0.0758 156 110 249 243
phone 0.0626 51 129 141 285
phone 0.0512 149 171 228 275
phone 0.0395 192 168 222 193
phone 0.0371 199 164 216 196
phone 0.0364 12 148 112 307
phone 0.0361 2 82 118 258
phone 0.0336 202 174 212 186
phone 0.0333 46 195 127 317
phone 0.0330 58 117 259 332
phone 0.0329 69 102 171 248
phone 0.0320 158 151 218 233
phone 0.0298 202 182 212 194
phone 0.0295 74 150 148 234
phone 0.0286 158 154 277 260
phone 0.0280 102 198 212 306
phone 0.0263 169 160 200 185
phone 0.0257 108 81 207 215
phone 0.0256 121 142 193 211
phone 0.0252 176 157 192 188
phone 0.0250 67 202 164 307
phone 0.0249 176 141 260 213
phone 0.0248 59 165 132 250
phone 0.0228 179 166 189 179
phone 0.0217 117 135 199 278
phone 0.0194 212 93 299 250
phone 0.0192 106 51 299 296
phone 0.0191 151 127 194 195
phone 0.0190 89 140 163 213
phone 0.0182 192 187 289 328
phone 0.0178 75 184 147 261
phone 0.0176 60 136 132 217
phone 0.0176 192 183 222 209
phone 0.0169 79 157 173 287
phone 0.0169 179 159 189 171
phone 0.0166 199 179 216 212
phone 0.0165 179 174 189 186
phone 0.0164 140 146 175 207
phone 0.0163 88 172 164 242
phone 0.0162 163 186 213 259
phone 0.0154 176 190 261 256
phone 0.0154 141 201 234 336
phone 0.0152 76 161 115 223
phone 0.0149 46 66 136 221
phone 0.0149 125 110 189 181
phone 0.0148 77 223 114 283
phone 0.0146 0 166 73 294
phone 0.0144 90 160 131 223
phone 0.0144 202 189 212 202
phone 0.0140 220 165 299 294
phone 0.0139 140 213 206 294
phone 0.0138 0 210 118 376
phone 0.0137 124 183 190 262
phone 0.0134 78 118 144 204
phone 0.0133 195 39 296 176
phone 0.0128 198 147 238 205
phone 0.0126 62 207 98 269
phone 0.0125 176 171 230 244
phone 0.0123 50 181 110 264
phone 0.0119 26 66 214 272
phone 0.0118 140 115 174 176
phone 0.0118 75 37 166 186
phone 0.0117 115 228 145 255
phone 0.0117 11 106 168 347
phone 0.0117 91 206 161 270
phone 0.0116 107 147 145 206
phone 0.0115 202 166 212 179
phone 0.0114 28 222 102 284
phone 0.0114 136 35 229 190
phone 0.0114 148 170 198 244
phone 0.0114 115 252 145 278
phone 0.0113 198 131 270 191
phone 0.0112 62 235 160 363
phone 0.0111 151 236 225 301
phone 0.0110 170 224 206 283
phone 0.0110 196 80 273 210
phone 0.0109 122 225 139 259
phone 0.0108 177 218 260 350
phone 0.0106 122 248 139 282
phone 0.0104 92 193 130 253
phone 0.0104 197 178 239 236
phone 0.0103 107 178 145 236
phone 0.0101 63 163 97 220
phone 0.0101 14 255 85 313
phone 0.0101 48 209 81 267
phone 0.0101 139 192 175 253
phone 0.0100 166 216 241 290
phone 0.0100 76 191 115 254
phone 0.0099 14 25 106 192
phone 0.0099 169 175 199 201
phone 0.0099 191 182 277 233
phone 0.0098 129 238 217 361
phone 0.0098 100 217 184 350
phone 0.0097 152 205 193 271
phone 0.0096 60 250 131 318
phone 0.0096 31 144 99 208
phone 0.0096 106 194 177 251
phone 0.0095 155 97 221 194
phone 0.0095 93 225 128 281
phone 0.0094 234 219 296 287
phone 0.0093 125 236 135 248
phone 0.0093 57 263 114 380
phone 0.0093 175 171 193 205
phone 0.0092 96 112 156 179
phone 0.0091 107 223 177 283
phone 0.0091 125 259 135 271
phone 0.0091 51 124 110 198
phone 0.0090 105 133 178 190
phone 0.0089 185 253 252 315
phone 0.0089 220 122 279 200
phone 0.0089 219 149 280 235
phone 0.0088 206 163 224 197
phone 0.0087 145 94 200 167
phone 0.0086 28 269 102 329
phone 0.0084 103 164 181 219
phone 0.0084 198 238 270 299
phone 0.0084 125 243 135 255
phone 0.0084 91 131 130 191
phone 0.0084 73 269 149 330
phone 0.0083 112 0 200 168
phone 0.0083 107 236 138 262
phone 0.0083 114 225 131 259
phone 0.0083 184 112 253 179
phone 0.0083 177 0 258 159
phone 0.0083 153 270 223 329
phone 0.0083 60 286 132 344
phone 0.0082 115 213 145 240
phone 0.0082 114 248 131 282
phone 0.0082 125 116 158 175
phone 0.0081 182 208 223 268
phone 0.0081 125 228 135 240
phone 0.0080 179 182 189 194
phone 0.0080 218 116 250 175
phone 0.0080 48 163 81 220
phone 0.0079 109 250 175 318
phone 0.0078 3 224 65 283
phone 0.0078 78 255 112 313
phone 0.0078 31 193 99 252
phone 0.0077 221 228 279 309
phone 0.0077 113 103 171 157
phone 0.0077 248 208 282 267
phone 0.0077 205 103 263 157
phone 0.0077 32 240 66 297
phone 0.0077 195 211 273 265
phone 0.0077 125 230 190 307
phone 0.0077 200 159 230 186
phone 0.0077 192 151 222 178
phone 0.0077 125 209 158 267
phone 0.0076 122 209 139 243
phone 0.0076 171 256 205 312
phone 0.0076 200 174 230 202
phone 0.0075 125 179 158 235
phone 0.0075 217 148 251 205
phone 0.0075 217 180 251 235
phone 0.0075 251 122 299 170
phone 0.0075 247 86 299 205
phone 0.0074 217 240 250 297
phone 0.0074 210 174 220 186
phone 0.0074 137 250 208 318
phone 0.0074 158 89 218 141
phone 0.0074 146 182 176 209
phone 0.0074 181 130 225 192
phone 0.0073 222 276 254 299
phone 0.0073 0 225 70 342
phone 0.0073 230 273 245 303
phone 0.0073 146 152 176 178
phone 0.0073 125 239 158 298
phone 0.0073 118 236 127 248
phone 0.0072 36 95 95 226
phone 0.0072 125 251 135 263
phone 0.0072 202 101 235 159
phone 0.0072 118 259 127 271
phone 0.0072 77 132 114 190
phone 0.0072 48 270 81 328
phone 0.0072 236 138 294 215
phone 0.0072 233 281 243 295
phone 0.0071 206 275 262 324
phone 0.0071 215 183 245 209
phone 0.0071 157 85 188 143
phone 0.0071 202 197 212 209
phone 0.0070 266 137 299 185
phone 0.0070 198 148 216 182
phone 0.0070 174 98 233 162
phone 0.0070 232 176 267 238
phone 0.0070 123 266 192 333
phone 0.0069 265 224 296 282
phone 0.0069 138 159 168 186
phone 0.0069 17 213 82 263
phone 0.0069 155 239 189 298
phone 0.0069 248 131 282 190
phone 0.0068 138 260 169 285
phone 0.0068 109 240 143 297
phone 0.0068 48 240 82 297
phone 0.0068 48 130 81 191
phone 0.0068 94 271 128 327
phone 0.0068 152 179 170 213
phone 0.0068 18 208 50 267
phone 0.0068 34 270 65 329
phone 0.0067 125 148 158 205
phone 0.0067 140 239 174 298
phone 0.0067 281 131 299 190
phone 0.0067 252 244 299 294
phone 0.0067 247 177 282 237
phone 0.0067 143 289 202 340
phone 0.0067 152 148 170 182
phone 0.0066 118 243 127 256
phone 0.0066 125 271 158 328
phone 0.0066 62 238 98 299
phone 0.0066 200 205 230 232
phone 0.0066 0 109 70 232
phone 0.0066 145 256 162 289
phone 0.0066 247 206 299 331
phone 0.0066 220 269 249 330
phone 0.0065 231 206 267 269
phone 0.0065 0 77 8 193
phone 0.0065 94 285 160 344
phone 0.0065 138 190 168 216
phone 0.0065 232 145 267 207
phone 0.0065 233 115 266 175
phone 0.0065 203 273 266 387
phone 0.0064 115 136 145 163
phone 0.0064 201 240 235 297
phone 0.0064 255 150 299 250
phone 0.0064 189 90 249 140
phone 0.0064 203 269 234 330
phone 0.0064 125 220 135 232
phone 0.0064 217 210 250 266
phone 0.0064 266 106 299 154
phone 0.0064 144 148 162 182
phone 0.0064 251 91 299 139
phone 0.0064 64 285 96 344
phone 0.0063 296 367 299 399
phone 0.0063 107 221 138 247
phone 0.0063 109 271 143 328
phone 0.0063 200 128 230 155
phone 0.0063 295 332 299 399
phone 0.0063 280 332 299 399
phone 0.0063 281 367 299 399
phone 0.0063 221 178 239 213
phone 0.0062 95 304 158 399
phone 0.0062 281 239 299 298
phone 0.0062 19 275 80 385
phone 0.0062 4 292 64 338
phone 0.0062 172 289 235 399
phone 0.0062 174 45 233 93
phone 0.0062 143 60 202 108
phone 0.0061 19 285 49 345
phone 0.0061 82 305 140 355
phone 0.0061 110 101 143 159
phone 0.0061 206 202 224 236
phone 0.0061 118 251 127 263
phone 0.0061 50 91 111 139
phone 0.0061 84 264 148 375
phone 0.0061 0 276 50 322
phone 0.0061 3 199 65 247
phone 0.0061 127 45 187 93
phone 0.0061 142 27 204 141
phone 0.0061 18 122 81 169
phone 0.0061 153 256 169 289
phone 0.0061 127 90 188 140
phone 0.0061 0 332 20 399
phone 0.0061 131 252 161 278
phone 0.0061 205 306 264 354
phone 0.0061 204 45 264 93
phone 0.0061 0 367 19 399
phone 0.0061 157 11 219 126
phone 0.0061 20 60 80 108
phone 0.0061 189 29 249 77
phone 0.0061 97 45 156 93
phone 0.0061 281 100 299 159
phone 0.0061 20 307 79 353
phone 0.0061 266 0 299 30
phone 0.0061 266 260 299 308
phone 0.0060 145 178 162 213
phone 0.0060 220 60 279 108
phone 0.0060 265 57 299 172
phone 0.0060 35 75 95 123
phone 0.0060 69 159 99 186
phone 0.0060 20 29 80 77
phone 0.0060 49 57 111 172
phone 0.0060 35 300 65 360
phone 0.0060 110 55 174 173
phone 0.0060 203 11 265 126
phone 0.0060 19 88 81 203
phone 0.0060 149 266 158 279
phone 0.0060 215 198 245 224
phone 0.0060 4 337 64 385
phone 0.0060 235 269 265 330
phone 0.0060 4 269 34 329
phone 0.0060 158 284 188 345
phone 0.0060 33 209 66 267
phone 0.0060 95 11 158 126
phone 0.0060 81 29 141 77
phone 0.0060 202 159 212 171
phone 0.0060 158 29 218 77
phone 0.0060 4 45 64 93
phone 0.0060 126 304 189 399
phone 0.0060 50 29 110 77
phone 0.0060 189 60 249 108
phone 0.0060 215 280 230 311
phone 0.0060 219 27 281 141
phone 0.0060 18 0 81 110
phone 0.0060 250 0 299 64
phone 0.0060 66 45 126 93
phone 0.0060 35 45 95 93
phone 0.0060 112 29 172 77
phone 0.0060 140 270 174 328
phone 0.0059 121 132 139 167
phone 0.0059 207 284 239 308
phone 0.0059 251 275 299 323
phone 0.0059 50 60 110 108
phone 0.0059 49 0 112 110
phone 0.0059 3 27 66 141
phone 0.0059 215 167 245 193
phone 0.0059 220 29 280 77
phone 0.0059 0 363 4 399
phone 0.0059 4 76 64 123
phone 0.0059 235 75 295 123
phone 0.0059 234 258 296 371
phone 0.0059 112 60 172 108
phone 0.0059 115 151 145 178
phone 0.0059 188 86 219 143
phone 0.0059 235 291 295 339
phone 0.0059 189 39 219 98
phone 0.0059 156 189 166 202
phone 0.0059 249 332 299 399
phone 0.0059 0 60 49 108
phone 0.0059 66 75 126 123
phone 0.0059 0 29 49 77
phone 0.0059 175 290 232 339
phone 0.0059 234 367 296 399
phone 0.0059 158 54 188 113
phone 0.0059 204 39 234 98
phone 0.0059 0 136 7 258
phone 0.0059 210 166 220 178
phone 0.0058 107 259 138 286
phone 0.0058 220 337 280 385
phone 0.0058 263 174 299 301
phone 0.0058 250 60 299 108
phone 0.0058 206 125 224 159
phone 0.0058 81 60 141 108
phone 0.0058 0 0 2 30
phone 0.0058 235 106 295 155
phone 0.0058 0 304 50 399
phone 0.0058 0 276 18 323
phone 0.0058 20 91 80 139
phone 0.0058 206 147 224 182
phone 0.0058 65 26 127 141
phone 0.0058 235 45 295 93
phone 0.0058 173 39 203 98
phone 0.0058 281 0 299 37
phone 0.0058 143 39 172 98
phone 0.0058 142 86 173 143
phone 0.0058 66 85 95 144
phone 0.0058 0 0 50 110
phone 0.0058 0 337 34 385
phone 0.0058 0 367 49 399
phone 0.0058 18 239 50 298
phone 0.0058 203 332 266 399
phone 0.0058 127 39 157 98
phone 0.0058 249 26 299 141
phone 0.0058 220 39 249 98
phone 0.0058 188 367 250 399
phone 0.0058 0 0 3 64
phone 0.0058 34 106 96 154
phone 0.0058 35 54 65 113
phone 0.0058 82 0 141 30
phone 0.0058 219 300 250 359
phone 0.0058 112 39 142 98
phone 0.0058 127 86 157 143
phone 0.0058 156 159 166 171
phone 0.0058 173 353 234 399
phone 0.0058 220 0 279 30
phone 0.0058 0 0 18 30
phone 0.0058 35 116 65 175
phone 0.0058 0 242 19 356
phone 0.0057 235 54 265 113
phone 0.0057 35 23 65 82
phone 0.0057 268 181 299 233
phone 0.0057 268 212 299 263
phone 0.0057 4 106 64 154
phone 0.0057 50 69 80 129
phone 0.0057 0 91 49 139
phone 0.0057 296 100 299 160
phone 0.0057 158 322 218 369
phone 0.0057 210 182 220 194
phone 0.0057 19 331 49 390
phone 0.0057 96 39 126 98
phone 0.0057 50 23 80 82
phone 0.0057 0 214 34 262
phone 0.0057 234 0 296 110
phone 0.0057 173 284 203 345
phone 0.0057 19 23 49 82
phone 0.0057 112 337 172 385
phone 0.0057 265 363 296 399
phone 0.0057 0 165 35 279
phone 0.0057 66 23 95 82
phone 0.0057 249 363 281 399
phone 0.0057 19 54 49 113
phone 0.0057 0 194 3 324
phone 0.0057 157 332 220 399
phone 0.0057 81 23 111 82
phone 0.0057 0 183 49 231
phone 0.0057 112 0 172 30
phone 0.0057 96 0 157 64
phone 0.0057 0 199 18 246
phone 0.0057 65 0 126 64
phone 0.0057 0 194 49 311
phone 0.0057 281 76 299 123
phone 0.0057 18 332 82 399
phone 0.0057 234 363 265 399
phone 0.0057 200 189 230 217
phone 0.0057 3 73 66 187
phone 0.0057 189 337 249 385
phone 0.0057 142 353 203 399
phone 0.0057 251 0 280 37
phone 0.0057 66 54 95 113
phone 0.0057 250 285 280 344
phone 0.0057 281 193 299 252
phone 0.0056 0 322 18 370
phone 0.0056 158 23 188 82
phone 0.0056 82 103 140 157
phone 0.0056 235 23 265 82
phone 0.0056 296 0 299 64
phone 0.0056 219 363 250 399
phone 0.0056 0 306 34 354
phone 0.0056 75 156 93 189
phone 0.0056 203 363 235 399
phone 0.0056 297 0 299 30
phone 0.0056 51 0 110 30
phone 0.0056 3 168 66 215
phone 0.0056 96 91 157 139
phone 0.0056 127 367 188 399
phone 0.0056 250 69 280 129
phone 0.0056 0 137 34 185
phone 0.0056 280 42 299 156
phone 0.0056 0 0 20 95
phone 0.0056 0 0 48 30
phone 0.0056 188 363 219 399
phone 0.0056 81 54 111 113
phone 0.0056 34 367 96 399
phone 0.0056 97 299 126 361
phone 0.0056 0 122 49 169
phone 0.0056 0 91 18 139
phone 0.0056 0 245 18 293
phone 0.0056 0 122 18 170
phone 0.0056 0 42 35 156
phone 0.0056 237 259 293 309
phone 0.0056 250 100 280 159
phone 0.0056 0 214 3 262
phone 0.0056 250 29 299 77
phone 0.0056 49 332 112 399
phone 0.0056 0 269 3 329
phone 0.0056 0 180 19 295
phone 0.0056 96 367 157 399
phone 0.0056 0 168 18 216
phone 0.0056 0 60 18 108
phone 0.0056 4 39 34 98
phone 0.0056 173 316 203 375
phone 0.0056 80 332 143 399
phone 0.0056 218 289 227 302
phone 0.0055 0 273 35 387
phone 0.0055 220 91 279 139
phone 0.0055 235 331 265 390
phone 0.0055 51 323 109 368
phone 0.0055 0 103 35 218
phone 0.0055 126 0 188 64
phone 0.0055 264 243 299 356
phone 0.0055 250 39 280 98
phone 0.0055 65 367 127 399
phone 0.0055 235 322 295 369
phone 0.0055 35 331 65 390
phone 0.0055 172 363 204 399
phone 0.0055 35 85 65 144
phone 0.0055 65 316 96 375
phone 0.0055 19 85 49 144
phone 0.0055 97 0 126 37
phone 0.0055 203 0 265 64
phone 0.0055 149 159 158 171
phone 0.0055 34 363 65 399
phone 0.0055 0 57 19 172
phone 0.0055 0 153 49 200
phone 0.0055 117 271 179 371
phone 0.0055 0 0 34 64
phone 0.0055 0 245 3 292
phone 0.0055 4 70 34 129
phone 0.0055 235 0 264 37
phone 0.0055 112 0 141 37
phone 0.0055 148 274 206 370
phone 0.0055 0 134 19 249
phone 0.0055 81 0 111 37
phone 0.0055 81 85 111 144
phone 0.0055 219 331 249 390
phone 0.0055 157 363 188 399
phone 0.0055 0 337 3 385
phone 0.0055 83 156 101 189
phone 0.0055 50 100 80 159
phone 0.0055 0 183 3 231
phone 0.0055 0 91 3 139
phone 0.0055 234 301 265 359
phone 0.0055 20 0 79 30
phone 0.0055 142 363 173 399
phone 0.0055 157 316 188 375
phone 0.0055 0 122 3 169
phone 0.0055 113 306 171 354
phone 0.0055 128 0 157 37
phone 0.0055 167 115 208 176
phone 0.0055 265 303 299 399
phone 0.0055 137 248 155 282
phone 0.0054 143 0 202 30
phone 0.0054 49 363 81 399
phone 0.0054 0 30 3 77
phone 0.0054 169 129 199 155
phone 0.0054 156 266 166 279
phone 0.0054 189 0 248 30
phone 0.0054 0 60 3 108
phone 0.0054 4 177 34 236
phone 0.0054 35 14 95 62
phone 0.0054 188 331 219 390
phone 0.0054 126 363 158 399
phone 0.0054 296 69 299 129
phone 0.0054 19 116 49 175
phone 0.0054 264 163 297 220
phone 0.0054 30 207 61 230
phone 0.0054 111 363 142 399
phone 0.0054 65 363 96 399
phone 0.0054 19 132 81 250
phone 0.0054 121 147 139 182
phone 0.0054 204 331 234 390
phone 0.0054 0 242 4 356
phone 0.0054 111 331 142 390
phone 0.0054 138 175 168 201
phone 0.0054 0 153 3 200
phone 0.0054 0 304 4 399
phone 0.0054 0 58 4 171
phone 0.0054 226 189 235 202
phone 0.0054 96 363 127 399
phone 0.0054 3 238 34 299
phone 0.0054 80 363 112 399
phone 0.0054 264 194 296 251
phone 0.0054 4 14 64 62
phone 0.0054 281 29 299 77
phone 0.0054 282 168 299 216
phone 0.0054 249 238 281 299
phone 0.0054 66 0 95 37
phone 0.0054 4 100 34 159
phone 0.0054 0 12 4 125
phone 0.0054 266 39 295 98
phone 0.0054 35 337 95 385
phone 0.0054 281 322 299 370
phone 0.0054 0 104 4 217
phone 0.0054 143 0 172 37
phone 0.0054 0 306 3 354
phone 0.0054 96 331 127 390
phone 0.0054 189 284 218 345
phone 0.0054 281 270 299 328
phone 0.0053 97 69 126 129
phone 0.0053 220 0 249 37
phone 0.0053 34 146 65 206
phone 0.0053 278 134 299 249
phone 0.0053 126 331 158 390
phone 0.0053 174 14 233 62
phone 0.0053 280 0 299 110
phone 0.0053 142 331 173 390
phone 0.0053 149 166 158 179
phone 0.0053 173 75 234 124
phone 0.0053 19 162 49 221
phone 0.0053 20 0 49 37
phone 0.0053 143 14 203 62
phone 0.0053 173 70 203 128
phone 0.0053 64 116 97 175
phone 0.0053 226 197 235 209
phone 0.0053 157 0 219 64
phone 0.0053 41 213 50 225
phone 0.0053 115 174 145 202
phone 0.0053 221 194 239 228
phone 0.0053 250 316 280 375
phone 0.0053 37 204 54 233
phone 0.0053 295 89 299 202
phone 0.0053 235 85 265 144
phone 0.0052 51 0 80 37
phone 0.0052 149 189 158 202
phone 0.0052 223 213 253 239
phone 0.0052 156 166 166 179
phone 0.0052 204 300 234 359
phone 0.0052 280 273 299 387
phone 0.0052 185 241 220 297
phone 0.0052 35 0 64 37
phone 0.0052 296 162 299 221
phone 0.0052 34 290 96 399
phone 0.0052 250 307 299 354
phone 0.0052 296 137 299 185
phone 0.0052 206 186 224 221
phone 0.0052 158 0 188 37
phone 0.0052 204 0 234 37
phone 0.0052 200 236 230 263
phone 0.0052 296 337 299 385
phone 0.0052 50 331 80 390
phone 0.0052 204 75 264 123
phone 0.0052 175 125 193 158
phone 0.0052 65 305 127 399
phone 0.0052 221 163 239 198
phone 0.0052 144 163 162 197
phone 0.0052 297 23 299 83
phone 0.0052 295 42 299 156
phone 0.0051 96 8 127 67
phone 0.0051 125 266 135 279
phone 0.0051 81 299 111 361
phone 0.0051 112 300 141 361
phone 0.0051 219 8 250 67
phone 0.0051 189 0 218 37
phone 0.0051 111 8 142 67
phone 0.0051 149 197 158 210
phone 0.0051 174 0 203 37
phone 0.0051 229 115 262 138
phone 0.0051 203 8 234 67
phone 0.0051 296 223 299 282
phone 0.0051 296 270 299 329
phone 0.0051 210 213 220 225
phone 0.0051 296 300 299 359
phone 0.0051 81 331 111 390
phone 0.0051 112 69 142 129
phone 0.0051 127 8 158 67
phone 0.0051 128 300 157 360
phone 0.0050 188 8 219 67
phone 0.0050 204 70 234 128
phone 0.0050 142 8 173 67
phone 0.0050 173 8 204 67
phone 0.0050 146 167 176 194
