phone 0.9040 118 80 256 371
phone 0.0985 125 168 208 350
phone 0.0886 157 168 262 353
phone 0.0760 60 94 204 369
phone 0.0727 125 117 204 266
phone 0.0699 171 256 258 376
phone 0.0649 128 255 197 374
phone 0.0502 154 131 327 329
phone 0.0485 35 122 150 337
phone 0.0484 138 84 280 266
phone 0.0476 185 144 266 301
phone 0.0460 15 102 120 298
phone 0.0402 116 150 184 294
phone 0.0380 198 173 365 350
phone 0.0353 234 200 332 320
phone 0.0326 133 190 196 286
phone 0.0318 193 243 259 325
phone 0.0314 44 82 140 253
phone 0.0311 132 306 247 389
phone 0.0309 193 194 258 282
phone 0.0309 74 87 187 249
phone 0.0307 117 84 209 206
phone 0.0304 141 153 249 291
phone 0.0284 88 213 178 371
phone 0.0274 161 221 191 247
phone 0.0268 168 218 184 250
phone 0.0258 109 176 320 397
phone 0.0241 143 174 185 241
phone 0.0241 227 133 337 268
phone 0.0240 171 228 181 240
phone 0.0239 120 235 178 333
phone 0.0236 192 152 259 232
phone 0.0227 19 65 122 213
phone 0.0224 178 199 244 308
phone 0.0220 180 153 241 262
phone 0.0219 241 277 322 364
phone 0.0215 144 267 185 332
phone 0.0214 140 158 219 226
phone 0.0214 120 126 178 227
phone 0.0212 181 64 308 215
phone 0.0211 57 214 129 363
phone 0.0208 191 91 374 251
phone 0.0194 141 250 218 318
phone 0.0192 206 268 245 331
phone 0.0183 141 186 219 259
phone 0.0183 51 164 124 311
phone 0.0170 241 13 326 141
phone 0.0169 206 206 246 270
phone 0.0169 180 213 306 367
phone 0.0169 48 44 142 177
phone 0.0166 167 51 266 178
phone 0.0166 122 206 153 231
phone 0.0165 156 235 234 302
phone 0.0163 174 121 246 201
phone 0.0163 149 9 235 149
phone 0.0159 129 173 169 241
phone 0.0159 249 70 372 205
phone 0.0158 155 203 236 273
phone 0.0155 151 145 239 208
phone 0.0154 215 247 353 395
phone 0.0153 144 144 184 208
phone 0.0152 56 231 119 306
phone 0.0151 129 202 146 235
phone 0.0151 78 59 181 163
phone 0.0150 14 190 117 341
phone 0.0149 191 260 222 285
phone 0.0148 171 220 181 232
phone 0.0147 206 176 245 238
phone 0.0147 130 281 168 348
phone 0.0146 144 237 184 300
phone 0.0146 206 237 245 300
phone 0.0145 190 266 231 333
phone 0.0144 198 256 215 289
phone 0.0143 141 282 219 348
phone 0.0140 154 175 236 240
phone 0.0140 130 251 168 317
phone 0.0139 35 147 110 266
phone 0.0138 57 199 118 277
phone 0.0136 133 212 142 225
phone 0.0136 138 125 222 197
phone 0.0130 202 266 212 279
phone 0.0129 161 205 191 232
phone 0.0128 56 154 119 230
phone 0.0127 137 202 154 235
phone 0.0127 161 163 198 221
phone 0.0126 141 215 218 292
phone 0.0124 161 259 191 286
phone 0.0123 130 143 168 209
phone 0.0122 161 255 198 313
phone 0.0121 56 266 119 332
phone 0.0120 167 202 185 236
phone 0.0119 128 203 170 272
phone 0.0118 112 292 212 399
phone 0.0117 92 304 167 398
phone 0.0117 190 159 231 224
phone 0.0116 70 254 105 314
phone 0.0115 167 256 185 289
phone 0.0115 145 299 183 361
phone 0.0114 140 212 150 225
phone 0.0114 70 223 105 283
phone 0.0113 205 6 303 154
phone 0.0113 177 255 213 313
phone 0.0112 177 164 213 220
phone 0.0110 266 102 360 300
phone 0.0109 156 298 234 363
phone 0.0109 160 193 198 252
phone 0.0109 161 298 191 324
phone 0.0107 277 0 354 163
phone 0.0106 208 301 244 360
phone 0.0105 0 46 76 170
phone 0.0105 133 32 197 198
phone 0.0105 0 105 74 233
phone 0.0104 186 312 267 399
phone 0.0104 214 113 300 239
phone 0.0102 39 210 106 266
phone 0.0101 207 147 245 206
phone 0.0101 171 213 181 225
phone 0.0101 167 302 185 335
phone 0.0101 39 78 105 151
phone 0.0101 222 257 292 311
phone 0.0100 51 257 140 393
phone 0.0100 70 192 105 253
phone 0.0099 176 209 213 267
phone 0.0099 188 219 233 287
phone 0.0098 69 285 137 344
phone 0.0097 70 162 105 222
phone 0.0097 171 266 181 279
phone 0.0097 130 260 161 285
phone 0.0097 121 202 139 236
phone 0.0097 161 286 197 343
phone 0.0096 54 125 121 197
phone 0.0096 214 175 300 300
phone 0.0095 56 178 88 236
phone 0.0095 130 113 168 177
phone 0.0094 191 131 230 191
phone 0.0094 23 98 91 163
phone 0.0094 39 241 105 296
phone 0.0094 223 213 252 240
phone 0.0094 101 190 167 255
phone 0.0094 160 218 177 250
phone 0.0092 222 174 252 201
phone 0.0092 137 256 154 289
phone 0.0092 57 223 88 283
phone 0.0091 100 267 167 331
phone 0.0090 129 137 161 162
phone 0.0090 187 109 264 182
phone 0.0089 69 191 167 314
phone 0.0089 191 256 207 289
phone 0.0089 137 133 154 165
phone 0.0089 178 287 212 343
phone 0.0089 99 162 169 221
phone 0.0089 100 236 168 301
phone 0.0088 115 298 145 324
phone 0.0088 0 0 28 69
phone 0.0087 0 18 46 133
phone 0.0087 229 209 246 243
phone 0.0087 128 346 201 399
phone 0.0087 223 288 291 342
phone 0.0087 240 255 273 313
phone 0.0087 55 86 89 144
phone 0.0087 213 364 270 399
phone 0.0087 171 313 181 325
phone 0.0087 102 86 165 143
phone 0.0086 223 226 290 280
phone 0.0086 145 115 184 176
phone 0.0086 115 213 145 239
phone 0.0086 55 40 265 241
phone 0.0085 122 74 176 155
phone 0.0085 171 305 181 317
phone 0.0085 125 212 135 225
phone 0.0085 189 269 293 391
phone 0.0085 222 103 292 158
phone 0.0084 229 171 246 205
phone 0.0084 67 174 139 240
phone 0.0084 0 328 29 399
phone 0.0084 117 286 150 344
phone 0.0084 0 76 37 201
phone 0.0083 40 85 73 144
phone 0.0083 117 193 150 251
phone 0.0083 140 266 150 279
phone 0.0083 223 165 291 219
phone 0.0083 115 260 145 286
phone 0.0083 245 260 299 338
phone 0.0083 177 359 244 399
phone 0.0083 222 133 291 188
phone 0.0082 163 228 173 240
phone 0.0082 246 104 299 187
phone 0.0082 54 94 121 167
phone 0.0081 210 347 242 399
phone 0.0081 194 266 204 279
phone 0.0081 144 360 215 399
phone 0.0081 23 134 91 188
phone 0.0081 116 360 182 399
phone 0.0081 27 181 87 294
phone 0.0081 98 131 169 190
phone 0.0080 129 256 146 289
phone 0.0080 268 233 357 347
phone 0.0080 161 174 191 201
phone 0.0080 202 270 281 329
phone 0.0080 69 112 137 179
phone 0.0080 56 147 88 205
phone 0.0079 140 143 150 156
phone 0.0079 144 256 162 289
phone 0.0079 117 255 150 313
phone 0.0079 121 294 139 328
phone 0.0078 176 213 206 239
phone 0.0078 26 230 88 277
phone 0.0078 274 322 332 370
phone 0.0078 176 306 206 331
phone 0.0078 241 301 273 359
phone 0.0077 42 59 103 109
phone 0.0077 122 222 153 246
phone 0.0077 88 366 148 399
phone 0.0077 241 224 273 282
phone 0.0077 271 288 335 399
phone 0.0077 26 199 88 246
phone 0.0077 175 217 192 251
phone 0.0077 37 112 108 179
phone 0.0076 26 167 88 216
phone 0.0076 117 332 150 390
phone 0.0076 160 224 199 282
phone 0.0076 42 241 103 357
phone 0.0076 224 196 290 249
phone 0.0076 42 208 72 268
phone 0.0076 70 132 105 190
phone 0.0075 246 150 298 233
phone 0.0075 161 274 191 301
phone 0.0075 350 0 375 67
phone 0.0075 208 86 275 144
phone 0.0075 103 362 134 399
phone 0.0075 117 147 150 205
phone 0.0075 191 167 222 193
phone 0.0075 57 254 87 314
phone 0.0074 0 0 24 33
phone 0.0074 137 218 153 250
phone 0.0074 68 142 138 210
phone 0.0074 129 218 146 250
phone 0.0074 57 55 88 113
phone 0.0074 240 101 273 159
phone 0.0074 233 220 242 232
phone 0.0074 160 132 199 190
phone 0.0074 183 0 257 100
phone 0.0074 121 255 139 290
phone 0.0074 167 171 185 205
phone 0.0074 288 316 318 375
phone 0.0074 117 101 150 159
phone 0.0073 241 162 273 221
phone 0.0073 222 190 253 217
phone 0.0073 42 161 72 222
phone 0.0073 245 231 299 306
phone 0.0073 223 305 252 332
phone 0.0073 240 132 273 190
phone 0.0073 115 313 145 339
phone 0.0073 56 24 120 144
phone 0.0073 198 164 215 196
phone 0.0073 240 319 319 382
phone 0.0072 67 147 169 266
phone 0.0072 117 224 150 282
phone 0.0072 274 214 332 262
phone 0.0072 132 347 165 399
phone 0.0072 270 180 336 296
phone 0.0072 184 206 214 231
phone 0.0072 148 347 181 399
phone 0.0072 129 294 146 328
phone 0.0071 133 266 142 279
phone 0.0071 84 303 153 357
phone 0.0071 233 182 242 194
phone 0.0071 26 26 88 142
phone 0.0071 183 222 215 247
phone 0.0071 274 291 332 339
phone 0.0071 130 213 161 239
phone 0.0071 42 239 72 298
phone 0.0071 167 271 185 305
phone 0.0070 183 302 200 336
phone 0.0070 72 55 103 113
phone 0.0070 0 366 24 399
phone 0.0070 288 208 318 267
phone 0.0070 183 209 200 243
phone 0.0070 87 335 150 387
phone 0.0070 41 131 72 190
phone 0.0069 147 85 182 145
phone 0.0069 246 183 298 262
phone 0.0069 274 245 332 293
phone 0.0069 85 240 120 297
phone 0.0069 273 331 303 390
phone 0.0069 233 190 242 202
phone 0.0069 148 266 158 279
phone 0.0069 125 305 135 317
phone 0.0069 133 220 142 233
phone 0.0068 133 228 142 240
phone 0.0068 229 186 246 220
phone 0.0068 274 183 332 231
phone 0.0068 27 227 87 340
phone 0.0068 241 194 272 251
phone 0.0068 288 285 318 344
phone 0.0068 229 302 246 336
phone 0.0068 178 363 212 399
phone 0.0068 0 0 10 37
phone 0.0068 191 218 207 250
phone 0.0068 42 55 72 113
phone 0.0068 233 228 242 240
phone 0.0068 178 318 212 373
phone 0.0068 135 71 194 128
phone 0.0068 26 261 88 307
phone 0.0068 210 331 273 391
phone 0.0068 125 220 135 233
phone 0.0067 176 134 213 189
phone 0.0067 162 318 197 373
phone 0.0067 223 136 252 163
phone 0.0067 184 298 214 324
phone 0.0067 70 101 104 159
phone 0.0067 140 228 150 240
phone 0.0067 184 268 214 293
phone 0.0067 288 239 318 298
phone 0.0066 163 363 196 399
phone 0.0066 288 177 318 236
phone 0.0066 121 309 139 343
phone 0.0066 190 202 208 235
phone 0.0066 191 364 207 396
phone 0.0065 138 205 168 232
phone 0.0065 179 228 189 240
phone 0.0065 91 322 122 346
phone 0.0065 211 29 272 77
phone 0.0065 200 209 282 268
phone 0.0065 10 153 73 200
phone 0.0065 0 362 11 399
phone 0.0065 258 352 317 399
phone 0.0065 227 347 257 399
phone 0.0065 202 174 212 186
phone 0.0064 245 81 299 149
phone 0.0064 194 348 227 399
phone 0.0064 85 102 120 158
phone 0.0064 41 11 103 126
phone 0.0064 85 179 120 235
phone 0.0064 125 266 135 279
phone 0.0064 319 367 375 399
phone 0.0064 81 226 155 281
phone 0.0064 242 29 302 77
phone 0.0064 27 45 87 93
phone 0.0064 98 319 115 349
phone 0.0064 26 146 57 206
phone 0.0063 55 117 89 174
phone 0.0063 76 70 130 129
phone 0.0063 57 368 118 399
phone 0.0063 255 112 321 240
phone 0.0063 42 29 102 77
phone 0.0063 87 362 119 399
phone 0.0063 133 305 142 317
phone 0.0063 333 332 375 399
phone 0.0063 181 29 241 77
phone 0.0063 56 332 120 399
phone 0.0063 225 0 289 95
phone 0.0063 274 152 332 201
phone 0.0063 229 132 246 166
phone 0.0063 85 210 120 266
phone 0.0063 10 60 73 108
phone 0.0063 130 298 161 324
phone 0.0062 57 45 118 93
phone 0.0062 119 60 180 108
phone 0.0062 171 189 181 202
phone 0.0062 191 294 208 328
phone 0.0062 288 168 348 216
phone 0.0062 102 331 134 391
phone 0.0062 187 312 196 325
phone 0.0062 349 362 375 399
phone 0.0062 191 368 223 392
phone 0.0062 227 23 257 82
phone 0.0062 72 362 103 399
phone 0.0062 171 182 181 194
phone 0.0062 288 147 318 205
phone 0.0061 255 253 289 315
phone 0.0061 211 23 241 82
phone 0.0061 101 302 135 359
phone 0.0061 194 228 204 240
phone 0.0061 164 0 227 95
phone 0.0061 318 363 349 399
phone 0.0061 144 202 162 235
phone 0.0061 287 134 350 248
phone 0.0061 73 29 133 77
phone 0.0061 117 26 181 142
phone 0.0061 289 137 348 185
phone 0.0061 199 364 215 396
phone 0.0061 72 285 103 345
phone 0.0061 184 175 214 200
phone 0.0061 202 178 281 236
phone 0.0061 183 364 200 396
phone 0.0061 288 229 348 277
phone 0.0061 88 60 149 108
phone 0.0061 150 29 210 77
phone 0.0061 187 220 196 233
phone 0.0061 257 23 287 82
phone 0.0061 149 60 210 108
phone 0.0061 10 11 73 125
phone 0.0061 242 23 272 82
phone 0.0061 72 0 134 110
phone 0.0061 289 260 348 308
phone 0.0061 11 29 72 77
phone 0.0061 82 256 155 312
phone 0.0060 86 25 150 142
phone 0.0060 287 196 350 310
phone 0.0060 41 307 103 353
phone 0.0060 351 89 375 201
phone 0.0060 274 121 332 170
phone 0.0060 119 29 179 77
phone 0.0060 349 120 375 171
phone 0.0060 57 23 87 83
phone 0.0060 273 29 333 77
phone 0.0060 287 332 350 399
phone 0.0060 196 23 226 82
phone 0.0060 256 0 320 95
phone 0.0060 133 0 196 110
phone 0.0060 233 213 242 225
phone 0.0060 303 49 373 164
phone 0.0060 349 90 375 140
phone 0.0060 72 316 103 375
phone 0.0060 135 45 194 93
phone 0.0060 287 88 350 202
phone 0.0060 288 199 348 246
phone 0.0060 0 136 41 259
phone 0.0060 72 304 134 399
phone 0.0060 194 374 204 387
phone 0.0060 176 259 206 286
phone 0.0060 350 43 375 155
phone 0.0060 171 282 181 294
phone 0.0060 349 151 375 202
phone 0.0059 102 0 166 95
phone 0.0059 255 129 290 193
phone 0.0059 73 23 103 83
phone 0.0059 27 54 57 113
phone 0.0059 273 23 303 83
phone 0.0059 134 54 164 113
phone 0.0059 223 241 258 296
phone 0.0059 57 300 87 360
phone 0.0059 42 23 72 83
phone 0.0059 259 305 316 355
phone 0.0059 137 294 154 328
phone 0.0059 10 89 73 141
phone 0.0059 10 120 73 171
phone 0.0059 288 346 318 399
phone 0.0059 207 117 244 174
phone 0.0059 227 316 287 375
phone 0.0059 288 116 318 175
phone 0.0059 181 23 210 83
phone 0.0059 350 135 375 248
phone 0.0059 121 217 139 251
phone 0.0059 118 70 150 128
phone 0.0059 27 337 87 385
phone 0.0059 304 162 333 221
phone 0.0059 180 60 241 108
phone 0.0059 258 347 287 399
phone 0.0059 349 59 375 109
phone 0.0058 224 272 258 327
phone 0.0058 260 134 315 188
phone 0.0058 140 220 150 233
phone 0.0058 303 363 334 399
phone 0.0058 274 91 332 139
phone 0.0058 103 55 134 113
phone 0.0058 131 315 167 376
phone 0.0058 289 60 348 108
phone 0.0058 194 212 204 225
phone 0.0058 287 257 350 372
phone 0.0058 88 23 118 83
phone 0.0058 304 223 333 282
phone 0.0058 272 367 334 399
phone 0.0058 122 167 153 193
phone 0.0058 222 274 252 301
phone 0.0058 125 320 135 333
phone 0.0058 245 337 276 362
phone 0.0058 165 23 195 83
phone 0.0058 270 56 336 173
phone 0.0058 196 14 256 62
phone 0.0058 272 146 303 206
phone 0.0058 304 131 334 190
phone 0.0058 165 54 195 113
phone 0.0058 349 182 375 232
phone 0.0058 88 330 118 391
phone 0.0058 273 300 303 359
phone 0.0058 85 133 120 189
phone 0.0058 150 23 180 83
phone 0.0058 304 254 333 313
phone 0.0058 233 197 242 209
phone 0.0058 10 332 73 399
phone 0.0058 196 45 257 93
phone 0.0057 27 23 56 82
phone 0.0057 364 0 375 38
phone 0.0057 288 306 348 354
phone 0.0057 26 367 87 399
phone 0.0057 289 106 348 154
phone 0.0057 288 23 318 83
phone 0.0057 180 55 210 113
phone 0.0057 134 23 164 83
phone 0.0057 245 113 276 139
phone 0.0057 304 337 364 385
phone 0.0057 222 259 252 286
phone 0.0057 104 23 133 83
phone 0.0057 26 84 57 145
phone 0.0057 42 270 72 329
phone 0.0057 233 313 242 325
phone 0.0057 119 23 149 83
phone 0.0057 122 290 153 316
phone 0.0057 304 193 334 252
phone 0.0057 57 362 88 399
phone 0.0057 102 328 112 340
phone 0.0057 259 165 316 218
phone 0.0057 304 29 364 77
phone 0.0057 255 283 289 346
phone 0.0057 192 316 228 375
phone 0.0056 198 202 215 235
phone 0.0056 191 213 222 239
phone 0.0056 288 85 318 144
phone 0.0056 191 171 207 204
phone 0.0056 255 221 321 347
phone 0.0056 302 0 365 110
phone 0.0056 304 331 333 390
phone 0.0056 304 214 364 262
phone 0.0056 319 60 375 108
phone 0.0056 42 353 102 399
phone 0.0056 194 274 204 287
phone 0.0056 26 115 57 176
phone 0.0056 202 374 211 387
phone 0.0056 42 331 72 390
phone 0.0056 304 285 333 344
phone 0.0056 364 115 375 176
phone 0.0056 26 363 57 399
phone 0.0056 41 363 73 399
phone 0.0056 319 91 375 139
phone 0.0056 187 374 196 387
phone 0.0056 88 55 118 113
phone 0.0056 304 245 364 293
phone 0.0056 259 197 316 248
phone 0.0056 198 294 215 328
phone 0.0056 304 75 364 123
phone 0.0056 364 84 375 145
phone 0.0056 227 0 286 30
phone 0.0056 130 98 161 124
phone 0.0056 41 289 103 399
phone 0.0056 350 181 375 293
phone 0.0056 196 55 226 113
phone 0.0056 302 181 365 295
phone 0.0055 304 39 333 98
phone 0.0055 364 146 375 207
phone 0.0055 319 122 375 169
phone 0.0055 198 70 254 129
phone 0.0055 194 220 204 233
phone 0.0055 241 0 303 64
phone 0.0055 194 305 204 317
phone 0.0055 0 0 56 30
phone 0.0055 211 0 272 64
phone 0.0055 363 361 375 399
phone 0.0055 89 14 148 62
phone 0.0055 179 76 242 154
phone 0.0055 349 213 375 263
phone 0.0055 255 99 289 161
phone 0.0055 319 168 375 215
phone 0.0055 150 54 180 113
phone 0.0055 57 331 87 390
phone 0.0055 135 14 194 62
phone 0.0055 252 333 269 365
phone 0.0055 196 0 256 30
phone 0.0055 58 14 118 62
phone 0.0055 272 239 303 298
phone 0.0055 207 365 222 396
phone 0.0055 259 258 316 310
phone 0.0055 125 312 135 325
phone 0.0055 289 0 348 30
phone 0.0055 318 88 375 202
phone 0.0055 258 0 317 30
phone 0.0055 319 331 349 390
phone 0.0055 319 199 375 246
phone 0.0055 168 373 184 399
phone 0.0055 304 183 364 231
phone 0.0055 319 230 375 277
phone 0.0055 149 0 211 64
phone 0.0055 272 177 303 237
phone 0.0055 166 0 225 30
phone 0.0055 364 53 375 114
phone 0.0055 89 0 148 30
phone 0.0055 166 70 224 129
phone 0.0055 319 23 349 83
phone 0.0054 0 337 56 385
phone 0.0054 318 135 375 248
phone 0.0054 304 276 364 323
phone 0.0054 135 0 194 30
phone 0.0054 58 0 117 30
phone 0.0054 319 54 349 113
phone 0.0054 27 331 57 390
phone 0.0054 118 0 180 64
phone 0.0054 272 0 334 64
phone 0.0054 304 100 333 159
phone 0.0054 302 288 365 399
phone 0.0054 27 14 87 62
phone 0.0054 334 54 364 113
phone 0.0054 319 260 375 308
phone 0.0054 11 306 72 354
phone 0.0054 229 271 246 305
phone 0.0054 171 174 181 186
phone 0.0054 318 212 375 325
phone 0.0054 229 351 285 399
phone 0.0054 319 208 349 267
phone 0.0054 0 45 56 92
phone 0.0054 364 176 375 237
phone 0.0054 288 54 318 113
phone 0.0054 334 23 364 83
phone 0.0054 11 184 72 231
phone 0.0054 334 85 364 144
phone 0.0054 349 244 375 294
phone 0.0054 319 322 375 369
phone 0.0054 176 364 192 396
phone 0.0054 259 228 316 279
phone 0.0054 41 0 103 64
phone 0.0054 0 14 56 62
phone 0.0053 26 291 87 338
phone 0.0053 27 0 86 30
phone 0.0053 11 150 72 263
phone 0.0053 319 291 375 339
phone 0.0053 242 60 302 109
phone 0.0053 364 23 375 83
phone 0.0053 171 382 181 394
phone 0.0053 350 228 375 339
phone 0.0053 304 69 333 129
phone 0.0053 319 239 349 298
phone 0.0053 160 365 176 396
phone 0.0053 149 74 210 156
phone 0.0053 101 241 135 297
phone 0.0053 334 45 375 92
phone 0.0053 242 367 302 399
phone 0.0053 318 0 375 64
phone 0.0053 272 115 303 175
phone 0.0053 255 175 289 239
phone 0.0053 334 116 364 175
phone 0.0053 242 0 272 37
phone 0.0053 12 0 41 37
phone 0.0053 333 0 375 109
phone 0.0053 187 305 196 317
phone 0.0053 137 94 154 128
phone 0.0053 10 273 73 387
phone 0.0053 0 76 57 123
phone 0.0053 0 367 57 399
phone 0.0053 289 14 348 62
phone 0.0053 194 25 258 142
phone 0.0053 227 0 256 37
phone 0.0053 11 0 72 64
phone 0.0053 152 369 184 392
phone 0.0053 11 24 41 82
phone 0.0053 182 255 201 290
phone 0.0053 334 146 364 206
phone 0.0053 318 258 375 371
phone 0.0053 334 76 375 123
phone 0.0053 258 0 287 37
phone 0.0053 334 177 364 236
phone 0.0053 334 208 364 267
phone 0.0053 272 208 303 267
phone 0.0053 272 269 303 329
phone 0.0053 233 143 242 155
phone 0.0052 148 213 158 225
phone 0.0052 212 0 241 37
phone 0.0052 304 0 333 37
phone 0.0052 349 275 375 324
phone 0.0052 11 214 72 262
phone 0.0052 334 239 364 298
phone 0.0052 319 177 349 236
phone 0.0052 273 0 302 37
phone 0.0052 104 0 133 37
phone 0.0052 229 255 246 290
phone 0.0052 211 60 272 109
phone 0.0052 289 0 318 37
phone 0.0052 89 0 118 37
phone 0.0052 196 0 226 37
phone 0.0052 304 152 364 200
phone 0.0052 125 228 135 240
phone 0.0052 181 0 210 37
phone 0.0052 210 374 219 387
phone 0.0052 198 218 215 250
phone 0.0052 166 0 195 37
phone 0.0052 119 0 149 37
phone 0.0052 334 107 375 154
phone 0.0052 73 0 102 37
phone 0.0052 272 363 303 399
phone 0.0052 350 304 375 399
phone 0.0052 171 274 181 286
phone 0.0052 140 305 150 317
phone 0.0052 319 269 349 329
phone 0.0052 150 0 179 37
phone 0.0052 106 334 123 365
phone 0.0052 135 0 164 37
phone 0.0052 129 163 146 197
phone 0.0052 319 0 349 37
phone 0.0052 58 0 87 37
phone 0.0052 27 177 57 236
phone 0.0052 11 331 41 390
phone 0.0052 334 137 375 185
phone 0.0052 0 291 56 339
phone 0.0052 91 338 122 361
phone 0.0052 180 0 241 46
phone 0.0052 319 300 349 359
phone 0.0052 335 0 375 31
phone 0.0052 27 300 57 359
phone 0.0052 11 54 41 113
phone 0.0051 364 207 375 268
phone 0.0051 334 269 364 329
phone 0.0051 334 316 364 375
phone 0.0051 242 346 272 399
phone 0.0051 233 174 242 186
phone 0.0051 27 0 56 37
phone 0.0051 42 0 72 37
phone 0.0051 257 54 287 113
phone 0.0051 319 85 349 144
phone 0.0051 211 55 241 113
phone 0.0051 333 166 375 278
phone 0.0051 206 369 239 392
phone 0.0051 252 109 270 144
phone 0.0051 153 213 183 240
phone 0.0051 125 274 135 286
phone 0.0051 99 151 129 179
phone 0.0051 194 182 204 194
phone 0.0051 0 107 57 154
phone 0.0051 256 343 265 356
phone 0.0051 214 365 230 395
phone 0.0051 161 190 191 217
phone 0.0051 10 196 73 310
phone 0.0051 0 260 56 308
phone 0.0051 11 276 72 323
phone 0.0051 227 73 286 126
phone 0.0051 217 374 227 387
phone 0.0051 0 242 58 356
phone 0.0050 102 336 111 348
phone 0.0050 226 55 257 112
phone 0.0050 42 300 72 360
phone 0.0050 27 208 57 267
phone 0.0050 98 335 115 364
phone 0.0050 256 222 289 284
phone 0.0050 102 343 111 356
phone 0.0050 164 374 173 387
phone 0.0050 223 97 252 125
phone 0.0050 364 238 375 299
