phone 0.9065 53 18 150 204
phone 0.1710 76 33 154 147
phone 0.1515 11 21 100 206
phone 0.0633 46 43 122 136
phone 0.0623 8 87 67 183
phone 0.0599 26 0 112 147
phone 0.0529 32 91 136 224
phone 0.0480 74 60 184 179
phone 0.0470 19 63 87 146
phone 0.0451 34 119 65 144
phone 0.0433 41 115 58 147
phone 0.0404 57 158 88 182
phone 0.0399 26 80 57 105
phone 0.0396 45 125 54 137
phone 0.0388 64 154 81 185
phone 0.0382 34 77 50 109
phone 0.0375 38 0 221 224
phone 0.0366 68 163 77 176
phone 0.0352 19 113 88 188
phone 0.0350 37 87 47 99
phone 0.0295 85 78 145 161
phone 0.0295 8 49 67 129
phone 0.0283 69 0 196 122
phone 0.0277 135 34 218 174
phone 0.0275 62 92 200 224
phone 0.0270 19 72 57 137
phone 0.0251 33 104 73 166
phone 0.0246 149 0 235 147
phone 0.0243 78 100 151 202
phone 0.0241 63 143 136 220
phone 0.0236 104 62 225 216
phone 0.0233 61 55 107 123
phone 0.0223 30 79 108 161
phone 0.0219 48 57 89 121
phone 0.0216 123 25 275 202
phone 0.0204 144 64 209 144
phone 0.0204 35 20 102 97
phone 0.0203 21 34 85 113
phone 0.0200 34 58 72 120
phone 0.0195 52 103 116 198
phone 0.0193 126 50 196 128
phone 0.0180 134 111 165 136
phone 0.0178 145 34 208 113
phone 0.0174 130 78 192 161
phone 0.0173 158 51 226 127
phone 0.0169 72 154 89 186
phone 0.0165 166 69 288 216
phone 0.0163 134 95 165 121
phone 0.0163 141 107 158 140
phone 0.0157 0 104 56 224
phone 0.0153 45 133 54 145
phone 0.0151 76 163 85 176
phone 0.0151 96 70 195 139
phone 0.0148 119 141 149 167
phone 0.0147 217 94 304 193
phone 0.0146 145 117 154 130
phone 0.0146 68 156 77 168
phone 0.0146 141 91 158 125
phone 0.0146 34 41 65 67
phone 0.0145 78 133 121 199
phone 0.0145 106 56 154 122
phone 0.0144 90 116 170 186
phone 0.0142 149 107 166 140
phone 0.0141 145 110 154 122
phone 0.0137 104 39 187 109
phone 0.0136 165 111 195 136
phone 0.0136 65 149 95 175
phone 0.0136 0 0 63 117
phone 0.0135 41 38 58 71
phone 0.0135 129 23 193 94
phone 0.0135 125 137 143 171
phone 0.0135 132 107 190 193
phone 0.0134 142 103 172 129
phone 0.0134 5 143 71 219
phone 0.0133 50 28 87 88
phone 0.0132 0 0 170 165
phone 0.0132 18 133 57 198
phone 0.0130 145 102 154 114
phone 0.0129 158 73 195 135
phone 0.0127 130 131 223 224
phone 0.0127 57 141 88 167
phone 0.0127 172 107 189 140
phone 0.0126 142 72 172 98
phone 0.0126 73 97 126 173
phone 0.0126 152 117 162 130
phone 0.0124 47 0 293 142
phone 0.0124 5 105 40 165
phone 0.0123 181 39 343 189
phone 0.0122 164 107 181 140
phone 0.0122 176 18 269 160
phone 0.0120 49 106 87 164
phone 0.0120 155 85 228 155
phone 0.0119 144 98 209 172
phone 0.0119 24 11 82 75
phone 0.0118 142 73 180 135
phone 0.0118 158 43 194 104
phone 0.0118 45 48 54 60
phone 0.0116 63 102 105 168
phone 0.0116 129 148 139 160
phone 0.0115 64 138 81 171
phone 0.0115 75 40 124 108
phone 0.0115 222 0 306 114
phone 0.0115 36 28 70 88
phone 0.0115 173 59 210 119
phone 0.0115 149 68 166 102
phone 0.0114 93 17 167 100
phone 0.0114 188 151 267 224
phone 0.0113 31 134 106 198
phone 0.0112 85 147 175 224
phone 0.0112 176 117 185 130
phone 0.0111 172 68 242 141
phone 0.0111 75 156 85 168
phone 0.0111 20 44 55 103
phone 0.0110 34 141 65 167
phone 0.0109 143 43 179 104
phone 0.0109 45 40 54 53
phone 0.0108 148 91 166 125
phone 0.0108 168 117 177 130
phone 0.0107 152 110 162 122
phone 0.0106 0 53 50 185
phone 0.0106 104 106 187 164
phone 0.0106 34 211 65 224
phone 0.0105 35 136 71 195
phone 0.0103 41 137 58 171
phone 0.0103 33 115 50 148
phone 0.0103 20 162 87 224
phone 0.0103 143 103 179 166
phone 0.0103 41 207 58 224
phone 0.0103 106 87 154 152
phone 0.0102 68 148 77 160
phone 0.0101 5 75 39 133
phone 0.0101 152 79 162 91
phone 0.0101 94 135 135 197
phone 0.0100 113 11 178 74
phone 0.0098 41 76 58 110
phone 0.0098 108 137 183 195
phone 0.0098 34 207 50 224
phone 0.0098 40 166 129 224
phone 0.0098 5 136 40 195
phone 0.0098 117 164 205 224
phone 0.0097 82 168 116 224
phone 0.0096 95 88 127 113
phone 0.0096 103 84 119 116
phone 0.0096 160 9 224 76
phone 0.0095 152 102 162 114
phone 0.0094 189 101 256 169
phone 0.0092 159 105 194 165
phone 0.0092 45 217 54 224
phone 0.0091 34 156 65 183
phone 0.0091 37 125 47 137
phone 0.0091 53 0 115 87
phone 0.0091 134 149 165 175
phone 0.0090 168 112 248 224
phone 0.0090 45 148 54 160
phone 0.0089 57 118 88 144
phone 0.0089 51 138 86 194
phone 0.0089 174 91 209 149
phone 0.0089 143 134 179 197
phone 0.0089 128 122 162 178
phone 0.0088 18 211 50 224
phone 0.0088 50 95 80 121
phone 0.0088 37 79 47 91
phone 0.0087 63 198 136 224
phone 0.0087 26 207 42 224
phone 0.0087 37 217 47 224
phone 0.0087 95 180 166 224
phone 0.0086 111 122 149 179
phone 0.0086 106 94 116 107
phone 0.0086 34 25 65 52
phone 0.0085 37 94 47 107
phone 0.0085 41 153 58 186
phone 0.0085 172 38 242 109
phone 0.0085 175 13 208 72
phone 0.0084 0 0 60 53
phone 0.0084 49 219 81 224
phone 0.0084 125 60 165 118
phone 0.0084 187 55 258 123
phone 0.0084 57 215 73 224
phone 0.0084 45 87 54 99
phone 0.0083 113 168 147 224
phone 0.0082 68 140 77 153
phone 0.0082 141 145 158 179
phone 0.0082 189 75 225 133
phone 0.0081 141 68 159 102
phone 0.0081 206 106 239 164
phone 0.0081 84 217 146 224
phone 0.0081 142 197 211 224
phone 0.0081 129 153 162 210
phone 0.0081 106 102 116 114
phone 0.0080 64 114 82 148
phone 0.0080 148 0 205 59
phone 0.0080 68 171 77 184
phone 0.0079 159 137 193 195
phone 0.0079 180 72 211 98
phone 0.0079 29 217 39 224
phone 0.0079 190 0 257 91
phone 0.0078 56 91 74 125
phone 0.0078 65 150 102 212
phone 0.0078 41 22 58 56
phone 0.0078 65 216 80 224
phone 0.0077 142 87 172 114
phone 0.0077 3 180 73 224
phone 0.0077 27 33 57 60
phone 0.0076 159 168 193 224
phone 0.0076 36 195 102 224
phone 0.0076 150 33 180 60
phone 0.0076 145 94 154 107
phone 0.0076 157 162 227 224
phone 0.0076 0 166 43 224
phone 0.0075 49 216 65 224
phone 0.0075 153 127 305 224
phone 0.0075 111 95 141 121
phone 0.0075 0 39 41 108
phone 0.0074 145 125 154 137
phone 0.0074 111 194 180 224
phone 0.0073 45 164 54 176
phone 0.0073 11 110 41 137
phone 0.0073 83 199 116 224
phone 0.0073 111 56 141 83
phone 0.0073 206 25 270 91
phone 0.0073 54 217 114 224
phone 0.0073 48 114 66 148
phone 0.0073 128 30 163 87
phone 0.0073 175 177 239 224
phone 0.0072 190 106 224 164
phone 0.0072 40 0 97 57
phone 0.0072 96 3 127 28
phone 0.0072 115 216 176 224
phone 0.0072 63 27 105 89
phone 0.0072 187 68 204 102
phone 0.0072 145 156 154 168
phone 0.0072 156 118 228 183
phone 0.0072 100 212 130 224
phone 0.0071 145 79 154 91
phone 0.0071 179 68 197 102
phone 0.0071 126 92 164 148
phone 0.0071 34 102 65 129
phone 0.0071 156 30 174 63
phone 0.0071 36 183 70 224
phone 0.0071 165 80 195 106
phone 0.0071 150 110 180 137
phone 0.0070 118 92 135 124
phone 0.0070 56 153 74 186
phone 0.0070 33 29 51 64
phone 0.0070 68 125 77 137
phone 0.0070 206 0 239 56
phone 0.0070 85 212 115 224
phone 0.0069 179 0 235 62
phone 0.0069 113 199 147 224
phone 0.0069 0 90 24 149
phone 0.0069 118 53 135 86
phone 0.0069 0 0 41 11
phone 0.0069 98 199 131 224
phone 0.0069 192 134 254 198
phone 0.0068 0 137 24 195
phone 0.0068 102 0 120 33
phone 0.0068 67 198 100 224
phone 0.0068 142 118 172 144
phone 0.0068 97 169 132 224
phone 0.0068 200 51 277 187
phone 0.0068 224 0 283 36
phone 0.0068 255 19 314 67
phone 0.0068 190 152 224 211
phone 0.0068 205 45 239 102
phone 0.0067 60 102 70 114
phone 0.0067 129 156 139 168
phone 0.0067 57 103 88 129
phone 0.0067 0 198 55 224
phone 0.0067 255 0 331 110
phone 0.0067 205 76 240 133
phone 0.0067 175 153 208 210
phone 0.0067 21 183 54 224
phone 0.0067 52 198 85 224
phone 0.0067 111 71 141 98
phone 0.0067 45 56 54 68
phone 0.0067 18 106 35 141
phone 0.0067 80 1 150 85
phone 0.0067 193 0 253 38
phone 0.0066 202 103 274 224
phone 0.0066 64 91 82 125
phone 0.0066 0 60 24 118
phone 0.0066 101 0 159 62
phone 0.0066 45 33 54 45
phone 0.0066 96 103 126 129
phone 0.0066 48 137 66 171
phone 0.0066 41 99 58 133
phone 0.0065 156 68 174 102
phone 0.0065 147 218 206 224
phone 0.0065 134 64 165 90
phone 0.0065 269 13 300 72
phone 0.0065 206 168 239 224
phone 0.0065 103 99 120 132
phone 0.0065 115 212 146 224
phone 0.0065 69 212 99 224
phone 0.0065 221 167 254 224
phone 0.0065 65 87 95 114
phone 0.0065 110 29 150 88
phone 0.0065 238 0 269 41
phone 0.0064 134 80 165 106
phone 0.0064 156 106 174 140
phone 0.0064 0 220 27 224
phone 0.0064 189 44 225 102
phone 0.0064 73 103 103 129
phone 0.0064 131 212 161 224
phone 0.0064 68 133 77 145
phone 0.0064 270 188 329 224
phone 0.0064 171 76 189 110
phone 0.0064 146 212 176 224
phone 0.0063 119 110 149 137
phone 0.0063 254 0 314 36
phone 0.0063 148 145 166 179
phone 0.0063 3 216 19 224
phone 0.0063 239 156 298 207
phone 0.0063 104 79 134 106
phone 0.0063 4 149 34 175
phone 0.0063 129 198 162 224
phone 0.0063 118 68 135 102
phone 0.0062 270 3 330 51
phone 0.0062 191 79 200 91
phone 0.0062 240 126 298 175
phone 0.0062 237 121 302 224
phone 0.0062 183 79 193 91
phone 0.0062 221 45 255 102
phone 0.0062 223 137 254 194
phone 0.0062 208 88 268 151
phone 0.0061 142 141 172 167
phone 0.0061 160 40 170 53
phone 0.0061 39 0 99 5
phone 0.0061 52 125 62 137
phone 0.0061 60 163 70 176
phone 0.0061 208 0 268 5
phone 0.0061 0 0 41 76
phone 0.0061 222 0 254 56
phone 0.0061 110 85 128 116
phone 0.0061 175 183 208 224
phone 0.0061 180 26 211 52
phone 0.0061 285 182 315 224
phone 0.0060 239 0 299 20
phone 0.0060 254 151 284 210
phone 0.0060 176 0 239 23
phone 0.0060 106 10 116 22
phone 0.0060 53 0 115 38
phone 0.0060 0 0 40 25
phone 0.0060 37 40 47 53
phone 0.0060 38 0 100 23
phone 0.0060 240 3 298 51
phone 0.0060 122 102 131 114
phone 0.0060 270 0 299 41
phone 0.0060 152 94 162 107
phone 0.0060 145 148 154 160
phone 0.0060 270 34 330 82
phone 0.0059 285 19 345 67
phone 0.0059 162 212 192 224
phone 0.0059 174 122 209 179
phone 0.0059 195 68 212 102
phone 0.0059 285 0 315 57
phone 0.0059 70 0 130 5
phone 0.0059 0 213 41 224
phone 0.0059 22 0 85 38
phone 0.0059 95 0 112 33
phone 0.0059 178 0 237 5
phone 0.0059 152 87 162 99
phone 0.0059 160 0 224 8
phone 0.0059 7 0 69 23
phone 0.0059 162 0 221 38
phone 0.0058 176 125 185 137
phone 0.0058 8 0 68 5
phone 0.0058 79 99 97 133
phone 0.0058 71 83 89 118
phone 0.0058 272 181 304 204
phone 0.0058 54 0 84 10
phone 0.0058 267 138 332 224
phone 0.0058 207 0 269 23
phone 0.0058 125 106 143 141
phone 0.0058 54 212 84 224
phone 0.0058 68 0 131 23
phone 0.0058 195 202 251 224
phone 0.0058 254 121 284 180
phone 0.0058 79 83 97 118
phone 0.0058 223 0 253 10
phone 0.0058 70 0 99 10
phone 0.0058 10 145 28 179
phone 0.0058 219 188 250 213
phone 0.0058 208 0 238 10
phone 0.0058 122 64 131 76
phone 0.0058 285 50 345 97
phone 0.0058 239 0 299 5
phone 0.0058 254 0 284 26
phone 0.0058 210 123 266 177
phone 0.0057 21 13 55 72
phone 0.0057 192 0 223 41
phone 0.0057 130 0 193 8
phone 0.0057 22 117 31 130
phone 0.0057 53 0 116 7
phone 0.0057 50 41 80 67
phone 0.0057 239 0 268 10
phone 0.0057 118 107 135 140
phone 0.0057 259 51 327 173
phone 0.0057 83 0 147 8
phone 0.0057 300 65 361 113
phone 0.0057 35 87 64 114
phone 0.0057 283 187 293 199
phone 0.0057 68 102 77 114
phone 0.0057 68 0 131 54
phone 0.0057 284 16 346 130
phone 0.0057 362 0 399 83
phone 0.0057 280 177 296 208
phone 0.0057 226 186 243 215
phone 0.0057 268 216 331 224
phone 0.0057 0 183 24 224
phone 0.0057 191 0 255 7
phone 0.0057 300 34 361 82
phone 0.0057 39 0 68 10
phone 0.0057 362 186 399 224
phone 0.0056 285 28 315 87
phone 0.0056 118 137 135 171
phone 0.0056 361 0 399 37
phone 0.0056 146 0 208 23
phone 0.0056 299 31 362 146
phone 0.0056 122 71 131 83
phone 0.0056 361 218 399 224
phone 0.0056 104 49 134 75
phone 0.0056 285 157 345 205
phone 0.0056 300 13 330 72
phone 0.0056 316 96 376 144
phone 0.0056 85 0 115 10
phone 0.0056 299 216 362 224
phone 0.0056 187 22 204 56
phone 0.0056 285 204 345 224
phone 0.0056 362 140 399 224
phone 0.0056 193 0 222 10
phone 0.0056 316 50 376 97
phone 0.0056 106 110 116 122
phone 0.0056 361 0 399 6
phone 0.0056 362 32 399 144
phone 0.0056 142 56 172 83
phone 0.0055 160 79 170 91
phone 0.0055 22 0 86 8
phone 0.0055 362 79 399 191
phone 0.0055 24 0 53 10
phone 0.0055 315 62 377 176
phone 0.0055 52 148 62 160
phone 0.0055 160 117 170 130
phone 0.0055 316 126 376 174
phone 0.0055 300 111 360 159
phone 0.0055 316 19 376 67
phone 0.0055 361 64 399 113
phone 0.0055 84 0 146 38
phone 0.0055 361 126 399 175
phone 0.0055 330 216 393 224
phone 0.0055 361 95 399 144
phone 0.0055 45 110 54 122
phone 0.0055 314 16 377 130
phone 0.0055 300 3 360 51
phone 0.0055 100 0 161 21
phone 0.0055 300 142 360 190
phone 0.0055 144 167 178 224
phone 0.0055 176 87 185 99
phone 0.0055 69 0 99 25
phone 0.0055 196 72 226 98
phone 0.0055 270 0 330 21
phone 0.0055 45 117 54 129
phone 0.0055 285 0 345 36
phone 0.0055 223 0 253 26
phone 0.0055 331 34 391 82
phone 0.0055 34 220 66 224
phone 0.0055 300 173 360 220
phone 0.0055 85 0 115 25
phone 0.0055 177 212 207 224
phone 0.0055 299 77 362 192
phone 0.0055 331 65 391 113
phone 0.0055 331 111 391 159
phone 0.0055 300 182 330 224
phone 0.0055 254 0 284 10
phone 0.0055 148 29 166 64
phone 0.0055 152 156 162 168
phone 0.0055 284 108 346 223
phone 0.0055 331 3 391 51
phone 0.0055 300 44 330 103
phone 0.0055 100 0 160 5
phone 0.0054 316 157 376 205
phone 0.0054 316 219 376 224
phone 0.0054 145 163 154 176
phone 0.0054 222 0 285 7
phone 0.0054 314 108 377 223
phone 0.0054 314 201 377 224
phone 0.0054 270 65 330 113
phone 0.0054 330 1 393 115
phone 0.0054 147 0 206 5
phone 0.0054 316 59 345 118
phone 0.0054 80 13 118 72
phone 0.0054 285 126 345 174
phone 0.0054 330 78 393 192
phone 0.0054 45 102 54 114
phone 0.0054 331 188 391 224
phone 0.0054 285 219 345 224
phone 0.0054 129 140 139 153
phone 0.0054 255 172 314 222
phone 0.0054 152 71 162 83
phone 0.0054 331 142 391 190
phone 0.0054 237 168 269 224
phone 0.0054 316 28 345 87
phone 0.0054 119 156 149 183
phone 0.0054 71 99 89 133
phone 0.0054 208 197 238 224
phone 0.0054 225 185 282 224
phone 0.0054 285 80 345 128
phone 0.0053 152 125 162 137
phone 0.0053 150 79 180 106
phone 0.0053 300 151 330 210
phone 0.0053 4 179 34 206
phone 0.0053 221 147 287 224
phone 0.0053 331 59 361 118
phone 0.0053 331 90 361 149
phone 0.0053 110 45 128 79
phone 0.0053 100 0 130 10
phone 0.0053 283 179 293 191
phone 0.0053 229 194 239 207
phone 0.0053 142 156 172 183
phone 0.0053 285 151 315 210
phone 0.0053 316 0 376 36
phone 0.0053 331 28 361 87
phone 0.0053 0 29 25 87
phone 0.0053 64 220 96 224
phone 0.0053 270 0 330 5
phone 0.0053 316 90 345 149
phone 0.0053 27 48 57 75
phone 0.0053 330 0 393 23
phone 0.0053 115 0 177 38
phone 0.0053 346 13 376 72
phone 0.0053 331 120 361 180
phone 0.0053 377 0 399 57
phone 0.0053 7 217 69 224
phone 0.0053 284 62 346 176
phone 0.0053 346 43 376 103
phone 0.0053 73 216 88 224
phone 0.0053 346 90 376 149
phone 0.0052 316 120 345 180
phone 0.0052 115 0 146 25
phone 0.0052 331 0 391 5
phone 0.0052 377 212 399 224
phone 0.0052 253 0 316 7
phone 0.0052 316 0 345 56
phone 0.0052 173 34 203 59
phone 0.0052 270 0 299 10
phone 0.0052 122 79 131 91
phone 0.0052 316 151 345 210
phone 0.0052 300 0 330 41
phone 0.0052 238 216 300 224
phone 0.0052 48 152 66 187
phone 0.0052 99 10 108 22
phone 0.0052 377 197 399 224
phone 0.0052 27 95 57 121
phone 0.0052 255 50 313 97
phone 0.0052 180 185 196 216
phone 0.0052 346 120 376 180
phone 0.0052 255 80 314 128
phone 0.0052 314 0 378 7
phone 0.0052 116 0 145 10
phone 0.0052 49 207 66 224
phone 0.0052 39 0 69 25
phone 0.0052 346 213 376 224
phone 0.0052 346 19 399 66
phone 0.0052 377 0 399 11
phone 0.0052 269 167 300 224
phone 0.0052 331 0 361 56
phone 0.0052 316 213 346 224
phone 0.0052 331 151 361 210
phone 0.0052 68 110 77 122
phone 0.0052 202 151 235 174
phone 0.0052 210 143 243 166
phone 0.0052 331 213 361 224
phone 0.0052 346 182 376 224
phone 0.0052 254 142 314 190
phone 0.0052 316 182 345 224
phone 0.0052 377 27 399 88
phone 0.0052 237 201 301 224
phone 0.0051 162 0 192 10
phone 0.0051 208 0 238 25
phone 0.0051 285 213 315 224
phone 0.0051 346 204 399 224
phone 0.0051 331 182 361 224
phone 0.0051 291 187 300 199
phone 0.0051 42 125 72 153
phone 0.0051 377 151 399 211
phone 0.0051 177 0 207 10
phone 0.0051 346 151 376 210
phone 0.0051 377 58 399 119
phone 0.0051 300 120 330 180
phone 0.0051 283 0 347 7
phone 0.0051 347 0 376 41
phone 0.0051 114 94 124 107
phone 0.0051 377 120 399 180
phone 0.0051 300 213 330 224
phone 0.0051 131 0 161 25
phone 0.0051 377 89 399 150
phone 0.0051 300 0 360 21
phone 0.0051 234 209 250 224
phone 0.0051 253 93 315 207
phone 0.0051 285 59 315 118
phone 0.0051 222 148 231 161
phone 0.0051 202 68 220 102
phone 0.0051 300 74 330 133
phone 0.0051 199 79 208 91
phone 0.0051 57 49 88 75
phone 0.0051 219 139 234 169
phone 0.0051 279 204 312 224
phone 0.0051 11 187 41 214
phone 0.0051 226 212 258 224
phone 0.0051 211 147 226 177
phone 0.0051 131 0 161 10
phone 0.0051 56 37 74 72
phone 0.0051 270 111 330 159
phone 0.0051 346 50 399 97
phone 0.0051 254 219 314 224
phone 0.0050 346 81 399 128
phone 0.0050 242 208 257 224
phone 0.0050 176 216 239 224
phone 0.0050 269 44 299 103
phone 0.0050 114 87 124 99
phone 0.0050 106 86 116 99
phone 0.0050 288 201 304 224
phone 0.0050 300 0 360 5
phone 0.0050 346 158 399 205
phone 0.0050 54 0 84 25
phone 0.0050 264 204 297 224
phone 0.0050 83 110 93 122
phone 0.0050 291 210 300 222
phone 0.0050 225 35 258 58
phone 0.0050 347 0 376 10
phone 0.0050 45 171 54 183
phone 0.0050 33 153 51 187
phone 0.0050 272 200 288 224
