phone 0.8561 57 52 138 172
phone 0.0991 75 86 125 164
phone 0.0424 74 57 125 132
phone 0.0379 0 0 207 211
phone 0.0364 90 76 139 144
phone 0.0338 60 73 109 147
phone 0.0271 67 59 189 190
phone 0.0240 102 55 235 203
phone 0.0184 46 26 291 181
phone 0.0182 10 67 127 183
phone 0.0162 65 94 142 207
phone 0.0160 24 81 113 139
phone 0.0158 77 9 193 151
phone 0.0153 68 0 131 157
phone 0.0145 76 97 184 154
phone 0.0133 7 21 100 167
phone 0.0122 13 95 93 156
phone 0.0114 130 108 223 235
phone 0.0112 87 112 173 169
phone 0.0112 186 81 273 184
phone 0.0111 21 108 116 235
phone 0.0109 107 75 184 146
phone 0.0106 51 82 86 137
phone 0.0105 82 106 179 236
phone 0.0104 0 124 69 249
phone 0.0101 28 113 110 169
phone 0.0098 0 263 41 266
phone 0.0098 68 155 162 266
phone 0.0098 129 27 224 161
phone 0.0098 0 0 39 0
phone 0.0097 0 61 71 189
phone 0.0096 38 140 131 264
phone 0.0096 119 152 203 266
phone 0.0094 0 22 49 166
phone 0.0092 70 22 129 75
phone 0.0091 36 98 70 153
phone 0.0091 126 0 197 130
phone 0.0089 18 59 89 130
phone 0.0089 113 113 147 168
phone 0.0089 140 141 213 202
phone 0.0088 96 111 133 170
phone 0.0088 54 0 115 108
phone 0.0086 150 4 249 142
phone 0.0086 34 43 103 116
phone 0.0086 83 0 147 110
phone 0.0085 68 19 100 77
phone 0.0085 82 122 148 190
phone 0.0084 128 96 163 154
phone 0.0083 32 141 106 201
phone 0.0082 0 109 77 173
phone 0.0081 128 186 195 249
phone 0.0080 0 157 60 216
phone 0.0080 155 125 228 187
phone 0.0079 51 113 85 168
phone 0.0079 50 188 119 247
phone 0.0078 33 172 105 232
phone 0.0078 111 42 180 116
phone 0.0078 16 124 91 188
phone 0.0078 93 141 168 202
phone 0.0077 100 23 161 74
phone 0.0077 47 156 122 218
phone 0.0077 81 203 150 263
phone 0.0077 131 32 192 95
phone 0.0077 143 44 210 114
phone 0.0077 129 88 193 163
phone 0.0077 99 19 131 77
phone 0.0077 94 186 167 249
phone 0.0077 138 109 215 172
phone 0.0076 160 158 193 215
phone 0.0076 0 141 76 202
phone 0.0076 78 171 152 233
phone 0.0075 47 125 122 187
phone 0.0075 2 0 93 101
phone 0.0075 158 91 226 159
phone 0.0074 109 170 183 234
phone 0.0074 38 23 100 73
phone 0.0073 115 19 146 77
phone 0.0073 21 97 55 153
phone 0.0072 162 23 221 74
phone 0.0071 161 60 222 129
phone 0.0071 113 201 179 264
phone 0.0071 169 91 246 221
phone 0.0071 170 18 293 190
phone 0.0070 53 19 84 77
phone 0.0070 36 50 70 108
phone 0.0070 51 50 86 108
phone 0.0070 145 171 208 233
phone 0.0070 5 65 40 123
phone 0.0069 139 78 214 142
phone 0.0069 330 179 392 226
phone 0.0069 51 143 85 200
phone 0.0069 176 19 208 77
phone 0.0069 161 19 193 77
phone 0.0069 330 145 392 258
phone 0.0068 0 92 45 159
phone 0.0068 130 19 161 77
phone 0.0067 144 50 178 108
phone 0.0067 0 125 46 187
phone 0.0067 0 39 36 89
phone 0.0067 223 131 284 181
phone 0.0067 193 40 252 88
phone 0.0067 146 9 207 57
phone 0.0067 222 97 286 215
phone 0.0066 159 128 193 184
phone 0.0066 363 141 399 263
phone 0.0066 159 50 193 108
phone 0.0066 23 9 84 57
phone 0.0066 52 173 85 231
phone 0.0066 175 143 208 200
phone 0.0066 346 172 377 231
phone 0.0066 38 19 69 77
phone 0.0066 145 19 177 77
phone 0.0066 191 0 255 106
phone 0.0066 346 194 399 241
phone 0.0066 115 9 176 57
phone 0.0066 0 0 41 32
phone 0.0065 361 172 392 232
phone 0.0065 143 81 178 139
phone 0.0065 8 37 68 90
phone 0.0065 98 142 132 200
phone 0.0065 192 19 223 77
phone 0.0065 81 33 118 94
phone 0.0065 5 172 71 232
phone 0.0065 67 158 101 215
phone 0.0064 67 128 101 184
phone 0.0064 239 101 299 149
phone 0.0064 362 160 399 214
phone 0.0064 238 127 269 184
phone 0.0064 101 222 160 266
phone 0.0064 362 130 399 182
phone 0.0064 177 9 237 57
phone 0.0064 113 143 147 199
phone 0.0064 208 34 238 93
phone 0.0064 363 98 399 213
phone 0.0064 128 120 194 192
phone 0.0064 113 189 147 246
phone 0.0063 238 68 300 182
phone 0.0063 98 189 131 246
phone 0.0063 208 55 268 103
phone 0.0063 6 143 39 200
phone 0.0063 362 207 399 259
phone 0.0063 208 24 268 72
phone 0.0063 315 163 376 210
phone 0.0063 174 112 209 169
phone 0.0063 36 158 70 215
phone 0.0063 131 0 191 41
phone 0.0063 174 81 209 139
phone 0.0063 330 148 392 195
phone 0.0063 223 86 284 134
phone 0.0063 36 128 70 184
phone 0.0063 206 21 270 136
phone 0.0062 223 40 284 88
phone 0.0062 314 130 377 243
phone 0.0062 19 65 56 123
phone 0.0062 158 138 226 265
phone 0.0062 54 9 115 57
phone 0.0062 21 143 54 200
phone 0.0062 222 53 285 166
phone 0.0062 222 6 285 121
phone 0.0061 103 48 134 72
phone 0.0061 162 0 222 42
phone 0.0061 23 19 53 77
phone 0.0061 144 158 178 215
phone 0.0061 100 0 160 41
phone 0.0061 239 71 299 118
phone 0.0061 254 95 284 154
phone 0.0061 128 174 162 230
phone 0.0061 376 171 399 232
phone 0.0061 223 34 253 93
phone 0.0061 208 3 238 62
phone 0.0061 0 25 54 72
phone 0.0060 254 117 314 164
phone 0.0060 239 95 269 154
phone 0.0060 0 234 41 266
phone 0.0060 331 157 361 216
phone 0.0060 132 223 190 266
phone 0.0060 255 148 314 195
phone 0.0060 346 141 376 201
phone 0.0060 251 113 318 230
phone 0.0060 194 128 251 183
phone 0.0060 39 0 99 42
phone 0.0060 238 22 300 136
phone 0.0060 331 86 391 134
phone 0.0059 70 0 130 42
phone 0.0059 147 0 176 47
phone 0.0059 8 0 68 42
phone 0.0059 361 141 392 201
phone 0.0059 85 9 145 57
phone 0.0059 179 160 235 213
phone 0.0059 128 50 163 108
phone 0.0059 376 141 399 202
phone 0.0059 315 132 376 180
phone 0.0059 0 0 41 108
phone 0.0059 239 49 269 108
phone 0.0059 300 148 361 195
phone 0.0059 131 218 161 266
phone 0.0059 254 127 284 185
phone 0.0059 162 0 192 47
phone 0.0059 131 0 161 47
phone 0.0059 5 112 39 169
phone 0.0059 330 100 393 212
phone 0.0059 223 65 253 123
phone 0.0059 363 0 399 43
phone 0.0059 208 117 268 165
phone 0.0059 330 53 393 166
phone 0.0059 330 117 392 164
phone 0.0059 254 86 314 134
phone 0.0058 19 153 89 266
phone 0.0058 361 0 399 12
phone 0.0058 0 152 44 266
phone 0.0058 177 0 207 47
phone 0.0058 269 101 330 149
phone 0.0058 299 114 362 228
phone 0.0058 116 0 145 47
phone 0.0058 116 218 145 266
phone 0.0058 285 117 345 164
phone 0.0058 268 83 331 197
phone 0.0058 316 71 376 118
phone 0.0058 253 52 316 167
phone 0.0058 254 65 284 124
phone 0.0058 300 179 361 226
phone 0.0058 269 142 300 200
phone 0.0058 269 95 299 154
phone 0.0058 8 19 38 77
phone 0.0058 159 97 193 153
phone 0.0057 330 237 393 266
phone 0.0057 376 110 399 171
phone 0.0057 315 102 376 149
phone 0.0057 110 44 127 76
phone 0.0057 82 173 116 231
phone 0.0057 100 0 130 47
phone 0.0057 284 99 347 213
phone 0.0057 331 55 391 103
phone 0.0057 148 205 205 260
phone 0.0057 314 37 377 151
phone 0.0057 314 84 377 197
phone 0.0057 144 111 178 170
phone 0.0057 346 80 376 139
phone 0.0057 270 132 330 180
phone 0.0057 315 157 346 216
phone 0.0057 164 191 220 244
phone 0.0057 284 237 346 266
phone 0.0057 223 3 253 62
phone 0.0057 193 0 253 42
phone 0.0057 254 55 314 103
phone 0.0057 331 126 361 185
phone 0.0057 54 0 84 47
phone 0.0057 23 190 84 245
phone 0.0057 222 237 285 266
phone 0.0057 191 112 223 169
phone 0.0057 223 111 254 169
phone 0.0057 285 163 345 210
phone 0.0056 39 0 68 47
phone 0.0056 239 18 268 77
phone 0.0056 362 238 399 266
phone 0.0056 316 255 376 266
phone 0.0056 85 3 115 62
phone 0.0056 361 100 399 151
phone 0.0056 193 225 252 266
phone 0.0056 269 71 330 118
phone 0.0056 70 0 99 47
phone 0.0056 23 0 53 47
phone 0.0056 253 237 316 266
phone 0.0056 285 86 345 134
phone 0.0056 193 0 222 47
phone 0.0056 0 0 36 11
phone 0.0056 316 126 346 185
phone 0.0056 346 111 376 170
phone 0.0056 254 194 314 241
phone 0.0056 192 157 222 217
phone 0.0056 69 202 100 263
phone 0.0056 314 222 377 266
phone 0.0056 364 262 399 266
phone 0.0056 361 111 392 170
phone 0.0056 38 253 100 266
phone 0.0056 346 264 376 266
phone 0.0056 238 253 300 266
phone 0.0056 315 194 377 241
phone 0.0056 299 68 362 182
phone 0.0056 285 111 315 170
phone 0.0056 362 38 399 150
phone 0.0056 7 253 69 266
phone 0.0056 268 253 331 266
phone 0.0056 268 37 331 151
phone 0.0056 116 0 176 26
phone 0.0055 207 253 269 266
phone 0.0055 146 218 176 266
phone 0.0055 284 52 346 167
phone 0.0055 114 253 177 266
phone 0.0055 253 161 316 266
phone 0.0055 160 188 192 247
phone 0.0055 254 34 284 93
phone 0.0055 361 70 399 119
phone 0.0055 362 0 399 104
phone 0.0055 176 253 239 266
phone 0.0055 0 9 36 57
phone 0.0055 361 24 399 73
phone 0.0055 84 253 146 266
phone 0.0055 0 0 22 47
phone 0.0055 300 126 330 185
phone 0.0055 331 80 361 139
phone 0.0055 145 253 208 266
phone 0.0055 331 265 361 266
phone 0.0055 346 49 376 108
phone 0.0055 0 18 23 78
phone 0.0055 270 65 299 124
phone 0.0055 269 179 330 226
phone 0.0055 207 218 238 266
phone 0.0055 175 50 208 108
phone 0.0055 147 0 207 26
phone 0.0055 0 0 22 16
phone 0.0055 85 0 145 26
phone 0.0055 285 210 345 257
phone 0.0055 239 24 299 72
phone 0.0055 238 265 269 266
phone 0.0055 300 265 330 266
phone 0.0055 300 55 360 103
phone 0.0055 223 9 284 57
phone 0.0054 330 6 393 120
phone 0.0054 330 210 392 256
phone 0.0054 316 40 376 88
phone 0.0054 377 0 399 17
phone 0.0054 0 158 24 215
phone 0.0054 316 265 346 266
phone 0.0054 254 265 284 266
phone 0.0054 285 80 315 139
phone 0.0054 114 54 123 66
phone 0.0054 300 95 330 154
phone 0.0054 285 265 315 266
phone 0.0054 269 265 299 266
phone 0.0054 223 265 253 266
phone 0.0054 269 188 300 247
phone 0.0054 284 146 347 258
phone 0.0054 176 238 239 266
phone 0.0054 331 49 361 108
phone 0.0054 346 0 399 26
phone 0.0054 331 249 361 266
phone 0.0054 299 21 362 136
phone 0.0054 253 6 316 121
phone 0.0054 54 0 114 26
phone 0.0054 300 157 330 216
phone 0.0054 316 95 345 154
phone 0.0054 331 25 391 72
phone 0.0054 37 238 101 266
phone 0.0054 128 143 162 200
phone 0.0054 285 157 315 216
phone 0.0054 346 249 376 266
phone 0.0053 346 9 399 57
phone 0.0053 0 0 23 1
phone 0.0053 190 176 255 266
phone 0.0053 331 188 361 247
phone 0.0053 23 0 83 26
phone 0.0053 360 255 399 266
phone 0.0053 208 210 268 256
phone 0.0053 208 265 238 266
phone 0.0053 299 191 362 266
phone 0.0053 346 203 377 262
phone 0.0053 100 218 130 266
phone 0.0053 362 80 392 139
phone 0.0053 316 65 345 124
phone 0.0053 376 2 399 63
phone 0.0053 7 237 70 266
phone 0.0053 0 264 23 266
phone 0.0053 315 249 346 266
phone 0.0053 268 222 331 266
phone 0.0053 100 0 160 11
phone 0.0053 8 0 68 11
phone 0.0053 331 0 391 11
phone 0.0052 0 249 22 266
phone 0.0052 0 255 35 266
phone 0.0052 208 111 238 170
phone 0.0052 300 65 330 124
phone 0.0052 315 188 346 247
phone 0.0052 270 40 330 88
phone 0.0052 300 203 330 262
phone 0.0052 0 190 36 244
phone 0.0052 145 238 208 266
phone 0.0052 284 188 315 246
phone 0.0052 70 0 130 11
phone 0.0052 300 249 330 266
phone 0.0052 82 142 116 200
phone 0.0052 239 210 299 256
phone 0.0052 177 0 237 26
phone 0.0052 376 217 399 266
phone 0.0052 131 0 191 11
phone 0.0052 192 265 223 266
phone 0.0052 223 203 254 262
phone 0.0052 54 265 84 266
phone 0.0052 376 264 399 266
phone 0.0052 330 0 393 44
phone 0.0052 285 49 315 108
phone 0.0052 114 238 178 266
phone 0.0052 85 0 115 31
phone 0.0052 270 34 299 93
phone 0.0052 207 142 238 201
phone 0.0052 177 265 207 266
phone 0.0052 346 18 376 78
phone 0.0052 376 0 399 1
phone 0.0051 315 218 346 266
phone 0.0051 39 0 99 11
phone 0.0051 376 79 399 140
phone 0.0051 83 238 147 266
phone 0.0051 38 187 69 248
phone 0.0051 346 40 399 87
phone 0.0051 314 0 378 28
phone 0.0051 0 46 51 112
phone 0.0051 284 6 346 121
phone 0.0051 285 249 315 266
phone 0.0051 362 264 392 266
phone 0.0051 161 249 192 266
phone 0.0051 222 177 285 266
phone 0.0051 69 265 100 266
phone 0.0051 361 49 392 109
phone 0.0051 376 48 399 109
phone 0.0051 161 265 192 266
phone 0.0050 162 0 222 11
phone 0.0050 192 234 223 266
phone 0.0050 285 218 315 266
phone 0.0050 331 218 361 266
phone 0.0050 149 64 181 87
phone 0.0050 80 155 111 180
phone 0.0050 38 265 69 266
phone 0.0050 253 203 284 262
phone 0.0050 160 223 224 266
phone 0.0050 347 0 376 16
phone 0.0050 116 0 145 16
phone 0.0050 238 249 269 266
phone 0.0050 131 0 161 16
