phone 0.9435 67 146 181 355
phone 0.1015 35 174 130 348
phone 0.0649 19 224 108 374
phone 0.0429 67 259 156 368
phone 0.0413 31 211 96 296
phone 0.0368 0 121 161 392
phone 0.0338 26 147 128 267
phone 0.0337 40 84 221 330
phone 0.0328 27 279 100 351
phone 0.0322 0 115 72 285
phone 0.0316 76 227 204 372
phone 0.0313 10 189 87 317
phone 0.0280 81 197 170 311
phone 0.0271 81 300 180 392
phone 0.0255 103 194 238 312
phone 0.0254 43 199 115 278
phone 0.0243 62 125 155 232
phone 0.0236 25 72 124 213
phone 0.0234 18 268 79 362
phone 0.0232 141 135 266 332
phone 0.0230 167 215 266 370
phone 0.0227 42 225 116 313
phone 0.0225 37 266 121 333
phone 0.0223 45 221 75 247
phone 0.0218 0 167 57 354
phone 0.0208 51 218 68 250
phone 0.0202 45 207 82 268
phone 0.0199 29 222 67 285
phone 0.0192 45 284 82 345
phone 0.0188 57 280 132 350
phone 0.0187 31 185 96 261
phone 0.0185 55 228 65 240
phone 0.0184 105 134 205 281
phone 0.0182 134 253 251 384
phone 0.0177 55 208 134 299
phone 0.0175 27 296 119 399
phone 0.0167 0 136 33 264
phone 0.0165 76 104 192 253
phone 0.0159 0 65 61 221
phone 0.0159 194 157 266 307
phone 0.0158 6 111 141 237
phone 0.0155 0 190 25 331
phone 0.0152 186 102 266 237
phone 0.0151 150 219 224 288
phone 0.0148 43 236 84 301
phone 0.0146 59 223 99 284
phone 0.0142 113 242 199 328
phone 0.0133 0 252 65 377
phone 0.0132 77 286 112 344
phone 0.0130 60 271 98 328
phone 0.0128 0 14 99 205
phone 0.0127 124 237 218 301
phone 0.0125 42 171 266 399
phone 0.0124 44 170 114 244
phone 0.0121 0 81 23 198
phone 0.0120 13 172 83 242
phone 0.0120 28 266 68 332
phone 0.0119 0 323 57 399
phone 0.0117 171 228 234 309
phone 0.0117 0 228 17 355
phone 0.0116 67 315 142 399
phone 0.0116 0 219 36 288
phone 0.0113 0 207 72 269
phone 0.0111 124 205 218 272
phone 0.0109 117 165 194 250
phone 0.0108 0 252 36 315
phone 0.0107 118 77 213 210
phone 0.0106 0 214 37 375
phone 0.0105 67 136 122 216
phone 0.0104 169 224 204 282
phone 0.0104 74 170 146 275
phone 0.0103 60 193 98 253
phone 0.0102 83 322 114 346
phone 0.0102 30 193 66 252
phone 0.0102 55 16 157 204
phone 0.0101 90 318 107 350
phone 0.0101 0 237 70 300
phone 0.0100 55 236 65 248
phone 0.0098 47 145 111 208
phone 0.0098 155 73 244 206
phone 0.0098 118 322 195 399
phone 0.0097 41 348 117 399
phone 0.0097 0 158 36 225
phone 0.0096 0 239 19 298
phone 0.0095 116 280 195 350
phone 0.0095 91 344 160 399
phone 0.0095 29 299 67 362
phone 0.0095 0 360 50 399
phone 0.0094 0 284 71 346
phone 0.0094 0 302 54 359
phone 0.0093 94 328 103 340
phone 0.0092 0 208 19 267
phone 0.0092 108 302 142 359
phone 0.0092 168 236 198 262
phone 0.0091 128 272 214 328
phone 0.0091 152 183 222 262
phone 0.0091 172 258 233 341
phone 0.0091 0 128 34 194
phone 0.0091 149 286 225 344
phone 0.0090 62 163 96 220
phone 0.0090 16 226 50 281
phone 0.0090 28 161 100 223
phone 0.0090 45 236 75 263
phone 0.0090 125 145 187 209
phone 0.0089 185 238 220 299
phone 0.0089 138 315 205 376
phone 0.0089 0 274 57 325
phone 0.0089 134 161 209 222
phone 0.0088 148 255 226 314
phone 0.0088 170 198 234 278
phone 0.0087 184 249 251 319
phone 0.0086 89 268 131 331
phone 0.0086 91 299 128 361
phone 0.0086 46 317 81 374
phone 0.0085 46 178 81 236
phone 0.0085 51 233 69 266
phone 0.0084 0 177 19 236
phone 0.0084 14 142 82 210
phone 0.0084 1 332 34 390
phone 0.0083 0 188 54 257
phone 0.0083 174 233 192 266
phone 0.0083 74 254 115 315
phone 0.0083 188 282 248 347
phone 0.0083 171 170 233 244
phone 0.0082 0 286 40 399
phone 0.0082 111 298 266 399
phone 0.0081 16 256 50 312
phone 0.0081 15 305 82 386
phone 0.0081 173 293 232 367
phone 0.0081 108 332 142 390
phone 0.0081 35 132 93 190
phone 0.0081 0 147 19 205
phone 0.0080 31 164 65 220
phone 0.0080 107 360 174 399
phone 0.0080 0 223 3 283
phone 0.0080 16 287 49 343
phone 0.0080 94 33 178 185
phone 0.0080 62 348 96 399
phone 0.0079 209 241 266 338
phone 0.0079 83 318 99 350
phone 0.0079 13 359 84 399
phone 0.0078 170 302 203 358
phone 0.0078 136 271 175 328
phone 0.0078 1 286 34 343
phone 0.0078 197 237 266 300
phone 0.0078 153 257 189 311
phone 0.0078 0 270 18 329
phone 0.0077 140 347 172 399
phone 0.0077 59 217 76 251
phone 0.0076 0 150 2 263
phone 0.0076 201 270 234 329
phone 0.0075 0 193 3 252
phone 0.0075 174 338 207 361
phone 0.0075 183 334 198 365
phone 0.0075 157 151 216 232
phone 0.0075 0 184 3 230
phone 0.0074 184 189 251 256
phone 0.0074 182 218 253 288
phone 0.0074 186 343 196 356
phone 0.0073 178 243 188 256
phone 0.0073 0 303 17 399
phone 0.0073 205 290 261 340
phone 0.0072 55 243 65 255
phone 0.0072 86 328 96 340
phone 0.0072 185 269 219 330
phone 0.0072 0 254 2 314
phone 0.0072 136 368 168 392
phone 0.0072 152 226 190 281
phone 0.0072 154 302 188 358
phone 0.0072 0 215 3 261
phone 0.0071 0 196 2 309
phone 0.0071 160 337 191 362
phone 0.0071 170 256 203 312
phone 0.0071 98 217 153 290
phone 0.0071 220 274 266 325
phone 0.0071 144 365 160 396
phone 0.0070 0 140 52 213
phone 0.0070 92 146 127 206
phone 0.0070 15 163 50 220
phone 0.0070 73 207 115 269
phone 0.0070 0 14 173 262
phone 0.0070 185 177 219 237
phone 0.0070 167 333 184 366
phone 0.0069 47 363 80 399
phone 0.0069 0 331 2 391
phone 0.0069 143 363 200 399
phone 0.0069 157 135 217 187
phone 0.0069 154 164 188 220
phone 0.0069 0 366 17 399
phone 0.0068 0 116 19 175
phone 0.0068 0 106 33 155
phone 0.0068 77 317 111 374
phone 0.0068 218 285 248 344
phone 0.0067 216 256 249 312
phone 0.0067 181 319 265 385
phone 0.0067 147 374 157 387
phone 0.0067 184 208 220 268
phone 0.0067 155 331 187 391
phone 0.0066 0 362 3 399
phone 0.0066 101 251 149 318
phone 0.0066 78 363 111 399
phone 0.0066 0 153 3 200
phone 0.0066 200 206 265 270
phone 0.0066 62 303 96 357
phone 0.0065 154 330 237 399
phone 0.0065 0 161 3 221
phone 0.0065 144 360 176 385
phone 0.0065 63 228 73 240
phone 0.0065 219 322 266 369
phone 0.0065 124 333 157 388
phone 0.0065 204 152 262 200
phone 0.0064 172 131 202 190
phone 0.0064 112 133 170 189
phone 0.0064 110 97 172 225
phone 0.0064 217 289 266 399
phone 0.0064 31 363 65 399
phone 0.0064 218 331 248 390
phone 0.0063 152 357 168 388
phone 0.0063 78 131 111 190
phone 0.0063 0 130 3 191
phone 0.0063 93 331 127 390
phone 0.0063 18 101 48 159
phone 0.0063 156 132 187 189
phone 0.0063 219 137 266 185
phone 0.0062 0 30 32 189
phone 0.0062 92 362 127 399
phone 0.0062 169 192 205 252
phone 0.0062 0 152 4 314
phone 0.0062 200 194 234 251
phone 0.0062 203 122 263 169
phone 0.0062 218 147 248 205
phone 0.0062 219 0 266 30
phone 0.0061 233 103 266 218
phone 0.0061 53 267 83 294
phone 0.0061 216 225 250 281
phone 0.0061 219 168 266 216
phone 0.0061 123 303 158 357
phone 0.0061 264 367 266 399
phone 0.0061 203 300 233 360
phone 0.0061 263 332 266 399
phone 0.0061 83 62 266 279
phone 0.0061 126 45 186 93
phone 0.0061 216 133 266 249
phone 0.0061 202 0 264 64
phone 0.0061 0 291 3 338
phone 0.0061 55 220 65 232
phone 0.0061 111 29 171 77
phone 0.0060 249 337 266 385
phone 0.0060 249 152 266 200
phone 0.0060 0 115 46 176
phone 0.0060 171 343 180 356
phone 0.0060 234 285 264 345
phone 0.0060 125 11 187 125
phone 0.0060 202 147 233 205
phone 0.0060 135 178 176 236
phone 0.0060 219 106 266 154
phone 0.0060 169 161 204 222
phone 0.0060 151 353 184 377
phone 0.0060 142 60 202 108
phone 0.0060 94 0 157 110
phone 0.0060 188 353 248 399
phone 0.0060 248 119 266 233
phone 0.0059 80 29 140 77
phone 0.0059 250 229 266 277
phone 0.0059 142 29 202 77
phone 0.0059 265 337 266 385
phone 0.0059 217 73 266 187
phone 0.0059 140 27 203 141
phone 0.0059 188 0 247 30
phone 0.0059 75 161 113 223
phone 0.0059 249 183 266 231
phone 0.0059 32 0 96 95
phone 0.0059 217 194 249 251
phone 0.0059 111 60 171 108
phone 0.0059 218 367 266 399
phone 0.0059 0 0 3 95
phone 0.0059 95 45 155 93
phone 0.0059 155 366 165 379
phone 0.0059 247 195 266 311
phone 0.0059 16 317 50 374
phone 0.0059 68 237 98 262
phone 0.0059 160 350 175 380
phone 0.0059 175 333 191 366
phone 0.0059 218 116 248 175
phone 0.0059 203 91 263 139
phone 0.0059 63 0 127 95
phone 0.0059 86 205 134 271
phone 0.0058 171 358 180 371
phone 0.0058 186 147 218 205
phone 0.0058 233 331 264 390
phone 0.0058 85 235 134 302
phone 0.0058 157 45 217 93
phone 0.0058 172 60 232 108
phone 0.0058 249 0 266 37
phone 0.0058 188 75 248 123
phone 0.0058 265 183 266 231
phone 0.0058 200 224 235 282
phone 0.0058 188 137 248 185
phone 0.0058 31 332 65 390
phone 0.0058 141 39 171 98
phone 0.0058 156 11 218 126
phone 0.0058 171 26 234 141
phone 0.0058 0 0 34 95
phone 0.0058 126 23 156 82
phone 0.0058 0 89 0 254
phone 0.0058 203 346 233 399
phone 0.0058 126 75 186 123
phone 0.0058 0 244 24 399
phone 0.0058 249 116 266 175
phone 0.0058 233 255 264 313
phone 0.0058 187 42 249 156
phone 0.0057 111 91 171 139
phone 0.0057 0 0 1 30
phone 0.0057 111 23 141 82
phone 0.0057 249 301 266 359
phone 0.0057 157 0 217 30
phone 0.0057 188 106 248 154
phone 0.0057 249 276 266 323
phone 0.0057 0 103 2 218
phone 0.0057 263 150 266 264
phone 0.0057 172 0 233 64
phone 0.0057 265 146 266 206
phone 0.0057 157 39 187 98
phone 0.0057 126 122 187 170
phone 0.0057 163 358 172 371
phone 0.0057 125 57 187 172
phone 0.0057 235 199 266 247
phone 0.0057 48 117 80 174
phone 0.0057 178 251 188 263
phone 0.0057 264 224 266 282
phone 0.0057 157 75 217 123
phone 0.0057 248 363 266 399
phone 0.0057 168 350 183 380
phone 0.0057 95 23 125 83
phone 0.0057 203 0 232 37
phone 0.0057 142 106 201 154
phone 0.0057 49 29 109 77
phone 0.0057 141 0 202 64
phone 0.0057 19 119 77 172
phone 0.0057 127 0 186 30
phone 0.0056 231 164 266 280
phone 0.0056 0 273 2 386
phone 0.0056 247 243 266 356
phone 0.0056 0 29 17 77
phone 0.0056 59 263 76 297
phone 0.0056 265 214 266 262
phone 0.0056 126 54 156 113
phone 0.0056 172 54 202 113
phone 0.0056 203 116 233 175
phone 0.0056 172 367 232 399
phone 0.0056 264 322 266 369
phone 0.0056 218 85 248 144
phone 0.0056 173 91 232 139
phone 0.0056 205 179 261 235
phone 0.0056 0 29 48 77
phone 0.0056 0 0 18 110
phone 0.0056 0 76 32 123
phone 0.0056 265 0 266 37
phone 0.0056 0 0 32 30
phone 0.0056 96 106 155 154
phone 0.0056 172 29 232 77
phone 0.0056 80 23 110 83
phone 0.0055 3 91 63 139
phone 0.0055 228 246 261 269
phone 0.0055 188 0 217 37
phone 0.0055 188 54 217 113
phone 0.0055 126 14 186 62
phone 0.0055 96 14 155 62
phone 0.0055 15 132 50 190
phone 0.0055 203 69 233 129
phone 0.0055 263 104 266 218
phone 0.0055 96 75 155 123
phone 0.0055 218 75 266 123
phone 0.0055 265 122 266 170
phone 0.0055 264 0 266 64
phone 0.0055 80 91 140 139
phone 0.0055 173 0 202 37
phone 0.0055 142 69 171 129
phone 0.0055 264 285 266 344
phone 0.0055 110 0 171 64
phone 0.0055 0 100 2 159
phone 0.0055 0 29 2 77
phone 0.0055 234 85 264 144
phone 0.0055 237 242 252 272
phone 0.0055 157 0 186 37
phone 0.0055 157 69 187 129
phone 0.0055 172 23 202 82
phone 0.0055 249 91 266 139
phone 0.0055 265 91 266 139
phone 0.0055 156 57 218 172
phone 0.0055 265 245 266 293
phone 0.0055 126 85 156 144
phone 0.0055 203 60 263 108
phone 0.0054 96 0 155 30
phone 0.0054 172 122 232 170
phone 0.0054 19 29 78 77
phone 0.0054 182 322 215 346
phone 0.0054 240 251 249 264
phone 0.0054 265 60 266 108
phone 0.0054 0 91 17 139
phone 0.0054 141 116 171 174
phone 0.0054 264 193 266 251
phone 0.0054 106 146 137 169
phone 0.0054 188 45 248 93
phone 0.0054 263 196 266 310
phone 0.0054 79 57 141 172
phone 0.0054 138 302 173 358
phone 0.0054 265 29 266 77
phone 0.0054 142 0 171 37
phone 0.0054 111 54 140 113
phone 0.0054 248 57 266 172
phone 0.0054 65 23 94 83
phone 0.0054 80 60 140 108
phone 0.0054 202 26 264 141
phone 0.0054 263 57 266 172
phone 0.0054 152 195 190 250
phone 0.0054 2 0 64 110
phone 0.0054 264 254 266 313
phone 0.0054 265 276 266 323
phone 0.0053 263 0 266 110
phone 0.0053 111 85 140 144
phone 0.0053 191 319 206 349
phone 0.0053 249 29 266 77
phone 0.0053 186 363 218 399
phone 0.0053 0 0 48 64
phone 0.0053 0 0 17 37
phone 0.0053 157 100 187 160
phone 0.0053 157 14 217 62
phone 0.0053 172 100 202 160
phone 0.0053 186 0 249 110
phone 0.0053 126 0 156 37
phone 0.0053 263 273 266 386
phone 0.0053 249 60 266 108
phone 0.0053 49 91 109 139
phone 0.0053 34 0 94 30
phone 0.0053 188 85 217 144
phone 0.0053 64 121 125 170
phone 0.0053 0 42 49 156
phone 0.0053 79 0 141 64
phone 0.0053 167 192 199 215
phone 0.0053 74 233 92 266
phone 0.0053 48 0 110 64
phone 0.0053 188 23 217 82
phone 0.0053 0 60 48 108
phone 0.0053 49 23 79 83
phone 0.0053 65 0 124 30
phone 0.0053 18 0 79 64
phone 0.0053 0 60 17 108
phone 0.0053 248 0 266 110
phone 0.0053 203 29 263 77
phone 0.0052 45 174 75 201
phone 0.0052 0 42 18 157
phone 0.0052 48 57 110 172
phone 0.0052 0 57 3 172
phone 0.0052 141 8 172 67
phone 0.0052 17 57 80 172
phone 0.0052 111 0 140 37
phone 0.0052 232 0 266 95
phone 0.0052 0 60 2 108
phone 0.0052 178 343 188 356
phone 0.0052 34 23 64 83
phone 0.0052 232 225 264 282
phone 0.0052 18 23 48 83
phone 0.0052 96 85 125 144
phone 0.0052 48 11 110 126
phone 0.0052 218 54 248 113
phone 0.0052 119 269 162 330
phone 0.0052 189 162 246 222
phone 0.0052 188 14 248 62
phone 0.0052 188 116 217 175
phone 0.0052 194 328 203 341
phone 0.0052 203 39 233 98
phone 0.0051 156 8 187 67
phone 0.0051 3 45 63 93
phone 0.0051 95 54 125 113
phone 0.0051 218 45 266 93
phone 0.0051 96 0 125 37
phone 0.0051 80 85 110 144
phone 0.0051 168 282 198 309
phone 0.0051 65 75 124 123
phone 0.0051 163 366 173 379
phone 0.0051 49 0 79 37
phone 0.0051 187 331 218 391
phone 0.0051 175 188 191 219
phone 0.0050 19 75 78 123
phone 0.0050 113 142 130 173
phone 0.0050 43 217 61 251
phone 0.0050 65 0 94 37
phone 0.0050 80 0 109 37
phone 0.0050 0 160 30 185
phone 0.0050 19 69 48 129
phone 0.0050 34 0 63 37
phone 0.0050 63 42 126 156
phone 0.0050 234 54 264 113
phone 0.0050 93 87 158 204
