phone 0.8090 148 95 255 322
phone 0.1105 148 220 248 347
phone 0.0969 120 108 221 300
phone 0.0876 172 145 284 300
phone 0.0554 96 159 175 302
phone 0.0464 151 88 240 209
phone 0.0448 54 141 148 319
phone 0.0417 20 107 112 295
phone 0.0416 126 131 308 375
phone 0.0384 110 173 230 339
phone 0.0378 182 83 275 239
phone 0.0375 95 101 173 246
phone 0.0323 170 248 256 321
phone 0.0289 29 0 105 162
phone 0.0268 151 125 214 228
phone 0.0263 204 144 314 270
phone 0.0262 81 43 249 297
phone 0.0259 31 175 102 339
phone 0.0258 178 252 218 316
phone 0.0249 169 262 264 365
phone 0.0247 98 229 169 339
phone 0.0244 117 222 148 247
phone 0.0242 115 74 216 214
phone 0.0239 162 139 234 245
phone 0.0237 124 218 141 250
phone 0.0225 188 225 301 345
phone 0.0223 38 76 161 269
phone 0.0222 26 53 107 224
phone 0.0219 107 167 166 247
phone 0.0215 128 228 137 240
phone 0.0213 93 47 173 171
phone 0.0210 159 263 237 336
phone 0.0203 193 116 264 206
phone 0.0189 151 170 214 276
phone 0.0187 213 92 306 229
phone 0.0181 92 207 150 300
phone 0.0178 61 25 140 190
phone 0.0175 204 137 283 216
phone 0.0175 163 252 202 316
phone 0.0173 135 110 199 181
phone 0.0172 132 232 202 305
phone 0.0171 227 185 319 331
phone 0.0168 133 139 201 213
phone 0.0168 160 204 236 303
phone 0.0165 128 236 137 248
phone 0.0162 90 181 152 264
phone 0.0157 0 166 89 301
phone 0.0154 102 236 140 301
phone 0.0153 148 66 319 279
phone 0.0152 60 221 153 347
phone 0.0152 218 191 301 255
phone 0.0148 233 121 263 147
phone 0.0147 193 254 234 314
phone 0.0147 174 40 265 187
phone 0.0145 92 153 150 230
phone 0.0144 202 194 286 282
phone 0.0140 118 191 155 254
phone 0.0140 133 200 202 276
phone 0.0139 239 117 257 151
phone 0.0139 119 161 154 222
phone 0.0134 150 115 184 176
phone 0.0134 133 170 202 245
phone 0.0134 153 92 212 168
phone 0.0134 132 218 149 251
phone 0.0133 220 159 298 225
phone 0.0131 0 9 79 141
phone 0.0128 107 142 165 211
phone 0.0126 256 214 286 239
phone 0.0125 99 252 204 376
phone 0.0124 156 252 186 278
phone 0.0124 175 143 220 210
phone 0.0124 149 239 185 298
phone 0.0121 256 183 286 208
phone 0.0121 243 128 253 140
phone 0.0120 125 229 155 255
phone 0.0119 162 248 180 281
phone 0.0118 150 146 185 207
phone 0.0118 203 63 285 197
phone 0.0118 103 176 138 238
phone 0.0116 224 130 295 192
phone 0.0116 154 0 238 168
phone 0.0116 243 143 307 210
phone 0.0115 262 210 280 243
phone 0.0115 135 228 145 240
phone 0.0115 49 253 132 376
phone 0.0114 119 255 153 313
phone 0.0114 222 176 265 239
phone 0.0113 214 14 295 141
phone 0.0113 162 129 203 193
phone 0.0113 41 218 108 288
phone 0.0111 262 179 280 212
phone 0.0110 45 0 136 115
phone 0.0110 152 284 245 399
phone 0.0109 228 103 291 158
phone 0.0109 71 223 141 284
phone 0.0108 69 253 143 315
phone 0.0108 28 142 91 211
phone 0.0108 125 167 155 193
phone 0.0108 240 176 309 239
phone 0.0107 148 283 179 308
phone 0.0107 117 237 148 262
phone 0.0107 115 223 188 284
phone 0.0106 118 7 206 147
phone 0.0106 252 155 319 289
phone 0.0106 197 95 260 165
phone 0.0105 166 259 176 271
phone 0.0104 156 144 186 170
phone 0.0104 203 253 285 315
phone 0.0104 123 103 181 158
phone 0.0104 208 112 280 180
phone 0.0103 203 264 286 395
phone 0.0102 124 233 141 266
phone 0.0102 117 206 148 232
phone 0.0102 10 4 78 72
phone 0.0102 266 220 276 233
phone 0.0101 294 114 319 139
phone 0.0100 132 163 149 197
phone 0.0100 27 171 92 243
phone 0.0100 208 130 249 192
phone 0.0100 103 206 139 270
phone 0.0100 155 279 172 312
phone 0.0098 210 271 246 328
phone 0.0098 94 252 125 278
phone 0.0098 0 330 1 399
phone 0.0098 149 208 185 268
phone 0.0097 72 163 139 221
phone 0.0097 135 236 145 248
phone 0.0097 162 140 180 174
phone 0.0097 266 189 276 202
phone 0.0097 0 96 90 251
phone 0.0096 124 202 141 235
phone 0.0096 24 254 96 314
phone 0.0095 256 229 286 255
phone 0.0095 241 194 278 251
phone 0.0095 77 269 166 391
phone 0.0095 149 177 185 237
phone 0.0095 148 183 178 209
phone 0.0095 89 256 122 312
phone 0.0094 101 283 172 347
phone 0.0094 72 192 139 253
phone 0.0094 25 203 94 273
phone 0.0094 59 11 121 64
phone 0.0094 43 147 76 206
phone 0.0094 119 130 184 192
phone 0.0094 224 147 264 206
phone 0.0094 240 43 319 173
phone 0.0094 223 271 296 328
phone 0.0093 56 287 125 342
phone 0.0093 161 189 204 255
phone 0.0093 41 189 108 256
phone 0.0093 266 228 276 240
phone 0.0092 218 225 300 282
phone 0.0092 209 282 279 347
phone 0.0092 128 243 137 256
phone 0.0092 0 90 153 366
phone 0.0091 125 144 155 170
phone 0.0091 305 120 314 133
phone 0.0091 132 233 149 266
phone 0.0091 89 225 122 282
phone 0.0090 161 220 204 286
phone 0.0090 134 263 201 336
phone 0.0090 258 162 292 221
phone 0.0090 25 35 94 102
phone 0.0089 104 146 138 207
phone 0.0089 159 289 168 302
phone 0.0089 261 157 319 226
phone 0.0089 266 182 276 194
phone 0.0089 135 116 168 175
phone 0.0089 256 198 286 224
phone 0.0088 216 89 273 141
phone 0.0088 101 248 118 282
phone 0.0088 233 213 263 240
phone 0.0088 270 209 287 243
phone 0.0088 161 299 235 361
phone 0.0088 40 140 227 373
phone 0.0088 10 222 79 284
phone 0.0087 134 209 169 266
phone 0.0087 262 225 280 259
phone 0.0087 203 188 254 257
phone 0.0087 40 269 110 329
phone 0.0087 264 205 294 232
phone 0.0086 27 9 61 67
phone 0.0086 19 221 117 368
phone 0.0086 155 179 172 212
phone 0.0086 113 302 191 359
phone 0.0086 57 224 92 282
phone 0.0086 255 130 287 154
phone 0.0086 135 174 145 186
phone 0.0086 241 163 277 221
phone 0.0086 148 129 178 155
phone 0.0086 243 116 276 175
phone 0.0085 166 151 176 163
phone 0.0085 43 67 107 132
phone 0.0085 132 140 149 174
phone 0.0085 240 207 309 269
phone 0.0084 128 213 137 225
phone 0.0084 42 178 76 236
phone 0.0084 212 85 245 144
phone 0.0083 263 126 279 157
phone 0.0083 111 257 192 311
phone 0.0083 89 178 122 236
phone 0.0082 93 123 149 199
phone 0.0082 239 209 257 243
phone 0.0082 246 112 304 179
phone 0.0082 181 286 215 343
phone 0.0081 195 314 263 377
phone 0.0081 273 192 307 252
phone 0.0081 40 22 110 85
phone 0.0081 262 194 280 228
phone 0.0081 240 234 312 364
phone 0.0080 266 135 276 148
phone 0.0080 135 163 168 221
phone 0.0080 43 255 76 313
phone 0.0080 74 286 106 344
phone 0.0080 242 271 276 327
phone 0.0080 105 319 169 372
phone 0.0080 266 197 276 209
phone 0.0080 261 228 319 309
phone 0.0080 143 248 224 382
phone 0.0079 41 156 109 227
phone 0.0079 32 58 48 87
phone 0.0079 24 61 56 84
phone 0.0079 10 192 79 253
phone 0.0079 203 158 254 226
phone 0.0079 266 213 276 225
phone 0.0079 128 220 137 232
phone 0.0078 42 209 76 267
phone 0.0078 0 138 60 184
phone 0.0078 119 286 153 343
phone 0.0078 94 205 125 232
phone 0.0078 125 290 155 317
phone 0.0078 135 243 145 255
phone 0.0078 85 299 157 361
phone 0.0077 155 125 172 159
phone 0.0077 105 259 114 271
phone 0.0077 258 193 291 251
phone 0.0077 150 270 184 328
phone 0.0077 179 100 216 160
phone 0.0077 227 286 261 343
phone 0.0076 55 207 126 269
phone 0.0076 147 314 219 377
phone 0.0076 266 236 276 248
phone 0.0076 288 187 319 319
phone 0.0076 92 0 170 99
phone 0.0076 57 194 92 251
phone 0.0076 159 189 168 202
phone 0.0076 40 57 56 88
phone 0.0075 35 66 45 79
phone 0.0075 43 55 76 113
phone 0.0075 13 146 44 206
phone 0.0075 274 220 284 232
phone 0.0075 94 267 125 293
phone 0.0075 264 221 294 247
phone 0.0075 226 117 261 174
phone 0.0075 0 0 45 95
phone 0.0075 27 209 60 267
phone 0.0075 0 89 60 202
phone 0.0074 248 121 278 147
phone 0.0074 73 25 107 81
phone 0.0074 125 128 155 155
phone 0.0074 125 213 155 240
phone 0.0074 162 279 180 312
phone 0.0074 224 330 256 354
phone 0.0074 226 256 261 312
phone 0.0074 45 98 104 162
phone 0.0074 105 266 114 279
phone 0.0073 232 326 248 357
phone 0.0073 135 241 168 297
phone 0.0073 167 334 229 388
phone 0.0073 89 286 122 343
phone 0.0073 244 85 276 144
phone 0.0073 55 177 125 238
phone 0.0072 148 326 163 357
phone 0.0072 135 151 145 163
phone 0.0072 71 59 102 86
phone 0.0072 58 85 91 144
phone 0.0072 140 330 172 354
phone 0.0072 181 317 214 374
phone 0.0072 13 116 44 175
phone 0.0072 132 286 149 320
phone 0.0072 0 107 60 154
phone 0.0072 256 167 286 193
phone 0.0071 0 7 29 68
phone 0.0071 242 226 276 281
phone 0.0071 135 302 168 358
phone 0.0071 0 149 59 264
phone 0.0071 0 168 60 216
phone 0.0071 92 57 150 111
phone 0.0071 159 297 168 310
phone 0.0071 259 270 291 328
phone 0.0071 135 272 168 327
phone 0.0070 258 239 291 298
phone 0.0070 266 205 276 217
phone 0.0070 58 55 92 113
phone 0.0070 101 202 118 236
phone 0.0070 121 316 152 376
phone 0.0070 174 174 221 240
phone 0.0070 274 81 319 195
phone 0.0070 102 259 132 286
phone 0.0070 55 40 125 98
phone 0.0070 212 317 245 374
phone 0.0070 43 66 53 79
phone 0.0070 186 113 217 139
phone 0.0070 28 239 60 298
phone 0.0069 236 335 245 348
phone 0.0069 135 166 145 179
phone 0.0069 108 263 126 297
phone 0.0069 132 125 149 159
phone 0.0069 243 220 253 232
phone 0.0069 125 244 155 270
phone 0.0069 135 182 145 194
phone 0.0068 28 39 60 98
phone 0.0068 71 76 102 100
phone 0.0068 78 56 95 89
phone 0.0068 68 92 145 229
phone 0.0068 233 197 263 225
phone 0.0068 151 336 160 348
phone 0.0068 103 269 139 330
phone 0.0068 101 263 118 297
phone 0.0068 13 177 44 237
phone 0.0068 274 213 284 225
phone 0.0068 0 244 60 354
phone 0.0068 78 73 95 103
phone 0.0068 159 136 168 148
phone 0.0068 125 182 155 209
phone 0.0068 27 0 92 47
phone 0.0067 0 199 44 246
phone 0.0067 28 146 60 206
phone 0.0067 185 82 242 148
phone 0.0067 14 121 75 170
phone 0.0067 108 113 165 178
phone 0.0067 196 317 230 374
phone 0.0067 92 27 150 80
phone 0.0067 0 230 45 277
phone 0.0067 132 201 149 236
phone 0.0067 233 166 263 194
phone 0.0067 217 144 248 170
phone 0.0067 263 129 318 193
phone 0.0067 255 117 272 151
phone 0.0067 0 277 59 322
phone 0.0067 46 125 104 197
phone 0.0067 58 145 123 208
phone 0.0067 270 194 288 228
phone 0.0067 222 208 265 268
phone 0.0067 0 196 44 310
phone 0.0066 207 238 250 299
phone 0.0066 13 58 76 110
phone 0.0066 42 9 76 67
phone 0.0066 28 115 60 175
phone 0.0066 57 25 92 81
phone 0.0066 278 175 319 239
phone 0.0066 166 143 176 156
phone 0.0066 230 14 289 62
phone 0.0066 14 269 44 329
phone 0.0066 0 76 60 123
phone 0.0066 14 260 75 369
phone 0.0066 273 223 307 283
phone 0.0065 117 190 148 216
phone 0.0065 261 322 319 370
phone 0.0065 193 110 211 143
phone 0.0065 58 116 91 175
phone 0.0065 52 241 129 297
phone 0.0065 138 88 197 142
phone 0.0065 274 253 307 314
phone 0.0065 14 56 75 172
phone 0.0065 293 227 319 280
phone 0.0065 13 85 44 144
phone 0.0065 233 251 263 278
phone 0.0065 0 177 29 236
phone 0.0065 259 288 319 399
phone 0.0065 245 30 305 77
phone 0.0065 104 301 137 359
phone 0.0064 14 292 74 338
phone 0.0064 194 101 232 160
phone 0.0064 262 163 280 197
phone 0.0064 166 289 176 302
phone 0.0064 276 307 319 354
phone 0.0064 166 84 199 144
phone 0.0064 0 120 45 232
phone 0.0064 74 332 138 399
phone 0.0064 260 45 319 92
phone 0.0064 29 285 59 345
phone 0.0064 125 197 155 225
phone 0.0064 166 316 199 374
phone 0.0064 60 284 90 345
phone 0.0064 0 208 29 267
phone 0.0064 57 163 92 220
phone 0.0063 196 287 230 343
phone 0.0063 17 52 48 77
phone 0.0063 156 290 186 316
phone 0.0063 166 251 176 263
phone 0.0063 243 0 307 111
phone 0.0063 28 177 60 236
phone 0.0063 120 100 153 159
phone 0.0063 71 122 102 146
phone 0.0063 276 30 319 77
phone 0.0063 135 159 145 171
phone 0.0063 24 49 41 80
phone 0.0063 132 178 149 213
phone 0.0063 276 316 305 375
phone 0.0063 239 194 257 228
phone 0.0063 0 0 1 99
phone 0.0062 14 90 75 140
phone 0.0062 185 331 258 399
phone 0.0062 75 0 106 51
phone 0.0062 244 8 276 67
phone 0.0062 179 252 209 278
phone 0.0062 140 326 156 357
phone 0.0062 99 0 319 225
phone 0.0062 239 163 257 197
phone 0.0062 0 146 29 206
phone 0.0062 274 0 319 110
phone 0.0062 27 0 61 36
phone 0.0062 117 175 148 201
phone 0.0062 78 119 95 149
phone 0.0062 0 39 29 98
phone 0.0062 291 367 319 399
phone 0.0062 29 84 60 145
phone 0.0062 106 70 137 128
phone 0.0062 273 125 319 257
phone 0.0062 106 23 137 83
phone 0.0062 0 91 28 139
phone 0.0062 240 322 272 346
phone 0.0061 0 239 29 298
phone 0.0061 216 337 272 385
phone 0.0061 260 23 290 82
phone 0.0061 75 367 136 399
phone 0.0061 151 317 183 374
phone 0.0061 148 221 178 247
phone 0.0061 306 223 319 283
phone 0.0061 278 201 319 274
phone 0.0061 275 39 306 98
phone 0.0061 168 30 229 77
phone 0.0061 162 179 180 213
phone 0.0061 29 275 90 384
phone 0.0061 73 210 107 266
phone 0.0061 0 58 29 171
phone 0.0061 224 140 241 174
phone 0.0061 124 186 141 220
phone 0.0061 91 331 121 391
phone 0.0061 14 54 44 114
phone 0.0061 248 319 263 350
phone 0.0060 0 122 29 169
phone 0.0060 135 297 145 309
phone 0.0060 143 336 153 348
phone 0.0060 239 248 257 282
phone 0.0060 306 368 319 399
phone 0.0060 288 103 319 219
phone 0.0060 0 193 13 252
phone 0.0060 71 275 102 301
phone 0.0060 105 213 114 225
phone 0.0060 82 82 91 94
phone 0.0060 292 137 319 185
phone 0.0060 175 206 220 270
phone 0.0060 288 57 319 172
phone 0.0060 14 337 74 385
phone 0.0060 305 332 319 399
phone 0.0060 274 332 319 399
phone 0.0060 131 248 149 282
phone 0.0060 112 274 122 286
phone 0.0060 168 60 228 108
phone 0.0060 230 45 290 92
phone 0.0060 105 274 114 286
phone 0.0059 128 205 137 217
phone 0.0059 60 0 120 35
phone 0.0059 30 307 90 353
phone 0.0059 306 131 319 190
phone 0.0059 0 69 13 129
phone 0.0059 136 85 168 144
phone 0.0059 289 192 319 252
phone 0.0059 44 300 75 360
phone 0.0059 243 228 253 240
phone 0.0059 13 207 45 268
phone 0.0059 165 285 200 344
phone 0.0059 147 178 165 213
phone 0.0059 274 228 284 240
phone 0.0059 246 337 304 385
phone 0.0059 90 362 122 399
phone 0.0059 255 114 287 139
phone 0.0059 137 45 198 93
phone 0.0059 73 179 107 235
phone 0.0059 0 261 44 307
phone 0.0059 0 307 43 354
phone 0.0059 291 39 319 98
phone 0.0059 240 327 256 357
phone 0.0059 306 85 319 144
phone 0.0059 291 316 319 375
phone 0.0059 264 190 294 217
phone 0.0059 289 258 319 371
phone 0.0059 43 85 76 144
phone 0.0059 122 29 182 77
phone 0.0059 251 328 260 341
phone 0.0058 232 321 287 370
phone 0.0058 0 291 28 339
phone 0.0058 82 66 91 79
phone 0.0058 228 71 260 128
phone 0.0058 290 162 319 221
phone 0.0058 266 128 276 141
phone 0.0058 260 315 290 375
phone 0.0058 212 0 277 95
phone 0.0058 307 184 319 231
phone 0.0058 303 149 319 264
phone 0.0058 259 128 268 140
phone 0.0058 185 248 203 282
phone 0.0058 135 136 145 148
phone 0.0058 199 75 258 124
phone 0.0058 12 8 45 67
phone 0.0058 0 322 59 369
phone 0.0058 183 24 213 83
phone 0.0058 244 39 275 98
phone 0.0058 292 291 319 338
phone 0.0058 78 271 95 305
phone 0.0058 0 116 13 175
phone 0.0058 243 335 253 348
phone 0.0058 135 220 145 232
phone 0.0058 0 43 15 166
phone 0.0058 75 362 106 399
phone 0.0058 256 252 286 278
phone 0.0058 0 273 45 386
phone 0.0058 120 333 185 399
phone 0.0058 263 268 318 330
phone 0.0058 0 255 0 374
phone 0.0058 197 120 207 133
phone 0.0058 0 269 13 329
phone 0.0057 306 23 319 83
phone 0.0057 105 362 137 399
phone 0.0057 0 162 13 221
phone 0.0057 45 290 106 399
phone 0.0057 124 171 141 205
phone 0.0057 183 54 213 113
phone 0.0057 230 331 259 391
phone 0.0057 29 331 59 390
phone 0.0057 82 128 91 140
phone 0.0057 106 368 167 399
phone 0.0057 0 101 1 221
phone 0.0057 121 75 183 124
phone 0.0057 247 285 303 344
phone 0.0057 0 105 17 227
phone 0.0057 28 59 37 71
phone 0.0057 0 147 0 267
phone 0.0056 306 285 319 344
phone 0.0056 107 44 166 93
phone 0.0056 274 205 284 217
phone 0.0056 0 367 29 399
phone 0.0056 0 332 30 399
phone 0.0056 44 367 106 399
phone 0.0056 42 0 77 36
phone 0.0056 137 23 167 83
phone 0.0056 243 120 253 132
phone 0.0056 148 167 178 193
phone 0.0056 45 323 105 369
phone 0.0056 17 49 33 80
phone 0.0056 153 39 182 98
phone 0.0056 135 213 145 225
phone 0.0056 106 90 167 140
phone 0.0056 0 55 1 174
phone 0.0056 60 316 90 375
phone 0.0056 266 243 276 256
phone 0.0056 135 251 145 263
phone 0.0056 43 115 76 175
phone 0.0056 291 76 319 123
phone 0.0056 73 55 107 112
phone 0.0056 152 75 214 124
phone 0.0056 71 251 102 278
phone 0.0056 276 60 319 108
phone 0.0056 45 331 75 390
phone 0.0056 266 174 276 186
phone 0.0055 122 54 152 113
phone 0.0055 14 316 44 375
phone 0.0055 0 243 60 294
phone 0.0055 155 217 172 251
phone 0.0055 168 39 198 98
phone 0.0055 197 70 230 128
phone 0.0055 248 175 278 201
phone 0.0055 0 209 1 328
phone 0.0055 294 198 319 224
phone 0.0055 94 221 125 247
phone 0.0055 112 266 122 279
phone 0.0055 228 8 260 67
phone 0.0055 29 353 90 399
phone 0.0055 0 363 14 399
phone 0.0055 263 110 279 142
phone 0.0055 121 0 183 64
phone 0.0055 121 362 153 399
phone 0.0055 59 363 91 399
phone 0.0055 0 23 13 83
phone 0.0055 245 316 275 375
phone 0.0055 275 363 306 399
phone 0.0055 0 8 1 128
phone 0.0055 199 14 259 62
phone 0.0054 155 140 172 174
phone 0.0054 151 0 214 110
phone 0.0054 225 182 255 209
phone 0.0054 135 299 200 399
phone 0.0054 0 223 13 282
phone 0.0054 306 316 319 375
phone 0.0054 136 362 168 399
phone 0.0054 74 86 106 143
phone 0.0054 14 367 75 399
phone 0.0054 76 114 135 177
phone 0.0054 233 236 263 263
phone 0.0054 135 289 145 302
phone 0.0054 0 0 14 51
phone 0.0054 213 8 245 67
phone 0.0054 179 159 209 186
phone 0.0054 0 165 15 291
phone 0.0054 137 368 197 399
phone 0.0054 306 54 319 113
phone 0.0054 301 119 318 149
phone 0.0054 303 210 319 326
phone 0.0054 82 59 91 71
phone 0.0054 138 0 197 31
phone 0.0054 71 44 101 71
phone 0.0053 75 315 105 375
phone 0.0053 44 363 75 399
phone 0.0053 0 337 13 385
phone 0.0053 0 0 28 32
phone 0.0053 152 363 183 399
phone 0.0053 232 163 249 197
phone 0.0053 20 58 30 71
phone 0.0053 0 307 13 354
phone 0.0053 162 125 180 159
phone 0.0053 0 353 59 399
phone 0.0053 229 39 260 98
phone 0.0053 181 25 246 142
phone 0.0053 278 150 319 203
phone 0.0053 78 248 95 282
phone 0.0053 0 44 59 93
phone 0.0053 166 297 176 310
phone 0.0053 137 54 167 113
phone 0.0053 301 202 318 235
phone 0.0053 13 238 44 299
phone 0.0053 184 45 243 92
phone 0.0053 243 213 253 225
phone 0.0053 29 363 60 399
phone 0.0053 228 332 292 399
phone 0.0053 214 367 275 399
phone 0.0053 275 115 306 175
phone 0.0053 73 256 107 312
phone 0.0053 255 307 287 330
phone 0.0053 135 190 145 202
phone 0.0053 107 0 166 30
phone 0.0053 166 189 176 202
phone 0.0052 260 347 290 399
phone 0.0052 0 273 14 386
phone 0.0052 233 290 263 317
phone 0.0052 71 28 101 55
phone 0.0052 263 304 279 334
phone 0.0052 89 132 122 190
phone 0.0052 215 0 273 31
phone 0.0052 73 132 107 190
phone 0.0052 262 248 280 282
phone 0.0052 286 269 318 292
phone 0.0052 128 197 137 209
phone 0.0052 17 26 33 57
phone 0.0052 293 259 319 309
phone 0.0052 228 151 237 163
phone 0.0052 105 220 114 233
phone 0.0052 61 353 120 399
phone 0.0052 138 14 197 62
phone 0.0052 167 363 198 399
phone 0.0052 261 14 319 62
phone 0.0052 266 312 276 325
phone 0.0052 9 30 41 54
phone 0.0052 243 205 253 217
phone 0.0052 248 91 279 116
phone 0.0052 246 88 304 142
phone 0.0052 232 179 249 212
phone 0.0052 243 174 253 186
phone 0.0051 102 275 132 301
phone 0.0051 13 363 45 399
phone 0.0051 138 0 167 37
phone 0.0051 198 39 229 98
phone 0.0051 159 128 168 140
phone 0.0051 307 0 319 30
phone 0.0051 90 24 121 82
phone 0.0051 213 363 245 399
phone 0.0051 266 120 276 133
phone 0.0051 17 0 181 241
phone 0.0051 94 190 124 217
phone 0.0051 167 0 229 46
phone 0.0051 297 274 307 287
phone 0.0051 122 23 152 82
phone 0.0051 153 0 182 37
phone 0.0051 151 189 160 202
phone 0.0051 243 259 253 271
phone 0.0051 94 98 148 162
phone 0.0051 198 363 229 399
phone 0.0051 294 265 310 296
phone 0.0051 156 326 171 357
phone 0.0051 91 0 121 37
phone 0.0051 305 128 314 140
phone 0.0051 307 261 319 308
phone 0.0050 0 0 60 53
phone 0.0050 189 259 199 271
phone 0.0050 135 143 145 155
phone 0.0050 197 11 261 126
phone 0.0050 261 0 319 30
phone 0.0050 135 259 145 271
phone 0.0050 290 8 319 67
phone 0.0050 122 0 151 37
phone 0.0050 154 163 172 197
phone 0.0050 239 178 257 213
phone 0.0050 225 326 241 358
phone 0.0050 184 368 243 399
phone 0.0050 239 232 257 267
