phone 0.9376 61 38 131 185
phone 0.0795 76 42 153 152
phone 0.0607 55 67 114 155
phone 0.0562 103 103 134 127
phone 0.0547 111 100 127 131
phone 0.0508 114 109 124 121
phone 0.0440 13 4 192 228
phone 0.0371 4 33 98 202
phone 0.0335 62 112 140 227
phone 0.0333 69 104 199 238
phone 0.0298 65 66 194 187
phone 0.0297 0 67 66 224
phone 0.0282 131 16 222 175
phone 0.0246 40 1 132 138
phone 0.0232 94 32 244 207
phone 0.0219 114 117 124 129
phone 0.0207 74 43 125 118
phone 0.0204 114 85 343 215
phone 0.0187 26 83 111 140
phone 0.0186 66 1 326 179
phone 0.0180 3 88 73 165
phone 0.0176 77 0 194 135
phone 0.0169 128 151 194 226
phone 0.0165 139 75 214 148
phone 0.0161 65 167 133 238
phone 0.0161 56 19 112 112
phone 0.0160 57 141 88 166
phone 0.0156 5 113 86 232
phone 0.0155 122 125 230 238
phone 0.0152 82 156 178 238
phone 0.0152 112 134 179 212
phone 0.0148 182 130 275 231
phone 0.0148 64 137 81 170
phone 0.0146 78 137 151 209
phone 0.0146 0 0 67 131
phone 0.0146 128 86 195 168
phone 0.0143 91 126 169 189
phone 0.0142 65 102 96 128
phone 0.0140 96 87 126 113
phone 0.0136 102 79 189 144
phone 0.0135 19 94 118 220
phone 0.0135 68 147 77 160
phone 0.0134 72 99 89 131
phone 0.0132 114 101 124 113
phone 0.0131 103 83 120 116
phone 0.0130 65 79 95 105
phone 0.0128 110 83 127 117
phone 0.0127 78 124 120 191
phone 0.0127 57 56 88 82
phone 0.0127 81 157 118 219
phone 0.0125 52 130 116 215
phone 0.0125 163 52 294 187
phone 0.0124 118 98 135 132
phone 0.0124 51 82 86 140
phone 0.0124 146 0 259 100
phone 0.0122 72 137 89 170
phone 0.0121 72 75 89 109
phone 0.0120 143 158 179 218
phone 0.0120 127 110 157 136
phone 0.0119 76 109 85 121
phone 0.0118 103 99 120 131
phone 0.0118 77 188 153 238
phone 0.0117 20 156 117 238
phone 0.0116 111 105 180 179
phone 0.0116 64 52 81 86
phone 0.0114 19 97 56 156
phone 0.0114 106 94 116 106
phone 0.0111 72 17 127 82
phone 0.0111 97 175 132 232
phone 0.0111 137 175 216 233
phone 0.0111 133 106 150 139
phone 0.0111 113 145 147 200
phone 0.0109 114 94 124 106
phone 0.0109 76 147 85 160
phone 0.0107 163 91 252 223
phone 0.0106 122 109 131 121
phone 0.0106 75 86 85 98
phone 0.0105 0 156 71 238
phone 0.0105 127 143 163 202
phone 0.0104 32 49 106 112
phone 0.0104 88 45 172 117
phone 0.0103 106 109 116 121
phone 0.0103 158 82 194 141
phone 0.0102 3 0 93 93
phone 0.0102 88 79 118 105
phone 0.0102 68 63 77 75
phone 0.0102 0 123 57 192
phone 0.0100 30 143 107 202
phone 0.0099 142 38 210 123
phone 0.0099 188 0 276 122
phone 0.0099 5 97 39 156
phone 0.0099 64 124 104 190
phone 0.0098 96 144 133 202
phone 0.0098 137 117 147 129
phone 0.0097 129 121 193 194
phone 0.0095 152 95 232 158
phone 0.0095 127 98 163 155
phone 0.0094 143 96 179 157
phone 0.0094 95 75 112 109
phone 0.0094 34 125 65 151
phone 0.0094 113 191 147 238
phone 0.0093 134 235 165 238
phone 0.0092 142 231 157 238
phone 0.0091 177 167 238 238
phone 0.0091 63 0 153 104
phone 0.0090 41 122 58 154
phone 0.0090 134 231 149 238
phone 0.0089 99 20 161 79
phone 0.0089 17 64 90 128
phone 0.0089 159 176 193 231
phone 0.0088 75 78 85 90
phone 0.0088 128 174 163 233
phone 0.0088 220 64 303 173
phone 0.0087 111 110 141 136
phone 0.0087 41 219 73 238
phone 0.0087 49 215 65 238
phone 0.0087 137 143 216 203
phone 0.0087 96 202 165 238
phone 0.0085 111 30 181 100
phone 0.0085 30 114 108 170
phone 0.0085 34 206 104 238
phone 0.0084 24 19 82 81
phone 0.0083 52 224 62 237
phone 0.0083 172 124 243 190
phone 0.0083 104 48 134 75
phone 0.0083 143 204 210 238
phone 0.0083 51 145 85 200
phone 0.0083 188 110 257 174
phone 0.0082 51 52 85 109
phone 0.0082 99 86 108 98
phone 0.0081 20 52 55 109
phone 0.0080 137 112 216 172
phone 0.0080 64 75 81 109
phone 0.0080 57 71 88 97
phone 0.0080 88 140 119 167
phone 0.0080 5 67 40 125
phone 0.0079 0 0 58 60
phone 0.0079 47 187 122 238
phone 0.0079 110 113 149 171
phone 0.0079 17 188 90 238
phone 0.0078 68 19 101 80
phone 0.0078 57 94 88 120
phone 0.0078 98 205 131 238
phone 0.0077 45 132 54 144
phone 0.0077 35 83 71 140
phone 0.0077 110 44 127 78
phone 0.0077 36 160 70 217
phone 0.0076 96 226 127 238
phone 0.0076 103 222 119 238
phone 0.0076 67 159 101 217
phone 0.0076 99 78 108 90
phone 0.0076 143 128 178 187
phone 0.0076 5 144 39 201
phone 0.0076 82 190 116 238
phone 0.0075 145 9 207 90
phone 0.0075 125 106 143 140
phone 0.0075 99 94 108 106
phone 0.0075 95 137 112 170
phone 0.0075 131 0 192 44
phone 0.0074 94 35 135 95
phone 0.0074 17 126 90 189
phone 0.0074 119 226 150 238
phone 0.0074 104 148 134 175
phone 0.0073 20 144 55 202
phone 0.0073 134 226 165 238
phone 0.0073 34 140 65 167
phone 0.0072 181 27 264 164
phone 0.0072 126 222 142 238
phone 0.0072 193 49 252 111
phone 0.0072 34 215 50 238
phone 0.0072 52 190 85 238
phone 0.0072 0 206 55 238
phone 0.0071 85 223 145 238
phone 0.0071 141 222 158 238
phone 0.0071 174 99 209 154
phone 0.0071 26 219 58 238
phone 0.0071 35 102 64 128
phone 0.0070 68 86 77 98
phone 0.0070 64 90 82 124
phone 0.0070 85 9 145 60
phone 0.0070 119 156 149 182
phone 0.0070 126 231 142 238
phone 0.0070 102 137 120 170
phone 0.0070 190 159 224 217
phone 0.0070 149 222 165 238
phone 0.0070 118 234 150 238
phone 0.0069 188 78 257 145
phone 0.0069 52 114 85 170
phone 0.0069 164 5 220 64
phone 0.0069 190 128 224 186
phone 0.0069 0 0 41 18
phone 0.0069 190 189 224 238
phone 0.0069 122 117 131 129
phone 0.0069 0 78 45 144
phone 0.0069 112 37 147 94
phone 0.0069 35 86 64 113
phone 0.0069 206 129 239 186
phone 0.0068 129 36 162 94
phone 0.0068 161 0 192 48
phone 0.0068 159 145 193 200
phone 0.0068 106 101 116 114
phone 0.0068 41 137 58 170
phone 0.0067 107 0 183 74
phone 0.0067 110 144 128 178
phone 0.0067 106 232 116 238
phone 0.0067 106 86 116 98
phone 0.0067 110 222 127 238
phone 0.0067 99 5 131 63
phone 0.0067 36 37 70 93
phone 0.0067 41 98 58 132
phone 0.0066 116 222 176 238
phone 0.0066 0 15 41 84
phone 0.0066 141 64 181 127
phone 0.0066 6 190 39 238
phone 0.0066 149 227 181 238
phone 0.0066 191 141 255 204
phone 0.0066 152 232 162 238
phone 0.0066 114 55 124 67
phone 0.0065 157 223 173 238
phone 0.0065 67 190 101 238
phone 0.0065 37 224 47 237
phone 0.0065 144 190 178 238
phone 0.0065 155 154 229 222
phone 0.0065 48 136 66 171
phone 0.0065 129 117 139 129
phone 0.0065 174 35 240 96
phone 0.0065 36 190 70 238
phone 0.0065 239 118 298 166
phone 0.0065 99 147 108 160
phone 0.0064 151 60 232 132
phone 0.0064 41 83 58 117
phone 0.0064 159 114 193 170
phone 0.0064 54 224 114 238
phone 0.0064 116 0 176 28
phone 0.0064 177 0 207 48
phone 0.0063 160 232 170 238
phone 0.0063 129 205 162 238
phone 0.0063 84 5 115 63
phone 0.0063 96 71 126 98
phone 0.0063 175 191 208 238
phone 0.0063 177 0 237 27
phone 0.0063 190 99 224 154
phone 0.0063 68 78 77 91
phone 0.0063 146 0 207 28
phone 0.0063 125 152 143 186
phone 0.0063 131 17 191 113
phone 0.0063 131 0 161 48
phone 0.0062 57 215 73 238
phone 0.0062 100 0 160 12
phone 0.0062 54 0 114 27
phone 0.0062 85 0 145 27
phone 0.0062 157 51 195 110
phone 0.0062 84 219 115 238
phone 0.0062 239 26 299 74
phone 0.0062 131 0 191 12
phone 0.0062 65 63 95 90
phone 0.0062 224 10 283 58
phone 0.0062 208 0 268 43
phone 0.0062 70 0 130 12
phone 0.0062 99 0 162 45
phone 0.0062 224 211 283 238
phone 0.0062 53 0 115 60
phone 0.0062 205 98 240 155
phone 0.0062 127 67 164 125
phone 0.0062 0 0 23 48
phone 0.0062 65 117 95 144
phone 0.0062 238 0 300 107
phone 0.0061 146 0 176 33
phone 0.0061 39 0 99 12
phone 0.0061 133 222 150 238
phone 0.0061 68 101 77 114
phone 0.0061 108 67 151 125
phone 0.0061 137 109 147 121
phone 0.0061 68 0 131 45
phone 0.0061 134 71 165 97
phone 0.0061 192 0 254 60
phone 0.0061 191 21 223 78
phone 0.0061 163 226 221 238
phone 0.0061 27 171 57 197
phone 0.0061 38 0 100 45
phone 0.0061 68 109 77 121
phone 0.0061 162 0 222 12
phone 0.0061 237 100 301 214
phone 0.0061 222 178 285 238
phone 0.0061 24 0 83 28
phone 0.0061 36 114 70 170
phone 0.0061 254 112 284 171
phone 0.0061 192 208 254 238
phone 0.0060 146 219 176 238
phone 0.0060 8 0 68 12
phone 0.0060 158 20 194 79
phone 0.0060 193 0 222 33
phone 0.0060 116 0 145 33
phone 0.0060 68 70 77 83
phone 0.0060 239 149 298 197
phone 0.0060 60 224 70 237
phone 0.0060 141 68 158 101
phone 0.0060 106 147 116 160
phone 0.0059 119 102 149 128
phone 0.0059 70 0 99 33
phone 0.0059 162 219 192 238
phone 0.0059 100 0 130 33
phone 0.0059 104 163 134 190
phone 0.0059 131 0 161 17
phone 0.0059 254 41 314 89
phone 0.0059 33 168 50 201
phone 0.0059 254 20 284 79
phone 0.0059 85 0 115 33
phone 0.0059 239 4 268 64
phone 0.0059 114 232 123 238
phone 0.0059 21 190 55 238
phone 0.0059 223 0 253 48
phone 0.0059 80 102 111 128
phone 0.0059 208 226 268 238
phone 0.0059 143 19 178 80
phone 0.0059 208 0 238 33
phone 0.0059 54 0 84 33
phone 0.0059 162 0 192 17
phone 0.0058 239 87 298 135
phone 0.0058 76 101 85 114
phone 0.0058 85 90 144 163
phone 0.0058 209 26 268 74
phone 0.0058 207 35 238 94
phone 0.0058 238 204 269 238
phone 0.0058 39 0 68 17
phone 0.0058 172 223 188 238
phone 0.0058 239 195 299 238
phone 0.0058 285 103 345 151
phone 0.0058 207 193 270 238
phone 0.0058 102 67 120 101
phone 0.0058 114 5 146 63
phone 0.0058 177 0 207 17
phone 0.0058 270 87 330 135
phone 0.0058 253 23 315 137
phone 0.0057 254 72 314 120
phone 0.0057 270 56 330 104
phone 0.0057 209 131 267 184
phone 0.0057 270 118 330 166
phone 0.0057 0 220 41 238
phone 0.0057 45 147 54 160
phone 0.0057 165 223 180 238
phone 0.0057 69 219 99 238
phone 0.0057 0 0 41 2
phone 0.0057 285 72 345 120
phone 0.0057 24 0 53 18
phone 0.0057 268 38 331 153
phone 0.0057 363 0 399 59
phone 0.0057 284 69 346 184
phone 0.0057 300 87 360 135
phone 0.0057 361 0 399 28
phone 0.0057 38 5 69 62
phone 0.0057 193 0 253 12
phone 0.0057 270 26 330 74
phone 0.0057 238 223 300 238
phone 0.0057 7 0 38 47
phone 0.0057 131 0 161 2
phone 0.0057 116 0 145 2
phone 0.0057 269 84 331 199
phone 0.0057 254 103 314 151
phone 0.0057 239 0 299 43
phone 0.0057 285 133 345 181
phone 0.0057 71 113 89 147
phone 0.0057 300 57 361 104
phone 0.0057 362 224 399 238
phone 0.0057 0 175 24 232
phone 0.0057 0 129 24 186
phone 0.0057 146 0 176 2
phone 0.0057 285 41 345 89
phone 0.0057 316 72 376 120
phone 0.0057 223 204 253 238
phone 0.0057 71 52 89 86
phone 0.0057 100 0 130 2
phone 0.0056 254 10 314 58
phone 0.0056 0 0 22 2
phone 0.0056 284 23 346 137
phone 0.0056 299 38 362 153
phone 0.0056 316 41 376 89
phone 0.0056 254 143 284 202
phone 0.0056 300 118 360 166
phone 0.0056 254 180 314 227
phone 0.0056 85 0 115 2
phone 0.0056 270 35 299 94
phone 0.0056 268 0 331 107
phone 0.0056 54 0 84 2
phone 0.0056 361 25 399 74
phone 0.0056 268 223 331 238
phone 0.0056 69 0 99 2
phone 0.0056 270 149 330 197
phone 0.0056 300 149 360 197
phone 0.0056 200 77 277 206
phone 0.0056 162 0 192 2
phone 0.0056 223 0 283 28
phone 0.0056 362 178 399 238
phone 0.0056 23 0 53 48
phone 0.0056 314 23 377 137
phone 0.0056 104 78 134 106
phone 0.0056 331 57 391 104
phone 0.0056 114 155 124 167
phone 0.0056 253 69 315 184
phone 0.0056 178 219 207 238
phone 0.0056 45 109 54 121
phone 0.0056 316 103 376 151
phone 0.0056 362 9 399 120
phone 0.0056 239 57 299 104
phone 0.0056 299 84 362 199
phone 0.0056 284 115 346 230
phone 0.0056 110 159 127 194
phone 0.0056 285 164 345 212
phone 0.0056 39 0 68 2
phone 0.0056 330 223 393 238
phone 0.0056 168 232 177 238
phone 0.0056 208 5 238 63
phone 0.0056 254 210 314 238
phone 0.0055 270 195 330 238
phone 0.0055 23 0 53 2
phone 0.0055 223 20 253 79
phone 0.0055 362 55 399 167
phone 0.0055 81 71 111 98
phone 0.0055 254 81 284 140
phone 0.0055 331 26 391 74
phone 0.0055 362 116 399 228
phone 0.0055 316 133 376 181
phone 0.0055 361 71 399 120
phone 0.0055 254 133 314 181
phone 0.0055 330 8 393 122
phone 0.0055 254 174 284 233
phone 0.0055 223 144 253 202
phone 0.0055 239 174 269 233
phone 0.0055 361 148 399 197
phone 0.0055 87 98 104 132
phone 0.0055 208 235 238 238
phone 0.0055 331 87 391 135
phone 0.0055 314 69 377 183
phone 0.0055 177 0 207 2
phone 0.0055 103 234 135 238
phone 0.0055 42 215 57 238
phone 0.0055 0 235 41 238
phone 0.0055 285 81 315 141
phone 0.0055 0 205 23 238
phone 0.0055 300 81 330 140
phone 0.0055 208 189 238 238
phone 0.0055 224 164 282 213
phone 0.0055 176 232 185 238
phone 0.0055 361 102 399 151
phone 0.0055 285 50 315 110
phone 0.0055 314 115 377 230
phone 0.0055 316 164 376 212
phone 0.0055 175 129 209 186
phone 0.0055 52 147 62 160
phone 0.0055 129 163 139 175
phone 0.0055 253 131 315 238
phone 0.0055 270 66 299 125
phone 0.0055 285 112 315 171
phone 0.0055 362 0 399 12
phone 0.0054 300 112 330 171
phone 0.0054 0 52 24 109
phone 0.0054 300 26 361 74
phone 0.0054 330 54 393 168
phone 0.0054 331 149 391 197
phone 0.0054 224 41 283 89
phone 0.0054 300 180 360 227
phone 0.0054 300 51 330 110
phone 0.0054 331 118 391 166
phone 0.0054 316 66 345 125
phone 0.0054 299 223 362 238
phone 0.0054 285 20 315 79
phone 0.0054 254 0 284 48
phone 0.0054 299 0 362 107
phone 0.0054 331 51 361 110
phone 0.0054 193 0 222 2
phone 0.0054 346 35 376 94
phone 0.0054 316 97 345 156
phone 0.0054 45 94 54 106
phone 0.0054 285 210 345 238
phone 0.0054 270 4 299 63
phone 0.0054 119 231 134 238
phone 0.0054 330 100 393 214
phone 0.0054 270 97 299 156
phone 0.0054 331 81 361 140
phone 0.0053 300 143 330 202
phone 0.0053 331 180 391 227
phone 0.0053 270 174 299 233
phone 0.0053 316 127 345 187
phone 0.0053 316 195 376 238
phone 0.0053 285 174 315 233
phone 0.0053 346 66 376 125
phone 0.0053 239 0 268 33
phone 0.0053 145 78 154 91
phone 0.0053 285 143 315 202
phone 0.0053 205 68 239 124
phone 0.0053 316 35 345 94
phone 0.0053 57 211 88 235
phone 0.0053 254 51 284 110
phone 0.0053 331 0 391 43
phone 0.0053 254 235 284 238
phone 0.0053 254 205 284 238
phone 0.0053 316 10 376 58
phone 0.0053 269 235 299 238
phone 0.0053 285 10 345 58
phone 0.0053 331 112 361 171
phone 0.0053 222 83 254 140
phone 0.0053 377 0 399 18
phone 0.0053 270 204 299 238
phone 0.0053 331 143 361 202
phone 0.0053 174 160 209 216
phone 0.0053 223 236 253 238
phone 0.0052 300 174 330 233
phone 0.0052 270 143 299 202
phone 0.0052 208 0 238 2
phone 0.0052 316 158 345 217
phone 0.0052 88 94 119 121
phone 0.0052 376 0 399 3
phone 0.0052 346 97 376 156
phone 0.0052 45 101 54 113
phone 0.0052 346 235 376 238
phone 0.0052 300 20 330 79
phone 0.0052 346 143 376 202
phone 0.0052 270 0 330 43
phone 0.0052 285 235 315 238
phone 0.0052 331 20 361 79
phone 0.0052 376 19 399 80
phone 0.0052 223 0 253 17
phone 0.0052 376 234 399 238
phone 0.0052 314 0 378 14
phone 0.0052 376 204 399 238
phone 0.0052 239 35 269 94
phone 0.0052 64 206 81 238
phone 0.0052 285 204 315 238
phone 0.0052 96 110 126 136
phone 0.0052 346 4 376 64
phone 0.0052 114 47 124 60
phone 0.0052 346 42 399 89
phone 0.0051 346 204 376 238
phone 0.0051 254 0 314 28
phone 0.0051 331 174 361 233
phone 0.0051 376 65 399 126
phone 0.0051 346 174 376 233
phone 0.0051 238 235 269 238
phone 0.0051 237 0 301 14
phone 0.0051 376 142 399 203
phone 0.0051 223 0 253 2
phone 0.0051 300 235 330 238
phone 0.0051 221 22 286 138
phone 0.0051 180 222 196 238
phone 0.0051 300 204 330 238
phone 0.0051 45 224 54 237
phone 0.0051 129 155 139 167
phone 0.0051 346 211 399 238
phone 0.0051 37 178 47 191
phone 0.0051 316 189 345 238
phone 0.0051 331 235 361 238
phone 0.0051 376 96 399 157
phone 0.0051 300 0 360 43
phone 0.0050 346 134 399 181
phone 0.0050 346 165 399 212
phone 0.0050 54 235 84 238
phone 0.0050 223 173 253 233
phone 0.0050 347 0 376 2
phone 0.0050 316 235 345 238
phone 0.0050 76 94 85 106
phone 0.0050 224 72 282 120
phone 0.0050 268 0 331 14
phone 0.0050 239 143 269 202
phone 0.0050 331 204 361 238
phone 0.0050 72 210 103 235
phone 0.0050 87 67 105 102
phone 0.0050 192 235 223 238
