phone 0.8486 105 159 161 260
phone 0.0770 69 166 159 285
phone 0.0735 98 128 170 236
phone 0.0573 103 171 202 279
phone 0.0492 0 237 101 362
phone 0.0480 83 195 184 304
phone 0.0465 54 252 209 399
phone 0.0444 19 139 120 263
phone 0.0385 105 125 266 275
phone 0.0340 38 228 169 355
phone 0.0340 15 77 251 325
phone 0.0336 38 94 181 261
phone 0.0331 89 175 230 338
phone 0.0306 68 180 152 235
phone 0.0292 104 235 266 399
phone 0.0275 7 266 90 333
phone 0.0275 134 54 266 229
phone 0.0271 90 84 162 269
phone 0.0260 107 80 226 211
phone 0.0260 12 197 126 325
phone 0.0246 158 97 246 255
phone 0.0238 0 94 98 250
phone 0.0226 138 269 245 370
phone 0.0215 0 191 67 332
phone 0.0208 29 287 115 399
phone 0.0207 156 163 249 312
phone 0.0205 20 67 123 221
phone 0.0204 83 292 179 399
phone 0.0188 93 177 127 237
phone 0.0188 6 298 76 399
phone 0.0186 0 189 165 399
phone 0.0185 97 282 184 348
phone 0.0182 115 301 206 395
phone 0.0179 23 259 135 370
phone 0.0177 112 155 199 230
phone 0.0164 134 177 177 237
phone 0.0160 174 233 266 351
phone 0.0160 58 278 131 352
phone 0.0159 20 286 108 344
phone 0.0148 30 270 67 329
phone 0.0147 75 57 199 237
phone 0.0145 25 145 102 208
phone 0.0145 158 172 216 273
phone 0.0139 0 119 68 286
phone 0.0137 112 265 200 335
phone 0.0135 123 179 219 236
phone 0.0134 169 149 236 235
phone 0.0132 174 41 266 177
phone 0.0131 154 118 220 204
phone 0.0127 85 260 165 339
phone 0.0121 200 118 266 221
phone 0.0120 0 30 134 304
phone 0.0120 70 298 150 362
phone 0.0116 49 16 161 199
phone 0.0113 25 227 102 310
phone 0.0111 46 287 81 342
phone 0.0110 198 178 266 280
phone 0.0110 57 164 132 220
phone 0.0109 166 199 238 277
phone 0.0107 0 284 72 345
phone 0.0107 122 287 159 343
phone 0.0107 47 148 80 205
phone 0.0107 107 287 143 343
phone 0.0105 0 187 66 258
phone 0.0105 16 124 81 198
phone 0.0105 75 213 106 239
phone 0.0104 132 143 211 210
phone 0.0104 39 129 119 193
phone 0.0103 76 286 112 344
phone 0.0103 133 205 210 272
phone 0.0103 91 286 128 343
phone 0.0103 0 226 39 341
phone 0.0102 73 143 147 210
phone 0.0102 0 65 56 219
phone 0.0101 119 204 162 272
phone 0.0101 82 210 99 243
phone 0.0101 15 156 82 228
phone 0.0101 25 177 102 237
phone 0.0100 0 259 50 382
phone 0.0099 16 271 50 328
phone 0.0099 115 46 198 183
phone 0.0099 28 317 100 374
phone 0.0098 61 287 96 342
phone 0.0097 0 218 51 289
phone 0.0096 163 235 241 303
phone 0.0095 0 148 67 204
phone 0.0094 149 34 225 196
phone 0.0093 167 300 238 360
phone 0.0093 154 195 188 250
phone 0.0093 0 17 98 198
phone 0.0093 0 249 53 319
phone 0.0093 138 287 174 343
phone 0.0092 135 112 208 180
phone 0.0091 16 193 49 252
phone 0.0090 182 284 253 346
phone 0.0089 168 190 206 254
phone 0.0088 77 164 111 220
phone 0.0087 1 270 34 328
phone 0.0087 86 220 96 232
phone 0.0086 147 245 226 324
phone 0.0086 67 324 141 399
phone 0.0086 17 162 49 221
phone 0.0086 28 106 99 186
phone 0.0086 31 131 65 190
phone 0.0085 0 241 36 296
phone 0.0085 61 149 96 204
phone 0.0084 103 315 178 376
phone 0.0084 47 317 80 374
phone 0.0084 149 317 232 385
phone 0.0083 184 147 220 206
phone 0.0083 177 191 258 255
phone 0.0083 123 77 189 153
phone 0.0083 31 162 65 221
phone 0.0082 105 114 176 178
phone 0.0082 17 301 49 359
phone 0.0082 168 130 205 192
phone 0.0082 17 131 49 191
phone 0.0081 165 108 239 184
phone 0.0081 0 211 18 325
phone 0.0081 197 237 266 300
phone 0.0080 176 223 259 284
phone 0.0080 0 245 19 292
phone 0.0080 118 128 194 194
phone 0.0080 121 220 191 287
phone 0.0080 43 254 84 314
phone 0.0079 92 148 127 204
phone 0.0079 154 132 189 190
phone 0.0079 185 302 219 359
phone 0.0079 46 179 80 235
phone 0.0078 1 208 34 267
phone 0.0078 76 221 144 285
phone 0.0078 31 301 65 359
phone 0.0077 0 276 18 323
phone 0.0077 183 177 222 238
phone 0.0076 0 239 2 298
phone 0.0076 76 198 106 224
phone 0.0076 91 80 160 150
phone 0.0076 56 234 133 304
phone 0.0076 153 287 189 342
phone 0.0076 201 286 234 343
phone 0.0075 52 0 266 239
phone 0.0075 18 94 79 167
phone 0.0075 2 320 64 371
phone 0.0075 0 259 18 370
phone 0.0075 0 269 2 329
phone 0.0074 173 74 232 125
phone 0.0074 189 321 246 370
phone 0.0074 0 290 33 399
phone 0.0074 95 59 156 109
phone 0.0073 94 24 157 144
phone 0.0073 139 317 172 374
phone 0.0073 93 317 126 374
phone 0.0073 12 212 85 295
phone 0.0073 28 200 99 276
phone 0.0073 152 198 183 224
phone 0.0073 170 302 203 358
phone 0.0073 0 323 33 368
phone 0.0073 34 73 94 126
phone 0.0073 2 146 33 206
phone 0.0072 155 317 188 374
phone 0.0072 168 272 204 327
phone 0.0072 184 208 220 267
phone 0.0072 42 191 116 254
phone 0.0072 48 334 111 388
phone 0.0072 34 37 94 161
phone 0.0071 0 193 18 252
phone 0.0071 202 268 265 330
phone 0.0071 82 194 99 228
phone 0.0071 139 86 173 143
phone 0.0071 1 118 65 173
phone 0.0070 217 117 249 174
phone 0.0070 110 55 141 113
phone 0.0070 126 58 186 110
phone 0.0070 154 101 188 159
phone 0.0069 48 78 110 152
phone 0.0069 110 68 171 131
phone 0.0069 0 183 49 231
phone 0.0069 203 316 233 375
phone 0.0069 64 60 125 109
phone 0.0069 94 333 157 388
phone 0.0069 124 317 157 374
phone 0.0069 168 101 205 159
phone 0.0069 140 24 204 144
phone 0.0068 123 117 157 174
phone 0.0068 93 224 126 282
phone 0.0068 70 114 150 177
phone 0.0068 189 88 246 142
phone 0.0068 63 25 126 142
phone 0.0068 205 104 261 157
phone 0.0068 62 180 96 234
phone 0.0068 156 76 217 154
phone 0.0068 126 335 186 387
phone 0.0068 125 55 157 113
phone 0.0067 170 70 204 128
phone 0.0067 79 331 110 391
phone 0.0067 141 55 172 113
phone 0.0067 216 241 250 297
phone 0.0067 2 177 33 237
phone 0.0067 95 55 126 113
phone 0.0066 201 286 265 399
phone 0.0066 156 55 187 113
phone 0.0066 32 84 65 144
phone 0.0066 123 87 157 143
phone 0.0066 138 225 173 281
phone 0.0066 220 178 266 236
phone 0.0066 205 305 261 355
phone 0.0066 176 144 259 209
phone 0.0066 119 145 162 208
phone 0.0066 167 160 206 223
phone 0.0066 159 194 177 228
phone 0.0065 0 338 48 384
phone 0.0065 80 55 110 113
phone 0.0065 0 0 32 30
phone 0.0065 184 240 220 297
phone 0.0065 184 272 219 327
phone 0.0065 29 240 67 297
phone 0.0065 157 60 217 109
phone 0.0064 86 213 96 225
phone 0.0064 0 0 17 64
phone 0.0064 0 0 1 30
phone 0.0064 204 0 263 30
phone 0.0064 3 116 33 175
phone 0.0064 0 0 2 64
phone 0.0064 110 45 171 93
phone 0.0064 218 0 266 64
phone 0.0064 108 116 142 175
phone 0.0063 250 0 266 30
phone 0.0063 0 367 17 399
phone 0.0063 64 331 95 391
phone 0.0063 0 332 19 399
phone 0.0063 153 224 189 282
phone 0.0063 220 256 266 311
phone 0.0063 108 86 142 143
phone 0.0063 80 45 140 93
phone 0.0063 187 0 248 64
phone 0.0063 2 75 64 123
phone 0.0063 219 300 248 360
phone 0.0063 0 0 48 64
phone 0.0063 173 0 232 30
phone 0.0063 64 54 94 113
phone 0.0063 216 71 266 189
phone 0.0062 79 11 141 126
phone 0.0062 125 11 188 126
phone 0.0062 142 0 201 30
phone 0.0062 2 42 64 156
phone 0.0062 111 0 170 30
phone 0.0062 156 0 217 64
phone 0.0062 188 353 248 399
phone 0.0062 0 332 3 399
phone 0.0062 0 367 2 399
phone 0.0062 200 210 235 265
phone 0.0062 0 368 48 399
phone 0.0062 0 106 49 154
phone 0.0062 135 227 208 311
phone 0.0062 108 317 142 374
phone 0.0062 80 0 140 30
phone 0.0062 108 226 174 312
phone 0.0062 126 0 187 64
phone 0.0062 95 0 156 64
phone 0.0061 18 60 79 108
phone 0.0061 219 0 248 37
phone 0.0061 75 238 144 330
phone 0.0061 234 0 263 37
phone 0.0061 265 0 266 30
phone 0.0061 264 0 266 64
phone 0.0061 4 0 63 30
phone 0.0061 173 331 202 391
phone 0.0061 86 205 96 217
phone 0.0061 204 337 263 385
phone 0.0061 233 163 264 221
phone 0.0061 203 0 232 37
phone 0.0061 64 0 125 64
phone 0.0061 50 0 109 30
phone 0.0061 17 26 80 141
phone 0.0061 139 117 173 174
phone 0.0061 264 367 266 399
phone 0.0061 0 208 2 267
phone 0.0061 142 45 202 93
phone 0.0061 263 332 266 399
phone 0.0061 95 29 155 77
phone 0.0060 0 307 18 354
phone 0.0060 126 29 186 77
phone 0.0060 233 101 264 159
phone 0.0060 49 45 109 93
phone 0.0060 40 217 118 290
phone 0.0060 92 86 127 143
phone 0.0060 188 0 217 37
phone 0.0060 203 347 233 399
phone 0.0060 18 0 79 64
phone 0.0060 49 54 79 113
phone 0.0060 173 0 202 37
phone 0.0060 18 70 48 128
phone 0.0060 157 0 186 37
phone 0.0060 171 332 235 399
phone 0.0060 53 98 135 163
phone 0.0059 126 0 156 37
phone 0.0059 142 0 171 37
phone 0.0059 48 11 110 126
phone 0.0059 111 0 140 37
phone 0.0059 61 86 96 143
phone 0.0059 77 134 111 188
phone 0.0059 65 29 125 77
phone 0.0059 96 0 125 37
phone 0.0059 173 45 232 93
phone 0.0059 233 194 264 251
phone 0.0059 45 116 82 175
phone 0.0059 0 300 2 360
phone 0.0059 157 29 217 77
phone 0.0059 215 210 250 265
phone 0.0059 80 0 109 37
phone 0.0059 200 257 235 311
phone 0.0059 220 289 266 340
phone 0.0059 19 0 48 37
phone 0.0058 171 11 233 125
phone 0.0058 34 54 64 113
phone 0.0058 34 29 94 77
phone 0.0058 220 148 266 204
phone 0.0058 65 0 94 37
phone 0.0058 218 331 248 390
phone 0.0058 218 367 266 399
phone 0.0058 126 23 156 83
phone 0.0058 203 60 263 108
phone 0.0058 34 0 63 37
phone 0.0058 214 205 266 332
phone 0.0058 49 0 79 37
phone 0.0058 76 174 106 201
phone 0.0057 111 23 140 83
phone 0.0057 0 337 2 385
phone 0.0057 142 23 171 83
phone 0.0057 202 27 264 141
phone 0.0057 218 75 266 123
phone 0.0057 163 205 172 217
phone 0.0057 218 85 248 144
phone 0.0057 233 331 264 390
phone 0.0057 153 163 189 220
phone 0.0057 95 23 125 83
phone 0.0057 157 23 187 83
phone 0.0057 234 300 264 360
phone 0.0057 248 332 266 399
phone 0.0056 219 322 266 369
phone 0.0056 0 183 2 231
phone 0.0056 80 23 110 83
phone 0.0056 0 168 17 216
phone 0.0056 188 39 217 98
phone 0.0056 3 45 63 93
phone 0.0056 184 117 220 174
phone 0.0056 172 23 202 83
phone 0.0056 18 368 79 399
phone 0.0056 0 180 3 295
phone 0.0056 65 23 94 83
phone 0.0055 234 137 266 185
phone 0.0055 0 137 17 185
phone 0.0055 49 23 79 82
phone 0.0055 141 367 202 399
phone 0.0055 200 180 235 235
phone 0.0055 76 241 112 297
phone 0.0055 0 152 2 200
phone 0.0055 0 119 18 233
phone 0.0055 33 362 64 399
phone 0.0055 0 134 3 249
phone 0.0055 203 39 233 98
phone 0.0055 219 54 248 113
phone 0.0055 188 29 248 77
phone 0.0055 2 0 65 110
phone 0.0055 111 14 171 62
phone 0.0055 80 14 140 62
phone 0.0055 49 14 109 62
phone 0.0055 61 118 97 173
phone 0.0055 77 86 112 143
phone 0.0055 0 60 48 108
phone 0.0055 215 165 250 219
phone 0.0055 188 331 217 391
phone 0.0055 34 23 64 82
phone 0.0055 220 223 266 283
phone 0.0055 142 14 201 62
phone 0.0054 231 102 266 219
phone 0.0054 233 240 264 297
phone 0.0054 3 85 33 144
phone 0.0054 59 207 130 269
phone 0.0054 0 273 3 387
phone 0.0054 44 326 60 358
phone 0.0054 77 194 111 251
phone 0.0054 0 122 2 170
phone 0.0054 249 106 266 154
phone 0.0054 203 70 233 128
phone 0.0054 37 330 68 354
phone 0.0054 0 353 33 399
phone 0.0054 249 291 266 339
phone 0.0054 265 337 266 385
phone 0.0054 0 106 17 154
phone 0.0054 0 227 3 341
phone 0.0053 92 118 127 173
phone 0.0053 18 39 48 98
phone 0.0053 0 88 3 202
phone 0.0053 0 57 34 172
phone 0.0053 172 14 232 62
phone 0.0053 45 209 81 267
phone 0.0053 248 73 266 187
phone 0.0053 82 171 100 205
phone 0.0053 48 362 80 399
phone 0.0053 248 258 266 371
phone 0.0053 172 367 233 399
phone 0.0053 249 131 266 190
phone 0.0053 155 362 188 399
phone 0.0053 0 29 48 77
phone 0.0053 79 363 110 399
phone 0.0053 0 73 18 187
phone 0.0053 64 363 95 399
phone 0.0053 15 240 51 298
phone 0.0053 82 67 138 132
phone 0.0052 265 122 266 170
phone 0.0052 250 260 266 308
phone 0.0052 94 363 126 399
phone 0.0052 49 368 109 399
phone 0.0052 233 42 266 156
phone 0.0052 265 153 266 200
phone 0.0052 153 221 183 247
phone 0.0052 218 45 266 93
phone 0.0052 250 229 266 277
phone 0.0052 265 306 266 354
phone 0.0052 0 91 2 139
phone 0.0052 110 363 141 399
phone 0.0052 263 88 266 202
phone 0.0052 80 368 140 399
phone 0.0052 250 199 266 246
phone 0.0052 0 75 17 123
phone 0.0051 265 183 266 231
phone 0.0051 265 29 266 77
phone 0.0051 129 167 159 194
phone 0.0051 171 362 203 399
phone 0.0051 265 91 266 139
phone 0.0051 265 276 266 323
phone 0.0051 140 363 172 399
phone 0.0051 249 75 266 123
phone 0.0051 247 211 266 325
phone 0.0051 263 273 266 387
phone 0.0051 263 134 266 248
phone 0.0051 125 363 157 399
phone 0.0051 249 168 266 216
phone 0.0051 264 285 266 344
phone 0.0051 0 0 34 95
phone 0.0051 265 245 266 293
phone 0.0051 247 150 266 264
phone 0.0051 46 85 81 144
phone 0.0051 235 275 266 324
phone 0.0051 263 0 266 110
phone 0.0051 167 222 206 285
phone 0.0051 265 214 266 262
phone 0.0051 0 0 3 95
phone 0.0050 48 336 57 348
phone 0.0050 263 227 266 340
phone 0.0050 111 368 170 399
phone 0.0050 187 8 218 67
phone 0.0050 264 254 266 313
phone 0.0050 265 60 266 108
phone 0.0050 248 0 266 95
phone 0.0050 231 239 266 359
phone 0.0050 0 42 3 156
