phone 0.6546 91 102 306 174
phone 0.0695 87 93 203 189
phone 0.0470 30 66 318 199
phone 0.0454 126 109 226 173
phone 0.0437 121 89 261 192
phone 0.0369 87 112 173 170
phone 0.0344 190 94 316 173
phone 0.0331 127 112 164 170
phone 0.0319 130 38 320 181
phone 0.0248 67 0 154 157
phone 0.0247 40 33 120 177
phone 0.0242 141 112 180 170
phone 0.0226 113 112 147 169
phone 0.0205 203 71 374 186
phone 0.0193 170 0 292 160
phone 0.0187 156 111 196 170
phone 0.0174 218 0 366 166
phone 0.0170 147 120 236 192
phone 0.0165 8 47 89 160
phone 0.0152 163 98 282 214
phone 0.0146 25 75 134 190
phone 0.0134 228 96 340 215
phone 0.0130 81 27 180 193
phone 0.0127 89 0 195 127
phone 0.0126 356 137 399 266
phone 0.0124 128 104 225 239
phone 0.0124 171 111 212 170
phone 0.0122 340 86 399 226
phone 0.0121 99 78 357 240
phone 0.0119 39 111 129 231
phone 0.0119 361 170 399 234
phone 0.0117 106 0 242 182
phone 0.0115 71 142 159 261
phone 0.0113 214 122 292 191
phone 0.0109 178 125 267 188
phone 0.0105 100 158 192 266
phone 0.0104 160 173 255 266
phone 0.0104 220 122 317 251
phone 0.0104 68 102 157 212
phone 0.0103 77 92 153 159
phone 0.0100 288 103 373 239
phone 0.0099 239 171 329 266
phone 0.0099 37 89 101 161
phone 0.0098 0 263 40 266
phone 0.0097 0 0 39 0
phone 0.0097 271 155 359 266
phone 0.0094 48 143 121 200
phone 0.0093 312 125 399 248
phone 0.0092 188 155 289 266
phone 0.0091 19 98 89 213
phone 0.0091 78 174 152 230
phone 0.0090 98 112 131 169
phone 0.0090 359 127 393 185
phone 0.0090 63 158 137 215
phone 0.0090 242 129 326 183
phone 0.0089 33 125 105 187
phone 0.0089 187 112 227 169
phone 0.0087 174 84 271 168
phone 0.0085 218 113 257 169
phone 0.0085 52 96 85 154
phone 0.0085 192 222 254 266
phone 0.0085 21 0 197 226
phone 0.0085 155 203 229 262
phone 0.0084 138 136 214 207
phone 0.0084 230 142 308 201
phone 0.0083 340 155 399 218
phone 0.0083 203 113 242 169
phone 0.0083 109 188 183 247
phone 0.0082 331 114 391 167
phone 0.0082 51 75 117 145
phone 0.0082 278 58 353 192
phone 0.0081 280 186 350 248
phone 0.0081 168 140 247 203
phone 0.0081 297 138 363 205
phone 0.0080 131 22 191 75
phone 0.0080 265 62 334 127
phone 0.0080 232 202 306 263
phone 0.0080 236 128 270 184
phone 0.0079 0 72 49 197
phone 0.0079 67 142 100 200
phone 0.0079 265 107 334 174
phone 0.0078 138 187 215 248
phone 0.0077 285 90 345 160
phone 0.0077 98 173 131 231
phone 0.0077 246 156 322 218
phone 0.0077 142 0 211 141
phone 0.0076 294 171 367 233
phone 0.0076 83 158 116 216
phone 0.0075 317 124 374 188
phone 0.0075 286 119 344 193
phone 0.0075 207 218 238 266
phone 0.0075 200 203 276 263
phone 0.0075 45 111 123 171
phone 0.0074 52 127 85 185
phone 0.0074 109 138 183 205
phone 0.0074 266 136 333 207
phone 0.0074 374 158 399 216
phone 0.0074 314 127 347 184
phone 0.0073 232 171 306 234
phone 0.0073 93 155 168 218
phone 0.0073 130 19 161 77
phone 0.0073 344 143 378 200
phone 0.0073 250 0 319 131
phone 0.0072 83 53 147 136
phone 0.0072 127 205 195 260
phone 0.0072 267 203 332 262
phone 0.0072 199 139 277 203
phone 0.0072 123 170 199 234
phone 0.0072 37 111 69 170
phone 0.0072 183 187 262 248
phone 0.0071 267 143 301 199
phone 0.0071 60 126 139 186
phone 0.0071 377 186 399 248
phone 0.0071 99 24 162 72
phone 0.0071 192 9 254 57
phone 0.0070 67 81 101 138
phone 0.0070 175 204 208 262
phone 0.0070 221 221 286 266
phone 0.0070 223 218 253 266
phone 0.0070 283 17 348 140
phone 0.0070 153 170 230 235
phone 0.0069 286 53 344 105
phone 0.0069 216 186 291 249
phone 0.0069 298 189 331 246
phone 0.0069 160 19 193 77
phone 0.0069 328 173 394 231
phone 0.0069 251 128 286 184
phone 0.0069 192 218 223 266
phone 0.0069 114 188 146 247
phone 0.0069 302 113 359 168
phone 0.0069 282 127 316 185
phone 0.0069 176 0 239 91
phone 0.0069 329 67 393 182
phone 0.0069 129 189 162 246
phone 0.0069 330 111 362 169
phone 0.0069 0 0 41 32
phone 0.0069 206 0 270 91
phone 0.0068 239 98 329 153
phone 0.0068 84 39 146 89
phone 0.0068 217 154 290 220
phone 0.0068 113 38 178 121
phone 0.0068 254 222 314 266
phone 0.0068 223 9 284 57
phone 0.0068 161 9 223 57
phone 0.0067 208 4 238 62
phone 0.0067 115 19 146 77
phone 0.0067 298 111 332 170
phone 0.0067 346 95 376 154
phone 0.0067 200 171 276 234
phone 0.0067 282 66 316 122
phone 0.0067 183 156 262 217
phone 0.0067 160 204 193 262
phone 0.0067 193 0 253 121
phone 0.0066 192 3 223 62
phone 0.0066 298 66 331 123
phone 0.0066 223 4 253 62
phone 0.0066 82 81 117 138
phone 0.0066 252 204 285 261
phone 0.0066 115 9 176 57
phone 0.0066 297 142 332 200
phone 0.0066 263 169 336 235
phone 0.0066 81 62 262 266
phone 0.0065 99 34 131 92
phone 0.0065 142 116 172 142
phone 0.0065 53 55 116 103
phone 0.0065 241 20 297 77
phone 0.0065 227 131 257 157
phone 0.0065 299 207 362 266
phone 0.0065 208 0 268 41
phone 0.0064 6 117 70 164
phone 0.0064 330 191 393 266
phone 0.0064 346 102 399 149
phone 0.0064 37 70 100 119
phone 0.0064 177 3 207 62
phone 0.0064 177 0 237 41
phone 0.0064 238 4 269 62
phone 0.0064 174 143 209 199
phone 0.0064 146 3 176 62
phone 0.0064 286 224 343 266
phone 0.0064 328 143 363 200
phone 0.0064 255 33 313 94
phone 0.0064 282 97 316 153
phone 0.0063 251 158 285 215
phone 0.0063 285 218 315 266
phone 0.0063 159 143 193 200
phone 0.0063 301 240 360 266
phone 0.0063 85 34 115 93
phone 0.0063 23 164 84 210
phone 0.0063 146 0 207 41
phone 0.0063 313 174 347 230
phone 0.0063 145 203 177 263
phone 0.0062 149 112 166 146
phone 0.0062 361 54 399 104
phone 0.0062 233 128 250 161
phone 0.0062 239 0 299 41
phone 0.0062 38 157 69 217
phone 0.0062 363 22 399 135
phone 0.0062 190 143 224 199
phone 0.0062 69 50 100 108
phone 0.0062 316 192 375 243
phone 0.0062 22 85 85 134
phone 0.0062 0 12 53 129
phone 0.0062 23 111 53 170
phone 0.0061 361 96 392 154
phone 0.0061 238 218 269 266
phone 0.0061 361 208 399 258
phone 0.0061 269 218 299 266
phone 0.0061 53 65 84 123
phone 0.0061 270 255 329 266
phone 0.0061 282 189 316 246
phone 0.0061 85 9 145 57
phone 0.0061 54 162 115 266
phone 0.0061 363 65 399 185
phone 0.0060 301 218 330 266
phone 0.0060 302 68 359 121
phone 0.0060 144 143 178 200
phone 0.0060 128 143 162 200
phone 0.0060 69 24 130 72
phone 0.0060 100 0 161 41
phone 0.0060 113 158 147 215
phone 0.0060 39 65 69 124
phone 0.0060 100 193 161 266
phone 0.0060 270 0 330 41
phone 0.0060 267 189 301 246
phone 0.0060 331 86 391 134
phone 0.0060 361 24 399 73
phone 0.0060 70 0 130 41
phone 0.0060 254 3 284 62
phone 0.0060 315 234 346 266
phone 0.0060 54 195 114 240
phone 0.0060 39 179 99 225
phone 0.0059 223 0 283 26
phone 0.0059 162 0 192 47
phone 0.0059 223 0 284 119
phone 0.0059 234 85 265 111
phone 0.0059 193 0 253 26
phone 0.0059 54 0 114 26
phone 0.0059 69 188 99 247
phone 0.0059 162 0 222 26
phone 0.0059 0 234 40 266
phone 0.0059 93 67 167 153
phone 0.0059 190 190 224 245
phone 0.0059 54 172 84 232
phone 0.0059 131 0 191 26
phone 0.0059 67 112 101 169
phone 0.0059 85 0 145 26
phone 0.0059 285 9 345 57
phone 0.0059 196 124 226 150
phone 0.0059 115 218 146 266
phone 0.0059 97 65 133 124
phone 0.0059 284 249 315 266
phone 0.0059 53 0 116 59
phone 0.0059 54 0 114 11
phone 0.0059 7 0 70 29
phone 0.0058 316 9 376 57
phone 0.0058 376 95 399 155
phone 0.0058 361 84 399 135
phone 0.0058 39 0 99 42
phone 0.0058 8 0 68 11
phone 0.0058 82 113 116 168
phone 0.0058 38 0 122 115
phone 0.0058 131 0 191 11
phone 0.0058 254 0 314 26
phone 0.0058 7 116 69 226
phone 0.0058 316 203 345 263
phone 0.0058 300 0 360 42
phone 0.0058 131 0 161 47
phone 0.0058 254 9 314 57
phone 0.0058 205 143 239 199
phone 0.0058 162 0 222 11
phone 0.0058 85 0 145 11
phone 0.0058 299 0 362 90
phone 0.0058 100 3 130 62
phone 0.0058 330 0 393 90
phone 0.0058 270 0 299 47
phone 0.0058 159 174 193 230
phone 0.0058 361 0 399 42
phone 0.0058 193 0 253 11
phone 0.0058 331 0 391 42
phone 0.0057 22 0 85 59
phone 0.0057 7 148 69 194
phone 0.0057 23 80 53 139
phone 0.0057 267 114 301 168
phone 0.0057 268 0 331 90
phone 0.0057 223 0 284 11
phone 0.0057 70 240 130 266
phone 0.0057 144 174 178 230
phone 0.0057 116 0 145 47
phone 0.0057 377 48 399 109
phone 0.0057 221 143 255 199
phone 0.0057 317 224 375 266
phone 0.0057 130 237 193 266
phone 0.0057 204 78 234 103
phone 0.0057 313 35 379 153
phone 0.0057 285 0 315 47
phone 0.0057 241 82 258 115
phone 0.0057 205 190 239 245
phone 0.0057 23 55 84 103
phone 0.0057 100 255 160 266
phone 0.0057 85 0 115 47
phone 0.0057 113 50 147 108
phone 0.0057 346 218 377 266
phone 0.0057 223 0 253 31
phone 0.0057 8 71 69 118
phone 0.0056 239 0 268 31
phone 0.0056 70 0 99 31
phone 0.0056 208 0 238 31
phone 0.0056 39 225 99 266
phone 0.0056 331 187 361 248
phone 0.0056 68 207 131 266
phone 0.0056 193 0 222 31
phone 0.0056 254 0 314 11
phone 0.0056 0 0 60 65
phone 0.0056 364 262 399 266
phone 0.0056 177 0 207 31
phone 0.0056 221 189 255 246
phone 0.0056 236 189 270 246
phone 0.0056 146 0 176 31
phone 0.0056 165 116 195 142
phone 0.0056 346 71 399 118
phone 0.0056 0 0 36 11
phone 0.0056 99 237 162 266
phone 0.0056 347 3 376 62
phone 0.0056 300 3 330 62
phone 0.0056 54 0 84 31
phone 0.0056 347 194 399 241
phone 0.0056 254 0 284 31
phone 0.0056 285 0 345 26
phone 0.0056 202 120 220 153
phone 0.0056 23 141 53 201
phone 0.0056 7 237 69 266
phone 0.0056 162 24 222 103
phone 0.0056 84 222 147 266
phone 0.0056 0 188 41 266
phone 0.0056 331 3 361 62
phone 0.0056 362 238 399 266
phone 0.0056 236 158 270 215
phone 0.0056 316 3 345 62
phone 0.0056 271 239 329 266
phone 0.0056 361 0 399 11
phone 0.0056 330 237 393 266
phone 0.0055 85 203 115 263
phone 0.0055 85 0 115 16
phone 0.0055 23 209 83 257
phone 0.0055 241 128 258 161
phone 0.0055 39 0 68 31
phone 0.0055 23 0 53 16
phone 0.0055 0 0 23 1
phone 0.0055 317 100 375 150
phone 0.0055 22 253 85 266
phone 0.0055 162 0 192 16
phone 0.0055 39 40 99 88
phone 0.0055 377 18 399 78
phone 0.0055 146 264 176 266
phone 0.0055 100 0 130 16
phone 0.0055 69 255 130 266
phone 0.0055 331 65 361 123
phone 0.0055 131 0 161 16
phone 0.0055 0 264 22 266
phone 0.0055 316 40 376 88
phone 0.0055 331 218 361 266
phone 0.0055 0 255 36 266
phone 0.0055 116 0 145 16
phone 0.0055 316 0 376 26
phone 0.0055 191 253 254 266
phone 0.0055 162 234 192 266
phone 0.0055 315 253 377 266
phone 0.0055 210 74 227 107
phone 0.0055 0 0 22 16
phone 0.0055 131 265 161 266
phone 0.0055 160 238 224 266
phone 0.0054 331 0 391 11
phone 0.0054 233 82 251 115
phone 0.0054 285 0 345 11
phone 0.0054 130 253 193 266
phone 0.0054 222 253 285 266
phone 0.0054 162 264 192 266
phone 0.0054 127 50 164 108
phone 0.0054 161 253 223 266
phone 0.0054 115 249 146 266
phone 0.0054 54 265 84 266
phone 0.0054 331 55 391 103
phone 0.0054 315 96 346 154
phone 0.0054 346 264 376 266
phone 0.0054 116 265 146 266
phone 0.0054 69 265 99 266
phone 0.0054 174 174 209 230
phone 0.0054 347 187 376 248
phone 0.0054 100 249 130 266
phone 0.0054 70 18 99 78
phone 0.0054 282 158 316 215
phone 0.0054 8 194 68 241
phone 0.0054 269 249 300 266
phone 0.0054 24 0 53 47
phone 0.0054 85 265 115 266
phone 0.0054 362 65 392 124
phone 0.0054 54 218 84 266
phone 0.0054 100 265 130 266
phone 0.0054 39 265 69 266
phone 0.0054 23 265 53 266
phone 0.0054 331 265 361 266
phone 0.0053 269 0 299 16
phone 0.0053 300 250 330 266
phone 0.0053 0 249 22 266
phone 0.0053 237 238 301 266
phone 0.0053 69 234 99 266
phone 0.0053 114 222 177 266
phone 0.0053 361 254 399 266
phone 0.0053 316 265 346 266
phone 0.0053 300 265 330 266
phone 0.0053 98 143 132 200
phone 0.0053 223 74 314 146
phone 0.0053 237 138 247 151
phone 0.0053 202 74 220 107
phone 0.0053 197 50 279 140
phone 0.0053 210 120 227 154
phone 0.0053 7 161 70 266
phone 0.0053 39 203 69 262
phone 0.0053 284 265 315 266
phone 0.0053 177 265 207 266
phone 0.0053 285 0 315 16
phone 0.0053 346 9 399 57
phone 0.0053 156 113 174 146
phone 0.0053 8 40 68 88
phone 0.0053 315 50 346 108
phone 0.0053 172 112 189 146
phone 0.0053 300 34 330 92
phone 0.0053 152 123 162 135
phone 0.0052 54 34 84 93
phone 0.0052 269 265 300 266
phone 0.0052 22 6 85 120
phone 0.0052 85 249 115 266
phone 0.0052 346 0 376 16
phone 0.0052 331 34 361 93
phone 0.0052 376 0 399 32
phone 0.0052 211 123 241 150
phone 0.0052 285 19 315 77
phone 0.0052 195 120 212 153
phone 0.0052 254 265 284 266
phone 0.0052 300 0 330 16
phone 0.0052 131 249 161 266
phone 0.0052 206 238 270 266
phone 0.0052 192 265 223 266
phone 0.0052 100 203 130 263
phone 0.0052 347 49 376 108
phone 0.0052 23 249 53 266
phone 0.0052 331 0 361 16
phone 0.0051 23 188 53 247
phone 0.0051 23 49 53 108
phone 0.0051 54 249 84 266
phone 0.0051 8 265 38 266
phone 0.0051 376 264 399 266
phone 0.0051 0 126 41 247
phone 0.0051 316 0 345 16
phone 0.0051 376 218 399 266
phone 0.0051 346 0 399 26
phone 0.0051 347 40 399 88
phone 0.0051 0 0 22 47
phone 0.0051 207 265 238 266
phone 0.0051 39 249 69 266
phone 0.0051 331 249 361 266
phone 0.0051 188 78 218 104
phone 0.0051 23 218 53 266
phone 0.0051 0 218 23 266
phone 0.0051 346 249 376 266
phone 0.0051 181 124 210 150
phone 0.0051 39 18 68 78
phone 0.0051 238 265 269 266
phone 0.0051 143 34 178 93
phone 0.0050 146 234 176 266
phone 0.0050 223 265 254 266
phone 0.0050 147 223 206 266
phone 0.0050 161 0 192 0
phone 0.0050 146 0 177 0
phone 0.0050 177 0 208 0
phone 0.0050 192 0 223 0
phone 0.0050 69 0 100 0
phone 0.0050 207 0 238 0
phone 0.0050 130 0 161 0
phone 0.0050 223 0 254 0
