phone 0.8373 149 97 251 170
phone 0.1537 185 105 230 176
phone 0.1174 162 71 350 196
phone 0.1174 40 101 297 266
phone 0.1100 83 91 195 174
phone 0.1014 147 92 302 226
phone 0.0817 152 62 291 163
phone 0.0789 171 91 214 160
phone 0.0772 128 60 230 167
phone 0.0602 60 35 339 231
phone 0.0602 92 148 242 266
phone 0.0559 137 0 272 170
phone 0.0534 57 31 220 186
phone 0.0493 120 104 234 208
phone 0.0463 36 140 186 266
phone 0.0438 160 146 294 266
phone 0.0400 163 66 253 245
phone 0.0384 53 78 164 191
phone 0.0331 201 110 243 172
phone 0.0310 81 15 193 142
phone 0.0309 153 0 399 177
phone 0.0303 1 45 217 266
phone 0.0246 226 17 312 172
phone 0.0245 94 192 180 266
phone 0.0240 221 90 399 240
phone 0.0236 190 142 386 266
phone 0.0224 184 189 270 266
phone 0.0224 73 183 156 253
phone 0.0204 159 110 194 171
phone 0.0197 130 199 222 266
phone 0.0174 254 36 390 173
phone 0.0173 38 163 120 266
phone 0.0171 214 197 298 266
phone 0.0168 187 113 288 169
phone 0.0165 34 47 126 167
phone 0.0158 195 85 281 257
phone 0.0153 230 120 337 253
phone 0.0148 233 58 334 192
phone 0.0145 125 0 223 100
phone 0.0141 123 95 199 155
phone 0.0139 58 165 141 239
phone 0.0136 188 0 283 100
phone 0.0133 272 0 379 116
phone 0.0127 235 67 302 153
phone 0.0126 106 79 185 141
phone 0.0125 31 98 129 233
phone 0.0125 127 204 163 262
phone 0.0124 96 189 133 247
phone 0.0118 142 204 180 262
phone 0.0116 48 8 151 150
phone 0.0114 94 91 197 251
phone 0.0113 234 39 304 119
phone 0.0113 187 108 258 205
phone 0.0113 76 72 154 148
phone 0.0112 113 204 148 261
phone 0.0111 238 94 299 187
phone 0.0108 165 217 249 266
phone 0.0108 242 14 356 144
phone 0.0107 82 190 116 246
phone 0.0106 144 97 178 154
phone 0.0106 0 0 62 101
phone 0.0105 219 114 255 167
phone 0.0105 0 30 69 158
phone 0.0102 214 89 292 162
phone 0.0102 245 93 323 158
phone 0.0101 98 0 185 94
phone 0.0101 157 204 195 262
phone 0.0100 217 55 290 135
phone 0.0099 0 106 82 236
phone 0.0099 58 203 141 263
phone 0.0099 255 167 345 266
phone 0.0099 134 116 165 142
phone 0.0099 273 76 358 205
phone 0.0098 246 123 322 190
phone 0.0097 0 0 39 1
phone 0.0095 245 60 322 130
phone 0.0095 243 154 325 220
phone 0.0094 128 98 162 153
phone 0.0093 0 263 41 266
phone 0.0093 46 203 104 266
phone 0.0092 90 58 170 132
phone 0.0092 9 140 99 263
phone 0.0091 233 234 305 266
phone 0.0090 141 112 158 146
phone 0.0090 142 139 172 165
phone 0.0089 217 116 290 196
phone 0.0089 61 131 137 212
phone 0.0089 111 97 148 154
phone 0.0089 256 0 338 80
phone 0.0088 140 234 214 266
phone 0.0088 182 33 263 94
phone 0.0087 166 243 231 266
phone 0.0087 27 0 110 105
phone 0.0087 235 112 271 169
phone 0.0086 8 61 99 189
phone 0.0085 200 234 276 266
phone 0.0085 149 136 166 169
phone 0.0084 282 109 348 172
phone 0.0084 46 150 122 224
phone 0.0084 17 188 90 246
phone 0.0084 123 62 199 127
phone 0.0083 237 0 301 89
phone 0.0083 110 234 182 266
phone 0.0083 61 58 138 131
phone 0.0082 285 169 345 236
phone 0.0082 106 125 185 188
phone 0.0082 105 48 186 111
phone 0.0082 241 188 327 248
phone 0.0082 23 0 84 27
phone 0.0082 222 166 314 239
phone 0.0081 266 216 333 266
phone 0.0081 195 49 280 109
phone 0.0081 22 0 85 62
phone 0.0081 305 82 399 185
phone 0.0081 172 205 211 261
phone 0.0080 222 0 285 64
phone 0.0080 0 80 58 140
phone 0.0080 224 0 283 28
phone 0.0080 283 47 346 111
phone 0.0080 47 44 121 114
phone 0.0079 53 0 116 62
phone 0.0079 146 0 208 62
phone 0.0079 54 0 114 28
phone 0.0079 67 190 101 245
phone 0.0079 284 140 346 203
phone 0.0079 146 0 207 28
phone 0.0079 0 64 51 203
phone 0.0079 3 137 73 206
phone 0.0079 250 64 287 125
phone 0.0078 255 0 313 44
phone 0.0078 145 123 154 135
phone 0.0078 38 0 69 31
phone 0.0078 188 205 226 261
phone 0.0078 76 41 154 118
phone 0.0077 47 104 121 177
phone 0.0077 221 221 255 266
phone 0.0077 53 0 85 31
phone 0.0077 68 238 131 266
phone 0.0077 205 220 239 266
phone 0.0076 169 15 246 81
phone 0.0076 252 235 285 266
phone 0.0076 76 141 153 233
phone 0.0076 5 4 39 62
phone 0.0076 66 0 134 87
phone 0.0075 235 50 271 108
phone 0.0075 2 173 74 231
phone 0.0074 145 0 177 31
phone 0.0074 266 97 301 153
phone 0.0074 152 146 162 158
phone 0.0074 204 129 272 214
phone 0.0074 23 0 54 31
phone 0.0074 280 76 350 144
phone 0.0074 192 253 253 266
phone 0.0074 141 135 158 169
phone 0.0074 250 110 287 171
phone 0.0073 160 235 193 266
phone 0.0073 298 158 331 215
phone 0.0073 298 112 331 169
phone 0.0073 3 108 73 173
phone 0.0073 68 219 100 266
phone 0.0072 235 205 271 261
phone 0.0072 245 28 322 99
phone 0.0072 116 0 176 52
phone 0.0072 0 128 48 262
phone 0.0072 96 97 133 154
phone 0.0071 156 29 227 99
phone 0.0071 120 34 202 94
phone 0.0071 266 128 301 184
phone 0.0071 37 188 69 247
phone 0.0071 84 0 116 31
phone 0.0071 0 0 180 191
phone 0.0071 284 4 315 62
phone 0.0071 223 253 283 266
phone 0.0071 237 235 270 266
phone 0.0070 0 0 41 32
phone 0.0070 175 235 208 266
phone 0.0070 176 0 208 31
phone 0.0070 253 0 284 31
phone 0.0070 299 35 331 92
phone 0.0069 282 189 316 246
phone 0.0069 18 92 89 159
phone 0.0069 1 48 76 110
phone 0.0069 0 157 57 216
phone 0.0069 162 253 222 266
phone 0.0069 287 239 343 266
phone 0.0069 32 60 106 129
phone 0.0069 190 235 224 266
phone 0.0069 284 200 346 266
phone 0.0068 85 0 146 65
phone 0.0068 84 233 115 266
phone 0.0068 130 0 162 31
phone 0.0068 98 220 131 266
phone 0.0068 298 189 332 246
phone 0.0068 52 189 85 246
phone 0.0068 114 234 146 266
phone 0.0068 128 67 163 122
phone 0.0068 17 30 90 97
phone 0.0067 54 0 115 11
phone 0.0067 161 0 223 11
phone 0.0067 32 122 106 190
phone 0.0067 6 65 39 123
phone 0.0067 23 0 84 11
phone 0.0067 131 0 191 11
phone 0.0067 84 0 146 11
phone 0.0067 21 142 55 200
phone 0.0067 161 0 223 44
phone 0.0067 266 175 301 229
phone 0.0067 19 151 88 222
phone 0.0066 192 0 253 11
phone 0.0066 266 66 302 123
phone 0.0066 221 36 255 91
phone 0.0066 308 8 396 135
phone 0.0066 37 0 100 44
phone 0.0066 7 0 69 44
phone 0.0066 205 36 239 91
phone 0.0066 208 249 238 266
phone 0.0066 223 249 253 266
phone 0.0066 255 255 313 266
phone 0.0066 99 0 131 31
phone 0.0066 191 0 254 44
phone 0.0066 297 66 332 123
phone 0.0065 128 129 163 183
phone 0.0065 6 142 39 200
phone 0.0065 250 35 287 92
phone 0.0065 191 0 224 31
phone 0.0065 144 40 209 118
phone 0.0065 332 71 391 119
phone 0.0065 223 0 284 11
phone 0.0064 143 66 178 122
phone 0.0064 301 234 330 266
phone 0.0064 145 146 154 158
phone 0.0064 69 0 99 16
phone 0.0064 268 234 300 266
phone 0.0064 222 0 255 31
phone 0.0064 162 0 192 16
phone 0.0064 361 39 399 88
phone 0.0064 254 0 314 11
phone 0.0064 363 7 399 119
phone 0.0064 22 173 54 231
phone 0.0064 114 0 147 31
phone 0.0063 131 254 191 266
phone 0.0063 287 22 343 75
phone 0.0063 208 0 238 16
phone 0.0063 23 208 84 266
phone 0.0063 266 206 301 260
phone 0.0062 346 65 377 123
phone 0.0062 303 129 358 183
phone 0.0062 21 111 55 169
phone 0.0062 53 218 84 266
phone 0.0062 284 233 315 266
phone 0.0062 23 241 84 266
phone 0.0062 67 66 101 123
phone 0.0062 316 0 376 41
phone 0.0061 239 0 269 16
phone 0.0061 316 54 375 104
phone 0.0061 315 111 346 170
phone 0.0061 285 0 345 26
phone 0.0061 285 0 345 11
phone 0.0061 38 233 69 266
phone 0.0061 302 223 358 266
phone 0.0061 297 168 365 266
phone 0.0061 0 0 53 10
phone 0.0061 269 0 299 16
phone 0.0061 297 25 365 163
phone 0.0061 331 24 391 72
phone 0.0061 299 0 362 74
phone 0.0060 301 38 359 89
phone 0.0060 190 35 224 92
phone 0.0060 96 66 133 123
phone 0.0060 300 3 330 62
phone 0.0060 360 8 399 57
phone 0.0060 285 0 315 16
phone 0.0060 134 131 165 158
phone 0.0060 361 69 399 120
phone 0.0060 316 233 345 266
phone 0.0059 316 255 376 266
phone 0.0059 128 36 163 91
phone 0.0059 5 35 39 92
phone 0.0059 172 37 242 122
phone 0.0059 300 265 330 266
phone 0.0059 80 158 119 216
phone 0.0059 298 105 364 237
phone 0.0059 144 127 178 185
phone 0.0059 331 132 391 180
phone 0.0059 331 50 361 108
phone 0.0059 316 240 375 266
phone 0.0059 331 0 361 47
phone 0.0059 377 33 399 94
phone 0.0058 316 0 376 11
phone 0.0058 145 115 154 127
phone 0.0058 251 206 286 260
phone 0.0058 316 0 345 47
phone 0.0058 300 0 330 16
phone 0.0058 67 97 101 154
phone 0.0058 66 158 102 215
phone 0.0058 175 35 209 92
phone 0.0058 347 18 376 78
phone 0.0058 329 99 393 212
phone 0.0058 331 225 391 266
phone 0.0058 315 34 346 93
phone 0.0058 36 96 70 154
phone 0.0058 346 0 376 47
phone 0.0058 8 0 38 16
phone 0.0058 21 50 54 107
phone 0.0058 81 82 117 138
phone 0.0058 146 248 176 266
phone 0.0058 315 203 346 262
phone 0.0058 346 55 399 103
phone 0.0058 314 207 378 266
phone 0.0058 331 0 391 26
phone 0.0057 159 35 193 92
phone 0.0057 315 265 346 266
phone 0.0057 7 193 69 266
phone 0.0057 362 238 399 266
phone 0.0057 362 53 399 166
phone 0.0057 346 126 376 185
phone 0.0057 331 250 361 266
phone 0.0057 361 0 399 27
phone 0.0057 302 60 359 128
phone 0.0057 330 0 393 59
phone 0.0057 331 179 391 226
phone 0.0057 316 0 345 16
phone 0.0057 159 44 225 145
phone 0.0057 157 79 196 140
phone 0.0057 111 66 149 123
phone 0.0057 331 18 361 77
phone 0.0056 331 218 361 266
phone 0.0056 362 115 399 226
phone 0.0056 0 0 23 16
phone 0.0056 149 25 180 49
phone 0.0056 66 128 101 184
phone 0.0056 143 5 178 61
phone 0.0056 361 0 399 11
phone 0.0056 81 112 118 169
phone 0.0056 360 147 399 196
phone 0.0056 0 0 23 1
phone 0.0056 329 145 393 259
phone 0.0056 331 265 361 266
phone 0.0056 235 20 271 76
phone 0.0056 361 100 399 150
phone 0.0056 346 265 376 266
phone 0.0056 51 158 86 215
phone 0.0056 346 218 376 266
phone 0.0056 364 262 399 266
phone 0.0056 36 127 70 185
phone 0.0056 51 51 85 107
phone 0.0056 361 178 399 227
phone 0.0056 23 218 53 266
phone 0.0056 331 0 361 16
phone 0.0055 36 65 70 123
phone 0.0055 143 36 178 91
phone 0.0055 362 162 399 266
phone 0.0055 236 0 271 46
phone 0.0055 282 52 317 106
phone 0.0055 286 255 344 266
phone 0.0055 362 49 392 108
phone 0.0055 238 0 269 1
phone 0.0055 234 81 272 139
phone 0.0055 36 158 70 216
phone 0.0055 6 96 39 154
phone 0.0055 376 2 399 63
phone 0.0055 223 0 254 1
phone 0.0055 346 172 376 231
phone 0.0055 36 35 70 92
phone 0.0055 51 97 85 154
phone 0.0055 346 0 376 16
phone 0.0055 145 131 154 143
phone 0.0055 253 0 284 1
phone 0.0054 207 0 238 1
phone 0.0054 360 209 399 257
phone 0.0054 115 264 146 266
phone 0.0054 346 86 399 133
phone 0.0054 0 234 41 266
phone 0.0054 130 0 161 1
phone 0.0054 346 249 376 266
phone 0.0054 115 0 146 1
phone 0.0054 192 0 223 1
phone 0.0054 345 0 399 89
phone 0.0054 53 0 85 1
phone 0.0054 360 255 399 266
phone 0.0054 38 253 100 266
phone 0.0054 156 20 174 53
phone 0.0054 23 0 54 1
phone 0.0054 146 0 177 1
phone 0.0054 269 0 300 1
phone 0.0054 66 36 101 92
phone 0.0054 69 0 100 1
phone 0.0054 84 0 115 1
phone 0.0054 7 253 69 266
phone 0.0054 51 127 85 184
phone 0.0054 100 0 131 1
phone 0.0053 301 94 359 156
phone 0.0053 176 0 208 1
phone 0.0053 161 0 192 1
phone 0.0053 284 0 315 1
phone 0.0053 362 18 392 78
phone 0.0053 128 5 163 61
phone 0.0053 318 87 351 110
phone 0.0053 21 20 55 77
phone 0.0053 376 79 399 140
phone 0.0053 38 0 69 1
phone 0.0053 23 264 53 266
phone 0.0053 315 157 346 216
phone 0.0053 0 50 24 108
phone 0.0053 282 160 316 214
phone 0.0052 332 101 390 149
phone 0.0052 54 249 84 266
phone 0.0052 376 264 399 266
phone 0.0052 300 0 331 1
phone 0.0052 0 81 24 139
phone 0.0052 376 0 399 17
phone 0.0052 174 126 241 217
phone 0.0052 362 80 392 139
phone 0.0052 326 83 342 114
phone 0.0052 282 114 316 168
phone 0.0052 346 95 376 154
phone 0.0052 315 0 346 1
phone 0.0052 376 141 399 201
phone 0.0051 150 177 180 204
phone 0.0051 327 51 395 168
phone 0.0051 131 264 161 266
phone 0.0051 0 126 54 185
phone 0.0051 330 0 361 1
phone 0.0051 266 36 302 92
phone 0.0051 376 171 399 232
phone 0.0051 346 163 399 210
phone 0.0051 329 92 339 105
phone 0.0051 285 265 315 266
phone 0.0051 131 248 161 266
phone 0.0051 55 256 114 266
phone 0.0051 134 177 164 204
phone 0.0051 81 51 117 107
phone 0.0051 144 129 209 214
phone 0.0051 0 20 24 77
phone 0.0051 346 194 399 241
phone 0.0050 38 264 69 266
phone 0.0050 270 264 299 266
phone 0.0050 376 0 399 1
phone 0.0050 362 264 392 266
phone 0.0050 376 218 399 266
phone 0.0050 346 117 399 164
phone 0.0050 239 264 268 266
phone 0.0050 218 142 257 201
phone 0.0050 147 264 176 266
