phone 0.9311 89 138 185 268
phone 0.1150 110 164 172 251
phone 0.0906 38 100 230 300
phone 0.0407 42 165 177 280
phone 0.0307 97 152 154 231
phone 0.0283 114 182 198 264
phone 0.0257 0 115 112 283
phone 0.0247 60 175 159 240
phone 0.0235 121 158 259 289
phone 0.0225 54 190 134 256
phone 0.0215 58 102 162 250
phone 0.0199 126 107 260 242
phone 0.0191 182 68 266 210
phone 0.0186 109 69 217 223
phone 0.0163 102 188 148 257
phone 0.0160 31 169 127 307
phone 0.0141 51 201 158 303
phone 0.0140 76 194 112 251
phone 0.0139 102 199 214 305
phone 0.0137 131 174 181 241
phone 0.0132 148 30 250 183
phone 0.0129 47 13 266 264
phone 0.0119 20 239 108 359
phone 0.0119 0 136 61 272
phone 0.0119 42 169 116 246
phone 0.0117 0 66 89 217
phone 0.0116 0 192 75 313
phone 0.0113 88 57 163 234
phone 0.0110 36 73 122 217
phone 0.0110 90 177 130 237
phone 0.0109 121 196 222 250
phone 0.0106 61 238 159 361
phone 0.0104 42 201 116 275
phone 0.0101 140 237 234 361
phone 0.0099 172 204 266 316
phone 0.0097 71 136 149 217
phone 0.0096 150 170 223 245
phone 0.0096 61 194 97 251
phone 0.0094 97 254 186 375
phone 0.0094 27 271 101 328
phone 0.0094 86 201 165 275
phone 0.0093 26 189 101 257
phone 0.0092 57 155 132 229
phone 0.0091 0 224 69 282
phone 0.0091 26 157 101 226
phone 0.0091 121 221 191 286
phone 0.0089 114 141 168 212
phone 0.0089 12 255 85 313
phone 0.0089 65 27 148 191
phone 0.0088 0 177 53 237
phone 0.0086 210 109 266 226
phone 0.0086 16 147 50 205
phone 0.0086 16 124 81 198
phone 0.0085 89 285 162 344
phone 0.0085 42 142 116 211
phone 0.0085 139 189 236 317
phone 0.0083 69 225 151 282
phone 0.0083 72 254 148 315
phone 0.0083 45 108 114 184
phone 0.0082 1 146 34 206
phone 0.0080 171 184 234 261
phone 0.0080 138 209 173 267
phone 0.0080 150 268 224 330
phone 0.0080 154 210 188 265
phone 0.0080 159 117 215 174
phone 0.0079 47 270 80 328
phone 0.0078 150 138 223 215
phone 0.0078 0 212 52 264
phone 0.0078 127 104 185 157
phone 0.0077 167 252 238 316
phone 0.0077 122 285 191 344
phone 0.0077 169 155 236 229
phone 0.0076 186 237 249 300
phone 0.0076 133 238 210 299
phone 0.0076 32 255 65 313
phone 0.0075 0 197 33 309
phone 0.0075 46 179 81 235
phone 0.0075 119 252 193 316
phone 0.0075 46 288 112 341
phone 0.0074 0 230 33 276
phone 0.0074 73 266 130 375
phone 0.0074 56 269 133 330
phone 0.0074 121 205 161 271
phone 0.0074 17 239 49 298
phone 0.0074 31 132 65 190
phone 0.0074 42 235 117 302
phone 0.0073 169 194 204 251
phone 0.0073 182 175 253 239
phone 0.0073 170 216 235 290
phone 0.0073 26 221 102 286
phone 0.0072 10 206 87 270
phone 0.0072 2 121 65 170
phone 0.0072 0 223 18 283
phone 0.0072 2 193 33 252
phone 0.0072 109 286 142 343
phone 0.0071 124 101 158 159
phone 0.0071 93 286 126 344
phone 0.0071 63 96 126 164
phone 0.0071 54 131 135 192
phone 0.0070 77 225 111 282
phone 0.0070 185 207 250 269
phone 0.0070 156 101 187 159
phone 0.0070 0 228 48 339
phone 0.0070 96 89 155 140
phone 0.0069 0 88 49 203
phone 0.0069 49 88 109 142
phone 0.0069 17 116 49 175
phone 0.0069 50 53 110 176
phone 0.0069 76 107 144 184
phone 0.0069 92 211 126 265
phone 0.0069 174 130 231 192
phone 0.0068 0 136 49 186
phone 0.0068 11 174 86 241
phone 0.0068 185 270 219 328
phone 0.0068 0 261 49 307
phone 0.0068 103 268 179 331
phone 0.0068 151 203 223 272
phone 0.0067 35 100 93 160
phone 0.0067 2 254 33 314
phone 0.0067 110 85 141 143
phone 0.0066 17 91 80 139
phone 0.0066 204 180 266 277
phone 0.0066 3 116 33 175
phone 0.0066 62 225 96 282
phone 0.0066 170 271 203 328
phone 0.0066 93 256 127 312
phone 0.0066 185 193 219 252
phone 0.0066 61 163 97 220
phone 0.0066 204 137 263 185
phone 0.0066 61 117 96 174
phone 0.0066 18 57 80 171
phone 0.0066 186 289 249 399
phone 0.0065 64 285 95 345
phone 0.0065 139 240 173 297
phone 0.0065 16 193 50 251
phone 0.0065 47 210 80 266
phone 0.0065 86 238 165 300
phone 0.0065 202 132 233 190
phone 0.0065 201 225 234 282
phone 0.0065 0 192 18 253
phone 0.0064 3 260 64 369
phone 0.0064 201 194 234 251
phone 0.0064 49 85 79 144
phone 0.0064 0 161 18 222
phone 0.0064 78 285 111 344
phone 0.0064 96 305 155 355
phone 0.0064 94 86 126 143
phone 0.0064 108 55 173 174
phone 0.0063 91 152 121 178
phone 0.0063 185 147 219 205
phone 0.0063 3 292 63 338
phone 0.0063 169 163 204 220
phone 0.0063 218 132 249 190
phone 0.0063 34 85 64 144
phone 0.0063 218 224 248 282
phone 0.0063 139 271 173 328
phone 0.0063 234 0 266 30
phone 0.0063 188 322 248 369
phone 0.0062 18 285 48 345
phone 0.0062 33 76 95 123
phone 0.0062 0 106 48 154
phone 0.0062 154 240 188 297
phone 0.0062 173 289 231 340
phone 0.0062 154 271 188 328
phone 0.0062 185 224 219 282
phone 0.0061 264 367 266 399
phone 0.0061 263 332 266 399
phone 0.0061 0 131 17 190
phone 0.0061 33 42 95 156
phone 0.0061 218 0 266 64
phone 0.0061 78 85 111 144
phone 0.0061 76 163 113 220
phone 0.0061 188 144 247 209
phone 0.0061 203 106 263 154
phone 0.0060 97 148 115 182
phone 0.0060 64 75 125 123
phone 0.0060 234 122 266 169
phone 0.0060 188 122 247 170
phone 0.0060 157 29 217 77
phone 0.0060 249 0 266 37
phone 0.0060 202 332 265 399
phone 0.0060 134 8 206 151
phone 0.0060 46 260 96 382
phone 0.0060 188 91 248 139
phone 0.0060 121 229 152 255
phone 0.0060 156 0 218 110
phone 0.0060 0 332 50 399
phone 0.0060 233 88 266 202
phone 0.0059 202 316 233 375
phone 0.0059 187 367 248 399
phone 0.0059 125 0 188 95
phone 0.0059 0 332 19 399
phone 0.0059 18 60 79 108
phone 0.0059 3 76 63 123
phone 0.0059 3 367 64 399
phone 0.0059 76 190 106 217
phone 0.0059 218 367 266 399
phone 0.0059 0 367 17 399
phone 0.0059 200 219 266 349
phone 0.0059 140 304 203 399
phone 0.0059 0 332 3 399
phone 0.0059 19 337 78 385
phone 0.0059 128 226 146 258
phone 0.0059 0 367 2 399
phone 0.0059 201 255 234 313
phone 0.0059 249 137 266 185
phone 0.0059 218 91 266 139
phone 0.0059 203 76 263 123
phone 0.0059 205 258 261 310
phone 0.0059 2 42 65 156
phone 0.0059 171 332 234 399
phone 0.0058 64 70 94 128
phone 0.0058 46 116 81 174
phone 0.0058 34 29 94 77
phone 0.0058 172 45 232 93
phone 0.0058 77 256 111 312
phone 0.0058 0 60 48 108
phone 0.0058 0 91 32 139
phone 0.0058 111 29 171 77
phone 0.0058 3 45 63 93
phone 0.0058 18 85 48 144
phone 0.0058 111 76 171 123
phone 0.0058 94 0 157 95
phone 0.0058 248 103 266 218
phone 0.0058 217 57 266 172
phone 0.0058 188 60 248 108
phone 0.0058 31 209 65 266
phone 0.0058 62 256 96 312
phone 0.0058 155 71 220 189
phone 0.0058 234 168 266 216
phone 0.0058 2 362 33 399
phone 0.0058 141 91 202 139
phone 0.0058 94 41 157 157
phone 0.0058 17 11 80 125
phone 0.0058 33 332 96 399
phone 0.0058 156 367 218 399
phone 0.0058 188 29 248 77
phone 0.0058 47 240 80 297
phone 0.0058 126 299 156 361
phone 0.0058 90 147 129 205
phone 0.0058 202 363 233 399
phone 0.0058 17 362 49 399
phone 0.0058 249 106 266 154
phone 0.0058 219 152 266 201
phone 0.0058 0 57 34 172
phone 0.0058 172 76 232 123
phone 0.0058 49 60 109 108
phone 0.0058 218 100 248 159
phone 0.0058 63 0 127 95
phone 0.0058 0 0 32 30
phone 0.0057 187 26 249 141
phone 0.0057 95 60 155 108
phone 0.0057 231 134 266 249
phone 0.0057 265 0 266 37
phone 0.0057 127 337 186 385
phone 0.0057 172 23 202 83
phone 0.0057 49 367 110 399
phone 0.0057 127 0 186 30
phone 0.0057 157 23 187 83
phone 0.0057 142 45 201 93
phone 0.0057 249 367 266 399
phone 0.0057 0 0 1 30
phone 0.0057 234 214 266 262
phone 0.0057 80 29 140 77
phone 0.0057 65 353 125 399
phone 0.0057 187 363 218 399
phone 0.0057 126 367 187 399
phone 0.0057 33 363 64 399
phone 0.0057 203 85 233 144
phone 0.0057 0 11 49 126
phone 0.0057 0 0 2 64
phone 0.0057 200 163 235 220
phone 0.0057 0 260 17 308
phone 0.0057 0 29 48 77
phone 0.0057 188 23 217 82
phone 0.0056 142 23 171 83
phone 0.0056 172 106 232 154
phone 0.0056 79 332 142 399
phone 0.0056 109 332 173 399
phone 0.0056 34 331 64 390
phone 0.0056 141 0 202 64
phone 0.0056 34 54 64 113
phone 0.0056 188 0 247 30
phone 0.0056 171 363 203 399
phone 0.0056 188 85 217 144
phone 0.0056 0 100 17 159
phone 0.0056 48 363 80 399
phone 0.0056 110 0 171 64
phone 0.0056 126 60 186 108
phone 0.0056 248 57 266 172
phone 0.0056 95 367 156 399
phone 0.0056 219 291 266 339
phone 0.0056 219 0 248 37
phone 0.0056 157 60 217 108
phone 0.0056 232 181 266 294
phone 0.0056 203 45 263 93
phone 0.0056 108 225 142 281
phone 0.0056 157 0 217 30
phone 0.0056 46 148 81 205
phone 0.0056 0 306 32 354
phone 0.0056 172 101 202 159
phone 0.0056 265 122 266 170
phone 0.0056 182 146 214 169
phone 0.0056 265 337 266 385
phone 0.0056 156 363 187 399
phone 0.0056 114 222 208 352
phone 0.0056 18 275 79 385
phone 0.0056 169 240 204 297
phone 0.0056 65 323 124 368
phone 0.0056 96 0 155 30
phone 0.0056 218 60 266 108
phone 0.0056 64 363 95 399
phone 0.0056 249 337 266 385
phone 0.0056 0 0 18 64
phone 0.0056 80 316 110 375
phone 0.0056 49 23 79 82
phone 0.0056 218 70 248 129
phone 0.0056 0 75 17 123
phone 0.0056 34 23 64 82
phone 0.0056 126 23 156 83
phone 0.0056 49 54 79 113
phone 0.0056 249 76 266 123
phone 0.0056 110 11 172 126
phone 0.0056 92 117 127 174
phone 0.0055 265 152 266 200
phone 0.0055 48 11 111 126
phone 0.0055 265 91 266 139
phone 0.0055 202 11 264 126
phone 0.0055 0 0 48 64
phone 0.0055 264 0 266 64
phone 0.0055 234 276 266 323
phone 0.0055 79 363 110 399
phone 0.0055 18 39 48 98
phone 0.0055 157 337 217 385
phone 0.0055 141 363 172 399
phone 0.0055 249 230 266 277
phone 0.0055 263 88 266 202
phone 0.0055 0 193 2 252
phone 0.0055 141 331 172 390
phone 0.0055 126 331 156 390
phone 0.0055 126 70 156 128
phone 0.0055 0 273 34 387
phone 0.0055 203 54 233 113
phone 0.0055 249 199 266 246
phone 0.0055 217 258 266 371
phone 0.0055 265 229 266 277
phone 0.0055 3 322 63 369
phone 0.0055 142 300 171 361
phone 0.0055 233 304 266 399
phone 0.0055 123 271 157 328
phone 0.0055 203 23 233 82
phone 0.0055 249 291 266 339
phone 0.0055 172 0 233 64
phone 0.0055 265 183 266 231
phone 0.0055 94 363 126 399
phone 0.0055 125 363 157 399
phone 0.0055 0 242 18 356
phone 0.0055 19 307 78 353
phone 0.0055 142 0 171 37
phone 0.0055 77 118 112 173
phone 0.0055 79 11 141 126
phone 0.0055 203 306 263 354
phone 0.0055 218 316 249 374
phone 0.0055 65 23 94 83
phone 0.0055 141 85 171 144
phone 0.0055 111 23 140 83
phone 0.0055 110 363 141 399
phone 0.0055 0 29 17 77
phone 0.0055 0 291 17 339
phone 0.0055 234 70 264 129
phone 0.0055 248 196 266 310
phone 0.0055 3 0 63 30
phone 0.0055 249 260 266 308
phone 0.0055 33 300 64 360
phone 0.0055 157 0 186 37
phone 0.0055 49 331 79 390
phone 0.0054 111 54 140 113
phone 0.0054 0 239 2 298
phone 0.0054 80 23 110 83
phone 0.0054 126 0 156 37
phone 0.0054 263 134 266 248
phone 0.0054 95 23 125 83
phone 0.0054 3 39 33 98
phone 0.0054 265 60 266 108
phone 0.0054 82 186 99 220
phone 0.0054 0 29 2 77
phone 0.0054 0 26 18 141
phone 0.0054 263 42 266 156
phone 0.0054 248 257 266 371
phone 0.0054 265 29 266 77
phone 0.0054 263 196 266 310
phone 0.0054 188 54 217 113
phone 0.0054 79 0 141 64
phone 0.0054 0 214 2 262
phone 0.0054 95 54 125 113
phone 0.0054 80 54 110 113
phone 0.0054 265 260 266 308
phone 0.0054 248 150 266 264
phone 0.0054 157 69 187 129
phone 0.0054 34 0 94 30
phone 0.0054 0 131 2 190
phone 0.0054 172 69 202 129
phone 0.0054 65 0 124 30
phone 0.0054 203 0 233 37
phone 0.0054 265 306 266 354
phone 0.0054 31 179 65 235
phone 0.0054 0 106 2 154
phone 0.0054 156 331 187 390
phone 0.0054 234 245 266 292
phone 0.0054 0 162 2 221
phone 0.0054 18 0 79 64
phone 0.0054 50 14 109 62
phone 0.0054 173 0 202 37
phone 0.0054 263 0 266 110
phone 0.0054 203 285 233 345
phone 0.0053 0 75 2 123
phone 0.0053 249 29 266 77
phone 0.0053 142 54 171 113
phone 0.0053 0 180 3 295
phone 0.0053 111 0 140 37
phone 0.0053 108 256 142 312
phone 0.0053 0 275 2 323
phone 0.0053 232 227 266 340
phone 0.0053 187 316 218 375
phone 0.0053 218 39 248 98
phone 0.0053 96 338 155 384
phone 0.0053 218 29 266 77
phone 0.0053 188 0 217 37
phone 0.0053 50 337 109 385
phone 0.0053 158 306 216 354
phone 0.0053 263 273 266 387
phone 0.0053 0 73 3 187
phone 0.0053 0 337 2 385
phone 0.0053 18 315 48 375
phone 0.0053 190 141 207 173
phone 0.0053 0 11 3 126
phone 0.0053 0 226 3 341
phone 0.0053 264 208 266 267
phone 0.0053 248 0 266 110
phone 0.0053 112 322 170 369
phone 0.0053 172 331 203 390
phone 0.0053 218 346 248 399
phone 0.0052 110 331 141 390
phone 0.0052 232 0 266 95
phone 0.0052 0 322 17 370
phone 0.0052 19 0 48 37
phone 0.0052 96 0 125 37
phone 0.0052 264 285 266 344
phone 0.0052 0 119 3 233
phone 0.0052 34 0 63 37
phone 0.0052 0 306 2 354
phone 0.0052 49 0 79 37
phone 0.0052 64 331 95 390
phone 0.0052 101 159 111 171
phone 0.0052 80 0 109 37
phone 0.0051 65 0 94 37
phone 0.0051 194 151 203 164
phone 0.0051 0 273 3 387
phone 0.0051 95 316 125 375
phone 0.0051 157 300 187 361
phone 0.0051 123 239 157 298
phone 0.0051 132 236 142 248
phone 0.0051 111 159 231 225
phone 0.0050 49 300 79 360
