phone 0.9005 153 49 266 231
phone 0.0679 166 105 279 266
phone 0.0662 126 0 323 219
phone 0.0541 122 75 231 237
phone 0.0492 102 150 219 255
phone 0.0416 161 175 246 258
phone 0.0415 116 172 205 233
phone 0.0379 190 57 313 215
phone 0.0343 95 53 195 197
phone 0.0310 223 4 366 212
phone 0.0258 229 123 352 263
phone 0.0234 202 87 380 241
phone 0.0229 142 173 179 231
phone 0.0229 59 79 160 250
phone 0.0227 53 33 228 266
phone 0.0215 267 66 379 199
phone 0.0208 117 18 205 171
phone 0.0205 175 2 279 163
phone 0.0204 203 162 317 266
phone 0.0202 19 12 135 198
phone 0.0202 181 165 264 240
phone 0.0201 157 173 195 232
phone 0.0189 128 173 163 231
phone 0.0187 108 85 183 166
phone 0.0185 125 95 197 187
phone 0.0173 149 144 234 231
phone 0.0170 30 93 125 236
phone 0.0168 148 0 236 194
phone 0.0165 145 108 239 206
phone 0.0165 105 188 186 247
phone 0.0162 113 77 339 266
phone 0.0159 136 183 216 252
phone 0.0157 277 3 373 140
phone 0.0142 172 172 211 232
phone 0.0139 244 50 325 200
phone 0.0138 121 127 201 216
phone 0.0131 75 40 156 179
phone 0.0122 92 170 169 235
phone 0.0122 72 158 159 266
phone 0.0120 253 117 315 195
phone 0.0117 202 143 304 201
phone 0.0117 127 57 195 133
phone 0.0114 189 128 286 216
phone 0.0110 250 0 341 112
phone 0.0108 187 172 227 233
phone 0.0107 255 145 314 228
phone 0.0106 95 0 187 115
phone 0.0106 82 72 148 148
phone 0.0105 99 54 161 135
phone 0.0103 203 172 242 232
phone 0.0103 105 117 186 195
phone 0.0102 126 96 165 155
phone 0.0101 50 122 119 190
phone 0.0100 8 108 80 224
phone 0.0100 136 68 217 153
phone 0.0099 252 87 316 164
phone 0.0099 67 88 132 162
phone 0.0099 123 203 199 263
phone 0.0097 235 24 303 164
phone 0.0097 0 263 40 266
phone 0.0097 229 102 308 180
phone 0.0097 0 0 39 0
phone 0.0097 216 188 291 247
phone 0.0096 140 95 181 156
phone 0.0094 184 203 261 263
phone 0.0093 0 0 57 99
phone 0.0092 94 204 167 262
phone 0.0092 113 174 147 231
phone 0.0091 266 126 302 186
phone 0.0089 59 0 161 129
phone 0.0089 63 156 137 218
phone 0.0088 92 105 169 177
phone 0.0088 0 38 55 164
phone 0.0088 240 60 298 129
phone 0.0088 97 81 132 139
phone 0.0086 54 62 115 188
phone 0.0085 274 165 368 266
phone 0.0085 112 221 180 266
phone 0.0084 68 192 131 243
phone 0.0084 112 65 148 124
phone 0.0084 224 49 283 109
phone 0.0084 67 127 101 185
phone 0.0083 82 96 116 154
phone 0.0083 203 218 273 266
phone 0.0083 142 66 179 123
phone 0.0082 141 218 213 266
phone 0.0082 52 142 117 261
phone 0.0082 177 238 237 266
phone 0.0082 177 87 238 164
phone 0.0081 93 134 167 209
phone 0.0081 266 156 302 218
phone 0.0081 144 204 178 261
phone 0.0080 127 65 164 124
phone 0.0080 99 188 131 247
phone 0.0080 236 189 270 246
phone 0.0080 196 237 211 266
phone 0.0080 251 144 286 199
phone 0.0079 232 170 306 235
phone 0.0078 188 237 203 266
phone 0.0078 114 204 146 262
phone 0.0077 199 246 208 259
phone 0.0076 195 33 251 95
phone 0.0076 39 129 99 244
phone 0.0076 205 205 239 261
phone 0.0076 140 125 182 187
phone 0.0076 68 95 100 155
phone 0.0076 84 187 115 248
phone 0.0076 258 87 341 224
phone 0.0075 53 177 116 227
phone 0.0075 159 201 226 266
phone 0.0075 256 67 312 122
phone 0.0075 112 97 148 154
phone 0.0075 191 246 200 259
phone 0.0074 235 145 271 198
phone 0.0074 118 45 173 113
phone 0.0074 79 120 151 192
phone 0.0074 236 201 301 265
phone 0.0073 159 204 193 261
phone 0.0073 130 219 162 266
phone 0.0073 266 95 302 155
phone 0.0073 190 219 224 266
phone 0.0073 154 140 198 203
phone 0.0073 83 158 116 215
phone 0.0073 36 145 102 197
phone 0.0072 180 236 196 266
phone 0.0072 172 240 204 264
phone 0.0071 136 0 212 100
phone 0.0071 36 0 119 121
phone 0.0070 54 156 84 217
phone 0.0070 240 239 298 266
phone 0.0069 252 189 285 246
phone 0.0069 0 0 41 32
phone 0.0069 208 233 238 266
phone 0.0068 68 157 100 216
phone 0.0068 256 182 313 252
phone 0.0068 162 233 192 266
phone 0.0067 157 56 188 79
phone 0.0067 221 205 255 261
phone 0.0067 177 24 238 72
phone 0.0066 176 0 239 106
phone 0.0066 183 246 193 259
phone 0.0066 131 239 191 266
phone 0.0066 183 254 193 266
phone 0.0066 223 233 253 266
phone 0.0065 254 234 284 266
phone 0.0065 314 76 387 188
phone 0.0065 98 158 132 215
phone 0.0065 40 81 99 199
phone 0.0065 163 35 221 124
phone 0.0064 53 126 84 186
phone 0.0064 69 187 99 248
phone 0.0064 192 19 222 77
phone 0.0064 222 34 255 92
phone 0.0064 38 115 100 166
phone 0.0064 200 0 273 97
phone 0.0064 239 233 268 266
phone 0.0063 177 19 207 77
phone 0.0063 164 52 181 84
phone 0.0063 271 176 328 228
phone 0.0063 165 106 218 175
phone 0.0063 203 237 219 266
phone 0.0062 0 124 51 262
phone 0.0062 164 249 196 266
phone 0.0062 9 19 81 127
phone 0.0062 100 39 161 89
phone 0.0062 285 225 345 266
phone 0.0062 131 38 191 89
phone 0.0061 162 9 222 57
phone 0.0061 168 246 177 259
phone 0.0061 146 24 207 72
phone 0.0061 315 237 377 266
phone 0.0061 269 141 330 202
phone 0.0060 209 72 297 148
phone 0.0060 176 254 185 266
phone 0.0060 254 256 314 266
phone 0.0060 172 245 188 266
phone 0.0060 253 222 316 266
phone 0.0060 268 110 331 171
phone 0.0060 168 61 177 74
phone 0.0060 221 3 286 124
phone 0.0060 146 233 176 266
phone 0.0060 271 83 328 137
phone 0.0060 126 143 164 200
phone 0.0060 315 255 376 266
phone 0.0060 53 84 116 135
phone 0.0060 130 35 162 92
phone 0.0060 220 175 255 229
phone 0.0059 206 246 216 259
phone 0.0059 82 127 116 184
phone 0.0059 69 68 130 121
phone 0.0059 145 35 177 92
phone 0.0059 54 210 114 256
phone 0.0059 270 240 329 266
phone 0.0059 115 34 146 92
phone 0.0059 69 225 130 266
phone 0.0059 284 173 315 231
phone 0.0059 105 245 172 266
phone 0.0059 362 238 399 266
phone 0.0059 300 219 330 266
phone 0.0059 193 9 253 57
phone 0.0059 286 193 343 242
phone 0.0058 131 9 191 57
phone 0.0058 0 234 40 266
phone 0.0058 208 19 238 77
phone 0.0058 269 249 299 266
phone 0.0058 331 265 361 266
phone 0.0058 162 19 192 77
phone 0.0058 85 218 115 266
phone 0.0058 38 237 100 266
phone 0.0058 285 256 345 266
phone 0.0058 362 38 399 150
phone 0.0058 346 264 376 266
phone 0.0058 268 207 331 266
phone 0.0058 22 132 85 180
phone 0.0058 316 24 376 72
phone 0.0058 330 222 393 266
phone 0.0058 360 70 399 119
phone 0.0058 177 0 237 42
phone 0.0058 150 139 180 166
phone 0.0058 249 112 287 169
phone 0.0058 7 0 70 29
phone 0.0057 238 34 269 92
phone 0.0057 267 34 333 154
phone 0.0057 315 0 377 105
phone 0.0057 112 143 148 200
phone 0.0057 84 64 115 124
phone 0.0057 300 188 330 247
phone 0.0057 301 117 360 165
phone 0.0057 331 40 391 88
phone 0.0057 361 39 399 88
phone 0.0057 299 207 362 266
phone 0.0057 331 179 391 226
phone 0.0057 361 101 399 150
phone 0.0057 22 253 85 266
phone 0.0057 147 0 206 42
phone 0.0057 285 234 315 266
phone 0.0057 315 265 346 266
phone 0.0057 97 128 132 184
phone 0.0057 300 9 360 57
phone 0.0057 361 8 399 58
phone 0.0057 331 249 361 266
phone 0.0057 362 0 399 104
phone 0.0057 85 241 145 266
phone 0.0057 301 178 360 226
phone 0.0056 362 84 399 196
phone 0.0056 330 145 393 259
phone 0.0056 316 55 376 103
phone 0.0056 54 255 114 266
phone 0.0056 7 237 69 266
phone 0.0056 331 148 391 195
phone 0.0056 346 249 376 266
phone 0.0056 330 22 393 136
phone 0.0056 331 9 391 57
phone 0.0056 208 24 268 72
phone 0.0056 300 265 330 266
phone 0.0056 100 234 130 266
phone 0.0056 361 0 399 11
phone 0.0056 208 0 268 42
phone 0.0056 54 264 84 266
phone 0.0056 100 34 130 93
phone 0.0056 39 0 99 42
phone 0.0056 361 131 399 180
phone 0.0056 331 71 391 118
phone 0.0056 315 249 346 266
phone 0.0056 8 0 68 11
phone 0.0056 361 0 399 27
phone 0.0056 85 264 115 266
phone 0.0056 362 131 399 242
phone 0.0056 364 262 399 266
phone 0.0056 69 264 99 266
phone 0.0056 360 255 399 266
phone 0.0056 116 0 176 42
phone 0.0056 316 194 376 241
phone 0.0056 360 162 399 211
phone 0.0056 147 3 176 62
phone 0.0055 300 249 330 266
phone 0.0055 233 0 302 88
phone 0.0055 69 65 99 123
phone 0.0055 283 97 316 153
phone 0.0055 39 194 99 241
phone 0.0055 224 9 283 57
phone 0.0055 362 192 399 266
phone 0.0055 285 65 315 123
phone 0.0055 22 0 85 75
phone 0.0055 39 264 68 266
phone 0.0055 250 80 287 140
phone 0.0055 331 18 361 78
phone 0.0055 297 97 363 214
phone 0.0055 285 0 345 42
phone 0.0055 54 9 114 57
phone 0.0055 346 18 376 78
phone 0.0055 193 0 222 47
phone 0.0055 238 265 269 266
phone 0.0055 316 163 376 211
phone 0.0055 0 0 23 1
phone 0.0055 8 9 68 57
phone 0.0055 269 218 299 266
phone 0.0055 331 117 391 165
phone 0.0055 346 172 376 231
phone 0.0055 39 126 69 185
phone 0.0055 0 188 40 266
phone 0.0055 69 40 130 88
phone 0.0055 39 0 99 11
phone 0.0055 116 256 175 266
phone 0.0055 0 0 36 11
phone 0.0055 316 111 346 170
phone 0.0055 284 265 315 266
phone 0.0055 131 249 161 266
phone 0.0055 0 264 22 266
phone 0.0055 346 49 376 108
phone 0.0055 0 255 36 266
phone 0.0055 100 264 130 266
phone 0.0054 177 0 207 47
phone 0.0054 316 0 376 42
phone 0.0054 301 40 360 88
phone 0.0054 85 51 145 107
phone 0.0054 283 128 316 184
phone 0.0054 85 24 145 72
phone 0.0054 176 246 185 259
phone 0.0054 208 0 238 47
phone 0.0054 254 0 314 11
phone 0.0054 22 221 85 266
phone 0.0054 86 16 145 141
phone 0.0054 70 0 130 42
phone 0.0054 162 0 192 47
phone 0.0054 223 265 253 266
phone 0.0054 85 0 145 11
phone 0.0054 346 203 376 262
phone 0.0054 315 37 377 151
phone 0.0054 54 187 84 247
phone 0.0054 301 147 360 196
phone 0.0054 316 3 345 62
phone 0.0054 316 86 376 134
phone 0.0054 316 172 345 231
phone 0.0054 376 264 399 266
phone 0.0054 314 130 377 243
phone 0.0054 156 135 174 169
phone 0.0054 101 9 160 57
phone 0.0054 331 219 361 266
phone 0.0054 116 0 176 11
phone 0.0054 23 264 53 266
phone 0.0054 269 265 300 266
phone 0.0054 253 265 284 266
phone 0.0054 223 0 284 11
phone 0.0054 346 141 376 201
phone 0.0054 315 219 346 266
phone 0.0054 253 0 316 44
phone 0.0054 69 249 99 266
phone 0.0054 54 0 114 26
phone 0.0054 331 0 391 11
phone 0.0054 147 44 206 115
phone 0.0054 83 0 147 28
phone 0.0054 115 24 176 72
phone 0.0054 224 3 253 62
phone 0.0053 331 49 361 108
phone 0.0053 237 0 301 28
phone 0.0053 270 0 330 26
phone 0.0053 300 80 330 139
phone 0.0053 377 64 399 124
phone 0.0053 131 0 191 26
phone 0.0053 287 130 343 182
phone 0.0053 285 0 345 11
phone 0.0053 54 0 84 47
phone 0.0053 85 249 115 266
phone 0.0053 285 24 345 72
phone 0.0053 54 95 84 154
phone 0.0053 0 0 22 16
phone 0.0053 193 0 253 26
phone 0.0053 0 249 22 266
phone 0.0053 331 188 361 247
phone 0.0053 24 0 53 47
phone 0.0053 346 25 399 72
phone 0.0053 39 0 68 47
phone 0.0053 131 0 161 47
phone 0.0053 316 132 376 180
phone 0.0053 23 0 53 16
phone 0.0053 268 0 331 59
phone 0.0053 162 0 222 26
phone 0.0053 376 33 399 94
phone 0.0053 146 0 207 11
phone 0.0053 193 0 253 11
phone 0.0053 377 2 399 63
phone 0.0053 239 3 268 62
phone 0.0053 331 0 391 26
phone 0.0053 377 95 399 155
phone 0.0053 54 249 84 266
phone 0.0052 287 161 343 212
phone 0.0052 347 80 376 139
phone 0.0052 254 24 314 72
phone 0.0052 346 111 376 170
phone 0.0052 70 0 99 47
phone 0.0052 23 163 84 210
phone 0.0052 177 265 207 266
phone 0.0052 299 0 362 28
phone 0.0052 269 50 299 108
phone 0.0052 346 55 399 103
phone 0.0052 300 0 330 47
phone 0.0052 39 249 69 266
phone 0.0052 331 157 361 216
phone 0.0052 39 0 68 16
phone 0.0052 376 0 399 17
phone 0.0052 39 24 99 72
phone 0.0052 192 265 223 266
phone 0.0052 54 55 115 103
phone 0.0052 300 71 360 118
phone 0.0052 54 0 84 16
phone 0.0052 207 265 238 266
phone 0.0052 85 34 115 93
phone 0.0052 54 218 84 266
phone 0.0052 316 34 345 93
phone 0.0052 316 142 346 200
phone 0.0052 346 194 399 241
phone 0.0052 346 86 399 134
phone 0.0052 331 0 361 47
phone 0.0052 346 0 376 47
phone 0.0052 116 0 145 47
phone 0.0052 23 249 53 266
phone 0.0052 22 160 85 266
phone 0.0052 85 0 115 47
phone 0.0052 270 40 329 88
phone 0.0052 192 119 253 194
phone 0.0052 270 0 299 16
phone 0.0052 254 0 284 16
phone 0.0052 362 264 392 266
phone 0.0052 70 0 99 16
phone 0.0051 100 0 130 16
phone 0.0051 116 0 145 16
phone 0.0051 8 265 38 266
phone 0.0051 376 248 399 266
phone 0.0051 376 125 399 186
phone 0.0051 85 0 115 16
phone 0.0051 300 157 330 216
phone 0.0051 346 0 376 16
phone 0.0051 331 80 361 139
phone 0.0051 285 0 315 47
phone 0.0051 131 0 161 16
phone 0.0051 100 0 130 47
phone 0.0051 285 0 315 16
phone 0.0051 239 0 268 16
phone 0.0051 376 156 399 217
phone 0.0051 0 218 22 266
phone 0.0051 39 203 68 262
phone 0.0051 130 259 211 266
phone 0.0051 179 136 235 207
phone 0.0051 222 254 285 266
phone 0.0051 8 40 68 88
phone 0.0051 362 18 392 78
phone 0.0051 161 265 192 266
phone 0.0051 115 264 146 266
phone 0.0051 376 218 399 266
phone 0.0051 146 0 176 16
phone 0.0051 130 254 193 266
phone 0.0051 146 265 177 266
phone 0.0051 254 0 284 47
phone 0.0051 8 209 68 257
phone 0.0051 223 0 253 16
phone 0.0051 376 187 399 248
phone 0.0051 85 256 145 266
phone 0.0051 300 18 330 78
phone 0.0050 300 0 330 16
phone 0.0050 173 48 210 109
phone 0.0050 168 78 215 142
phone 0.0050 155 81 197 139
phone 0.0050 362 49 392 108
phone 0.0050 285 55 345 103
phone 0.0050 331 0 361 16
phone 0.0050 39 157 68 216
phone 0.0050 362 172 392 232
phone 0.0050 331 111 361 170
phone 0.0050 208 0 238 16
phone 0.0050 270 0 299 47
phone 0.0050 162 0 192 16
phone 0.0050 70 18 99 78
phone 0.0050 235 66 271 123
phone 0.0050 316 0 345 16
phone 0.0050 115 233 145 266
