phone 0.8212 130 58 262 180
phone 0.0839 129 101 224 171
phone 0.0557 163 81 221 160
phone 0.0503 102 27 345 197
phone 0.0339 104 76 218 194
phone 0.0303 155 102 198 169
phone 0.0288 147 32 294 155
phone 0.0263 86 15 205 165
phone 0.0235 167 79 277 163
phone 0.0231 39 37 178 192
phone 0.0222 120 0 230 139
phone 0.0207 131 117 217 210
phone 0.0196 176 65 239 145
phone 0.0174 220 9 359 162
phone 0.0171 170 98 287 225
phone 0.0161 32 73 128 207
phone 0.0154 213 74 293 136
phone 0.0153 91 107 199 225
phone 0.0140 206 56 300 184
phone 0.0139 23 6 137 167
phone 0.0137 149 0 259 111
phone 0.0130 184 103 230 168
phone 0.0120 355 146 399 225
phone 0.0119 168 117 246 185
phone 0.0116 266 0 364 120
phone 0.0116 106 85 185 155
phone 0.0115 347 83 399 218
phone 0.0115 92 71 168 139
phone 0.0113 142 106 179 165
phone 0.0113 265 57 365 183
phone 0.0113 318 44 391 180
phone 0.0112 91 120 169 182
phone 0.0109 105 137 186 195
phone 0.0109 191 53 284 127
phone 0.0109 219 86 318 215
phone 0.0108 235 77 270 133
phone 0.0107 54 0 145 111
phone 0.0106 67 87 163 215
phone 0.0105 4 39 99 189
phone 0.0104 0 0 66 111
phone 0.0103 23 136 115 225
phone 0.0103 251 134 348 225
phone 0.0100 211 0 321 95
phone 0.0100 68 151 162 225
phone 0.0099 339 6 399 142
phone 0.0099 299 135 393 225
phone 0.0097 0 75 53 212
phone 0.0097 221 96 286 175
phone 0.0096 161 151 254 225
phone 0.0096 357 116 399 186
phone 0.0094 205 135 302 225
phone 0.0094 107 54 184 126
phone 0.0093 203 107 241 164
phone 0.0092 262 61 337 118
phone 0.0091 203 116 273 186
phone 0.0091 0 104 86 225
phone 0.0088 356 85 399 155
phone 0.0088 233 85 304 155
phone 0.0088 189 122 224 179
phone 0.0087 346 185 399 225
phone 0.0086 108 167 183 225
phone 0.0086 113 138 147 194
phone 0.0085 128 139 162 194
phone 0.0085 278 30 352 88
phone 0.0084 77 133 153 199
phone 0.0083 276 77 354 133
phone 0.0083 128 108 163 163
phone 0.0082 186 183 260 225
phone 0.0082 173 121 210 181
phone 0.0082 54 0 114 60
phone 0.0082 124 150 198 214
phone 0.0082 155 135 229 197
phone 0.0082 0 0 52 61
phone 0.0082 345 41 399 107
phone 0.0082 220 107 255 164
phone 0.0081 112 77 147 133
phone 0.0081 187 133 258 199
phone 0.0080 264 89 336 151
phone 0.0080 340 134 399 198
phone 0.0079 64 183 136 225
phone 0.0079 231 120 307 182
phone 0.0079 234 181 304 225
phone 0.0078 375 182 399 225
phone 0.0078 19 169 88 225
phone 0.0078 233 41 305 107
phone 0.0078 339 103 399 168
phone 0.0078 78 85 152 155
phone 0.0077 84 0 147 73
phone 0.0077 8 0 68 38
phone 0.0077 141 180 212 225
phone 0.0077 122 62 199 148
phone 0.0077 278 105 352 166
phone 0.0077 254 6 314 80
phone 0.0077 316 18 375 69
phone 0.0077 282 61 316 118
phone 0.0077 289 24 373 154
phone 0.0076 285 87 376 214
phone 0.0076 314 0 378 103
phone 0.0076 122 38 200 110
phone 0.0076 19 7 87 80
phone 0.0075 36 0 102 97
phone 0.0075 97 0 189 107
phone 0.0075 374 153 399 210
phone 0.0074 235 106 271 165
phone 0.0074 99 0 131 41
phone 0.0074 113 107 147 164
phone 0.0074 315 14 346 72
phone 0.0074 330 13 361 72
phone 0.0074 100 0 160 38
phone 0.0074 278 166 352 225
phone 0.0073 374 107 399 164
phone 0.0073 262 121 337 181
phone 0.0073 242 95 272 122
phone 0.0073 0 135 60 197
phone 0.0073 61 118 138 184
phone 0.0072 127 77 164 133
phone 0.0072 39 0 99 38
phone 0.0072 299 38 362 110
phone 0.0072 251 91 286 149
phone 0.0072 298 31 331 86
phone 0.0072 325 71 397 138
phone 0.0071 7 0 39 41
phone 0.0071 128 169 162 225
phone 0.0071 196 65 226 91
phone 0.0071 177 201 238 225
phone 0.0071 315 185 377 225
phone 0.0071 250 69 318 140
phone 0.0071 2 151 75 212
phone 0.0070 70 0 129 39
phone 0.0070 266 182 334 225
phone 0.0070 298 77 331 133
phone 0.0070 114 199 178 225
phone 0.0070 84 201 147 225
phone 0.0070 254 0 315 37
phone 0.0070 15 120 92 182
phone 0.0069 360 29 393 87
phone 0.0069 208 2 268 54
phone 0.0069 309 118 382 184
phone 0.0069 144 153 178 210
phone 0.0069 206 184 239 225
phone 0.0069 1 103 75 168
phone 0.0069 286 2 344 54
phone 0.0068 267 14 301 72
phone 0.0068 5 14 39 72
phone 0.0068 205 137 239 195
phone 0.0068 0 56 59 122
phone 0.0068 0 0 41 12
phone 0.0068 38 186 100 225
phone 0.0068 374 77 399 133
phone 0.0068 282 91 316 149
phone 0.0067 221 184 254 225
phone 0.0067 252 183 285 225
phone 0.0067 83 183 116 225
phone 0.0067 37 167 69 225
phone 0.0067 16 42 91 106
phone 0.0067 245 104 323 167
phone 0.0067 0 171 53 223
phone 0.0067 208 202 268 225
phone 0.0067 134 111 165 137
phone 0.0067 374 45 399 103
phone 0.0067 78 54 151 125
phone 0.0066 48 25 120 92
phone 0.0066 131 0 161 41
phone 0.0066 82 15 116 71
phone 0.0066 248 92 266 126
phone 0.0066 161 0 223 37
phone 0.0066 131 0 192 37
phone 0.0066 97 123 132 179
phone 0.0066 46 104 122 168
phone 0.0066 175 153 208 210
phone 0.0066 269 0 299 41
phone 0.0066 1 72 75 137
phone 0.0066 159 153 193 210
phone 0.0066 362 218 399 225
phone 0.0066 113 184 147 225
phone 0.0066 311 85 381 155
phone 0.0066 159 184 193 225
phone 0.0066 20 14 55 72
phone 0.0066 182 44 394 225
phone 0.0065 298 107 331 164
phone 0.0065 144 184 178 225
phone 0.0065 202 61 220 95
phone 0.0065 190 184 224 225
phone 0.0065 236 184 270 225
phone 0.0065 145 0 208 71
phone 0.0065 252 14 285 72
phone 0.0065 238 0 269 56
phone 0.0065 313 45 347 103
phone 0.0065 254 0 284 41
phone 0.0065 61 72 138 138
phone 0.0065 252 45 285 103
phone 0.0065 175 183 208 225
phone 0.0065 0 90 46 150
phone 0.0064 239 0 299 21
phone 0.0064 175 0 239 71
phone 0.0064 23 0 84 21
phone 0.0064 223 0 284 36
phone 0.0064 252 138 285 195
phone 0.0064 329 168 362 225
phone 0.0064 177 0 237 21
phone 0.0064 285 0 315 41
phone 0.0064 36 0 70 57
phone 0.0064 208 0 268 21
phone 0.0064 15 88 92 152
phone 0.0064 316 0 376 36
phone 0.0064 85 0 145 21
phone 0.0064 282 169 316 225
phone 0.0064 346 14 377 72
phone 0.0064 267 45 301 103
phone 0.0064 270 0 330 21
phone 0.0063 54 0 115 21
phone 0.0063 0 27 45 90
phone 0.0063 331 4 391 52
phone 0.0063 146 0 176 41
phone 0.0063 113 0 147 57
phone 0.0063 177 0 207 41
phone 0.0063 146 0 207 21
phone 0.0062 46 57 122 122
phone 0.0062 0 120 45 181
phone 0.0062 67 168 101 225
phone 0.0062 141 107 158 141
phone 0.0062 162 0 192 41
phone 0.0062 31 73 107 137
phone 0.0062 70 0 130 6
phone 0.0062 192 0 253 37
phone 0.0062 39 0 99 6
phone 0.0062 267 169 301 225
phone 0.0062 99 198 130 225
phone 0.0062 192 0 223 41
phone 0.0061 239 202 299 225
phone 0.0061 51 14 86 72
phone 0.0061 177 0 237 6
phone 0.0061 39 0 69 26
phone 0.0061 300 0 360 21
phone 0.0061 359 61 393 118
phone 0.0061 298 169 331 225
phone 0.0061 331 0 361 42
phone 0.0061 223 0 253 26
phone 0.0061 100 0 160 6
phone 0.0061 208 0 268 6
phone 0.0061 6 153 39 210
phone 0.0061 98 153 132 210
phone 0.0061 254 0 314 6
phone 0.0061 282 122 316 179
phone 0.0061 54 0 84 26
phone 0.0061 116 0 176 21
phone 0.0061 299 0 362 70
phone 0.0060 347 0 376 42
phone 0.0060 344 169 378 225
phone 0.0060 8 0 68 6
phone 0.0060 239 0 268 26
phone 0.0060 190 153 224 210
phone 0.0060 376 213 399 225
phone 0.0060 282 14 316 72
phone 0.0060 97 92 132 148
phone 0.0060 53 182 84 225
phone 0.0060 66 14 101 72
phone 0.0060 69 0 99 26
phone 0.0060 362 203 399 225
phone 0.0060 82 153 116 210
phone 0.0060 208 0 238 26
phone 0.0060 131 0 191 6
phone 0.0060 331 0 391 21
phone 0.0060 52 153 85 210
phone 0.0059 267 76 301 134
phone 0.0059 236 46 270 102
phone 0.0059 313 168 347 225
phone 0.0059 23 0 53 26
phone 0.0059 21 153 54 210
phone 0.0059 36 138 70 195
phone 0.0059 362 0 399 68
phone 0.0059 300 0 330 26
phone 0.0059 85 0 115 11
phone 0.0059 54 0 84 11
phone 0.0059 205 0 271 113
phone 0.0059 70 0 99 11
phone 0.0058 298 138 331 194
phone 0.0058 5 45 39 102
phone 0.0058 116 0 145 26
phone 0.0058 100 0 130 11
phone 0.0058 85 0 115 26
phone 0.0058 361 0 399 22
phone 0.0058 39 0 68 11
phone 0.0058 316 0 346 41
phone 0.0058 193 0 222 11
phone 0.0058 79 23 151 94
phone 0.0058 177 0 207 11
phone 0.0058 285 0 345 6
phone 0.0058 344 76 378 133
phone 0.0058 314 50 378 129
phone 0.0058 207 0 239 56
phone 0.0058 97 14 132 72
phone 0.0058 328 44 362 103
phone 0.0058 116 0 145 11
phone 0.0058 223 0 253 11
phone 0.0058 328 138 362 195
phone 0.0058 208 0 238 11
phone 0.0058 270 0 299 11
phone 0.0057 254 0 284 11
phone 0.0057 0 214 40 225
phone 0.0057 21 122 54 179
phone 0.0057 239 0 268 11
phone 0.0057 267 138 301 194
phone 0.0057 252 102 262 115
phone 0.0057 313 76 347 133
phone 0.0057 67 138 101 194
phone 0.0057 236 153 270 210
phone 0.0057 23 0 53 11
phone 0.0057 82 123 116 179
phone 0.0057 131 0 161 11
phone 0.0057 147 0 176 11
phone 0.0057 285 0 315 11
phone 0.0057 361 0 399 6
phone 0.0057 221 153 255 210
phone 0.0057 162 0 192 11
phone 0.0057 37 217 100 225
phone 0.0057 6 107 39 164
phone 0.0057 234 103 265 129
phone 0.0057 331 0 391 6
phone 0.0057 140 18 212 99
phone 0.0056 0 198 41 225
phone 0.0056 55 220 113 225
phone 0.0056 69 213 99 225
phone 0.0056 5 76 39 133
phone 0.0056 114 0 178 8
phone 0.0056 16 0 266 161
phone 0.0056 206 72 216 84
phone 0.0056 0 0 53 21
phone 0.0056 83 0 147 8
phone 0.0056 145 0 209 8
phone 0.0056 21 45 55 102
phone 0.0055 328 107 362 164
phone 0.0055 53 0 116 8
phone 0.0055 241 91 258 126
phone 0.0055 271 203 328 225
phone 0.0055 21 91 55 149
phone 0.0055 300 0 330 11
phone 0.0055 191 0 255 8
phone 0.0055 165 189 196 213
phone 0.0055 127 46 163 102
phone 0.0055 7 217 69 225
phone 0.0055 346 19 399 67
phone 0.0054 222 0 285 8
phone 0.0054 346 0 376 11
phone 0.0054 376 0 399 42
phone 0.0054 36 46 70 102
phone 0.0054 7 201 69 225
phone 0.0054 68 217 131 225
phone 0.0054 22 0 85 8
phone 0.0054 267 107 301 163
phone 0.0054 344 123 378 179
phone 0.0054 145 217 208 225
phone 0.0054 328 75 362 134
phone 0.0054 269 197 299 225
phone 0.0054 145 118 154 130
phone 0.0054 316 0 345 11
phone 0.0054 313 137 347 195
phone 0.0054 51 123 85 179
phone 0.0054 0 0 24 57
phone 0.0054 331 0 361 11
phone 0.0054 268 0 332 8
phone 0.0054 36 107 70 164
phone 0.0053 0 138 24 195
phone 0.0053 313 106 347 164
phone 0.0053 0 61 24 118
phone 0.0053 172 185 188 217
phone 0.0053 217 61 258 118
phone 0.0053 299 0 362 8
phone 0.0053 176 217 239 225
phone 0.0053 0 0 23 26
phone 0.0053 133 107 151 141
phone 0.0053 376 0 399 12
phone 0.0052 234 87 264 114
phone 0.0052 67 107 101 164
phone 0.0052 82 46 116 102
phone 0.0052 207 217 270 225
phone 0.0052 227 95 257 122
phone 0.0052 67 46 101 102
phone 0.0052 164 184 181 218
phone 0.0051 299 201 362 225
phone 0.0051 51 46 85 102
phone 0.0051 97 61 132 117
phone 0.0051 114 217 177 225
phone 0.0051 142 61 180 118
phone 0.0051 82 92 116 148
phone 0.0051 53 202 116 225
phone 0.0051 112 45 148 103
phone 0.0050 362 0 392 11
phone 0.0050 159 14 194 72
phone 0.0050 36 76 70 133
phone 0.0050 330 217 393 225
phone 0.0050 128 14 163 72
phone 0.0050 285 197 315 225
phone 0.0050 51 92 85 148
