phone 0.9206 149 7 273 223
phone 0.0535 131 58 231 213
phone 0.0421 30 46 187 224
phone 0.0407 177 21 297 157
phone 0.0326 239 20 346 198
phone 0.0313 148 137 250 224
phone 0.0309 45 136 167 224
phone 0.0269 81 0 199 166
phone 0.0262 124 1 223 112
phone 0.0258 78 109 198 224
phone 0.0233 203 0 314 119
phone 0.0229 207 108 308 224
phone 0.0200 11 140 90 224
phone 0.0189 161 175 233 224
phone 0.0187 32 156 124 224
phone 0.0185 207 57 299 121
phone 0.0180 96 0 186 89
phone 0.0178 171 45 333 224
phone 0.0178 0 114 54 224
phone 0.0173 165 106 249 196
phone 0.0161 215 43 322 165
phone 0.0161 253 106 328 224
phone 0.0155 169 0 246 147
phone 0.0147 277 74 360 206
phone 0.0145 125 117 197 184
phone 0.0136 39 211 114 224
phone 0.0134 143 104 210 197
phone 0.0134 188 149 288 224
phone 0.0133 213 122 294 179
phone 0.0132 266 7 363 139
phone 0.0125 123 87 199 152
phone 0.0124 305 11 399 151
phone 0.0122 68 0 152 95
phone 0.0121 108 104 183 166
phone 0.0117 356 55 399 184
phone 0.0117 0 22 63 155
phone 0.0116 144 122 178 179
phone 0.0115 334 0 399 110
phone 0.0114 40 197 129 224
phone 0.0113 16 6 92 140
phone 0.0112 153 0 249 81
phone 0.0112 95 163 196 224
phone 0.0111 361 87 399 151
phone 0.0110 229 74 309 134
phone 0.0108 363 0 399 66
phone 0.0107 237 129 300 203
phone 0.0105 234 61 272 117
phone 0.0103 8 183 99 224
phone 0.0103 107 73 184 136
phone 0.0103 98 33 162 114
phone 0.0101 0 67 67 202
phone 0.0101 49 180 150 224
phone 0.0101 236 123 270 178
phone 0.0101 0 165 71 224
phone 0.0101 43 20 126 157
phone 0.0100 157 53 227 155
phone 0.0099 278 42 382 166
phone 0.0098 173 26 203 52
phone 0.0098 133 0 211 64
phone 0.0098 234 102 304 168
phone 0.0098 20 95 118 224
phone 0.0097 63 209 145 224
phone 0.0097 187 0 396 180
phone 0.0097 192 98 283 173
phone 0.0096 215 21 291 96
phone 0.0096 92 87 169 152
phone 0.0096 281 9 349 76
phone 0.0096 109 136 183 196
phone 0.0096 121 60 200 118
phone 0.0095 143 92 178 148
phone 0.0094 199 184 277 224
phone 0.0094 164 15 220 101
phone 0.0094 78 149 152 213
phone 0.0094 175 12 208 73
phone 0.0093 128 122 162 179
phone 0.0093 0 56 56 122
phone 0.0093 277 44 353 103
phone 0.0093 128 145 195 217
phone 0.0093 359 35 399 112
phone 0.0092 20 152 55 210
phone 0.0092 21 39 86 108
phone 0.0091 63 82 280 224
phone 0.0091 254 11 315 75
phone 0.0091 210 89 297 151
phone 0.0091 143 38 210 109
phone 0.0090 179 22 197 56
phone 0.0090 11 53 96 185
phone 0.0090 225 47 312 101
phone 0.0090 89 121 171 180
phone 0.0090 175 168 208 224
phone 0.0089 172 135 212 196
phone 0.0088 251 77 285 132
phone 0.0088 55 83 145 218
phone 0.0087 329 0 394 57
phone 0.0087 341 73 399 135
phone 0.0087 251 121 286 180
phone 0.0087 313 0 380 94
phone 0.0086 277 90 353 149
phone 0.0086 94 196 166 224
phone 0.0086 250 149 318 213
phone 0.0085 96 223 178 224
phone 0.0085 51 53 117 125
phone 0.0084 266 101 333 169
phone 0.0084 17 213 90 224
phone 0.0084 187 22 204 56
phone 0.0083 128 92 163 148
phone 0.0083 190 13 224 72
phone 0.0083 187 198 258 224
phone 0.0083 109 213 182 224
phone 0.0082 35 153 71 210
phone 0.0081 5 137 39 194
phone 0.0081 112 44 148 103
phone 0.0081 126 28 196 89
phone 0.0081 298 14 332 71
phone 0.0081 76 104 154 167
phone 0.0080 144 152 178 210
phone 0.0080 36 44 70 102
phone 0.0080 157 135 195 197
phone 0.0079 253 49 316 129
phone 0.0079 55 32 113 84
phone 0.0079 183 33 193 45
phone 0.0079 221 184 254 224
phone 0.0079 159 29 193 87
phone 0.0078 0 102 57 168
phone 0.0078 142 159 211 224
phone 0.0078 282 136 316 196
phone 0.0077 267 137 301 194
phone 0.0076 236 14 270 71
phone 0.0076 239 158 298 224
phone 0.0076 269 0 330 36
phone 0.0076 242 157 272 183
phone 0.0075 51 168 86 224
phone 0.0075 0 197 60 224
phone 0.0075 141 194 212 224
phone 0.0075 144 61 178 116
phone 0.0075 236 153 270 210
phone 0.0075 298 45 331 102
phone 0.0074 97 168 132 224
phone 0.0074 20 88 87 151
phone 0.0074 330 91 393 148
phone 0.0074 81 50 149 128
phone 0.0073 0 0 57 74
phone 0.0073 188 152 226 210
phone 0.0073 300 0 361 38
phone 0.0073 291 75 370 134
phone 0.0073 7 18 69 67
phone 0.0073 219 123 256 178
phone 0.0073 252 14 285 71
phone 0.0073 97 137 132 194
phone 0.0073 219 211 249 224
phone 0.0073 113 92 147 147
phone 0.0072 67 60 101 118
phone 0.0072 267 29 301 87
phone 0.0072 128 61 163 117
phone 0.0072 158 60 194 118
phone 0.0072 191 33 201 45
phone 0.0072 84 29 115 87
phone 0.0072 265 70 335 139
phone 0.0072 0 89 44 150
phone 0.0072 284 0 315 41
phone 0.0072 21 44 55 102
phone 0.0071 65 115 135 186
phone 0.0071 225 0 282 55
phone 0.0071 282 106 316 164
phone 0.0071 52 29 85 87
phone 0.0071 374 60 399 117
phone 0.0071 373 28 399 88
phone 0.0071 113 199 147 224
phone 0.0071 252 81 317 158
phone 0.0071 0 215 56 224
phone 0.0070 298 91 331 148
phone 0.0070 249 153 266 186
phone 0.0070 39 18 99 67
phone 0.0070 226 207 243 224
phone 0.0070 268 33 332 114
phone 0.0070 156 104 196 166
phone 0.0070 129 214 162 224
phone 0.0070 33 72 105 136
phone 0.0070 23 13 54 71
phone 0.0070 37 214 70 224
phone 0.0069 67 184 101 224
phone 0.0069 113 214 147 224
phone 0.0069 113 123 147 178
phone 0.0069 313 91 347 148
phone 0.0069 184 119 229 182
phone 0.0069 14 221 80 224
phone 0.0069 38 13 69 71
phone 0.0068 218 207 235 224
phone 0.0068 84 19 146 67
phone 0.0068 0 0 41 11
phone 0.0068 251 46 285 100
phone 0.0068 144 30 178 86
phone 0.0067 175 199 208 224
phone 0.0067 23 3 84 51
phone 0.0067 344 29 378 87
phone 0.0067 50 187 80 214
phone 0.0067 5 168 39 224
phone 0.0067 128 184 162 224
phone 0.0066 36 183 70 224
phone 0.0066 32 132 105 200
phone 0.0066 267 59 301 118
phone 0.0066 49 100 120 169
phone 0.0066 64 84 135 155
phone 0.0066 203 137 241 194
phone 0.0065 235 93 271 147
phone 0.0065 285 0 345 20
phone 0.0065 128 153 162 209
phone 0.0065 6 69 70 139
phone 0.0065 5 76 39 133
phone 0.0065 100 13 130 72
phone 0.0065 208 0 269 36
phone 0.0064 300 0 330 41
phone 0.0064 193 0 252 56
phone 0.0064 0 122 24 179
phone 0.0064 194 218 251 224
phone 0.0064 309 56 383 122
phone 0.0064 145 212 208 224
phone 0.0064 160 215 224 224
phone 0.0064 20 121 55 180
phone 0.0064 288 29 373 88
phone 0.0064 237 0 301 90
phone 0.0064 51 60 85 117
phone 0.0064 52 199 85 224
phone 0.0063 286 140 343 191
phone 0.0063 347 0 399 38
phone 0.0063 117 14 174 72
phone 0.0063 52 214 85 224
phone 0.0063 236 183 270 224
phone 0.0063 159 167 193 224
phone 0.0063 328 13 363 72
phone 0.0063 209 1 267 84
phone 0.0063 67 214 101 224
phone 0.0063 21 183 55 224
phone 0.0063 252 182 285 224
phone 0.0063 250 125 280 152
phone 0.0063 56 184 74 217
phone 0.0063 234 207 250 224
phone 0.0063 205 184 239 224
phone 0.0062 221 154 254 208
phone 0.0062 165 64 195 90
phone 0.0062 20 115 87 186
phone 0.0062 170 104 214 166
phone 0.0062 302 157 359 206
phone 0.0062 216 43 260 104
phone 0.0062 376 104 399 166
phone 0.0062 70 3 130 51
phone 0.0062 6 44 39 103
phone 0.0062 6 213 39 224
phone 0.0062 159 198 193 224
phone 0.0062 316 0 345 26
phone 0.0062 181 18 211 44
phone 0.0062 361 125 399 175
phone 0.0062 254 0 314 20
phone 0.0062 317 110 374 159
phone 0.0062 97 107 132 163
phone 0.0062 72 39 127 108
phone 0.0062 298 121 363 224
phone 0.0062 363 140 399 224
phone 0.0062 223 0 253 41
phone 0.0061 82 184 116 224
phone 0.0061 100 3 161 51
phone 0.0061 252 163 262 176
phone 0.0061 39 0 99 36
phone 0.0061 8 0 68 36
phone 0.0061 229 217 239 224
phone 0.0061 300 0 360 5
phone 0.0061 361 187 399 224
phone 0.0061 344 60 378 118
phone 0.0061 36 75 70 133
phone 0.0060 163 1 221 54
phone 0.0060 54 0 84 56
phone 0.0060 238 0 299 36
phone 0.0060 82 215 116 224
phone 0.0060 316 151 346 210
phone 0.0060 331 0 391 5
phone 0.0060 313 14 347 71
phone 0.0060 29 17 39 30
phone 0.0060 234 212 265 224
phone 0.0060 362 217 399 224
phone 0.0060 225 190 296 224
phone 0.0060 97 60 132 117
phone 0.0060 270 0 330 5
phone 0.0059 362 0 399 21
phone 0.0059 0 0 40 41
phone 0.0059 18 12 50 35
phone 0.0059 301 188 360 224
phone 0.0059 222 217 231 224
phone 0.0059 242 208 258 224
phone 0.0059 300 136 330 195
phone 0.0059 205 13 240 72
phone 0.0059 85 0 115 57
phone 0.0059 330 0 393 23
phone 0.0059 116 0 176 21
phone 0.0059 39 0 68 41
phone 0.0059 267 106 301 164
phone 0.0059 317 142 375 190
phone 0.0059 271 203 328 224
phone 0.0059 375 0 399 42
phone 0.0059 270 0 299 26
phone 0.0059 282 75 316 133
phone 0.0059 53 0 115 69
phone 0.0058 85 0 145 36
phone 0.0058 267 168 332 224
phone 0.0058 116 0 145 56
phone 0.0058 181 33 211 60
phone 0.0058 0 152 24 210
phone 0.0058 208 212 238 224
phone 0.0058 303 125 357 175
phone 0.0058 70 0 99 56
phone 0.0058 113 154 147 208
phone 0.0058 172 60 189 94
phone 0.0058 316 0 345 10
phone 0.0058 23 0 53 41
phone 0.0058 26 8 42 39
phone 0.0058 144 214 177 224
phone 0.0058 223 0 284 20
phone 0.0058 256 122 274 156
phone 0.0057 82 121 116 179
phone 0.0057 300 0 330 10
phone 0.0057 346 0 376 10
phone 0.0057 82 60 117 118
phone 0.0057 254 0 284 41
phone 0.0057 331 0 361 10
phone 0.0057 331 136 361 195
phone 0.0057 98 214 132 224
phone 0.0057 329 76 362 132
phone 0.0057 97 199 132 224
phone 0.0057 24 0 83 21
phone 0.0057 331 105 361 165
phone 0.0057 190 184 224 224
phone 0.0057 21 75 55 133
phone 0.0057 0 199 24 224
phone 0.0057 237 217 247 224
phone 0.0057 313 74 378 195
phone 0.0057 0 0 53 20
phone 0.0057 239 0 299 5
phone 0.0057 285 0 315 10
phone 0.0056 131 0 161 56
phone 0.0056 377 166 399 224
phone 0.0056 116 0 176 5
phone 0.0056 144 183 178 224
phone 0.0056 282 28 317 88
phone 0.0056 331 0 361 25
phone 0.0056 70 0 130 21
phone 0.0056 268 0 300 56
phone 0.0056 285 197 315 224
phone 0.0056 36 106 70 164
phone 0.0056 362 0 399 5
phone 0.0056 227 203 257 224
phone 0.0056 313 61 347 116
phone 0.0056 316 120 345 180
phone 0.0056 0 0 22 26
phone 0.0056 316 182 345 224
phone 0.0056 314 0 378 7
phone 0.0056 100 0 130 41
phone 0.0056 127 141 157 168
phone 0.0055 8 0 68 5
phone 0.0055 270 0 299 10
phone 0.0055 330 109 393 222
phone 0.0055 192 212 223 224
phone 0.0055 300 197 330 224
phone 0.0055 210 220 242 224
phone 0.0055 315 216 377 224
phone 0.0055 85 0 145 5
phone 0.0055 130 0 192 38
phone 0.0055 239 0 268 26
phone 0.0055 67 106 101 164
phone 0.0055 7 13 38 71
phone 0.0055 316 173 376 220
phone 0.0054 147 0 207 5
phone 0.0054 245 217 254 224
phone 0.0054 328 45 362 102
phone 0.0054 330 201 393 224
phone 0.0054 283 0 347 7
phone 0.0054 224 218 282 224
phone 0.0054 264 208 281 224
phone 0.0054 257 211 289 224
phone 0.0054 377 212 399 224
phone 0.0054 331 219 391 224
phone 0.0054 60 194 70 207
phone 0.0054 208 0 268 5
phone 0.0054 177 0 238 36
phone 0.0054 270 219 329 224
phone 0.0054 254 0 284 10
phone 0.0054 193 0 253 21
phone 0.0054 189 7 256 109
phone 0.0053 255 186 313 224
phone 0.0053 177 0 237 5
phone 0.0053 346 0 376 25
phone 0.0053 116 0 145 10
phone 0.0053 145 0 208 23
phone 0.0053 131 0 161 10
phone 0.0053 54 0 114 5
phone 0.0053 51 106 85 164
phone 0.0053 252 171 262 184
phone 0.0053 99 0 162 7
phone 0.0053 347 111 399 158
phone 0.0053 82 91 116 148
phone 0.0053 331 157 391 205
phone 0.0053 146 0 176 26
phone 0.0053 68 0 132 7
phone 0.0053 253 0 316 7
phone 0.0053 0 213 23 224
phone 0.0053 146 0 176 10
phone 0.0053 129 0 193 7
phone 0.0053 0 0 140 224
phone 0.0053 23 0 53 10
phone 0.0052 37 0 101 7
phone 0.0052 100 0 130 10
phone 0.0052 208 0 238 41
phone 0.0052 239 0 268 10
phone 0.0052 0 0 41 121
phone 0.0052 331 167 361 224
phone 0.0052 347 213 376 224
phone 0.0052 146 0 177 56
phone 0.0052 198 57 246 121
phone 0.0052 222 0 285 7
phone 0.0052 184 73 230 136
phone 0.0052 160 0 224 7
phone 0.0052 162 0 192 10
phone 0.0051 85 0 115 10
phone 0.0051 376 135 399 196
phone 0.0051 133 137 151 171
phone 0.0051 51 137 86 194
phone 0.0051 362 0 392 11
phone 0.0051 177 0 207 10
phone 0.0051 376 0 399 11
phone 0.0051 223 0 253 10
phone 0.0051 285 213 315 224
phone 0.0051 191 0 255 7
phone 0.0051 208 0 238 10
phone 0.0051 346 151 376 210
phone 0.0051 192 0 223 40
phone 0.0051 331 213 361 224
phone 0.0051 39 0 68 10
phone 0.0051 193 0 222 10
phone 0.0051 70 0 99 10
phone 0.0051 162 0 192 26
phone 0.0051 54 0 84 10
phone 0.0050 66 137 101 194
phone 0.0050 207 216 269 224
phone 0.0050 161 0 192 56
phone 0.0050 365 18 395 44
phone 0.0050 0 60 24 118
phone 0.0050 300 219 360 224
phone 0.0050 347 197 376 224
phone 0.0050 176 71 185 83
