phone 0.8728 97 115 179 288
phone 0.1007 56 84 213 315
phone 0.0681 113 150 169 233
phone 0.0583 70 99 159 255
phone 0.0454 92 80 182 218
phone 0.0397 0 114 96 286
phone 0.0364 0 0 93 165
phone 0.0363 135 145 249 303
phone 0.0347 107 192 175 285
phone 0.0333 108 39 214 189
phone 0.0311 177 104 259 249
phone 0.0304 0 54 81 221
phone 0.0302 88 169 164 307
phone 0.0293 104 181 205 323
phone 0.0289 97 219 171 353
phone 0.0282 26 32 113 185
phone 0.0264 53 8 158 153
phone 0.0240 0 181 86 337
phone 0.0238 33 107 106 235
phone 0.0226 91 0 184 167
phone 0.0216 112 160 200 255
phone 0.0214 102 140 149 212
phone 0.0213 68 244 98 270
phone 0.0212 61 25 261 251
phone 0.0211 100 168 152 247
phone 0.0206 75 241 91 273
phone 0.0197 25 0 115 116
phone 0.0191 197 70 266 209
phone 0.0189 172 132 233 221
phone 0.0186 148 82 252 209
phone 0.0184 168 198 198 224
phone 0.0183 78 251 88 263
phone 0.0172 32 157 106 297
phone 0.0167 174 194 192 228
phone 0.0167 120 205 161 271
phone 0.0158 206 229 237 254
phone 0.0158 106 119 236 233
phone 0.0153 187 119 248 203
phone 0.0149 178 205 188 217
phone 0.0148 152 8 245 152
phone 0.0148 213 225 230 258
phone 0.0145 186 191 259 328
phone 0.0144 75 160 146 224
phone 0.0142 201 161 266 299
phone 0.0138 174 109 231 182
phone 0.0138 121 0 211 125
phone 0.0132 217 236 226 248
phone 0.0132 68 229 98 255
phone 0.0130 10 0 80 96
phone 0.0130 199 146 236 207
phone 0.0129 168 267 198 293
phone 0.0128 12 0 199 194
phone 0.0123 74 225 92 258
phone 0.0121 183 345 214 369
phone 0.0120 184 144 220 208
phone 0.0120 93 162 126 221
phone 0.0119 67 0 145 95
phone 0.0119 190 341 206 373
phone 0.0118 174 264 192 297
phone 0.0116 91 253 191 376
phone 0.0114 104 238 177 300
phone 0.0114 17 124 80 198
phone 0.0112 68 205 98 232
phone 0.0111 49 218 140 349
phone 0.0110 196 159 266 225
phone 0.0110 170 116 203 175
phone 0.0110 194 351 203 364
phone 0.0109 151 130 222 192
phone 0.0108 173 182 232 263
phone 0.0107 15 204 82 272
phone 0.0106 78 236 88 248
phone 0.0106 191 229 221 255
phone 0.0106 183 171 252 243
phone 0.0106 75 127 145 195
phone 0.0105 152 175 222 239
phone 0.0105 72 133 248 380
phone 0.0105 78 243 88 256
phone 0.0105 105 204 146 272
phone 0.0104 74 202 92 235
phone 0.0104 178 274 188 286
phone 0.0104 50 67 139 193
phone 0.0104 146 219 229 348
phone 0.0103 119 220 193 287
phone 0.0102 98 229 130 254
phone 0.0102 68 190 98 216
phone 0.0102 0 9 56 127
phone 0.0102 131 247 213 382
phone 0.0101 31 252 127 377
phone 0.0101 75 263 136 378
phone 0.0100 106 226 122 258
phone 0.0100 30 189 97 256
phone 0.0099 197 225 215 258
phone 0.0098 182 341 199 373
phone 0.0098 178 197 188 209
phone 0.0098 58 38 131 99
phone 0.0097 134 115 209 177
phone 0.0097 123 161 220 223
phone 0.0097 30 158 98 225
phone 0.0097 31 131 65 190
phone 0.0095 182 194 199 228
phone 0.0095 15 172 82 242
phone 0.0095 74 186 92 220
phone 0.0094 124 240 157 297
phone 0.0094 76 190 144 255
phone 0.0093 156 8 218 68
phone 0.0093 0 14 138 321
phone 0.0093 205 225 222 258
phone 0.0092 109 235 119 248
phone 0.0092 168 136 198 162
phone 0.0092 168 152 198 178
phone 0.0091 178 212 188 225
phone 0.0091 93 132 126 190
phone 0.0090 78 213 88 225
phone 0.0090 31 209 65 267
phone 0.0089 15 251 82 317
phone 0.0089 118 128 163 194
phone 0.0089 198 342 214 372
phone 0.0088 101 271 180 328
phone 0.0088 186 351 195 364
phone 0.0088 40 23 118 84
phone 0.0088 134 192 177 253
phone 0.0087 87 288 164 342
phone 0.0087 170 178 203 236
phone 0.0086 46 179 142 296
phone 0.0086 201 236 211 248
phone 0.0085 201 351 211 364
phone 0.0085 200 115 235 175
phone 0.0085 0 162 68 221
phone 0.0085 0 181 48 294
phone 0.0085 215 164 250 220
phone 0.0084 105 68 177 130
phone 0.0084 190 225 207 258
phone 0.0084 127 196 216 250
phone 0.0084 200 178 235 236
phone 0.0084 170 147 203 205
phone 0.0083 59 253 130 315
phone 0.0083 153 251 183 278
phone 0.0083 153 205 221 270
phone 0.0083 186 205 196 217
phone 0.0083 139 297 204 363
phone 0.0083 93 25 126 82
phone 0.0083 0 214 49 261
phone 0.0083 153 252 221 316
phone 0.0083 93 193 126 251
phone 0.0082 174 148 192 182
phone 0.0082 215 212 266 309
phone 0.0082 174 132 192 166
phone 0.0082 169 0 236 102
phone 0.0082 30 219 98 288
phone 0.0082 0 9 53 66
phone 0.0082 0 40 52 97
phone 0.0082 46 194 81 251
phone 0.0082 0 69 69 130
phone 0.0082 152 36 222 101
phone 0.0081 78 197 88 209
phone 0.0081 77 41 111 97
phone 0.0081 59 102 130 158
phone 0.0081 140 66 203 133
phone 0.0081 209 236 219 248
phone 0.0081 78 205 88 217
phone 0.0080 101 0 181 78
phone 0.0080 168 213 198 239
phone 0.0080 78 228 88 240
phone 0.0080 94 79 156 151
phone 0.0080 151 248 169 281
phone 0.0080 58 68 131 131
phone 0.0079 214 191 266 254
phone 0.0079 168 252 198 278
phone 0.0079 76 50 144 118
phone 0.0079 187 249 248 319
phone 0.0079 46 163 81 220
phone 0.0079 31 81 97 149
phone 0.0079 31 178 65 236
phone 0.0078 173 228 232 309
phone 0.0078 0 104 49 217
phone 0.0078 198 237 266 300
phone 0.0078 168 229 198 255
phone 0.0078 2 192 33 252
phone 0.0078 183 204 252 272
phone 0.0078 108 89 174 171
phone 0.0078 0 276 30 300
phone 0.0077 159 248 176 282
phone 0.0077 157 102 217 159
phone 0.0077 2 223 33 283
phone 0.0077 122 251 191 317
phone 0.0077 29 116 187 399
phone 0.0077 0 138 50 184
phone 0.0076 42 52 116 116
phone 0.0076 215 132 251 189
phone 0.0076 68 174 98 201
phone 0.0076 55 11 135 65
phone 0.0076 31 255 65 313
phone 0.0076 40 272 118 327
phone 0.0076 91 252 122 277
phone 0.0076 17 146 49 206
phone 0.0075 6 272 22 304
phone 0.0075 182 132 200 166
phone 0.0075 135 21 208 86
phone 0.0075 139 266 204 333
phone 0.0075 138 225 173 281
phone 0.0075 11 52 86 116
phone 0.0075 231 164 265 219
phone 0.0074 2 131 33 190
phone 0.0074 0 194 66 250
phone 0.0074 170 255 203 313
phone 0.0074 124 271 157 327
phone 0.0074 46 25 80 81
phone 0.0074 78 259 88 271
phone 0.0073 68 159 98 186
phone 0.0073 113 226 130 258
phone 0.0073 194 236 203 248
phone 0.0073 170 209 203 267
phone 0.0073 0 242 49 356
phone 0.0073 155 301 188 359
phone 0.0072 77 218 143 288
phone 0.0072 77 256 111 312
phone 0.0072 178 159 188 171
phone 0.0072 108 286 142 343
phone 0.0072 155 281 219 348
phone 0.0072 124 71 157 128
phone 0.0072 9 282 19 294
phone 0.0072 0 0 33 94
phone 0.0072 174 209 192 243
phone 0.0072 178 143 188 156
phone 0.0072 105 301 177 360
phone 0.0072 95 15 156 91
phone 0.0072 154 118 189 173
phone 0.0072 41 0 117 55
phone 0.0071 93 0 126 51
phone 0.0071 0 276 49 323
phone 0.0071 174 248 192 282
phone 0.0071 186 25 218 81
phone 0.0071 30 282 97 347
phone 0.0071 42 239 116 299
phone 0.0071 59 283 130 346
phone 0.0071 124 48 189 120
phone 0.0071 98 248 114 281
phone 0.0071 105 36 176 101
phone 0.0071 228 112 266 240
phone 0.0070 174 225 192 259
phone 0.0070 95 0 156 46
phone 0.0070 133 145 178 207
phone 0.0070 0 225 66 282
phone 0.0070 74 171 92 205
phone 0.0070 17 97 80 163
phone 0.0070 176 205 206 232
phone 0.0070 0 184 49 231
phone 0.0069 145 144 175 171
phone 0.0069 124 278 188 351
phone 0.0069 139 0 204 44
phone 0.0069 136 241 207 296
phone 0.0069 0 59 33 170
phone 0.0069 178 282 188 294
phone 0.0069 182 263 200 297
phone 0.0069 0 244 49 293
phone 0.0069 2 285 33 345
phone 0.0069 46 132 81 190
phone 0.0069 155 259 165 271
phone 0.0069 45 115 113 176
phone 0.0069 0 0 67 46
phone 0.0069 42 207 116 269
phone 0.0069 0 38 18 99
phone 0.0069 0 92 33 138
phone 0.0069 170 25 204 82
phone 0.0069 93 101 127 159
phone 0.0068 145 228 175 255
phone 0.0068 0 8 18 68
phone 0.0068 46 224 81 282
phone 0.0068 44 176 114 239
phone 0.0068 89 252 162 316
phone 0.0068 74 155 92 190
phone 0.0067 78 220 88 232
phone 0.0067 174 0 231 33
phone 0.0067 260 73 266 103
phone 0.0067 189 14 247 62
phone 0.0067 0 85 18 145
phone 0.0067 61 26 96 81
phone 0.0067 93 55 127 113
phone 0.0067 0 59 33 109
phone 0.0067 175 336 206 363
phone 0.0067 231 224 265 282
phone 0.0067 21 230 53 253
phone 0.0067 154 255 188 312
phone 0.0067 251 76 266 99
phone 0.0067 47 86 80 144
phone 0.0067 83 80 99 111
phone 0.0066 2 253 33 314
phone 0.0066 75 84 107 108
phone 0.0066 29 227 45 257
phone 0.0066 77 71 111 128
phone 0.0066 17 192 49 252
phone 0.0066 216 240 249 297
phone 0.0066 32 236 41 248
phone 0.0066 46 302 112 359
phone 0.0066 200 209 234 267
phone 0.0066 170 55 203 113
phone 0.0066 93 224 126 282
phone 0.0066 108 70 142 128
phone 0.0065 263 81 266 94
phone 0.0065 32 85 65 144
phone 0.0065 186 143 196 156
phone 0.0065 202 8 233 67
phone 0.0065 16 55 50 113
phone 0.0065 0 307 49 353
phone 0.0065 0 270 18 329
phone 0.0065 171 0 203 51
phone 0.0065 163 259 173 271
phone 0.0065 117 235 126 248
phone 0.0065 62 86 96 143
phone 0.0065 151 225 169 258
phone 0.0065 188 0 217 37
phone 0.0065 178 151 188 163
phone 0.0065 182 148 200 182
phone 0.0064 78 117 111 174
phone 0.0064 183 159 214 186
phone 0.0064 31 25 65 81
phone 0.0064 139 255 173 312
phone 0.0064 0 107 48 153
phone 0.0064 171 51 233 117
phone 0.0064 107 100 143 160
phone 0.0064 2 161 33 222
phone 0.0064 151 140 169 174
phone 0.0064 185 238 219 299
phone 0.0064 43 145 115 208
phone 0.0064 154 55 188 113
phone 0.0064 0 239 18 298
phone 0.0064 129 98 160 124
phone 0.0064 101 258 111 271
phone 0.0063 0 208 18 267
phone 0.0063 99 59 129 86
phone 0.0063 46 56 80 112
phone 0.0063 155 85 188 144
phone 0.0063 125 76 187 153
phone 0.0063 139 70 173 129
phone 0.0063 0 367 17 399
phone 0.0063 0 332 19 399
phone 0.0063 178 220 188 233
phone 0.0063 62 286 96 343
phone 0.0062 248 148 266 205
phone 0.0062 171 264 234 334
phone 0.0062 178 266 188 279
phone 0.0062 153 267 183 294
phone 0.0062 174 304 230 356
phone 0.0062 124 301 157 359
phone 0.0062 86 89 95 102
phone 0.0062 0 367 48 399
phone 0.0062 216 209 250 267
phone 0.0062 168 167 198 193
phone 0.0062 62 56 96 112
phone 0.0062 62 256 96 312
phone 0.0062 153 195 188 250
phone 0.0062 178 259 188 271
phone 0.0061 16 24 50 82
phone 0.0061 154 25 188 82
phone 0.0061 108 8 142 68
phone 0.0061 78 286 111 343
phone 0.0061 178 236 188 248
phone 0.0061 0 362 3 399
phone 0.0061 0 332 3 399
phone 0.0061 31 55 65 112
phone 0.0061 32 285 65 344
phone 0.0061 0 23 2 83
phone 0.0061 139 9 173 66
phone 0.0061 139 285 173 344
phone 0.0060 47 286 80 344
phone 0.0060 264 367 266 399
phone 0.0060 77 10 111 65
phone 0.0060 263 332 266 399
phone 0.0060 0 177 18 236
phone 0.0060 98 225 114 258
phone 0.0060 197 338 230 361
phone 0.0060 124 40 157 97
phone 0.0060 78 190 88 202
phone 0.0060 244 107 266 130
phone 0.0060 190 156 207 189
phone 0.0060 0 54 2 113
phone 0.0060 126 314 187 377
phone 0.0060 37 322 68 346
phone 0.0060 2 289 64 399
phone 0.0060 78 182 88 194
phone 0.0059 108 0 142 37
phone 0.0059 203 29 263 78
phone 0.0059 93 285 127 344
phone 0.0059 186 274 196 286
phone 0.0059 136 94 153 128
phone 0.0059 255 112 265 125
phone 0.0059 108 39 142 98
phone 0.0059 154 0 188 36
phone 0.0059 187 301 217 360
phone 0.0059 46 255 81 313
phone 0.0059 201 0 266 112
phone 0.0059 3 323 64 369
phone 0.0059 234 254 264 314
phone 0.0059 44 318 60 350
phone 0.0059 249 239 266 298
phone 0.0059 91 144 121 170
phone 0.0059 139 40 173 97
phone 0.0059 206 334 222 365
phone 0.0058 105 56 123 89
phone 0.0058 13 272 30 304
phone 0.0058 252 104 266 134
phone 0.0058 18 338 79 384
phone 0.0058 213 69 245 92
phone 0.0058 0 146 18 206
phone 0.0058 18 315 49 375
phone 0.0058 78 225 111 281
phone 0.0058 0 116 18 175
phone 0.0058 168 182 198 209
phone 0.0058 124 9 157 67
phone 0.0058 159 263 176 297
phone 0.0058 231 132 265 189
phone 0.0057 249 337 266 385
phone 0.0057 33 331 64 390
phone 0.0057 78 166 88 179
phone 0.0057 224 74 234 87
phone 0.0057 138 0 173 36
phone 0.0057 36 226 53 257
phone 0.0057 259 200 266 222
phone 0.0057 218 24 249 82
phone 0.0057 209 343 219 356
phone 0.0057 2 316 33 375
phone 0.0057 0 0 3 110
phone 0.0057 3 119 64 172
phone 0.0057 182 7 214 30
phone 0.0057 171 85 203 144
phone 0.0057 28 223 61 245
phone 0.0057 109 332 173 399
phone 0.0057 221 65 237 95
phone 0.0057 0 122 2 170
phone 0.0057 129 82 160 109
phone 0.0056 249 30 266 77
phone 0.0056 78 174 88 186
phone 0.0056 0 337 2 385
phone 0.0056 111 367 171 399
phone 0.0056 265 337 266 385
phone 0.0056 40 236 49 248
phone 0.0056 185 270 219 328
phone 0.0056 152 165 190 219
phone 0.0056 143 336 200 386
phone 0.0056 249 60 266 108
phone 0.0056 40 228 49 240
phone 0.0056 66 319 124 372
phone 0.0056 248 0 266 95
phone 0.0056 123 0 158 36
phone 0.0056 15 0 50 36
phone 0.0056 0 88 3 202
phone 0.0056 90 268 122 293
phone 0.0056 186 159 196 171
phone 0.0056 1 0 34 36
phone 0.0056 154 225 188 281
phone 0.0056 108 255 142 313
phone 0.0056 125 362 157 399
phone 0.0056 249 367 266 399
phone 0.0056 265 60 266 108
phone 0.0056 233 24 264 82
phone 0.0056 265 30 266 77
phone 0.0055 62 195 96 250
phone 0.0055 0 91 2 139
phone 0.0055 218 338 266 384
phone 0.0055 205 275 261 324
phone 0.0055 17 115 49 176
phone 0.0055 248 288 266 399
phone 0.0055 174 163 192 197
phone 0.0055 202 269 233 329
phone 0.0055 18 368 79 399
phone 0.0055 0 152 2 200
phone 0.0055 206 190 237 216
phone 0.0055 122 101 159 160
phone 0.0055 17 282 26 294
phone 0.0055 263 0 266 110
phone 0.0055 101 235 111 248
phone 0.0055 189 102 246 158
phone 0.0055 186 212 196 225
phone 0.0055 83 291 114 316
phone 0.0055 178 228 188 240
phone 0.0055 0 0 2 51
phone 0.0055 155 236 165 248
phone 0.0055 18 302 79 358
phone 0.0055 232 304 266 399
phone 0.0055 61 0 96 50
phone 0.0055 78 194 111 251
phone 0.0055 0 338 48 384
phone 0.0055 221 115 253 138
phone 0.0054 0 223 2 283
phone 0.0054 0 199 2 246
phone 0.0054 0 42 3 156
phone 0.0054 98 264 115 297
phone 0.0054 220 118 266 173
phone 0.0054 63 332 127 399
phone 0.0054 0 269 2 329
phone 0.0054 170 301 203 359
phone 0.0054 17 254 49 314
phone 0.0054 0 300 18 360
phone 0.0054 232 120 241 133
phone 0.0054 186 343 196 356
phone 0.0054 219 14 266 62
phone 0.0054 183 136 213 163
phone 0.0054 0 165 3 279
phone 0.0054 62 225 96 281
phone 0.0054 219 307 266 354
phone 0.0054 82 240 99 274
phone 0.0054 62 133 96 189
phone 0.0054 213 187 230 220
phone 0.0054 80 367 140 399
phone 0.0054 33 362 64 399
phone 0.0053 33 332 96 399
phone 0.0053 167 345 199 369
phone 0.0053 91 160 121 185
phone 0.0053 263 42 266 156
phone 0.0053 155 151 165 163
phone 0.0053 47 328 57 341
phone 0.0053 217 274 266 386
phone 0.0053 248 43 266 155
phone 0.0053 0 353 33 399
phone 0.0053 221 277 253 299
phone 0.0053 248 113 257 125
phone 0.0053 79 363 111 399
phone 0.0053 229 111 245 142
phone 0.0053 68 143 98 171
phone 0.0053 249 307 266 354
phone 0.0053 0 0 1 30
phone 0.0053 175 341 191 373
phone 0.0053 90 287 107 319
phone 0.0053 46 0 81 51
phone 0.0053 232 113 241 125
phone 0.0053 264 316 266 375
phone 0.0053 265 306 266 354
phone 0.0053 0 211 3 325
phone 0.0053 0 306 2 354
phone 0.0053 94 362 126 399
phone 0.0053 91 214 121 239
phone 0.0053 249 276 266 323
phone 0.0053 264 39 266 98
phone 0.0053 78 148 111 205
phone 0.0053 80 315 110 376
phone 0.0053 232 282 241 294
phone 0.0053 203 0 233 37
phone 0.0052 157 331 187 391
phone 0.0052 198 122 229 146
phone 0.0052 243 145 266 256
phone 0.0052 263 273 266 387
phone 0.0052 265 245 266 292
phone 0.0052 97 140 115 174
phone 0.0052 48 362 80 399
phone 0.0052 13 69 45 92
phone 0.0052 246 208 266 328
phone 0.0052 0 273 3 387
phone 0.0052 229 273 245 303
phone 0.0052 31 0 65 51
phone 0.0052 136 79 153 113
phone 0.0052 50 367 109 399
phone 0.0052 110 362 141 399
phone 0.0052 17 85 49 145
phone 0.0052 6 254 37 276
phone 0.0052 188 337 247 385
phone 0.0052 21 65 37 96
phone 0.0052 237 244 266 270
phone 0.0052 0 0 17 31
phone 0.0052 218 269 248 329
phone 0.0052 194 166 203 179
phone 0.0052 25 74 34 87
phone 0.0052 265 91 266 139
phone 0.0052 140 105 149 117
phone 0.0052 194 12 203 25
phone 0.0051 263 212 266 325
phone 0.0051 263 112 266 125
phone 0.0051 190 115 222 138
phone 0.0051 101 251 111 263
phone 0.0051 265 229 266 277
phone 0.0051 17 259 26 271
phone 0.0051 174 178 192 213
phone 0.0051 264 70 266 129
phone 0.0051 231 27 266 141
phone 0.0051 264 239 266 298
phone 0.0051 140 362 172 399
phone 0.0051 203 322 263 369
phone 0.0051 13 250 30 280
phone 0.0051 62 164 96 219
phone 0.0051 91 80 106 111
phone 0.0051 21 250 38 280
phone 0.0051 188 367 248 399
phone 0.0051 234 291 266 338
phone 0.0051 185 303 251 399
phone 0.0051 265 260 266 308
phone 0.0051 176 274 206 301
phone 0.0051 264 270 266 328
phone 0.0051 183 213 213 240
phone 0.0050 203 331 233 390
phone 0.0050 109 66 119 79
phone 0.0050 264 8 266 67
phone 0.0050 265 0 266 30
phone 0.0050 44 219 61 250
phone 0.0050 142 367 201 399
phone 0.0050 237 159 266 186
phone 0.0050 190 72 246 126
