phone 0.9169 109 130 209 277
phone 0.1068 71 100 247 301
phone 0.0858 140 140 225 246
phone 0.0482 123 165 181 249
phone 0.0439 101 180 172 265
phone 0.0358 0 111 111 289
phone 0.0331 116 191 188 285
phone 0.0319 117 122 187 231
phone 0.0280 119 172 243 273
phone 0.0269 17 83 177 265
phone 0.0228 165 105 262 247
phone 0.0226 99 150 174 233
phone 0.0225 117 190 156 255
phone 0.0223 151 141 284 308
phone 0.0223 206 31 301 183
phone 0.0219 159 143 206 210
phone 0.0218 138 71 238 219
phone 0.0200 19 181 115 328
phone 0.0182 37 139 143 275
phone 0.0181 142 187 192 258
phone 0.0179 171 152 202 178
phone 0.0173 0 64 92 215
phone 0.0167 178 148 195 181
phone 0.0165 77 77 192 215
phone 0.0155 94 178 217 318
phone 0.0148 182 159 191 171
phone 0.0142 130 204 173 272
phone 0.0138 159 187 237 259
phone 0.0136 58 0 150 164
phone 0.0132 177 152 249 232
phone 0.0130 101 126 172 197
phone 0.0127 157 174 207 240
phone 0.0125 83 193 159 252
phone 0.0124 47 179 163 296
phone 0.0123 65 21 313 255
phone 0.0123 163 194 201 251
phone 0.0122 53 219 157 348
phone 0.0121 180 130 246 193
phone 0.0121 117 161 156 223
phone 0.0121 140 152 171 178
phone 0.0121 121 107 182 184
phone 0.0119 233 77 319 199
phone 0.0118 128 142 175 211
phone 0.0117 138 206 228 331
phone 0.0116 46 255 135 374
phone 0.0113 120 4 210 155
phone 0.0113 118 251 216 378
phone 0.0112 147 148 164 181
phone 0.0112 50 173 130 241
phone 0.0111 187 188 271 318
phone 0.0110 173 216 255 352
phone 0.0110 3 174 87 301
phone 0.0109 81 145 161 208
phone 0.0109 19 35 117 184
phone 0.0108 0 108 48 228
phone 0.0107 199 118 289 265
phone 0.0106 104 216 199 352
phone 0.0106 21 240 99 358
phone 0.0105 36 189 113 256
phone 0.0105 164 167 194 193
phone 0.0104 109 230 141 254
phone 0.0104 153 110 212 181
phone 0.0103 178 18 268 136
phone 0.0103 104 195 138 250
phone 0.0102 0 149 65 265
phone 0.0102 65 159 146 225
phone 0.0101 117 226 133 257
phone 0.0100 106 209 168 297
phone 0.0100 0 330 1 399
phone 0.0099 151 159 160 171
phone 0.0098 110 275 140 301
phone 0.0098 177 148 218 205
phone 0.0098 180 194 216 251
phone 0.0097 170 163 187 197
phone 0.0097 197 116 230 175
phone 0.0095 120 235 130 248
phone 0.0095 195 220 263 286
phone 0.0094 10 188 79 256
phone 0.0094 146 225 219 282
phone 0.0094 79 47 164 183
phone 0.0093 168 106 229 155
phone 0.0093 148 208 186 267
phone 0.0092 54 286 127 343
phone 0.0092 194 167 225 193
phone 0.0091 207 192 281 253
phone 0.0091 118 132 154 190
phone 0.0091 69 126 142 196
phone 0.0091 116 271 134 305
phone 0.0091 109 271 126 305
phone 0.0091 38 269 112 330
phone 0.0091 22 205 97 271
phone 0.0090 0 53 44 176
phone 0.0089 167 101 199 158
phone 0.0089 180 251 247 317
phone 0.0088 182 101 214 159
phone 0.0088 9 240 80 297
phone 0.0088 10 79 78 151
phone 0.0087 116 237 188 300
phone 0.0086 43 62 138 198
phone 0.0086 50 207 131 269
phone 0.0086 182 197 245 278
phone 0.0086 0 135 47 187
phone 0.0085 23 172 96 242
phone 0.0085 66 255 145 314
phone 0.0085 0 168 44 216
phone 0.0084 174 174 184 186
phone 0.0084 0 169 45 294
phone 0.0084 187 183 217 208
phone 0.0084 129 285 205 345
phone 0.0083 201 163 218 197
phone 0.0083 0 211 63 264
phone 0.0083 171 237 202 262
phone 0.0083 195 166 263 248
phone 0.0083 103 164 138 219
phone 0.0082 166 225 199 281
phone 0.0082 195 192 231 253
phone 0.0082 0 101 47 159
phone 0.0082 182 151 191 163
phone 0.0082 151 101 184 159
phone 0.0081 195 147 231 206
phone 0.0081 74 66 138 133
phone 0.0081 199 119 258 172
phone 0.0080 198 134 259 218
phone 0.0080 212 224 245 282
phone 0.0080 53 139 128 214
phone 0.0080 0 45 14 167
phone 0.0080 0 199 45 246
phone 0.0080 212 154 319 306
phone 0.0080 86 111 156 180
phone 0.0079 52 238 128 300
phone 0.0079 120 282 130 294
phone 0.0079 39 218 111 289
phone 0.0079 147 252 218 316
phone 0.0078 65 227 147 280
phone 0.0078 0 84 29 144
phone 0.0078 112 282 122 294
phone 0.0078 43 255 76 313
phone 0.0078 213 95 276 226
phone 0.0078 178 163 195 197
phone 0.0078 27 193 61 252
phone 0.0078 0 112 64 179
phone 0.0078 57 195 92 250
phone 0.0078 148 144 178 170
phone 0.0077 0 177 29 237
phone 0.0077 12 85 45 144
phone 0.0077 196 255 230 313
phone 0.0077 96 268 178 391
phone 0.0077 178 233 195 266
phone 0.0077 74 286 107 344
phone 0.0077 88 80 154 150
phone 0.0076 0 146 29 206
phone 0.0076 216 132 272 190
phone 0.0075 193 179 211 213
phone 0.0075 73 195 107 250
phone 0.0075 13 208 44 268
phone 0.0075 115 267 188 332
phone 0.0075 28 239 60 298
phone 0.0075 0 116 29 175
phone 0.0075 27 86 61 143
phone 0.0075 28 93 122 228
phone 0.0074 68 98 143 162
phone 0.0074 11 156 78 227
phone 0.0074 0 211 60 326
phone 0.0074 58 271 91 328
phone 0.0074 8 128 80 194
phone 0.0074 42 194 76 251
phone 0.0074 294 14 319 39
phone 0.0074 14 59 75 109
phone 0.0074 82 284 160 346
phone 0.0074 205 174 214 186
phone 0.0074 73 303 138 357
phone 0.0074 0 75 10 201
phone 0.0073 168 213 229 293
phone 0.0073 13 177 44 237
phone 0.0073 227 195 261 250
phone 0.0072 0 208 29 268
phone 0.0072 0 131 13 191
phone 0.0072 205 182 214 194
phone 0.0071 155 140 172 174
phone 0.0071 202 175 233 201
phone 0.0071 104 70 138 128
phone 0.0071 0 125 151 394
phone 0.0071 134 240 169 297
phone 0.0071 39 144 227 368
phone 0.0071 0 25 60 142
phone 0.0070 0 0 1 99
phone 0.0070 29 23 91 144
phone 0.0070 92 58 150 110
phone 0.0070 118 222 155 285
phone 0.0070 29 275 90 385
phone 0.0070 29 55 60 113
phone 0.0070 121 70 152 128
phone 0.0069 166 256 199 312
phone 0.0069 105 94 167 166
phone 0.0069 167 262 230 336
phone 0.0069 133 167 163 193
phone 0.0069 42 224 76 282
phone 0.0069 182 243 191 256
phone 0.0068 0 230 45 276
phone 0.0068 150 287 184 343
phone 0.0068 55 110 126 181
phone 0.0068 30 307 89 353
phone 0.0068 12 147 45 205
phone 0.0068 87 164 123 220
phone 0.0068 37 154 112 230
phone 0.0068 103 300 171 360
phone 0.0068 88 256 122 312
phone 0.0068 209 171 226 204
phone 0.0068 14 55 44 113
phone 0.0068 45 300 75 360
phone 0.0068 201 130 233 153
phone 0.0067 44 55 75 113
phone 0.0067 13 238 44 299
phone 0.0067 103 133 138 189
phone 0.0067 104 245 169 323
phone 0.0067 309 38 319 61
phone 0.0067 104 24 170 143
phone 0.0067 73 70 107 128
phone 0.0066 170 148 188 182
phone 0.0066 73 256 107 312
phone 0.0066 294 38 319 61
phone 0.0066 197 189 207 202
phone 0.0066 186 214 217 239
phone 0.0066 182 174 191 186
phone 0.0066 179 206 209 231
phone 0.0066 87 233 155 304
phone 0.0065 102 237 133 262
phone 0.0065 88 117 123 174
phone 0.0065 228 0 291 67
phone 0.0065 317 34 319 65
phone 0.0065 194 210 210 242
phone 0.0065 124 271 141 305
phone 0.0065 45 64 105 135
phone 0.0065 139 164 157 197
phone 0.0065 0 60 29 108
phone 0.0064 90 300 121 360
phone 0.0064 14 275 75 324
phone 0.0064 21 113 98 178
phone 0.0064 133 282 163 309
phone 0.0064 212 241 284 344
phone 0.0064 166 286 199 343
phone 0.0064 134 286 168 343
phone 0.0064 23 141 96 211
phone 0.0064 29 285 59 345
phone 0.0064 0 162 13 221
phone 0.0063 209 126 225 157
phone 0.0063 88 226 122 281
phone 0.0063 305 20 314 33
phone 0.0063 305 43 314 56
phone 0.0063 197 197 207 210
phone 0.0063 42 86 77 143
phone 0.0063 0 74 45 125
phone 0.0063 151 151 160 163
phone 0.0063 0 45 43 93
phone 0.0063 231 0 289 32
phone 0.0063 211 194 246 251
phone 0.0062 0 70 13 128
phone 0.0062 0 11 29 126
phone 0.0062 212 136 222 148
phone 0.0062 55 79 126 151
phone 0.0062 104 224 138 282
phone 0.0062 109 233 125 265
phone 0.0062 181 223 215 283
phone 0.0062 186 210 202 243
phone 0.0062 27 162 61 221
phone 0.0062 291 367 319 399
phone 0.0061 39 95 111 166
phone 0.0061 57 225 92 282
phone 0.0061 0 106 7 232
phone 0.0061 14 337 74 385
phone 0.0061 276 153 319 200
phone 0.0061 159 151 168 163
phone 0.0061 117 114 148 139
phone 0.0061 89 55 122 113
phone 0.0061 27 117 61 174
phone 0.0061 231 212 288 263
phone 0.0061 119 286 153 343
phone 0.0061 169 305 226 355
phone 0.0061 88 195 122 250
phone 0.0061 278 15 310 38
phone 0.0061 95 274 124 301
phone 0.0061 243 0 308 94
phone 0.0060 232 230 264 253
phone 0.0060 72 164 108 220
phone 0.0060 274 119 319 233
phone 0.0060 179 144 209 171
phone 0.0060 0 29 28 77
phone 0.0060 0 39 13 98
phone 0.0060 306 367 319 399
phone 0.0060 39 125 111 197
phone 0.0060 0 367 29 399
phone 0.0060 60 45 121 93
phone 0.0060 240 227 256 257
phone 0.0060 181 270 215 329
phone 0.0060 274 332 319 399
phone 0.0060 0 304 60 399
phone 0.0060 123 75 181 124
phone 0.0060 139 279 157 313
phone 0.0060 305 332 319 399
phone 0.0060 104 286 138 343
phone 0.0060 212 182 222 194
phone 0.0059 199 0 259 46
phone 0.0059 0 9 0 128
phone 0.0059 0 261 60 307
phone 0.0059 244 332 307 399
phone 0.0059 135 101 169 159
phone 0.0059 104 102 138 159
phone 0.0059 73 225 107 281
phone 0.0059 286 11 303 42
phone 0.0059 124 110 141 143
phone 0.0059 226 163 261 220
phone 0.0059 88 87 122 143
phone 0.0059 243 235 253 248
phone 0.0059 211 145 246 207
phone 0.0058 197 220 207 233
phone 0.0058 213 0 244 52
phone 0.0058 0 363 14 399
phone 0.0058 29 331 59 390
phone 0.0058 261 214 319 262
phone 0.0058 215 306 274 354
phone 0.0058 29 45 90 93
phone 0.0058 0 337 44 385
phone 0.0058 0 138 10 261
phone 0.0058 215 243 273 294
phone 0.0058 275 363 306 399
phone 0.0058 291 131 319 190
phone 0.0058 198 289 260 399
phone 0.0058 196 224 230 282
phone 0.0058 182 0 244 78
phone 0.0058 14 269 44 329
phone 0.0058 199 322 258 369
phone 0.0058 309 11 319 42
phone 0.0058 0 270 0 390
phone 0.0058 135 0 200 94
phone 0.0057 174 159 184 171
phone 0.0057 0 239 29 298
phone 0.0057 59 54 91 113
phone 0.0057 259 363 291 399
phone 0.0057 276 122 319 170
phone 0.0057 61 323 119 368
phone 0.0057 259 181 319 295
phone 0.0057 76 30 136 77
phone 0.0057 150 256 184 312
phone 0.0057 196 71 261 188
phone 0.0057 230 291 289 339
phone 0.0057 75 367 136 399
phone 0.0057 45 290 105 399
phone 0.0057 245 0 275 37
phone 0.0057 75 39 106 97
phone 0.0057 137 70 167 128
phone 0.0057 244 8 275 67
phone 0.0057 199 91 259 139
phone 0.0057 215 15 274 61
phone 0.0057 291 337 319 385
phone 0.0057 229 116 260 174
phone 0.0057 59 332 122 399
phone 0.0057 45 331 75 390
phone 0.0057 212 0 276 94
phone 0.0057 0 101 1 221
phone 0.0057 202 152 233 177
phone 0.0057 198 0 229 52
phone 0.0057 276 183 319 231
phone 0.0057 245 137 304 185
phone 0.0057 229 367 290 399
phone 0.0057 143 174 153 186
phone 0.0057 0 193 13 252
phone 0.0057 291 162 319 221
phone 0.0056 168 76 228 123
phone 0.0056 259 8 291 67
phone 0.0056 132 279 149 313
phone 0.0056 0 224 1 344
phone 0.0056 14 316 44 375
phone 0.0056 169 337 227 385
phone 0.0056 228 258 291 371
phone 0.0056 244 209 275 267
phone 0.0056 137 90 197 140
phone 0.0056 230 122 289 170
phone 0.0056 0 55 1 174
phone 0.0056 260 322 319 370
phone 0.0056 112 243 122 256
phone 0.0056 297 20 307 33
phone 0.0056 104 256 138 312
phone 0.0056 229 8 260 67
phone 0.0056 189 220 199 233
phone 0.0056 76 315 105 376
phone 0.0056 90 0 153 109
phone 0.0056 134 55 201 174
phone 0.0056 261 168 319 216
phone 0.0056 167 42 229 156
phone 0.0056 101 271 118 305
phone 0.0056 60 315 90 375
phone 0.0056 14 29 74 77
phone 0.0056 90 363 122 399
phone 0.0056 90 332 153 399
phone 0.0056 44 367 106 399
phone 0.0056 45 29 105 77
phone 0.0056 259 288 319 399
phone 0.0056 128 282 137 294
phone 0.0056 214 101 244 159
phone 0.0055 289 20 299 33
phone 0.0055 151 332 215 399
phone 0.0055 276 306 319 354
phone 0.0055 246 245 304 293
phone 0.0055 120 243 130 256
phone 0.0055 186 209 319 380
phone 0.0055 13 0 75 110
phone 0.0055 75 363 106 399
phone 0.0055 260 291 319 339
phone 0.0055 29 353 90 399
phone 0.0055 275 208 306 267
phone 0.0055 244 363 275 399
phone 0.0055 46 337 104 385
phone 0.0055 214 316 244 375
phone 0.0055 312 20 319 33
phone 0.0055 229 300 259 359
phone 0.0055 217 6 248 31
phone 0.0055 185 140 203 174
phone 0.0055 137 367 198 399
phone 0.0055 184 288 242 341
phone 0.0055 0 115 25 138
phone 0.0055 44 0 106 110
phone 0.0055 183 300 213 361
phone 0.0055 91 23 121 83
phone 0.0055 276 260 319 308
phone 0.0055 147 279 164 313
phone 0.0055 224 3 241 35
phone 0.0055 168 15 228 61
phone 0.0055 0 322 28 369
phone 0.0055 213 332 276 399
phone 0.0055 276 91 319 139
phone 0.0055 0 337 13 385
phone 0.0055 14 367 75 399
phone 0.0055 276 229 319 277
phone 0.0055 107 30 167 77
phone 0.0055 291 30 319 77
phone 0.0055 124 225 141 258
phone 0.0055 243 211 307 325
phone 0.0055 186 270 252 371
phone 0.0055 0 307 44 354
phone 0.0054 119 255 154 313
phone 0.0054 291 60 319 108
phone 0.0054 275 257 319 372
phone 0.0054 2 111 17 142
phone 0.0054 275 72 319 187
phone 0.0054 167 367 229 399
phone 0.0054 105 363 137 399
phone 0.0054 290 27 319 140
phone 0.0054 0 288 30 399
phone 0.0054 106 23 136 83
phone 0.0054 120 332 184 399
phone 0.0054 261 15 319 61
phone 0.0054 245 285 275 344
phone 0.0054 275 211 319 325
phone 0.0054 59 363 91 399
phone 0.0054 73 117 107 174
phone 0.0054 182 332 245 399
phone 0.0054 260 131 290 190
phone 0.0054 231 259 288 309
phone 0.0054 0 147 1 267
phone 0.0054 183 331 213 390
phone 0.0054 183 69 213 129
phone 0.0054 106 367 167 399
phone 0.0054 276 131 306 190
phone 0.0054 0 276 28 323
phone 0.0054 214 106 274 154
phone 0.0054 230 91 290 139
phone 0.0054 185 194 203 228
phone 0.0054 42 163 77 220
phone 0.0054 44 363 75 399
phone 0.0054 198 367 260 399
phone 0.0054 275 162 306 221
phone 0.0054 167 363 198 399
phone 0.0054 189 212 199 225
phone 0.0054 45 23 75 83
phone 0.0054 13 363 45 399
phone 0.0053 229 239 259 298
phone 0.0053 152 70 183 128
phone 0.0053 317 58 319 87
phone 0.0053 152 363 183 399
phone 0.0053 29 23 59 82
phone 0.0053 0 0 14 64
phone 0.0053 118 282 148 309
phone 0.0053 276 316 305 375
phone 0.0053 106 331 136 391
phone 0.0053 260 0 290 37
phone 0.0053 245 116 275 174
phone 0.0053 291 199 319 246
phone 0.0053 229 363 260 399
phone 0.0053 29 363 60 399
phone 0.0053 14 23 44 82
phone 0.0053 260 331 290 390
phone 0.0053 0 223 13 283
phone 0.0053 260 106 319 154
phone 0.0053 230 337 290 385
phone 0.0053 60 23 90 83
phone 0.0053 274 0 319 94
phone 0.0053 154 322 211 369
phone 0.0053 0 0 12 30
phone 0.0053 121 0 183 46
phone 0.0053 182 8 214 67
phone 0.0053 184 0 243 32
phone 0.0053 306 54 319 113
phone 0.0053 306 106 319 154
phone 0.0053 122 23 152 83
phone 0.0053 108 337 165 384
phone 0.0053 57 86 92 143
phone 0.0053 128 120 137 133
phone 0.0053 122 331 152 391
phone 0.0053 309 61 319 84
phone 0.0053 183 363 214 399
phone 0.0053 291 276 319 323
phone 0.0053 260 239 290 298
phone 0.0053 144 128 190 194
phone 0.0053 0 261 13 308
phone 0.0053 0 307 13 354
phone 0.0053 306 23 319 82
phone 0.0053 306 146 319 206
phone 0.0053 139 148 157 182
phone 0.0053 136 363 168 399
phone 0.0053 168 70 198 129
phone 0.0053 152 0 213 46
phone 0.0052 121 363 152 399
phone 0.0052 0 107 14 154
phone 0.0052 182 57 245 172
phone 0.0052 261 0 319 31
phone 0.0052 276 285 305 344
phone 0.0052 306 316 319 375
phone 0.0052 230 85 259 144
phone 0.0052 305 73 319 187
phone 0.0052 291 100 319 159
phone 0.0052 245 306 305 354
phone 0.0052 213 363 245 399
phone 0.0052 198 363 229 399
phone 0.0052 0 258 45 371
phone 0.0052 138 60 197 108
phone 0.0052 291 245 319 293
phone 0.0052 209 148 226 181
phone 0.0052 199 69 229 129
phone 0.0052 245 254 275 313
phone 0.0052 245 276 305 323
phone 0.0052 276 239 305 298
phone 0.0052 0 227 14 340
phone 0.0052 0 273 14 386
phone 0.0052 137 0 167 51
phone 0.0052 152 0 183 51
phone 0.0052 305 5 314 17
phone 0.0052 306 177 319 236
phone 0.0052 199 300 228 360
phone 0.0052 275 8 306 67
phone 0.0051 167 0 198 51
phone 0.0051 229 0 260 38
phone 0.0051 0 292 59 338
phone 0.0051 5 120 14 133
phone 0.0051 231 146 288 207
phone 0.0051 307 0 319 30
phone 0.0051 245 85 275 144
phone 0.0051 293 0 319 22
phone 0.0051 143 289 153 302
phone 0.0051 42 117 76 174
phone 0.0051 306 285 319 344
phone 0.0051 122 45 182 92
phone 0.0051 306 214 319 262
phone 0.0051 260 208 290 267
phone 0.0051 200 273 258 326
phone 0.0051 245 331 275 390
phone 0.0050 166 0 230 109
phone 0.0050 276 100 305 159
phone 0.0050 214 69 244 129
phone 0.0050 305 181 319 294
phone 0.0050 260 100 290 159
phone 0.0050 306 254 319 313
phone 0.0050 91 0 152 46
