phone 0.8748 223 116 378 262
phone 0.0573 234 88 358 210
phone 0.0505 31 121 125 271
phone 0.0458 249 143 350 238
phone 0.0380 195 31 392 247
phone 0.0303 153 96 315 243
phone 0.0294 200 156 306 271
phone 0.0289 151 38 249 177
phone 0.0289 322 101 399 241
phone 0.0268 54 91 159 243
phone 0.0264 121 68 220 208
phone 0.0258 89 126 190 263
phone 0.0251 177 80 287 204
phone 0.0248 341 167 399 271
phone 0.0222 118 0 223 159
phone 0.0208 185 6 281 148
phone 0.0206 66 144 144 271
phone 0.0195 207 38 317 184
phone 0.0194 97 92 247 242
phone 0.0190 88 31 190 182
phone 0.0186 289 82 399 206
phone 0.0180 101 9 301 259
phone 0.0176 277 157 383 271
phone 0.0172 61 0 160 154
phone 0.0169 33 65 128 209
phone 0.0167 226 185 311 256
phone 0.0152 334 38 399 182
phone 0.0146 227 132 311 216
phone 0.0127 174 115 271 263
phone 0.0127 356 215 399 271
phone 0.0126 49 155 119 224
phone 0.0125 9 134 84 261
phone 0.0124 214 202 293 270
phone 0.0122 264 43 380 185
phone 0.0118 297 204 395 271
phone 0.0116 361 248 399 271
phone 0.0115 273 154 326 225
phone 0.0113 242 206 326 265
phone 0.0111 28 8 186 258
phone 0.0111 234 191 272 249
phone 0.0110 216 146 291 233
phone 0.0108 209 0 298 116
phone 0.0108 101 0 190 117
phone 0.0105 172 190 273 271
phone 0.0104 119 158 223 271
phone 0.0103 348 0 399 136
phone 0.0103 97 190 195 271
phone 0.0100 357 154 399 225
phone 0.0100 150 0 257 126
phone 0.0099 35 175 103 235
phone 0.0098 80 34 150 98
phone 0.0098 67 160 101 218
phone 0.0098 56 178 143 231
phone 0.0096 304 0 388 119
phone 0.0095 66 65 133 129
phone 0.0095 0 0 39 3
phone 0.0094 93 159 167 220
phone 0.0094 98 15 163 86
phone 0.0094 142 0 212 104
phone 0.0093 227 0 361 173
phone 0.0093 47 208 121 263
phone 0.0093 249 191 287 249
phone 0.0092 0 265 41 271
phone 0.0092 357 62 399 132
phone 0.0092 298 174 393 236
phone 0.0091 53 121 116 196
phone 0.0091 264 0 336 119
phone 0.0090 374 190 399 250
phone 0.0090 61 140 137 208
phone 0.0090 356 93 399 162
phone 0.0090 35 7 119 143
phone 0.0089 151 205 233 271
phone 0.0088 362 268 399 271
phone 0.0087 67 92 132 163
phone 0.0087 114 5 177 66
phone 0.0087 265 192 302 248
phone 0.0087 202 136 274 212
phone 0.0087 308 237 384 271
phone 0.0087 217 121 290 197
phone 0.0087 138 99 215 156
phone 0.0086 260 141 308 207
phone 0.0086 279 200 351 271
phone 0.0085 358 30 399 103
phone 0.0085 331 0 391 45
phone 0.0085 110 141 181 206
phone 0.0084 247 236 322 271
phone 0.0084 98 37 131 95
phone 0.0084 349 5 399 66
phone 0.0084 281 191 318 249
phone 0.0084 354 125 399 192
phone 0.0084 318 192 399 248
phone 0.0084 219 19 288 83
phone 0.0084 337 141 399 207
phone 0.0083 172 66 243 128
phone 0.0082 80 187 150 254
phone 0.0082 171 237 244 271
phone 0.0082 113 21 147 80
phone 0.0081 154 83 230 141
phone 0.0080 65 222 135 271
phone 0.0080 124 112 198 174
phone 0.0079 82 83 116 141
phone 0.0079 312 192 348 249
phone 0.0079 300 0 361 45
phone 0.0079 82 162 116 217
phone 0.0079 296 191 333 250
phone 0.0078 98 177 131 232
phone 0.0078 52 159 85 219
phone 0.0078 99 240 161 271
phone 0.0078 362 0 399 0
phone 0.0078 341 47 399 116
phone 0.0078 67 206 100 264
phone 0.0078 113 161 147 217
phone 0.0078 184 53 261 110
phone 0.0078 200 236 276 271
phone 0.0078 314 254 378 271
phone 0.0077 297 14 363 87
phone 0.0077 67 129 101 188
phone 0.0077 219 192 256 248
phone 0.0077 160 0 224 72
phone 0.0077 186 152 259 227
phone 0.0077 83 52 116 111
phone 0.0077 83 207 116 263
phone 0.0076 330 0 361 49
phone 0.0076 177 0 238 29
phone 0.0076 251 253 317 271
phone 0.0076 184 127 261 190
phone 0.0076 374 237 399 271
phone 0.0075 109 34 182 98
phone 0.0075 191 255 254 271
phone 0.0075 87 131 173 186
phone 0.0075 340 79 399 145
phone 0.0075 160 6 193 64
phone 0.0075 328 15 394 87
phone 0.0075 315 0 346 49
phone 0.0075 152 52 232 111
phone 0.0075 135 69 218 125
phone 0.0075 146 0 207 29
phone 0.0075 254 15 315 86
phone 0.0074 123 221 200 271
phone 0.0074 100 0 161 46
phone 0.0074 0 0 56 96
phone 0.0074 338 111 399 176
phone 0.0073 79 79 150 146
phone 0.0073 52 190 85 249
phone 0.0073 143 123 210 194
phone 0.0073 138 172 215 238
phone 0.0073 0 106 51 227
phone 0.0073 159 114 193 172
phone 0.0072 38 55 100 169
phone 0.0072 166 38 249 94
phone 0.0072 202 108 274 178
phone 0.0072 284 0 346 78
phone 0.0072 144 239 209 271
phone 0.0072 192 0 223 33
phone 0.0072 236 22 270 79
phone 0.0072 267 223 301 271
phone 0.0072 374 84 399 141
phone 0.0072 374 53 399 110
phone 0.0072 224 0 283 46
phone 0.0072 203 34 274 98
phone 0.0072 329 238 362 271
phone 0.0071 37 89 100 136
phone 0.0071 128 145 162 202
phone 0.0071 84 0 146 78
phone 0.0071 207 1 269 70
phone 0.0071 111 62 180 132
phone 0.0071 317 4 375 67
phone 0.0071 190 68 224 125
phone 0.0071 158 108 226 178
phone 0.0071 161 0 192 33
phone 0.0070 169 169 245 240
phone 0.0070 37 145 101 203
phone 0.0070 234 32 303 101
phone 0.0070 282 22 316 80
phone 0.0070 190 77 256 148
phone 0.0070 177 0 207 33
phone 0.0070 374 146 399 202
phone 0.0070 106 98 186 158
phone 0.0070 122 82 201 143
phone 0.0070 220 253 287 271
phone 0.0069 251 222 285 271
phone 0.0069 115 236 146 271
phone 0.0069 300 0 330 49
phone 0.0069 293 50 368 114
phone 0.0069 79 107 151 179
phone 0.0069 191 237 223 271
phone 0.0069 53 82 84 142
phone 0.0069 155 154 228 224
phone 0.0069 247 50 322 113
phone 0.0069 205 68 239 126
phone 0.0069 361 0 392 49
phone 0.0069 262 66 337 128
phone 0.0068 175 99 208 156
phone 0.0068 374 115 399 171
phone 0.0068 0 0 41 35
phone 0.0068 205 192 239 248
phone 0.0068 128 22 162 79
phone 0.0068 184 19 261 83
phone 0.0068 100 0 130 49
phone 0.0068 376 266 399 271
phone 0.0068 328 208 362 263
phone 0.0068 112 168 180 241
phone 0.0067 175 6 209 64
phone 0.0067 127 15 196 87
phone 0.0067 144 129 178 187
phone 0.0067 130 236 161 271
phone 0.0067 308 65 383 129
phone 0.0067 231 65 306 129
phone 0.0067 0 113 27 135
phone 0.0067 174 92 241 163
phone 0.0067 208 0 238 33
phone 0.0067 298 22 332 80
phone 0.0067 205 61 271 133
phone 0.0067 315 251 346 271
phone 0.0067 207 251 238 271
phone 0.0067 344 208 378 263
phone 0.0066 269 0 330 44
phone 0.0066 268 252 300 271
phone 0.0066 171 139 244 208
phone 0.0066 374 22 399 80
phone 0.0066 0 250 66 271
phone 0.0066 22 101 85 215
phone 0.0066 82 114 117 172
phone 0.0066 313 22 347 79
phone 0.0066 3 109 19 139
phone 0.0066 38 118 100 169
phone 0.0066 221 130 255 187
phone 0.0065 0 47 56 161
phone 0.0065 22 135 85 182
phone 0.0065 6 118 16 130
phone 0.0065 247 144 290 204
phone 0.0065 146 236 177 271
phone 0.0065 237 0 301 79
phone 0.0065 97 46 164 117
phone 0.0065 221 52 255 111
phone 0.0065 328 22 363 79
phone 0.0065 236 223 270 271
phone 0.0065 313 222 347 271
phone 0.0064 345 252 377 271
phone 0.0064 162 0 222 13
phone 0.0064 69 0 131 44
phone 0.0064 353 261 399 271
phone 0.0064 53 113 85 173
phone 0.0064 282 238 316 271
phone 0.0064 175 69 208 125
phone 0.0064 53 55 115 108
phone 0.0064 315 0 376 29
phone 0.0064 329 268 394 271
phone 0.0064 376 0 399 50
phone 0.0064 252 22 285 80
phone 0.0064 85 0 146 29
phone 0.0064 283 268 348 271
phone 0.0064 98 68 132 125
phone 0.0064 343 22 378 79
phone 0.0063 221 22 255 79
phone 0.0063 190 207 224 263
phone 0.0063 23 194 84 271
phone 0.0063 38 129 69 188
phone 0.0063 100 0 160 13
phone 0.0063 206 222 239 271
phone 0.0063 221 238 254 271
phone 0.0063 115 0 177 29
phone 0.0063 131 0 191 13
phone 0.0063 125 47 197 116
phone 0.0063 159 84 193 140
phone 0.0063 161 236 192 271
phone 0.0063 218 77 288 148
phone 0.0063 285 0 345 29
phone 0.0063 252 268 317 271
phone 0.0063 254 0 284 49
phone 0.0063 285 0 315 49
phone 0.0063 128 53 162 110
phone 0.0063 24 0 83 44
phone 0.0063 208 0 268 29
phone 0.0063 231 102 306 185
phone 0.0063 70 0 130 13
phone 0.0063 236 52 270 110
phone 0.0063 6 256 16 269
phone 0.0063 193 0 253 13
phone 0.0062 0 251 27 271
phone 0.0062 6 125 16 138
phone 0.0062 130 0 192 46
phone 0.0062 300 0 360 13
phone 0.0062 39 11 99 59
phone 0.0062 97 147 132 201
phone 0.0062 68 51 100 112
phone 0.0062 294 78 367 146
phone 0.0062 53 27 115 75
phone 0.0062 295 266 327 271
phone 0.0062 100 236 130 271
phone 0.0062 224 0 283 13
phone 0.0062 175 268 240 271
phone 0.0062 146 0 176 33
phone 0.0062 68 98 100 157
phone 0.0062 205 146 240 202
phone 0.0062 54 0 114 29
phone 0.0062 192 0 254 46
phone 0.0062 303 263 319 271
phone 0.0062 331 0 391 13
phone 0.0061 8 12 68 59
phone 0.0061 8 0 68 29
phone 0.0061 127 152 195 227
phone 0.0061 249 77 320 148
phone 0.0061 3 247 19 271
phone 0.0061 98 206 132 264
phone 0.0061 85 0 115 49
phone 0.0061 39 243 98 271
phone 0.0061 39 221 68 271
phone 0.0061 270 0 329 13
phone 0.0061 254 0 314 29
phone 0.0061 221 269 286 271
phone 0.0061 346 0 376 34
phone 0.0061 298 222 332 271
phone 0.0060 39 0 99 13
phone 0.0060 279 31 351 101
phone 0.0060 6 210 16 223
phone 0.0060 54 236 84 271
phone 0.0060 237 252 269 271
phone 0.0060 144 100 178 156
phone 0.0060 22 166 85 213
phone 0.0060 116 0 146 34
phone 0.0060 0 205 27 227
phone 0.0060 100 0 130 19
phone 0.0060 39 0 68 49
phone 0.0060 131 0 161 33
phone 0.0060 269 0 299 49
phone 0.0060 85 0 115 18
phone 0.0059 223 0 253 33
phone 0.0059 235 130 271 187
phone 0.0059 206 38 239 94
phone 0.0059 331 0 361 19
phone 0.0059 54 5 84 65
phone 0.0059 316 0 345 19
phone 0.0059 8 43 68 90
phone 0.0059 128 207 162 264
phone 0.0059 23 27 84 75
phone 0.0059 6 218 16 230
phone 0.0059 113 191 147 249
phone 0.0059 239 0 268 19
phone 0.0059 175 222 208 271
phone 0.0059 69 0 99 34
phone 0.0059 3 201 19 231
phone 0.0059 69 21 99 80
phone 0.0059 6 233 16 246
phone 0.0059 70 0 130 110
phone 0.0059 38 42 100 90
phone 0.0059 0 97 27 120
phone 0.0059 190 7 224 64
phone 0.0059 38 159 69 219
phone 0.0059 361 0 399 14
phone 0.0059 343 178 378 231
phone 0.0059 6 248 16 261
phone 0.0059 23 0 53 49
phone 0.0058 0 228 27 251
phone 0.0058 6 202 16 215
phone 0.0058 22 0 85 108
phone 0.0058 300 0 330 19
phone 0.0058 233 160 273 219
phone 0.0058 54 52 84 111
phone 0.0058 254 0 284 19
phone 0.0058 6 225 16 238
phone 0.0058 205 7 240 64
phone 0.0058 190 98 224 157
phone 0.0058 23 104 84 151
phone 0.0058 54 0 84 34
phone 0.0058 270 0 299 19
phone 0.0058 285 0 315 19
phone 0.0058 175 192 208 248
phone 0.0058 144 22 178 79
phone 0.0058 128 116 162 171
phone 0.0058 159 207 193 263
phone 0.0058 8 89 68 136
phone 0.0058 6 71 70 184
phone 0.0057 128 175 162 234
phone 0.0057 23 21 53 80
phone 0.0057 159 176 193 233
phone 0.0057 205 115 239 171
phone 0.0057 327 178 363 232
phone 0.0057 3 224 19 254
phone 0.0057 6 24 70 138
phone 0.0057 299 252 331 271
phone 0.0057 23 0 53 19
phone 0.0057 97 99 132 156
phone 0.0057 39 0 68 19
phone 0.0057 251 53 285 110
phone 0.0057 144 207 178 263
phone 0.0057 145 268 209 271
phone 0.0057 0 0 36 14
phone 0.0057 113 131 147 186
phone 0.0057 190 38 224 94
phone 0.0057 3 93 19 124
phone 0.0057 296 263 311 271
phone 0.0056 0 128 27 151
phone 0.0056 39 21 68 80
phone 0.0056 267 53 301 110
phone 0.0056 23 98 54 157
phone 0.0056 71 259 129 271
phone 0.0056 84 21 115 80
phone 0.0056 6 133 16 146
phone 0.0056 8 120 68 167
phone 0.0056 313 53 347 110
phone 0.0056 84 268 147 271
phone 0.0056 308 92 383 164
phone 0.0056 38 98 69 157
phone 0.0056 6 102 16 115
phone 0.0056 282 69 316 125
phone 0.0056 22 268 85 271
phone 0.0056 85 251 115 271
phone 0.0056 128 84 162 141
phone 0.0056 114 268 178 271
phone 0.0056 174 38 209 94
phone 0.0056 23 58 84 105
phone 0.0056 23 52 53 110
phone 0.0056 346 0 399 28
phone 0.0055 113 52 147 110
phone 0.0055 3 124 19 154
phone 0.0055 328 53 362 110
phone 0.0055 0 74 27 97
phone 0.0055 0 0 22 19
phone 0.0055 344 69 378 125
phone 0.0055 298 69 332 125
phone 0.0055 287 264 361 271
phone 0.0055 218 160 257 218
phone 0.0055 38 189 69 250
phone 0.0055 6 95 16 107
phone 0.0055 159 37 193 95
phone 0.0055 0 0 53 0
phone 0.0055 6 141 16 153
phone 0.0055 193 263 268 271
phone 0.0054 23 159 53 219
phone 0.0054 53 268 116 271
phone 0.0054 0 190 27 212
phone 0.0054 22 40 85 153
phone 0.0054 7 224 69 271
phone 0.0054 376 0 399 19
phone 0.0054 6 195 16 207
phone 0.0054 24 258 83 271
phone 0.0054 6 79 16 92
phone 0.0054 0 165 49 271
phone 0.0053 6 241 16 253
phone 0.0053 174 161 209 217
phone 0.0053 130 0 192 0
phone 0.0053 3 70 19 101
phone 0.0053 39 52 69 111
phone 0.0053 177 267 207 271
phone 0.0053 190 130 224 187
phone 0.0053 207 0 269 0
phone 0.0053 286 243 354 271
phone 0.0053 161 0 223 0
phone 0.0053 346 0 399 0
phone 0.0053 3 186 19 216
phone 0.0053 99 0 161 0
phone 0.0053 8 6 38 64
phone 0.0053 146 0 177 3
phone 0.0053 161 0 192 3
phone 0.0053 174 130 209 187
phone 0.0053 238 0 300 0
phone 0.0053 39 267 68 271
phone 0.0053 130 0 161 3
phone 0.0052 115 0 146 3
phone 0.0052 177 0 208 3
phone 0.0052 23 252 53 271
phone 0.0052 6 110 16 123
phone 0.0052 7 37 38 95
phone 0.0052 141 66 173 89
phone 0.0052 189 177 224 233
phone 0.0052 269 0 330 0
phone 0.0052 100 0 131 3
phone 0.0052 39 251 68 271
phone 0.0052 192 0 223 3
phone 0.0052 69 0 130 0
phone 0.0052 113 84 147 141
phone 0.0052 23 267 53 271
phone 0.0052 207 0 238 3
phone 0.0052 299 0 361 0
phone 0.0052 8 181 69 228
phone 0.0052 144 176 178 233
phone 0.0052 376 0 399 4
phone 0.0052 159 145 194 203
phone 0.0052 149 62 165 93
phone 0.0052 223 0 254 3
phone 0.0051 84 0 115 3
phone 0.0051 236 84 270 141
phone 0.0051 38 0 100 0
phone 0.0051 144 69 178 125
phone 0.0051 238 0 269 3
phone 0.0051 0 143 27 166
phone 0.0051 251 84 286 141
phone 0.0051 152 71 162 84
phone 0.0051 253 0 285 3
phone 0.0051 69 0 100 3
phone 0.0051 315 0 346 3
phone 0.0051 249 58 280 82
phone 0.0050 269 0 300 3
phone 0.0050 300 0 331 3
phone 0.0050 284 0 315 3
phone 0.0050 220 99 255 156
phone 0.0050 328 84 362 141
phone 0.0050 330 0 361 3
phone 0.0050 0 58 52 105
phone 0.0050 115 256 177 271
phone 0.0050 313 84 347 141
phone 0.0050 6 87 16 100
