phone 0.9472 128 27 289 264
phone 0.0922 102 118 188 255
phone 0.0549 124 79 229 232
phone 0.0465 154 107 260 266
phone 0.0364 70 104 156 266
phone 0.0345 35 112 121 266
phone 0.0337 200 91 306 221
phone 0.0331 171 35 273 185
phone 0.0329 99 51 192 200
phone 0.0276 125 155 165 219
phone 0.0251 128 15 225 174
phone 0.0243 110 153 151 221
phone 0.0227 111 114 180 199
phone 0.0226 130 145 223 260
phone 0.0226 65 11 154 134
phone 0.0226 94 87 167 225
phone 0.0224 59 29 229 266
phone 0.0224 25 53 133 212
phone 0.0211 234 56 354 216
phone 0.0209 239 123 343 263
phone 0.0201 121 133 201 211
phone 0.0199 138 110 215 202
phone 0.0198 192 9 284 149
phone 0.0197 213 119 293 194
phone 0.0193 168 165 247 240
phone 0.0188 143 3 370 214
phone 0.0184 274 100 371 225
phone 0.0182 87 26 173 163
phone 0.0172 94 0 186 98
phone 0.0169 110 86 181 165
phone 0.0167 116 175 206 230
phone 0.0166 124 98 198 184
phone 0.0165 199 81 276 170
phone 0.0163 153 77 230 174
phone 0.0161 202 161 313 266
phone 0.0159 185 52 260 137
phone 0.0157 214 152 292 222
phone 0.0152 126 66 196 154
phone 0.0147 217 74 289 146
phone 0.0144 158 173 194 232
phone 0.0144 142 158 179 216
phone 0.0143 70 57 160 193
phone 0.0139 96 61 164 128
phone 0.0138 111 124 149 187
phone 0.0135 80 139 150 204
phone 0.0133 83 164 147 240
phone 0.0131 107 187 215 266
phone 0.0130 98 157 132 216
phone 0.0130 242 5 345 142
phone 0.0130 99 168 162 266
phone 0.0128 230 39 308 180
phone 0.0126 126 125 165 187
phone 0.0125 203 46 272 113
phone 0.0125 81 74 149 146
phone 0.0123 160 201 255 266
phone 0.0122 274 32 376 174
phone 0.0121 211 0 311 105
phone 0.0121 180 187 265 248
phone 0.0121 25 0 129 149
phone 0.0119 6 100 86 228
phone 0.0117 66 92 133 159
phone 0.0117 36 168 102 236
phone 0.0113 113 66 147 123
phone 0.0112 178 104 267 209
phone 0.0110 42 185 126 266
phone 0.0110 112 96 148 154
phone 0.0110 234 142 272 201
phone 0.0108 98 65 132 124
phone 0.0108 140 53 213 136
phone 0.0108 51 140 118 203
phone 0.0108 172 171 211 233
phone 0.0106 190 189 224 246
phone 0.0106 234 90 303 160
phone 0.0105 240 65 298 124
phone 0.0105 78 109 152 173
phone 0.0103 126 95 164 155
phone 0.0100 112 45 179 114
phone 0.0100 233 111 273 170
phone 0.0100 148 0 249 107
phone 0.0099 217 185 289 250
phone 0.0099 19 157 89 266
phone 0.0099 52 173 85 231
phone 0.0098 98 128 131 184
phone 0.0098 82 96 116 154
phone 0.0098 0 0 39 0
phone 0.0097 235 81 271 139
phone 0.0096 141 126 181 186
phone 0.0096 134 0 211 81
phone 0.0095 175 53 399 266
phone 0.0094 108 219 183 266
phone 0.0093 170 234 245 266
phone 0.0093 254 132 314 211
phone 0.0092 0 263 41 266
phone 0.0091 124 236 198 266
phone 0.0090 220 50 255 108
phone 0.0090 0 0 57 95
phone 0.0090 155 140 197 203
phone 0.0089 128 66 163 123
phone 0.0089 60 176 139 228
phone 0.0088 251 186 317 249
phone 0.0088 98 97 132 154
phone 0.0087 49 222 119 266
phone 0.0087 149 252 165 266
phone 0.0087 227 176 311 229
phone 0.0087 205 190 239 245
phone 0.0086 96 235 165 266
phone 0.0086 141 256 173 266
phone 0.0085 236 49 270 108
phone 0.0085 202 65 243 124
phone 0.0084 128 188 163 247
phone 0.0083 141 79 181 141
phone 0.0083 67 158 101 215
phone 0.0083 175 252 240 266
phone 0.0083 192 29 253 99
phone 0.0082 154 109 198 173
phone 0.0082 220 230 287 266
phone 0.0082 201 198 275 266
phone 0.0081 251 112 286 170
phone 0.0081 152 261 162 266
phone 0.0081 268 189 300 246
phone 0.0081 62 128 138 184
phone 0.0080 235 174 271 231
phone 0.0079 216 95 259 156
phone 0.0079 231 205 307 261
phone 0.0079 83 189 116 245
phone 0.0079 78 202 152 266
phone 0.0079 272 166 327 238
phone 0.0079 127 124 157 150
phone 0.0079 169 37 245 122
phone 0.0078 0 43 55 160
phone 0.0078 255 105 313 176
phone 0.0078 197 0 271 81
phone 0.0078 301 225 360 266
phone 0.0077 52 204 85 262
phone 0.0077 144 235 177 266
phone 0.0077 251 144 286 199
phone 0.0077 250 223 280 250
phone 0.0076 164 256 196 266
phone 0.0076 220 190 255 246
phone 0.0076 172 252 188 266
phone 0.0076 68 219 100 266
phone 0.0076 190 235 224 266
phone 0.0075 128 220 162 266
phone 0.0075 251 80 286 140
phone 0.0075 147 24 206 104
phone 0.0075 87 49 143 109
phone 0.0074 315 219 346 266
phone 0.0074 110 185 150 250
phone 0.0074 286 240 344 266
phone 0.0074 37 188 69 247
phone 0.0073 168 123 215 189
phone 0.0073 175 261 185 266
phone 0.0073 283 207 347 266
phone 0.0073 236 204 270 262
phone 0.0072 266 141 301 201
phone 0.0072 97 187 132 248
phone 0.0072 133 120 151 154
phone 0.0072 298 175 363 266
phone 0.0072 141 216 212 266
phone 0.0072 71 31 129 157
phone 0.0072 113 219 147 266
phone 0.0072 52 0 292 174
phone 0.0072 248 217 333 266
phone 0.0071 145 19 177 77
phone 0.0071 131 254 191 266
phone 0.0071 300 234 330 266
phone 0.0071 256 220 274 254
phone 0.0071 69 237 131 266
phone 0.0071 55 64 114 186
phone 0.0071 52 111 117 170
phone 0.0070 67 126 101 185
phone 0.0070 5 19 83 127
phone 0.0070 131 0 192 138
phone 0.0070 236 235 270 266
phone 0.0070 185 156 229 218
phone 0.0069 251 175 285 230
phone 0.0068 211 256 242 266
phone 0.0068 169 94 214 157
phone 0.0068 218 252 235 266
phone 0.0068 223 250 284 266
phone 0.0068 280 222 295 251
phone 0.0067 144 191 178 245
phone 0.0067 283 230 293 243
phone 0.0067 271 226 304 248
phone 0.0067 83 219 116 266
phone 0.0067 176 249 207 266
phone 0.0066 270 255 329 266
phone 0.0066 83 127 116 184
phone 0.0066 211 252 227 266
phone 0.0066 142 185 172 212
phone 0.0066 115 23 177 73
phone 0.0066 0 0 41 32
phone 0.0066 130 9 192 57
phone 0.0066 252 205 285 261
phone 0.0066 255 55 314 103
phone 0.0066 283 157 316 216
phone 0.0065 83 159 116 214
phone 0.0065 157 252 173 266
phone 0.0065 83 64 116 124
phone 0.0065 240 254 297 266
phone 0.0065 362 160 399 214
phone 0.0065 205 236 239 266
phone 0.0065 225 38 282 90
phone 0.0065 100 9 161 57
phone 0.0065 8 192 69 266
phone 0.0065 257 0 332 68
phone 0.0064 174 202 209 263
phone 0.0064 161 9 223 57
phone 0.0064 39 83 99 198
phone 0.0064 99 234 131 266
phone 0.0064 219 123 249 150
phone 0.0063 269 80 300 139
phone 0.0063 130 19 161 77
phone 0.0063 206 19 239 77
phone 0.0063 264 249 297 266
phone 0.0063 254 49 284 108
phone 0.0063 37 101 100 149
phone 0.0062 23 218 53 266
phone 0.0062 269 49 299 108
phone 0.0062 285 249 315 266
phone 0.0062 70 9 130 57
phone 0.0062 273 245 288 266
phone 0.0062 68 95 100 155
phone 0.0062 24 241 83 266
phone 0.0062 137 131 147 143
phone 0.0062 252 234 285 266
phone 0.0062 39 233 68 266
phone 0.0062 160 19 193 77
phone 0.0062 157 65 196 124
phone 0.0062 134 248 165 266
phone 0.0062 165 216 196 242
phone 0.0062 362 238 399 266
phone 0.0062 315 188 346 247
phone 0.0061 275 253 285 266
phone 0.0061 116 3 145 62
phone 0.0061 22 148 85 195
phone 0.0061 300 255 360 266
phone 0.0061 68 40 131 88
phone 0.0061 221 235 255 266
phone 0.0061 141 244 158 266
phone 0.0061 53 55 115 103
phone 0.0061 54 25 115 72
phone 0.0061 161 249 192 266
phone 0.0061 177 4 207 62
phone 0.0061 159 204 193 262
phone 0.0061 316 71 376 118
phone 0.0061 256 237 312 266
phone 0.0061 222 261 231 266
phone 0.0061 100 3 130 62
phone 0.0061 362 69 399 181
phone 0.0060 361 101 399 150
phone 0.0060 53 84 115 136
phone 0.0060 316 240 376 266
phone 0.0060 331 132 392 180
phone 0.0060 260 231 270 243
phone 0.0060 7 163 69 211
phone 0.0060 148 181 166 215
phone 0.0060 315 22 377 136
phone 0.0060 85 0 145 42
phone 0.0060 214 261 223 266
phone 0.0060 331 55 391 103
phone 0.0060 314 207 377 266
phone 0.0060 331 86 391 134
phone 0.0060 39 40 99 88
phone 0.0060 330 37 393 151
phone 0.0059 160 261 170 266
phone 0.0059 330 99 393 213
phone 0.0059 331 255 391 266
phone 0.0059 134 47 165 73
phone 0.0059 85 3 115 62
phone 0.0059 54 95 84 154
phone 0.0059 316 40 376 88
phone 0.0059 316 101 376 149
phone 0.0059 301 148 360 195
phone 0.0059 360 70 399 119
phone 0.0059 300 55 360 103
phone 0.0059 84 24 146 72
phone 0.0059 300 86 360 134
phone 0.0059 132 264 209 266
phone 0.0059 37 0 100 105
phone 0.0059 330 222 393 266
phone 0.0059 24 55 83 103
phone 0.0058 116 0 176 42
phone 0.0058 316 249 345 266
phone 0.0058 38 157 69 216
phone 0.0058 315 68 377 182
phone 0.0058 125 120 143 154
phone 0.0058 23 187 53 247
phone 0.0058 69 18 99 77
phone 0.0058 172 213 189 246
phone 0.0058 222 19 254 77
phone 0.0058 99 34 131 92
phone 0.0058 85 34 115 93
phone 0.0058 270 86 329 134
phone 0.0058 299 6 362 121
phone 0.0058 225 120 243 154
phone 0.0058 363 113 399 229
phone 0.0058 39 9 99 57
phone 0.0058 69 49 99 108
phone 0.0058 331 65 361 124
phone 0.0058 346 64 376 124
phone 0.0058 164 261 240 266
phone 0.0058 362 23 399 135
phone 0.0058 8 40 68 88
phone 0.0058 331 234 361 266
phone 0.0058 23 24 84 72
phone 0.0058 346 126 376 185
phone 0.0058 8 101 68 149
phone 0.0058 285 265 315 266
phone 0.0057 300 117 360 165
phone 0.0057 285 40 345 88
phone 0.0057 266 50 333 169
phone 0.0057 331 203 361 262
phone 0.0057 190 19 224 77
phone 0.0057 23 117 84 165
phone 0.0057 55 256 113 266
phone 0.0057 300 24 360 72
phone 0.0057 8 70 68 118
phone 0.0057 0 133 49 255
phone 0.0057 54 34 84 93
phone 0.0057 165 252 181 266
phone 0.0057 363 0 399 42
phone 0.0057 23 157 53 216
phone 0.0057 146 0 207 42
phone 0.0057 227 264 300 266
phone 0.0057 346 249 376 266
phone 0.0057 38 130 100 182
phone 0.0057 7 68 69 182
phone 0.0057 67 190 100 245
phone 0.0057 315 142 346 200
phone 0.0057 361 0 399 11
phone 0.0057 299 83 362 198
phone 0.0057 361 39 399 88
phone 0.0057 69 249 99 266
phone 0.0057 39 126 69 185
phone 0.0057 145 261 154 266
phone 0.0057 38 70 99 118
phone 0.0057 54 0 114 42
phone 0.0057 346 179 399 225
phone 0.0057 360 255 399 266
phone 0.0056 141 43 158 77
phone 0.0056 8 132 68 180
phone 0.0056 361 193 399 242
phone 0.0056 39 34 68 93
phone 0.0056 286 101 344 149
phone 0.0056 346 95 376 155
phone 0.0056 345 146 399 257
phone 0.0056 331 34 361 93
phone 0.0056 316 64 345 124
phone 0.0056 376 264 399 266
phone 0.0056 331 95 361 154
phone 0.0056 361 131 399 181
phone 0.0056 331 126 361 185
phone 0.0056 38 37 100 151
phone 0.0056 24 86 83 134
phone 0.0056 364 261 399 266
phone 0.0056 376 171 399 233
phone 0.0056 284 202 316 263
phone 0.0056 285 9 345 57
phone 0.0056 316 34 345 93
phone 0.0056 331 24 391 72
phone 0.0056 215 141 260 202
phone 0.0056 346 34 376 93
phone 0.0056 0 24 36 73
phone 0.0056 376 141 399 201
phone 0.0056 346 264 376 266
phone 0.0055 0 249 66 266
phone 0.0055 285 80 315 139
phone 0.0055 377 95 399 155
phone 0.0055 0 86 53 134
phone 0.0055 131 0 161 47
phone 0.0055 271 128 328 184
phone 0.0055 285 71 345 118
phone 0.0055 346 117 399 164
phone 0.0055 22 52 85 167
phone 0.0055 361 172 392 232
phone 0.0055 226 252 242 266
phone 0.0055 331 264 361 266
phone 0.0055 330 0 393 105
phone 0.0055 0 0 36 11
phone 0.0055 54 3 84 62
phone 0.0055 53 125 84 186
phone 0.0055 346 148 399 195
phone 0.0055 0 55 53 103
phone 0.0055 198 263 267 266
phone 0.0055 24 49 53 108
phone 0.0055 39 64 68 124
phone 0.0055 346 218 376 266
phone 0.0055 192 9 253 57
phone 0.0055 300 34 330 93
phone 0.0055 23 95 53 154
phone 0.0055 316 111 346 170
phone 0.0054 54 64 84 124
phone 0.0054 376 64 399 124
phone 0.0054 254 24 314 72
phone 0.0054 316 9 376 57
phone 0.0054 8 9 68 57
phone 0.0054 147 0 176 47
phone 0.0054 0 0 22 47
phone 0.0054 316 179 376 226
phone 0.0054 0 70 36 119
phone 0.0054 23 126 53 185
phone 0.0054 39 95 69 154
phone 0.0054 162 0 192 47
phone 0.0054 330 163 392 210
phone 0.0054 98 262 180 266
phone 0.0054 0 80 41 201
phone 0.0054 300 96 330 154
phone 0.0054 165 155 196 180
phone 0.0054 0 0 22 16
phone 0.0054 70 0 130 26
phone 0.0054 0 34 22 93
phone 0.0054 0 0 23 1
phone 0.0054 239 9 299 57
phone 0.0054 70 0 99 47
phone 0.0053 145 254 154 266
phone 0.0053 316 265 346 266
phone 0.0053 100 0 160 26
phone 0.0053 314 146 378 258
phone 0.0053 285 18 315 78
phone 0.0053 177 0 237 42
phone 0.0053 0 117 53 164
phone 0.0053 24 18 53 78
phone 0.0053 331 194 391 241
phone 0.0053 254 0 314 42
phone 0.0053 362 111 392 170
phone 0.0053 0 101 36 150
phone 0.0053 300 3 330 62
phone 0.0053 115 265 146 266
phone 0.0053 223 0 283 42
phone 0.0053 377 0 399 17
phone 0.0053 346 9 399 57
phone 0.0053 377 2 399 63
phone 0.0053 0 188 41 266
phone 0.0053 362 80 392 139
phone 0.0053 39 3 68 62
phone 0.0053 331 0 391 42
phone 0.0053 7 0 70 28
phone 0.0053 300 65 330 124
phone 0.0052 180 252 196 266
phone 0.0052 331 0 391 11
phone 0.0052 0 80 22 139
phone 0.0052 376 33 399 94
phone 0.0052 270 3 299 62
phone 0.0052 8 80 38 139
phone 0.0052 172 151 189 184
phone 0.0052 23 0 84 42
phone 0.0052 85 0 145 11
phone 0.0052 168 261 177 266
phone 0.0052 8 34 38 93
phone 0.0052 361 141 392 201
phone 0.0052 331 172 361 231
phone 0.0052 38 253 100 266
phone 0.0052 316 3 345 62
phone 0.0052 376 248 399 266
phone 0.0052 346 3 376 62
phone 0.0052 54 0 114 11
phone 0.0052 362 49 392 109
phone 0.0052 175 223 185 235
phone 0.0052 300 0 360 42
phone 0.0052 346 188 377 247
phone 0.0052 300 265 330 266
phone 0.0052 226 260 242 266
phone 0.0052 218 264 250 266
phone 0.0052 131 0 191 26
phone 0.0052 183 261 193 266
phone 0.0052 39 0 99 26
phone 0.0051 285 49 315 108
phone 0.0051 331 3 361 62
phone 0.0051 8 0 68 11
phone 0.0051 346 157 376 216
phone 0.0051 346 0 399 26
phone 0.0051 268 220 300 266
phone 0.0051 0 234 41 266
phone 0.0051 254 3 284 62
phone 0.0051 152 192 162 204
phone 0.0051 116 0 176 11
phone 0.0051 314 0 378 28
phone 0.0051 162 0 222 26
phone 0.0051 23 264 53 266
phone 0.0051 101 37 160 90
phone 0.0051 8 3 38 62
phone 0.0051 208 0 268 26
phone 0.0051 8 111 38 169
phone 0.0051 376 0 399 1
phone 0.0051 23 249 53 266
phone 0.0051 193 0 222 47
phone 0.0051 362 264 392 266
phone 0.0050 72 168 89 199
phone 0.0050 239 0 299 26
phone 0.0050 0 148 53 195
phone 0.0050 362 18 392 78
phone 0.0050 239 0 268 47
phone 0.0050 80 145 96 175
phone 0.0050 285 0 315 47
phone 0.0050 347 0 376 16
phone 0.0050 147 0 207 11
