phone 0.9048 137 123 238 320
phone 0.0975 129 118 309 293
phone 0.0769 214 74 358 274
phone 0.0689 102 141 197 314
phone 0.0671 136 157 217 259
phone 0.0479 154 178 286 327
phone 0.0445 133 196 259 367
phone 0.0427 38 183 123 332
phone 0.0420 236 164 339 298
phone 0.0398 100 228 161 310
phone 0.0393 204 194 315 318
phone 0.0387 72 183 150 330
phone 0.0339 63 92 231 360
phone 0.0328 260 132 379 279
phone 0.0323 3 181 89 334
phone 0.0316 265 203 334 273
phone 0.0310 91 218 189 351
phone 0.0309 67 290 150 399
phone 0.0300 62 96 158 246
phone 0.0285 159 167 254 280
phone 0.0277 124 282 221 399
phone 0.0273 234 202 304 274
phone 0.0266 153 208 231 299
phone 0.0259 92 117 195 236
phone 0.0258 0 154 63 308
phone 0.0251 176 84 291 207
phone 0.0241 58 152 141 293
phone 0.0220 108 218 183 289
phone 0.0217 319 136 399 278
phone 0.0215 81 216 149 291
phone 0.0212 0 67 56 212
phone 0.0212 238 34 344 194
phone 0.0209 99 194 162 282
phone 0.0203 279 188 350 258
phone 0.0200 281 208 317 268
phone 0.0198 41 78 127 201
phone 0.0193 151 171 202 244
phone 0.0190 110 185 181 260
phone 0.0189 67 37 155 183
phone 0.0187 162 183 221 262
phone 0.0187 175 257 283 376
phone 0.0185 178 201 267 275
phone 0.0177 23 159 114 286
phone 0.0172 212 294 310 399
phone 0.0171 145 152 376 363
phone 0.0166 149 283 181 308
phone 0.0166 250 208 287 268
phone 0.0165 157 280 173 311
phone 0.0165 264 190 376 325
phone 0.0164 297 174 363 241
phone 0.0163 303 173 389 302
phone 0.0163 54 201 114 275
phone 0.0161 80 186 149 259
phone 0.0161 279 94 399 248
phone 0.0161 97 239 132 299
phone 0.0161 239 249 337 390
phone 0.0159 0 94 95 242
phone 0.0158 112 253 148 315
phone 0.0158 65 241 217 396
phone 0.0153 0 218 62 359
phone 0.0153 160 289 170 302
phone 0.0152 328 171 394 243
phone 0.0151 311 188 380 257
phone 0.0151 223 175 284 270
phone 0.0150 122 195 200 281
phone 0.0149 227 115 311 268
phone 0.0148 24 56 196 280
phone 0.0148 155 91 241 205
phone 0.0147 87 312 174 399
phone 0.0143 259 83 370 207
phone 0.0143 266 210 302 266
phone 0.0143 67 169 132 245
phone 0.0142 140 70 213 251
phone 0.0142 182 314 264 399
phone 0.0141 190 195 285 251
phone 0.0140 33 192 104 253
phone 0.0140 347 169 399 307
phone 0.0139 37 218 101 288
phone 0.0139 0 104 167 349
phone 0.0138 245 187 323 259
phone 0.0138 244 221 324 286
phone 0.0138 128 241 162 297
phone 0.0137 82 342 148 399
phone 0.0135 36 240 126 395
phone 0.0135 295 205 366 271
phone 0.0134 144 225 209 313
phone 0.0132 296 193 333 252
phone 0.0131 155 248 228 320
phone 0.0131 6 40 91 176
phone 0.0130 342 188 399 257
phone 0.0130 96 172 164 243
phone 0.0129 214 49 294 180
phone 0.0128 53 232 115 305
phone 0.0127 263 173 336 242
phone 0.0127 111 207 149 269
phone 0.0126 94 30 190 190
phone 0.0125 126 208 164 268
phone 0.0124 220 217 360 362
phone 0.0124 96 208 133 268
phone 0.0124 106 256 185 312
phone 0.0124 52 209 85 266
phone 0.0123 7 243 91 393
phone 0.0123 35 314 134 399
phone 0.0122 313 193 347 252
phone 0.0121 281 159 349 224
phone 0.0119 221 0 314 165
phone 0.0119 314 158 378 225
phone 0.0118 80 157 149 227
phone 0.0115 235 167 302 247
phone 0.0114 198 0 385 226
phone 0.0113 343 177 378 237
phone 0.0113 343 63 399 220
phone 0.0112 117 44 348 237
phone 0.0112 204 383 234 399
phone 0.0111 170 220 214 286
phone 0.0111 81 192 117 253
phone 0.0110 328 193 363 252
phone 0.0110 276 224 353 283
phone 0.0109 319 229 349 255
phone 0.0109 195 226 281 281
phone 0.0108 109 158 182 225
phone 0.0108 252 109 347 243
phone 0.0108 206 348 239 399
phone 0.0108 12 322 95 399
phone 0.0107 154 284 230 346
phone 0.0106 148 324 236 399
phone 0.0106 171 350 244 399
phone 0.0105 314 219 399 349
phone 0.0105 358 249 399 380
phone 0.0104 313 163 347 221
phone 0.0104 128 178 163 236
phone 0.0104 210 379 227 399
phone 0.0104 356 204 399 272
phone 0.0103 5 235 71 302
phone 0.0103 326 225 343 258
phone 0.0103 200 285 276 345
phone 0.0102 327 182 357 209
phone 0.0102 0 321 48 399
phone 0.0101 97 333 132 389
phone 0.0100 277 132 353 190
phone 0.0100 67 139 132 214
phone 0.0099 113 130 178 192
phone 0.0099 82 332 116 389
phone 0.0099 362 282 399 347
phone 0.0098 314 216 377 291
phone 0.0098 175 271 208 328
phone 0.0098 345 155 399 228
phone 0.0097 0 4 56 151
phone 0.0097 281 237 380 362
phone 0.0097 15 209 92 267
phone 0.0097 235 222 272 285
phone 0.0097 129 40 218 183
phone 0.0097 235 346 303 399
phone 0.0096 199 255 277 313
phone 0.0096 184 237 260 301
phone 0.0096 328 144 395 209
phone 0.0095 247 327 321 399
phone 0.0095 97 178 133 236
phone 0.0095 333 179 350 212
phone 0.0095 112 178 148 236
phone 0.0095 237 233 301 304
phone 0.0095 297 163 332 220
phone 0.0094 285 50 376 180
phone 0.0094 185 268 260 331
phone 0.0094 51 239 86 298
phone 0.0094 236 62 302 137
phone 0.0094 202 208 242 267
phone 0.0093 297 143 364 209
phone 0.0093 237 0 301 102
phone 0.0093 179 152 266 232
phone 0.0093 208 236 300 363
phone 0.0092 140 175 182 239
phone 0.0092 220 211 255 265
phone 0.0092 158 253 194 314
phone 0.0092 357 234 399 304
phone 0.0092 143 240 178 297
phone 0.0092 236 85 270 144
phone 0.0092 214 389 224 399
phone 0.0092 279 254 351 315
phone 0.0091 4 128 72 194
phone 0.0091 15 256 91 312
phone 0.0091 234 191 272 254
phone 0.0091 98 262 163 337
phone 0.0091 81 161 117 222
phone 0.0091 52 179 85 235
phone 0.0090 359 109 399 182
phone 0.0090 329 236 339 248
phone 0.0090 374 194 399 251
phone 0.0090 98 357 162 399
phone 0.0090 344 209 378 267
phone 0.0090 184 302 262 358
phone 0.0090 207 341 269 399
phone 0.0089 247 112 321 180
phone 0.0089 15 118 92 173
phone 0.0089 6 70 70 128
phone 0.0088 190 348 223 399
phone 0.0088 274 16 357 151
phone 0.0088 16 177 91 237
phone 0.0088 358 177 394 237
phone 0.0088 298 225 331 281
phone 0.0088 142 359 211 399
phone 0.0087 106 289 186 341
phone 0.0086 252 8 285 67
phone 0.0086 281 178 317 236
phone 0.0086 82 224 116 282
phone 0.0086 233 127 304 195
phone 0.0086 45 126 125 257
phone 0.0086 280 285 350 345
phone 0.0086 17 284 90 345
phone 0.0085 221 287 254 343
phone 0.0085 272 103 357 157
phone 0.0085 66 267 133 332
phone 0.0084 30 163 107 221
phone 0.0084 188 117 257 175
phone 0.0084 328 223 362 283
phone 0.0084 35 359 102 399
phone 0.0084 263 144 336 209
phone 0.0084 156 221 197 285
phone 0.0083 345 127 399 195
phone 0.0083 344 147 378 205
phone 0.0083 337 189 347 202
phone 0.0082 1 190 75 256
phone 0.0082 203 100 273 161
phone 0.0082 36 225 70 281
phone 0.0082 0 360 54 399
phone 0.0082 255 363 313 399
phone 0.0082 325 269 397 330
phone 0.0082 296 112 365 179
phone 0.0081 297 133 332 189
phone 0.0081 0 203 57 272
phone 0.0081 205 287 239 343
phone 0.0081 252 33 316 104
phone 0.0081 21 224 55 282
phone 0.0081 251 239 285 298
phone 0.0080 67 177 101 237
phone 0.0080 41 96 97 165
phone 0.0080 125 265 198 333
phone 0.0080 189 14 278 145
phone 0.0080 267 230 332 308
phone 0.0080 108 317 184 375
phone 0.0080 251 70 286 128
phone 0.0080 0 251 59 317
phone 0.0080 134 118 189 204
phone 0.0079 343 97 399 163
phone 0.0079 16 147 91 206
phone 0.0079 265 300 334 360
phone 0.0079 221 256 255 312
phone 0.0079 252 332 285 390
phone 0.0079 247 251 321 317
phone 0.0079 329 22 394 145
phone 0.0079 149 279 165 312
phone 0.0079 33 267 104 332
phone 0.0078 374 225 399 282
phone 0.0078 129 148 162 205
phone 0.0078 313 225 347 282
phone 0.0078 201 144 275 209
phone 0.0078 233 96 305 165
phone 0.0078 208 74 269 125
phone 0.0078 56 102 113 158
phone 0.0078 362 76 399 154
phone 0.0078 250 177 287 237
phone 0.0078 313 127 378 195
phone 0.0077 175 301 208 359
phone 0.0077 0 97 42 164
phone 0.0077 332 58 390 110
phone 0.0077 92 299 168 361
phone 0.0077 0 298 59 362
phone 0.0077 374 255 399 313
phone 0.0077 287 39 343 98
phone 0.0077 298 255 332 312
phone 0.0077 234 281 304 349
phone 0.0076 265 50 333 119
phone 0.0076 67 254 101 314
phone 0.0076 362 0 399 34
phone 0.0076 113 333 147 389
phone 0.0076 222 69 254 129
phone 0.0076 161 14 242 143
phone 0.0076 325 114 397 177
phone 0.0076 36 195 70 250
phone 0.0076 20 132 55 190
phone 0.0076 295 82 365 148
phone 0.0075 82 270 116 328
phone 0.0075 140 207 181 269
phone 0.0075 169 316 245 375
phone 0.0075 36 256 70 312
phone 0.0075 277 69 353 130
phone 0.0075 111 182 141 209
phone 0.0075 207 0 269 110
phone 0.0075 205 241 240 297
phone 0.0074 67 359 132 399
phone 0.0074 32 299 106 362
phone 0.0074 0 157 58 226
phone 0.0074 175 348 208 399
phone 0.0074 207 30 270 77
phone 0.0074 36 118 70 173
phone 0.0074 218 267 289 332
phone 0.0073 0 52 54 116
phone 0.0073 94 145 166 208
phone 0.0073 97 148 132 205
phone 0.0073 298 286 331 343
phone 0.0073 129 272 162 327
phone 0.0073 37 3 121 150
phone 0.0073 152 289 162 302
phone 0.0073 142 298 173 324
phone 0.0073 292 269 368 330
phone 0.0073 98 81 163 209
phone 0.0072 246 158 322 226
phone 0.0072 82 131 117 190
phone 0.0072 0 267 43 332
phone 0.0072 128 341 194 399
phone 0.0072 1 314 75 377
phone 0.0072 294 235 367 302
phone 0.0072 261 83 338 147
phone 0.0071 223 23 253 83
phone 0.0071 67 348 100 399
phone 0.0071 67 116 101 175
phone 0.0071 374 163 399 221
phone 0.0071 36 286 70 343
phone 0.0071 125 298 197 363
phone 0.0071 207 70 238 129
phone 0.0071 236 286 270 344
phone 0.0070 256 10 312 66
phone 0.0070 221 101 254 159
phone 0.0070 223 12 284 64
phone 0.0070 375 132 399 190
phone 0.0070 118 179 135 213
phone 0.0070 204 367 234 393
phone 0.0070 6 347 39 399
phone 0.0070 282 133 316 189
phone 0.0070 237 8 270 67
phone 0.0070 301 53 359 116
phone 0.0070 252 117 285 174
phone 0.0070 6 224 39 282
phone 0.0069 35 127 103 195
phone 0.0069 267 117 301 174
phone 0.0069 52 116 85 175
phone 0.0069 267 40 301 98
phone 0.0069 313 117 347 174
phone 0.0069 0 34 41 103
phone 0.0069 129 348 162 399
phone 0.0069 159 362 193 399
phone 0.0069 344 271 377 328
phone 0.0069 102 118 159 174
phone 0.0069 0 0 56 70
phone 0.0069 21 86 54 143
phone 0.0068 267 240 301 297
phone 0.0068 313 94 378 166
phone 0.0068 190 287 224 343
phone 0.0068 36 347 70 399
phone 0.0068 144 271 178 328
phone 0.0068 52 271 85 328
phone 0.0068 83 126 146 196
phone 0.0068 52 280 117 350
phone 0.0067 52 347 85 399
phone 0.0067 252 301 285 359
phone 0.0067 344 70 378 128
phone 0.0067 165 157 218 227
phone 0.0067 67 317 101 374
phone 0.0067 144 309 209 382
phone 0.0067 0 362 24 399
phone 0.0067 252 39 285 98
phone 0.0067 149 294 166 328
phone 0.0067 83 274 147 356
phone 0.0066 223 133 284 219
phone 0.0066 192 60 254 108
phone 0.0066 129 302 162 358
phone 0.0066 297 103 331 157
phone 0.0066 162 104 222 156
phone 0.0066 374 101 399 159
phone 0.0066 251 147 286 206
phone 0.0066 21 347 54 399
phone 0.0065 5 194 39 251
phone 0.0065 36 317 70 374
phone 0.0065 313 248 379 320
phone 0.0065 39 59 98 109
phone 0.0065 267 317 301 374
phone 0.0065 159 285 193 345
phone 0.0065 282 239 317 298
phone 0.0065 21 194 55 251
phone 0.0065 316 44 376 93
phone 0.0065 72 111 127 180
phone 0.0064 36 148 70 204
phone 0.0064 0 86 24 143
phone 0.0064 344 117 378 174
phone 0.0064 267 270 301 328
phone 0.0064 6 317 39 374
phone 0.0064 236 361 271 399
phone 0.0064 73 275 103 301
phone 0.0064 363 56 399 112
phone 0.0064 5 132 39 189
phone 0.0064 51 317 85 374
phone 0.0064 266 0 334 98
phone 0.0064 262 267 337 332
phone 0.0064 317 64 375 134
phone 0.0064 176 101 208 159
phone 0.0063 177 76 238 123
phone 0.0063 331 30 391 77
phone 0.0063 313 86 347 143
phone 0.0063 222 107 285 184
phone 0.0063 206 317 239 374
phone 0.0063 282 55 316 113
phone 0.0063 328 85 362 144
phone 0.0063 276 266 354 394
phone 0.0063 207 0 270 46
phone 0.0063 130 106 192 155
phone 0.0063 200 178 244 237
phone 0.0063 375 69 399 129
phone 0.0062 130 116 162 175
phone 0.0062 70 91 130 139
phone 0.0062 69 85 99 144
phone 0.0062 176 0 239 95
phone 0.0062 221 332 255 390
phone 0.0062 330 39 361 97
phone 0.0062 54 54 84 113
phone 0.0062 192 55 254 174
phone 0.0062 221 132 254 189
phone 0.0062 252 270 285 328
phone 0.0062 221 361 255 399
phone 0.0062 220 180 256 235
phone 0.0062 300 30 360 77
phone 0.0062 282 102 316 158
phone 0.0062 0 0 52 33
phone 0.0061 180 173 234 242
phone 0.0061 298 56 332 112
phone 0.0061 223 0 254 51
phone 0.0061 190 317 224 374
phone 0.0061 192 90 253 140
phone 0.0061 144 301 178 359
phone 0.0061 146 91 207 139
phone 0.0061 346 23 377 82
phone 0.0061 298 0 363 111
phone 0.0061 284 8 316 67
phone 0.0061 314 285 377 344
phone 0.0061 328 116 362 175
phone 0.0061 302 305 359 355
phone 0.0061 113 302 147 358
phone 0.0061 0 117 24 174
phone 0.0061 311 221 341 247
phone 0.0061 193 69 222 129
phone 0.0060 344 240 378 297
phone 0.0060 205 133 239 189
phone 0.0060 20 270 55 328
phone 0.0060 134 144 165 170
phone 0.0060 255 0 313 32
phone 0.0060 266 179 302 235
phone 0.0060 146 101 176 159
phone 0.0060 85 105 145 155
phone 0.0060 79 271 97 305
phone 0.0060 85 85 115 144
phone 0.0060 313 271 347 327
phone 0.0059 159 332 193 390
phone 0.0059 269 347 299 399
phone 0.0059 193 23 222 83
phone 0.0059 282 286 316 343
phone 0.0059 67 286 101 344
phone 0.0059 53 84 85 145
phone 0.0059 122 189 131 202
phone 0.0059 315 24 346 82
phone 0.0059 21 317 55 374
phone 0.0059 115 101 146 158
phone 0.0059 152 305 162 317
phone 0.0059 113 148 147 204
phone 0.0059 145 0 208 95
phone 0.0059 236 255 270 313
phone 0.0059 191 101 223 159
phone 0.0059 37 86 69 143
phone 0.0058 346 367 399 399
phone 0.0058 144 332 178 390
phone 0.0058 162 85 192 144
phone 0.0058 361 321 399 370
phone 0.0058 162 29 222 77
phone 0.0058 281 221 311 247
phone 0.0058 81 301 117 360
phone 0.0058 236 316 270 375
phone 0.0058 239 0 298 48
phone 0.0058 328 270 362 328
phone 0.0058 0 147 24 205
phone 0.0058 0 55 24 113
phone 0.0058 208 39 238 98
phone 0.0057 162 60 222 108
phone 0.0057 100 101 131 159
phone 0.0057 177 69 207 129
phone 0.0057 0 286 24 343
phone 0.0057 114 0 178 95
phone 0.0057 362 0 399 93
phone 0.0057 0 255 24 313
phone 0.0057 52 148 85 204
phone 0.0057 189 256 225 312
phone 0.0057 67 147 101 206
phone 0.0057 329 228 339 240
phone 0.0056 296 259 326 286
phone 0.0056 83 0 147 95
phone 0.0056 192 14 253 62
phone 0.0056 0 178 24 236
phone 0.0056 24 14 82 62
phone 0.0056 286 14 344 62
phone 0.0056 269 0 299 37
phone 0.0056 224 0 283 33
phone 0.0056 316 300 345 360
phone 0.0056 223 56 284 112
phone 0.0056 20 0 87 96
phone 0.0056 282 327 369 399
phone 0.0056 315 304 377 399
phone 0.0056 330 332 393 399
phone 0.0056 202 378 220 399
phone 0.0055 55 75 114 124
phone 0.0055 177 23 207 83
phone 0.0055 300 24 331 82
phone 0.0055 131 75 191 123
phone 0.0055 318 217 335 251
phone 0.0055 141 140 158 174
phone 0.0055 214 382 224 394
phone 0.0055 0 209 24 266
phone 0.0055 316 14 376 62
phone 0.0055 38 8 69 67
phone 0.0054 236 116 270 175
phone 0.0054 206 101 239 159
phone 0.0054 207 0 238 51
phone 0.0054 131 29 191 77
phone 0.0054 70 60 130 108
phone 0.0054 287 321 342 370
phone 0.0054 214 374 224 386
phone 0.0054 267 148 301 204
phone 0.0054 157 131 195 191
phone 0.0054 85 75 145 124
phone 0.0054 0 332 24 390
phone 0.0054 315 367 376 399
phone 0.0054 161 0 223 64
phone 0.0054 272 336 327 386
phone 0.0054 101 29 160 77
phone 0.0053 162 23 192 83
phone 0.0053 287 217 305 251
phone 0.0053 254 0 284 37
phone 0.0053 192 0 223 51
phone 0.0053 346 45 399 92
phone 0.0053 70 29 129 77
phone 0.0053 376 23 399 83
phone 0.0053 147 69 176 129
phone 0.0052 149 112 204 180
phone 0.0052 266 86 301 143
phone 0.0052 111 221 141 247
phone 0.0052 330 363 362 399
phone 0.0052 53 0 115 64
phone 0.0052 116 91 176 139
phone 0.0052 331 0 392 46
phone 0.0052 376 299 399 361
phone 0.0052 376 361 399 399
phone 0.0052 99 0 161 64
phone 0.0052 130 0 192 64
phone 0.0052 0 24 24 82
phone 0.0052 178 0 237 31
phone 0.0052 147 0 206 30
phone 0.0052 147 23 176 83
phone 0.0052 116 60 176 108
phone 0.0052 73 251 103 278
phone 0.0052 97 285 133 344
phone 0.0052 302 255 320 290
phone 0.0052 330 8 362 67
phone 0.0052 85 0 145 30
phone 0.0052 131 69 161 129
phone 0.0052 301 337 359 385
phone 0.0052 39 0 98 30
phone 0.0052 235 161 272 222
phone 0.0052 116 0 175 30
phone 0.0052 131 23 161 83
phone 0.0051 300 331 330 391
phone 0.0051 285 367 345 399
phone 0.0051 361 39 392 98
phone 0.0051 185 223 229 284
phone 0.0051 9 40 67 97
phone 0.0051 349 268 381 292
phone 0.0051 346 0 377 51
phone 0.0051 85 54 115 113
phone 0.0051 130 26 192 141
phone 0.0051 162 54 192 113
phone 0.0051 296 221 326 247
phone 0.0051 177 0 207 51
phone 0.0051 116 23 145 83
phone 0.0051 127 152 157 178
phone 0.0051 285 331 315 391
phone 0.0051 99 26 162 141
phone 0.0051 357 264 373 296
phone 0.0051 23 0 53 37
phone 0.0051 83 282 93 294
phone 0.0051 318 276 350 300
phone 0.0051 299 363 331 399
phone 0.0051 315 331 346 390
phone 0.0051 285 0 315 37
phone 0.0050 330 331 361 390
phone 0.0050 188 132 226 190
phone 0.0050 85 23 115 83
phone 0.0050 68 11 131 126
phone 0.0050 100 23 130 83
phone 0.0050 376 331 399 391
phone 0.0050 101 69 130 129
phone 0.0050 218 379 235 399
phone 0.0050 285 0 345 30
