phone 0.9255 50 24 145 229
phone 0.2529 192 188 342 262
phone 0.1220 256 195 371 266
phone 0.0781 202 44 331 233
phone 0.0628 69 77 183 234
phone 0.0564 216 147 366 266
phone 0.0540 62 43 137 147
phone 0.0536 105 55 227 212
phone 0.0491 140 133 335 261
phone 0.0475 45 123 130 247
phone 0.0371 34 17 225 246
phone 0.0339 57 163 149 266
phone 0.0337 10 40 98 223
phone 0.0303 55 118 212 255
phone 0.0297 113 87 277 237
phone 0.0287 239 219 342 266
phone 0.0279 160 9 313 203
phone 0.0276 61 105 138 208
phone 0.0257 0 71 63 210
phone 0.0249 150 96 234 246
phone 0.0244 49 69 120 182
phone 0.0244 221 98 317 266
phone 0.0238 230 181 307 255
phone 0.0237 4 119 72 193
phone 0.0227 132 168 265 266
phone 0.0215 64 50 194 169
phone 0.0214 128 98 194 184
phone 0.0206 72 86 128 165
phone 0.0199 285 136 399 266
phone 0.0189 242 24 344 189
phone 0.0186 145 112 208 200
phone 0.0185 4 87 72 164
phone 0.0180 160 71 253 210
phone 0.0180 7 27 89 122
phone 0.0170 194 138 284 266
phone 0.0168 111 5 233 151
phone 0.0161 144 82 209 168
phone 0.0157 156 103 227 178
phone 0.0153 159 130 225 213
phone 0.0151 345 57 399 215
phone 0.0150 19 126 56 186
phone 0.0149 99 112 192 170
phone 0.0148 280 216 399 266
phone 0.0146 220 115 287 197
phone 0.0146 145 37 238 182
phone 0.0145 33 119 105 193
phone 0.0145 1 127 106 246
phone 0.0144 25 27 113 161
phone 0.0136 16 110 91 171
phone 0.0136 0 127 52 258
phone 0.0136 351 253 399 266
phone 0.0135 217 0 313 155
phone 0.0131 172 121 243 191
phone 0.0130 202 184 274 251
phone 0.0130 137 143 217 266
phone 0.0129 142 109 180 172
phone 0.0128 250 188 288 248
phone 0.0128 171 154 243 220
phone 0.0127 93 156 199 266
phone 0.0127 351 192 399 266
phone 0.0127 179 44 266 175
phone 0.0127 0 24 54 164
phone 0.0127 296 244 399 266
phone 0.0127 90 0 185 105
phone 0.0126 33 86 104 164
phone 0.0124 258 47 384 229
phone 0.0123 202 138 274 205
phone 0.0122 3 109 42 172
phone 0.0122 158 125 195 187
phone 0.0121 0 0 176 192
phone 0.0121 81 201 179 266
phone 0.0121 36 148 102 225
phone 0.0121 7 0 89 71
phone 0.0121 215 234 322 266
phone 0.0119 19 95 56 155
phone 0.0119 156 165 227 240
phone 0.0118 73 236 141 266
phone 0.0118 134 235 220 266
phone 0.0117 13 144 93 199
phone 0.0116 345 76 399 144
phone 0.0116 0 0 56 100
phone 0.0116 0 170 86 266
phone 0.0115 260 234 370 266
phone 0.0113 82 189 116 246
phone 0.0112 283 261 378 266
phone 0.0112 279 204 319 262
phone 0.0111 356 25 399 164
phone 0.0111 16 80 90 139
phone 0.0110 37 0 127 99
phone 0.0109 205 214 302 266
phone 0.0109 121 107 202 235
phone 0.0109 4 140 41 202
phone 0.0109 162 248 253 266
phone 0.0109 221 173 254 231
phone 0.0109 51 142 86 201
phone 0.0108 106 216 237 266
phone 0.0108 4 79 41 140
phone 0.0107 232 129 305 214
phone 0.0107 36 42 102 116
phone 0.0107 247 250 352 266
phone 0.0107 308 77 385 204
phone 0.0107 186 110 259 172
phone 0.0107 36 128 70 184
phone 0.0106 84 0 146 125
phone 0.0106 294 203 335 263
phone 0.0106 237 261 331 266
phone 0.0104 99 79 192 141
phone 0.0104 359 226 399 266
phone 0.0104 86 118 174 194
phone 0.0104 173 126 210 186
phone 0.0104 46 184 115 266
phone 0.0103 315 259 399 266
phone 0.0102 2 155 74 219
phone 0.0102 203 249 304 266
phone 0.0101 184 174 261 230
phone 0.0101 166 257 249 266
phone 0.0101 158 29 225 99
phone 0.0100 221 143 255 200
phone 0.0100 76 122 123 190
phone 0.0100 36 97 70 153
phone 0.0100 192 260 284 266
phone 0.0099 171 94 244 156
phone 0.0099 327 106 395 175
phone 0.0098 0 0 39 0
phone 0.0098 189 80 257 140
phone 0.0098 233 101 304 181
phone 0.0097 154 200 229 266
phone 0.0097 127 113 163 168
phone 0.0097 172 233 273 266
phone 0.0096 160 14 255 144
phone 0.0096 189 143 225 200
phone 0.0096 157 94 195 156
phone 0.0095 61 75 108 145
phone 0.0095 316 106 399 236
phone 0.0095 183 205 262 261
phone 0.0094 104 160 188 214
phone 0.0094 205 128 239 184
phone 0.0094 359 96 393 154
phone 0.0093 235 125 272 186
phone 0.0093 358 121 399 191
phone 0.0093 156 76 227 144
phone 0.0092 0 263 41 266
phone 0.0092 130 250 211 266
phone 0.0092 228 263 309 266
phone 0.0091 52 50 85 108
phone 0.0091 0 0 57 40
phone 0.0091 235 202 272 264
phone 0.0090 189 112 224 169
phone 0.0090 147 263 207 266
phone 0.0089 176 0 295 118
phone 0.0089 14 205 93 261
phone 0.0088 360 64 393 124
phone 0.0088 169 186 245 250
phone 0.0088 79 156 119 218
phone 0.0088 107 48 185 111
phone 0.0088 14 175 93 229
phone 0.0087 322 189 399 246
phone 0.0087 106 190 186 245
phone 0.0086 221 204 254 262
phone 0.0086 175 35 208 92
phone 0.0086 51 95 87 155
phone 0.0086 344 112 378 169
phone 0.0084 49 232 80 257
phone 0.0084 129 0 195 132
phone 0.0084 205 159 239 215
phone 0.0083 264 204 303 262
phone 0.0082 220 35 288 184
phone 0.0082 154 264 230 266
phone 0.0081 107 234 185 266
phone 0.0081 173 173 210 231
phone 0.0081 374 250 399 266
phone 0.0081 57 228 73 261
phone 0.0080 143 141 178 201
phone 0.0080 23 37 84 90
phone 0.0080 0 96 24 154
phone 0.0080 5 220 71 266
phone 0.0080 329 111 362 170
phone 0.0079 160 265 193 266
phone 0.0079 21 158 55 215
phone 0.0079 97 252 164 266
phone 0.0079 37 50 69 108
phone 0.0079 61 106 107 175
phone 0.0079 36 159 70 214
phone 0.0078 21 50 55 108
phone 0.0078 206 97 239 154
phone 0.0077 116 22 175 75
phone 0.0077 205 190 239 245
phone 0.0077 249 127 288 185
phone 0.0077 37 236 101 266
phone 0.0077 374 112 399 169
phone 0.0077 238 73 300 147
phone 0.0076 311 205 349 261
phone 0.0076 67 188 101 247
phone 0.0076 374 203 399 262
phone 0.0076 83 220 116 266
phone 0.0076 205 220 239 266
phone 0.0076 72 148 157 226
phone 0.0076 5 49 40 108
phone 0.0076 52 173 86 231
phone 0.0076 346 153 399 220
phone 0.0075 0 127 24 185
phone 0.0075 128 160 162 214
phone 0.0075 36 205 70 261
phone 0.0075 64 139 104 204
phone 0.0075 331 48 393 171
phone 0.0074 69 253 130 266
phone 0.0074 60 238 70 251
phone 0.0074 205 14 271 144
phone 0.0074 158 157 194 217
phone 0.0074 113 235 147 266
phone 0.0074 174 205 209 261
phone 0.0074 72 13 127 84
phone 0.0074 374 81 399 139
phone 0.0074 184 263 261 266
phone 0.0074 57 16 111 111
phone 0.0074 88 173 173 231
phone 0.0074 210 52 266 106
phone 0.0074 344 220 378 266
phone 0.0073 68 234 100 266
phone 0.0073 144 33 178 93
phone 0.0073 326 139 397 204
phone 0.0073 261 109 337 172
phone 0.0073 177 15 237 82
phone 0.0073 170 48 244 110
phone 0.0073 53 9 115 57
phone 0.0073 21 204 54 261
phone 0.0073 305 264 386 266
phone 0.0073 196 170 226 196
phone 0.0073 206 66 239 123
phone 0.0072 0 168 44 236
phone 0.0072 330 55 393 103
phone 0.0072 159 203 193 262
phone 0.0072 129 190 162 245
phone 0.0072 234 171 273 234
phone 0.0072 145 53 208 136
phone 0.0071 85 8 145 58
phone 0.0071 344 190 378 245
phone 0.0071 129 35 162 93
phone 0.0071 161 8 223 58
phone 0.0071 324 231 399 266
phone 0.0071 246 117 322 196
phone 0.0071 131 176 192 259
phone 0.0071 113 19 147 77
phone 0.0071 310 154 381 220
phone 0.0070 0 201 44 265
phone 0.0070 239 54 299 104
phone 0.0070 142 79 179 141
phone 0.0070 69 3 99 62
phone 0.0070 345 64 377 124
phone 0.0070 227 239 257 265
phone 0.0070 128 220 162 266
phone 0.0070 207 86 270 165
phone 0.0070 361 165 399 239
phone 0.0070 145 0 208 91
phone 0.0070 85 4 115 61
phone 0.0069 298 121 363 191
phone 0.0069 159 34 193 93
phone 0.0069 65 229 81 260
phone 0.0069 100 4 130 61
phone 0.0068 146 264 177 266
phone 0.0068 174 81 209 138
phone 0.0068 239 25 299 72
phone 0.0068 60 246 70 259
phone 0.0068 99 249 130 266
phone 0.0068 189 190 224 245
phone 0.0068 176 4 207 62
phone 0.0067 131 9 192 57
phone 0.0067 328 221 363 266
phone 0.0067 192 0 254 96
phone 0.0067 253 50 285 107
phone 0.0067 129 250 162 266
phone 0.0067 275 140 355 203
phone 0.0067 375 142 399 200
phone 0.0067 97 205 132 261
phone 0.0067 202 166 220 200
phone 0.0067 161 4 192 62
phone 0.0067 103 259 177 266
phone 0.0067 315 71 377 118
phone 0.0067 270 24 330 72
phone 0.0067 236 80 270 139
phone 0.0067 251 251 286 266
phone 0.0066 322 263 399 266
phone 0.0066 315 37 376 151
phone 0.0066 191 3 224 62
phone 0.0066 85 249 115 266
phone 0.0066 251 81 286 139
phone 0.0066 269 0 331 105
phone 0.0066 146 0 207 41
phone 0.0066 0 66 24 123
phone 0.0065 286 0 366 147
phone 0.0065 159 235 193 266
phone 0.0065 126 251 143 266
phone 0.0065 119 255 150 266
phone 0.0065 254 9 314 57
phone 0.0065 26 232 57 257
phone 0.0065 224 9 283 57
phone 0.0065 190 35 224 92
phone 0.0065 254 18 284 77
phone 0.0065 177 0 238 42
phone 0.0065 285 40 345 88
phone 0.0064 239 0 299 41
phone 0.0064 127 83 164 137
phone 0.0064 207 3 239 62
phone 0.0064 256 66 312 123
phone 0.0064 300 86 361 134
phone 0.0064 286 71 344 119
phone 0.0064 146 3 176 62
phone 0.0064 33 229 51 260
phone 0.0064 68 238 77 251
phone 0.0063 300 55 360 103
phone 0.0063 328 142 362 200
phone 0.0063 298 51 362 168
phone 0.0063 0 158 24 215
phone 0.0063 34 240 65 265
phone 0.0063 269 50 300 108
phone 0.0063 285 18 315 78
phone 0.0063 331 65 361 124
phone 0.0063 193 0 253 26
phone 0.0063 278 73 352 208
phone 0.0063 254 40 314 87
phone 0.0063 330 6 393 121
phone 0.0063 344 143 378 200
phone 0.0063 248 91 320 160
phone 0.0063 52 219 85 266
phone 0.0062 162 0 222 26
phone 0.0062 315 40 376 88
phone 0.0062 113 205 147 261
phone 0.0062 331 24 391 72
phone 0.0062 222 65 254 123
phone 0.0062 238 3 269 62
phone 0.0062 270 3 299 62
phone 0.0062 142 177 172 204
phone 0.0061 316 97 375 153
phone 0.0061 300 34 330 93
phone 0.0061 223 0 284 26
phone 0.0061 270 55 329 103
phone 0.0061 300 65 330 123
phone 0.0061 223 3 254 62
phone 0.0061 111 144 148 199
phone 0.0061 316 34 345 93
phone 0.0061 254 0 284 47
phone 0.0061 315 81 346 138
phone 0.0061 193 0 253 11
phone 0.0061 346 34 376 93
phone 0.0061 250 219 287 266
phone 0.0061 174 235 209 266
phone 0.0061 208 0 268 42
phone 0.0061 346 40 399 88
phone 0.0060 313 127 347 185
phone 0.0060 66 33 102 94
phone 0.0060 0 9 36 57
phone 0.0060 300 24 361 72
phone 0.0060 107 95 152 156
phone 0.0060 144 250 177 266
phone 0.0060 131 0 191 26
phone 0.0060 271 81 328 139
phone 0.0060 208 0 238 31
phone 0.0060 238 50 269 108
phone 0.0060 77 47 122 112
phone 0.0060 236 251 271 266
phone 0.0060 331 34 361 93
phone 0.0060 144 203 178 262
phone 0.0060 162 0 222 11
phone 0.0059 177 0 207 31
phone 0.0059 144 172 178 232
phone 0.0059 223 0 253 31
phone 0.0059 69 264 99 266
phone 0.0059 287 95 343 155
phone 0.0059 193 0 222 31
phone 0.0059 363 0 399 89
phone 0.0059 285 9 345 57
phone 0.0059 223 0 283 11
phone 0.0059 205 251 239 266
phone 0.0059 221 96 255 155
phone 0.0058 162 0 192 31
phone 0.0058 39 21 99 76
phone 0.0058 239 0 269 31
phone 0.0058 284 50 315 108
phone 0.0058 223 34 253 93
phone 0.0058 0 0 47 3
phone 0.0058 270 0 330 42
phone 0.0058 361 0 399 42
phone 0.0058 116 0 176 41
phone 0.0057 148 174 166 207
phone 0.0057 220 251 255 266
phone 0.0057 70 0 130 42
phone 0.0057 206 177 216 189
phone 0.0057 0 0 36 26
phone 0.0057 131 4 161 61
phone 0.0057 131 0 191 11
phone 0.0057 0 189 24 246
phone 0.0057 146 0 176 31
phone 0.0057 129 261 139 266
phone 0.0057 282 113 317 168
phone 0.0057 316 9 376 57
phone 0.0057 254 0 314 26
phone 0.0057 375 48 399 109
phone 0.0056 0 0 22 47
phone 0.0056 0 19 23 77
phone 0.0056 0 234 41 266
phone 0.0056 237 246 247 258
phone 0.0056 0 0 36 11
phone 0.0056 281 252 317 266
phone 0.0056 0 219 23 266
phone 0.0056 300 3 330 62
phone 0.0056 100 0 160 26
phone 0.0056 361 0 399 11
phone 0.0056 190 66 224 122
phone 0.0055 372 71 399 95
phone 0.0055 54 3 84 62
phone 0.0055 346 3 376 62
phone 0.0055 346 9 399 57
phone 0.0055 380 67 396 99
phone 0.0055 37 238 47 251
phone 0.0055 328 190 363 245
phone 0.0055 112 175 147 230
phone 0.0055 312 252 347 266
phone 0.0055 266 252 301 266
phone 0.0055 225 235 243 266
phone 0.0055 131 0 161 31
phone 0.0055 297 128 332 184
phone 0.0055 285 0 315 47
phone 0.0055 7 0 85 31
phone 0.0055 0 0 22 16
phone 0.0055 254 0 314 11
phone 0.0055 57 178 88 203
phone 0.0055 39 0 99 42
phone 0.0055 23 19 54 77
phone 0.0055 190 251 224 266
phone 0.0054 377 2 399 63
phone 0.0054 45 246 54 258
phone 0.0054 331 0 391 42
phone 0.0054 158 64 194 124
phone 0.0054 189 221 224 266
phone 0.0054 96 175 133 230
phone 0.0054 27 177 57 204
phone 0.0054 116 0 145 47
phone 0.0054 254 0 284 16
phone 0.0054 296 252 333 266
phone 0.0054 42 178 72 204
phone 0.0054 64 174 81 207
phone 0.0054 39 3 69 62
phone 0.0054 224 39 282 88
phone 0.0054 100 0 160 11
phone 0.0054 328 252 363 266
phone 0.0054 331 3 361 62
phone 0.0054 86 74 143 145
phone 0.0054 316 3 345 62
phone 0.0053 331 0 391 11
phone 0.0053 0 0 23 1
phone 0.0053 206 35 239 93
phone 0.0053 300 0 360 42
phone 0.0053 96 232 126 257
phone 0.0053 54 0 114 26
phone 0.0053 49 236 65 266
phone 0.0052 210 20 266 76
phone 0.0052 210 166 228 200
phone 0.0052 7 253 69 266
phone 0.0052 270 0 299 16
phone 0.0052 285 0 345 11
phone 0.0052 314 0 378 28
phone 0.0052 134 123 164 150
phone 0.0052 285 0 345 26
phone 0.0052 376 0 399 17
phone 0.0052 8 0 68 11
phone 0.0052 24 0 53 47
phone 0.0051 343 251 378 266
phone 0.0051 100 0 130 31
phone 0.0051 192 0 223 1
phone 0.0051 70 0 130 11
phone 0.0051 346 0 376 16
phone 0.0051 207 0 238 1
phone 0.0051 116 0 145 16
phone 0.0051 177 0 208 1
phone 0.0051 346 0 399 26
phone 0.0051 0 264 23 266
phone 0.0051 161 0 192 1
phone 0.0051 102 228 120 261
phone 0.0051 223 0 254 1
phone 0.0050 285 0 315 16
phone 0.0050 218 87 250 110
phone 0.0050 39 0 99 11
phone 0.0050 85 0 115 31
phone 0.0050 33 173 51 208
phone 0.0050 54 265 84 266
phone 0.0050 146 0 177 1
phone 0.0050 7 19 38 77
