phone 0.9158 80 102 373 203
phone 0.1115 71 99 221 184
phone 0.1034 209 115 359 204
phone 0.0445 114 80 238 231
phone 0.0366 97 123 305 238
phone 0.0319 8 54 278 215
phone 0.0309 230 138 348 226
phone 0.0287 245 72 386 209
phone 0.0282 37 102 189 217
phone 0.0276 149 86 295 225
phone 0.0267 89 109 171 173
phone 0.0241 80 120 206 253
phone 0.0236 270 140 359 203
phone 0.0226 169 38 399 229
phone 0.0210 327 67 399 205
phone 0.0198 76 53 184 197
phone 0.0195 5 95 98 231
phone 0.0182 138 137 245 266
phone 0.0175 293 34 399 184
phone 0.0173 25 79 137 197
phone 0.0167 226 36 354 188
phone 0.0161 112 112 148 169
phone 0.0157 37 0 123 154
phone 0.0151 297 137 399 240
phone 0.0148 102 30 309 202
phone 0.0143 8 50 94 162
phone 0.0142 28 121 128 260
phone 0.0137 262 125 367 248
phone 0.0135 296 143 333 200
phone 0.0134 339 0 399 166
phone 0.0133 57 0 169 130
phone 0.0131 138 166 215 239
phone 0.0129 134 128 218 215
phone 0.0129 280 142 318 201
phone 0.0128 258 0 342 131
phone 0.0123 352 99 399 243
phone 0.0120 0 132 53 258
phone 0.0119 284 124 376 188
phone 0.0118 151 185 232 250
phone 0.0116 195 127 311 246
phone 0.0115 105 114 186 198
phone 0.0115 324 0 399 99
phone 0.0114 95 0 185 160
phone 0.0114 126 112 165 170
phone 0.0114 98 112 132 169
phone 0.0111 173 171 272 266
phone 0.0110 361 118 399 194
phone 0.0110 97 172 195 266
phone 0.0108 204 186 302 266
phone 0.0108 3 137 73 206
phone 0.0106 0 74 56 196
phone 0.0106 49 157 151 266
phone 0.0104 121 151 201 223
phone 0.0103 206 139 300 204
phone 0.0100 272 170 358 266
phone 0.0100 362 170 399 266
phone 0.0100 265 29 334 99
phone 0.0099 77 90 152 161
phone 0.0099 290 156 370 218
phone 0.0098 288 0 373 116
phone 0.0098 359 150 399 224
phone 0.0097 6 156 101 266
phone 0.0096 0 0 39 0
phone 0.0095 251 41 317 117
phone 0.0095 266 143 302 200
phone 0.0095 312 144 347 199
phone 0.0094 78 121 152 192
phone 0.0093 282 13 348 84
phone 0.0093 0 147 36 196
phone 0.0093 55 35 144 185
phone 0.0092 0 263 41 266
phone 0.0092 195 155 280 219
phone 0.0090 360 0 399 71
phone 0.0090 21 142 55 200
phone 0.0090 360 88 399 163
phone 0.0089 361 29 399 98
phone 0.0088 91 169 169 235
phone 0.0088 57 111 142 170
phone 0.0088 0 7 55 135
phone 0.0087 103 85 188 166
phone 0.0086 137 203 216 263
phone 0.0086 0 158 57 216
phone 0.0085 238 154 331 266
phone 0.0085 344 4 378 62
phone 0.0085 174 190 209 245
phone 0.0085 374 111 399 170
phone 0.0084 164 147 249 227
phone 0.0084 5 109 71 172
phone 0.0084 282 35 316 92
phone 0.0083 208 39 268 89
phone 0.0083 341 169 399 235
phone 0.0083 110 219 181 266
phone 0.0083 207 4 270 123
phone 0.0083 158 174 194 231
phone 0.0083 94 133 166 210
phone 0.0082 145 237 208 266
phone 0.0081 233 7 305 151
phone 0.0081 284 0 346 43
phone 0.0081 190 190 224 245
phone 0.0081 264 201 335 265
phone 0.0081 328 144 362 199
phone 0.0081 186 216 260 266
phone 0.0080 120 0 227 125
phone 0.0080 298 19 332 77
phone 0.0080 222 34 254 92
phone 0.0080 60 187 139 248
phone 0.0080 266 50 301 108
phone 0.0079 300 1 360 66
phone 0.0079 50 71 118 148
phone 0.0079 292 188 368 247
phone 0.0079 343 106 399 175
phone 0.0079 311 48 381 111
phone 0.0079 177 38 237 89
phone 0.0078 36 96 70 154
phone 0.0078 176 3 239 124
phone 0.0078 231 218 306 266
phone 0.0078 203 234 273 266
phone 0.0078 92 202 169 263
phone 0.0078 327 186 395 248
phone 0.0077 207 34 238 92
phone 0.0077 0 29 176 235
phone 0.0077 48 203 121 263
phone 0.0076 131 39 191 89
phone 0.0076 143 175 178 230
phone 0.0076 190 98 285 184
phone 0.0076 374 142 399 201
phone 0.0076 330 0 392 26
phone 0.0076 16 187 91 248
phone 0.0075 174 235 241 266
phone 0.0075 45 171 123 234
phone 0.0075 375 188 399 247
phone 0.0075 192 34 223 92
phone 0.0075 330 61 393 128
phone 0.0075 0 126 23 185
phone 0.0074 323 125 399 187
phone 0.0074 139 111 183 171
phone 0.0073 128 175 162 230
phone 0.0073 146 34 177 92
phone 0.0073 263 170 336 235
phone 0.0072 251 144 286 199
phone 0.0072 269 0 331 75
phone 0.0072 161 233 192 266
phone 0.0072 53 54 115 104
phone 0.0072 347 208 399 257
phone 0.0072 346 0 376 31
phone 0.0072 182 9 263 180
phone 0.0072 298 204 331 262
phone 0.0072 176 35 208 92
phone 0.0071 1 170 75 234
phone 0.0071 161 34 192 92
phone 0.0071 212 173 295 232
phone 0.0071 61 154 138 219
phone 0.0071 361 0 392 31
phone 0.0071 68 222 131 266
phone 0.0071 100 39 161 88
phone 0.0071 374 80 399 139
phone 0.0071 310 14 381 83
phone 0.0071 6 173 39 231
phone 0.0071 32 89 105 161
phone 0.0070 130 34 161 92
phone 0.0070 237 34 269 92
phone 0.0070 362 59 399 130
phone 0.0070 205 190 239 245
phone 0.0070 31 154 107 220
phone 0.0070 374 19 399 77
phone 0.0070 306 79 385 141
phone 0.0069 25 78 82 142
phone 0.0069 314 0 346 46
phone 0.0069 69 50 100 108
phone 0.0069 22 95 54 155
phone 0.0069 284 0 315 46
phone 0.0069 47 139 121 204
phone 0.0068 0 0 41 32
phone 0.0068 159 205 193 261
phone 0.0068 282 204 316 262
phone 0.0068 18 120 88 192
phone 0.0068 323 93 399 157
phone 0.0068 278 46 352 112
phone 0.0068 255 21 314 76
phone 0.0068 344 143 378 200
phone 0.0068 129 204 162 261
phone 0.0068 255 96 343 186
phone 0.0067 271 239 327 266
phone 0.0067 115 34 146 92
phone 0.0067 344 81 378 138
phone 0.0067 82 113 116 168
phone 0.0067 253 0 315 41
phone 0.0067 7 71 69 118
phone 0.0067 223 25 284 72
phone 0.0067 292 62 368 127
phone 0.0067 190 220 224 266
phone 0.0067 328 51 362 107
phone 0.0067 113 174 147 230
phone 0.0067 175 220 208 266
phone 0.0066 236 220 270 266
phone 0.0066 144 205 178 261
phone 0.0066 300 0 361 26
phone 0.0066 206 220 239 266
phone 0.0066 313 19 347 77
phone 0.0066 348 49 399 109
phone 0.0066 66 81 101 138
phone 0.0065 238 9 300 57
phone 0.0065 38 65 69 123
phone 0.0065 286 222 344 266
phone 0.0065 267 219 301 266
phone 0.0065 313 189 347 246
phone 0.0065 315 206 376 259
phone 0.0065 344 35 377 92
phone 0.0065 331 0 361 31
phone 0.0065 252 33 285 93
phone 0.0065 252 220 285 266
phone 0.0064 192 25 253 72
phone 0.0064 100 34 130 92
phone 0.0064 67 204 100 262
phone 0.0064 0 157 23 216
phone 0.0064 220 160 255 214
phone 0.0064 376 218 399 266
phone 0.0064 316 0 376 11
phone 0.0064 146 233 176 266
phone 0.0064 83 204 116 261
phone 0.0064 269 0 330 26
phone 0.0064 114 219 146 266
phone 0.0063 208 9 268 57
phone 0.0063 54 50 84 108
phone 0.0063 23 65 53 123
phone 0.0063 269 0 299 46
phone 0.0063 69 40 131 88
phone 0.0063 145 3 208 154
phone 0.0063 161 24 223 72
phone 0.0063 0 117 36 165
phone 0.0063 0 189 55 246
phone 0.0063 36 189 70 246
phone 0.0062 223 0 284 41
phone 0.0062 285 233 315 266
phone 0.0062 23 55 84 103
phone 0.0062 374 0 399 47
phone 0.0062 285 0 345 11
phone 0.0062 298 174 332 230
phone 0.0062 39 0 99 26
phone 0.0062 235 144 271 199
phone 0.0062 177 9 237 57
phone 0.0062 254 3 284 62
phone 0.0062 300 0 330 31
phone 0.0062 83 49 116 108
phone 0.0062 8 0 68 41
phone 0.0062 98 204 131 261
phone 0.0062 38 0 100 59
phone 0.0061 52 204 85 262
phone 0.0061 54 0 114 11
phone 0.0061 70 0 130 26
phone 0.0061 22 21 85 136
phone 0.0061 302 111 389 171
phone 0.0061 221 220 255 266
phone 0.0061 193 0 253 41
phone 0.0061 54 0 114 41
phone 0.0061 115 24 176 72
phone 0.0061 85 0 145 11
phone 0.0061 328 173 362 231
phone 0.0061 146 9 207 57
phone 0.0061 68 0 131 59
phone 0.0061 346 202 376 263
phone 0.0061 239 3 269 62
phone 0.0061 24 0 83 11
phone 0.0060 131 0 191 41
phone 0.0060 220 189 255 246
phone 0.0060 84 0 146 44
phone 0.0060 223 3 253 62
phone 0.0060 162 0 222 41
phone 0.0060 239 0 299 26
phone 0.0060 100 0 160 26
phone 0.0060 195 46 250 113
phone 0.0060 316 0 345 16
phone 0.0060 254 0 314 11
phone 0.0060 0 86 54 133
phone 0.0059 39 40 99 88
phone 0.0059 99 0 162 59
phone 0.0059 82 174 116 230
phone 0.0059 208 3 238 62
phone 0.0059 282 173 316 231
phone 0.0059 116 0 176 11
phone 0.0059 21 173 55 231
phone 0.0059 208 0 268 26
phone 0.0059 84 53 146 136
phone 0.0059 54 0 84 31
phone 0.0059 328 20 362 77
phone 0.0059 301 256 360 266
phone 0.0059 193 3 222 62
phone 0.0059 85 24 145 72
phone 0.0059 177 0 237 26
phone 0.0059 127 143 164 200
phone 0.0059 70 0 99 31
phone 0.0059 223 0 284 11
phone 0.0059 177 0 237 11
phone 0.0059 39 0 68 31
phone 0.0058 313 51 347 107
phone 0.0058 331 203 361 263
phone 0.0058 85 0 115 16
phone 0.0058 146 0 207 26
phone 0.0058 23 0 53 47
phone 0.0058 146 0 207 11
phone 0.0058 209 254 267 266
phone 0.0058 67 174 101 230
phone 0.0058 177 3 207 62
phone 0.0058 100 0 130 16
phone 0.0058 84 0 146 105
phone 0.0058 155 141 198 202
phone 0.0058 7 205 69 260
phone 0.0058 53 0 115 90
phone 0.0058 112 142 148 200
phone 0.0058 285 0 315 16
phone 0.0058 361 239 399 266
phone 0.0058 162 3 192 62
phone 0.0058 331 241 391 266
phone 0.0058 36 158 70 215
phone 0.0058 8 24 68 72
phone 0.0057 146 0 176 47
phone 0.0057 267 189 301 246
phone 0.0057 141 142 181 201
phone 0.0057 97 174 132 230
phone 0.0057 240 255 298 266
phone 0.0057 23 0 53 16
phone 0.0057 116 0 145 16
phone 0.0057 254 0 284 31
phone 0.0057 346 0 399 11
phone 0.0057 85 0 115 47
phone 0.0057 52 174 85 230
phone 0.0057 269 0 299 16
phone 0.0057 236 190 270 245
phone 0.0057 131 0 161 47
phone 0.0057 0 0 40 77
phone 0.0057 0 0 53 11
phone 0.0057 7 81 38 138
phone 0.0056 1 0 90 97
phone 0.0056 346 234 377 266
phone 0.0056 315 249 346 266
phone 0.0056 100 0 130 47
phone 0.0056 131 0 161 16
phone 0.0056 345 0 399 43
phone 0.0056 239 0 269 31
phone 0.0056 316 218 345 266
phone 0.0056 116 0 145 47
phone 0.0056 223 0 253 31
phone 0.0056 0 130 54 182
phone 0.0056 51 97 86 154
phone 0.0056 84 253 146 266
phone 0.0056 148 44 204 114
phone 0.0056 146 0 176 16
phone 0.0056 193 0 222 16
phone 0.0056 208 0 238 16
phone 0.0056 177 0 207 16
phone 0.0056 162 0 192 16
phone 0.0056 36 127 70 185
phone 0.0055 53 253 115 266
phone 0.0055 39 223 99 266
phone 0.0055 0 234 41 266
phone 0.0055 251 189 285 245
phone 0.0055 39 34 68 93
phone 0.0055 299 238 362 266
phone 0.0055 0 0 23 1
phone 0.0055 0 0 22 16
phone 0.0055 297 51 332 107
phone 0.0055 23 18 53 78
phone 0.0055 364 262 399 266
phone 0.0055 0 9 53 57
phone 0.0055 328 82 363 137
phone 0.0055 85 18 115 78
phone 0.0054 284 265 315 266
phone 0.0054 300 265 330 266
phone 0.0054 330 253 393 266
phone 0.0054 114 253 177 266
phone 0.0054 8 0 38 16
phone 0.0054 54 18 84 78
phone 0.0054 22 253 85 266
phone 0.0054 70 18 99 78
phone 0.0054 331 265 361 266
phone 0.0053 66 143 101 199
phone 0.0053 0 95 23 154
phone 0.0053 223 248 253 266
phone 0.0053 51 128 86 184
phone 0.0053 346 265 377 266
phone 0.0053 224 45 283 113
phone 0.0053 360 255 399 266
phone 0.0053 254 249 284 266
phone 0.0053 376 0 399 17
phone 0.0053 53 237 116 266
phone 0.0053 67 113 101 168
phone 0.0052 376 0 399 1
phone 0.0052 315 265 346 266
phone 0.0052 0 0 22 47
phone 0.0052 171 157 212 216
phone 0.0052 115 249 146 266
phone 0.0052 239 248 268 266
phone 0.0052 101 256 159 266
phone 0.0052 7 237 69 266
phone 0.0052 192 265 223 266
phone 0.0052 82 143 116 199
phone 0.0052 208 264 238 266
phone 0.0051 315 0 346 1
phone 0.0051 330 0 361 1
phone 0.0051 330 249 361 266
phone 0.0051 300 0 331 1
phone 0.0051 99 238 162 266
phone 0.0051 362 218 392 266
phone 0.0051 22 203 54 263
phone 0.0051 284 0 315 1
phone 0.0051 300 249 330 266
phone 0.0051 146 265 176 266
phone 0.0051 268 254 331 266
phone 0.0051 269 0 300 1
phone 0.0051 165 185 195 212
phone 0.0051 84 0 115 1
phone 0.0051 69 0 100 1
phone 0.0051 203 159 241 215
phone 0.0051 100 0 131 1
phone 0.0051 253 0 284 1
phone 0.0050 192 0 223 1
phone 0.0050 376 264 399 266
phone 0.0050 238 0 269 1
phone 0.0050 131 249 161 266
phone 0.0050 176 0 208 1
phone 0.0050 207 0 238 1
phone 0.0050 115 0 146 1
phone 0.0050 223 0 254 1
phone 0.0050 161 0 192 1
phone 0.0050 53 0 85 1
phone 0.0050 130 0 161 1
phone 0.0050 145 254 208 266
phone 0.0050 146 0 177 1
phone 0.0050 269 265 299 266
phone 0.0050 115 265 146 266
phone 0.0050 118 45 174 113
