phone 0.9371 123 56 273 185
phone 0.1243 140 71 243 151
phone 0.0393 175 84 269 169
phone 0.0327 182 91 232 161
phone 0.0308 166 75 217 146
phone 0.0240 197 81 312 204
phone 0.0234 95 51 204 186
phone 0.0202 238 77 347 216
phone 0.0201 104 0 343 192
phone 0.0198 136 106 217 176
phone 0.0181 125 84 197 168
phone 0.0168 236 17 350 165
phone 0.0158 213 116 306 233
phone 0.0149 114 94 208 219
phone 0.0146 131 0 222 179
phone 0.0142 67 0 151 137
phone 0.0140 201 30 316 157
phone 0.0138 187 112 268 226
phone 0.0134 195 109 281 173
phone 0.0134 29 63 110 188
phone 0.0126 274 27 373 145
phone 0.0124 42 21 117 156
phone 0.0120 96 0 186 134
phone 0.0119 124 123 198 190
phone 0.0119 143 111 179 171
phone 0.0117 142 109 241 234
phone 0.0113 107 109 184 174
phone 0.0112 58 126 142 236
phone 0.0112 158 111 195 171
phone 0.0110 124 55 198 135
phone 0.0109 65 62 164 189
phone 0.0107 35 94 103 157
phone 0.0104 85 141 176 236
phone 0.0100 134 156 220 236
phone 0.0100 108 77 184 144
phone 0.0099 178 31 399 203
phone 0.0099 89 97 171 155
phone 0.0096 180 0 277 154
phone 0.0096 212 129 295 184
phone 0.0095 36 95 133 217
phone 0.0094 140 140 213 204
phone 0.0091 52 96 85 154
phone 0.0091 153 126 231 187
phone 0.0091 54 10 238 221
phone 0.0090 64 158 135 216
phone 0.0090 128 98 163 154
phone 0.0090 67 81 101 139
phone 0.0089 81 42 149 118
phone 0.0087 66 56 133 134
phone 0.0087 217 0 315 101
phone 0.0087 219 113 256 169
phone 0.0087 217 157 290 217
phone 0.0086 158 188 226 236
phone 0.0085 206 98 300 154
phone 0.0085 202 141 274 202
phone 0.0085 167 154 248 236
phone 0.0082 32 126 105 187
phone 0.0081 0 0 55 82
phone 0.0081 252 155 317 219
phone 0.0081 48 142 121 201
phone 0.0080 81 175 150 230
phone 0.0080 77 78 153 142
phone 0.0080 253 77 315 143
phone 0.0079 77 109 153 173
phone 0.0079 205 127 239 185
phone 0.0079 172 110 211 172
phone 0.0079 266 124 333 189
phone 0.0079 84 23 146 74
phone 0.0078 205 171 272 234
phone 0.0078 236 129 270 184
phone 0.0077 83 158 116 216
phone 0.0077 159 143 193 200
phone 0.0077 93 124 167 188
phone 0.0077 109 172 183 233
phone 0.0076 90 63 170 126
phone 0.0076 78 141 152 203
phone 0.0076 268 66 300 123
phone 0.0076 127 188 196 236
phone 0.0076 155 64 198 126
phone 0.0076 113 98 147 153
phone 0.0076 99 19 131 77
phone 0.0076 54 51 114 108
phone 0.0076 267 45 333 175
phone 0.0075 209 22 267 75
phone 0.0074 109 139 182 205
phone 0.0074 0 53 50 184
phone 0.0073 97 50 132 108
phone 0.0073 236 159 270 216
phone 0.0073 21 112 86 170
phone 0.0073 38 69 100 121
phone 0.0073 224 34 282 95
phone 0.0073 63 91 136 160
phone 0.0072 233 108 305 174
phone 0.0072 82 66 116 124
phone 0.0072 47 109 121 173
phone 0.0072 234 138 304 206
phone 0.0072 224 193 282 236
phone 0.0072 111 41 181 118
phone 0.0072 221 143 254 200
phone 0.0071 99 192 162 236
phone 0.0071 84 19 115 78
phone 0.0071 174 143 208 200
phone 0.0071 70 36 129 92
phone 0.0070 53 65 85 124
phone 0.0070 283 81 316 139
phone 0.0070 114 173 147 231
phone 0.0070 237 173 301 232
phone 0.0069 100 29 160 99
phone 0.0069 99 173 131 232
phone 0.0069 13 88 79 210
phone 0.0069 235 62 302 128
phone 0.0069 52 127 85 185
phone 0.0069 67 143 100 201
phone 0.0068 190 174 224 231
phone 0.0068 287 146 343 198
phone 0.0068 131 9 192 57
phone 0.0068 175 174 208 231
phone 0.0068 283 143 316 201
phone 0.0068 190 127 224 185
phone 0.0068 159 174 193 231
phone 0.0067 267 143 301 201
phone 0.0067 100 9 161 57
phone 0.0067 0 0 41 17
phone 0.0067 272 178 327 227
phone 0.0067 177 9 238 57
phone 0.0067 280 109 350 235
phone 0.0067 37 95 70 155
phone 0.0067 142 66 180 124
phone 0.0066 203 186 234 211
phone 0.0066 69 10 130 57
phone 0.0066 269 10 330 57
phone 0.0066 114 19 147 77
phone 0.0066 267 96 301 155
phone 0.0066 145 0 208 91
phone 0.0066 146 0 207 42
phone 0.0066 192 189 254 236
phone 0.0066 252 50 285 108
phone 0.0066 23 37 84 152
phone 0.0066 239 187 269 236
phone 0.0065 116 0 176 42
phone 0.0065 252 127 285 185
phone 0.0065 128 128 162 185
phone 0.0065 53 25 115 73
phone 0.0065 38 40 100 88
phone 0.0065 146 4 176 62
phone 0.0065 191 0 255 91
phone 0.0065 98 97 132 154
phone 0.0064 144 174 178 231
phone 0.0064 267 140 333 236
phone 0.0064 285 25 345 72
phone 0.0064 205 158 239 216
phone 0.0064 22 86 85 135
phone 0.0064 254 0 314 42
phone 0.0064 238 19 269 77
phone 0.0064 300 142 330 201
phone 0.0064 192 4 223 62
phone 0.0064 162 0 223 116
phone 0.0064 128 67 163 123
phone 0.0064 7 101 69 150
phone 0.0064 282 112 316 170
phone 0.0064 129 174 162 231
phone 0.0064 210 182 227 215
phone 0.0064 161 4 192 62
phone 0.0063 223 0 284 42
phone 0.0063 284 0 347 105
phone 0.0063 177 4 207 62
phone 0.0063 300 10 361 57
phone 0.0063 239 10 299 57
phone 0.0063 193 0 253 42
phone 0.0063 144 143 178 200
phone 0.0063 285 173 315 232
phone 0.0063 85 0 145 42
phone 0.0063 286 85 344 136
phone 0.0063 98 143 131 200
phone 0.0063 316 41 376 88
phone 0.0063 285 3 315 62
phone 0.0063 113 128 147 185
phone 0.0062 131 4 161 62
phone 0.0062 38 65 69 124
phone 0.0062 208 4 238 62
phone 0.0062 269 3 299 62
phone 0.0062 69 19 99 78
phone 0.0062 314 7 377 120
phone 0.0062 285 0 345 42
phone 0.0062 300 3 330 62
phone 0.0062 54 34 84 93
phone 0.0061 37 127 69 186
phone 0.0061 331 56 391 103
phone 0.0061 198 79 246 142
phone 0.0061 22 96 54 154
phone 0.0061 316 164 376 211
phone 0.0061 116 0 145 47
phone 0.0061 131 0 191 26
phone 0.0061 23 0 84 42
phone 0.0061 316 19 345 78
phone 0.0061 162 0 222 26
phone 0.0061 251 82 286 138
phone 0.0061 331 133 391 180
phone 0.0061 239 0 299 26
phone 0.0061 330 23 393 136
phone 0.0061 271 70 328 120
phone 0.0060 254 0 284 47
phone 0.0060 54 0 114 42
phone 0.0060 208 0 268 26
phone 0.0060 235 99 270 152
phone 0.0060 39 10 99 57
phone 0.0060 147 208 206 236
phone 0.0060 314 131 378 236
phone 0.0060 100 0 160 26
phone 0.0060 223 4 253 62
phone 0.0060 239 0 269 47
phone 0.0060 178 209 236 236
phone 0.0060 254 188 284 236
phone 0.0060 331 34 361 93
phone 0.0060 23 56 84 103
phone 0.0060 331 25 391 72
phone 0.0060 329 100 393 212
phone 0.0060 207 0 269 59
phone 0.0060 82 128 116 185
phone 0.0060 100 0 130 47
phone 0.0060 38 0 100 105
phone 0.0060 67 112 101 169
phone 0.0059 315 71 376 119
phone 0.0059 316 117 375 165
phone 0.0059 285 210 345 236
phone 0.0059 0 219 40 236
phone 0.0059 300 195 361 236
phone 0.0059 70 0 130 26
phone 0.0059 331 87 391 134
phone 0.0059 300 56 361 103
phone 0.0059 270 0 330 27
phone 0.0059 39 0 99 26
phone 0.0059 331 157 361 216
phone 0.0059 8 0 68 26
phone 0.0059 346 49 376 109
phone 0.0059 206 207 270 236
phone 0.0059 82 97 116 154
phone 0.0058 346 126 376 186
phone 0.0058 113 67 147 122
phone 0.0058 68 222 131 236
phone 0.0058 312 83 379 199
phone 0.0058 331 3 361 62
phone 0.0058 8 25 68 73
phone 0.0058 99 222 162 236
phone 0.0058 316 0 376 42
phone 0.0058 256 54 313 106
phone 0.0058 162 0 192 32
phone 0.0058 85 0 115 47
phone 0.0058 146 0 176 32
phone 0.0058 299 222 362 236
phone 0.0058 208 0 268 11
phone 0.0058 177 0 207 32
phone 0.0058 39 0 68 47
phone 0.0058 268 222 331 236
phone 0.0058 177 0 237 11
phone 0.0058 238 222 300 236
phone 0.0058 131 0 161 32
phone 0.0058 146 0 207 11
phone 0.0058 193 0 222 32
phone 0.0057 218 183 234 215
phone 0.0057 298 51 363 168
phone 0.0057 254 25 314 72
phone 0.0057 239 0 299 11
phone 0.0057 6 7 70 120
phone 0.0057 223 0 253 32
phone 0.0057 208 0 238 32
phone 0.0057 54 3 84 63
phone 0.0057 331 111 361 170
phone 0.0057 116 0 176 11
phone 0.0057 8 71 68 119
phone 0.0057 69 0 99 47
phone 0.0057 346 19 376 78
phone 0.0057 300 204 330 236
phone 0.0057 330 222 393 236
phone 0.0057 150 147 180 174
phone 0.0057 38 222 100 236
phone 0.0057 8 0 68 11
phone 0.0057 53 207 116 236
phone 0.0057 0 235 40 236
phone 0.0057 270 0 299 32
phone 0.0057 363 0 399 74
phone 0.0057 362 223 399 236
phone 0.0057 255 194 313 236
phone 0.0057 316 0 345 47
phone 0.0057 315 173 346 232
phone 0.0057 331 65 361 124
phone 0.0057 346 80 376 139
phone 0.0057 177 203 207 236
phone 0.0057 142 139 172 166
phone 0.0057 362 39 399 150
phone 0.0056 361 0 399 27
phone 0.0056 130 222 193 236
phone 0.0056 85 0 145 11
phone 0.0056 360 70 399 119
phone 0.0056 316 210 376 236
phone 0.0056 315 50 346 109
phone 0.0056 299 97 331 154
phone 0.0056 39 0 99 11
phone 0.0056 0 0 41 1
phone 0.0056 54 0 84 32
phone 0.0056 214 192 223 205
phone 0.0056 300 34 330 93
phone 0.0056 85 211 145 236
phone 0.0056 285 0 315 32
phone 0.0056 100 203 130 236
phone 0.0056 361 0 399 12
phone 0.0056 362 85 399 196
phone 0.0056 361 101 399 150
phone 0.0056 24 0 53 32
phone 0.0056 173 162 203 189
phone 0.0056 361 40 399 89
phone 0.0056 54 225 114 236
phone 0.0056 362 208 399 236
phone 0.0056 23 19 53 78
phone 0.0056 300 0 360 27
phone 0.0056 284 203 315 236
phone 0.0056 132 26 190 102
phone 0.0056 315 81 346 139
phone 0.0055 39 34 69 93
phone 0.0055 37 191 100 236
phone 0.0055 270 0 330 11
phone 0.0055 191 222 254 236
phone 0.0055 254 19 284 77
phone 0.0055 85 234 115 236
phone 0.0055 361 132 399 181
phone 0.0055 300 173 330 232
phone 0.0055 0 0 40 47
phone 0.0055 331 179 392 226
phone 0.0055 69 234 99 236
phone 0.0055 239 0 268 16
phone 0.0055 193 203 222 236
phone 0.0055 23 65 53 124
phone 0.0055 7 222 69 236
phone 0.0055 0 87 52 134
phone 0.0055 165 36 248 155
phone 0.0055 346 157 377 216
phone 0.0055 162 202 192 236
phone 0.0054 346 0 376 47
phone 0.0054 254 0 284 16
phone 0.0054 315 204 346 236
phone 0.0054 269 35 300 93
phone 0.0054 300 0 330 32
phone 0.0054 331 0 391 27
phone 0.0054 346 10 399 57
phone 0.0054 331 234 361 236
phone 0.0054 346 118 399 165
phone 0.0054 23 225 84 236
phone 0.0054 54 163 115 236
phone 0.0054 192 234 223 236
phone 0.0054 362 131 399 236
phone 0.0054 331 204 361 236
phone 0.0054 285 225 345 236
phone 0.0054 116 0 145 16
phone 0.0054 160 223 224 236
phone 0.0054 218 187 250 210
phone 0.0054 223 0 253 1
phone 0.0054 346 234 376 236
phone 0.0054 208 0 238 1
phone 0.0054 22 206 85 236
phone 0.0054 23 0 53 1
phone 0.0054 360 163 399 212
phone 0.0054 239 0 269 1
phone 0.0054 208 203 238 236
phone 0.0054 193 0 222 1
phone 0.0054 146 0 176 1
phone 0.0054 177 0 207 1
phone 0.0054 54 234 84 236
phone 0.0054 162 0 192 1
phone 0.0054 100 234 130 236
phone 0.0054 131 0 161 1
phone 0.0054 346 219 376 236
phone 0.0053 315 234 346 236
phone 0.0053 54 219 84 236
phone 0.0053 0 188 41 236
phone 0.0053 54 0 84 1
phone 0.0053 100 0 130 16
phone 0.0053 69 219 99 236
phone 0.0053 207 234 238 236
phone 0.0053 226 183 242 214
phone 0.0053 254 0 284 1
phone 0.0053 70 0 99 16
phone 0.0053 116 0 145 1
phone 0.0053 39 0 68 16
phone 0.0053 39 0 68 1
phone 0.0053 331 0 391 11
phone 0.0053 85 0 115 16
phone 0.0053 301 100 359 151
phone 0.0053 128 35 163 93
phone 0.0053 69 0 99 1
phone 0.0053 346 188 376 236
phone 0.0053 7 81 38 139
phone 0.0053 300 0 360 11
phone 0.0053 0 0 22 1
phone 0.0053 69 188 100 236
phone 0.0053 100 0 130 1
phone 0.0053 377 0 399 48
phone 0.0053 346 148 399 195
phone 0.0053 156 143 174 177
phone 0.0053 270 188 299 236
phone 0.0053 222 192 231 205
phone 0.0053 300 234 330 236
phone 0.0053 85 0 115 1
phone 0.0053 224 225 283 236
phone 0.0053 269 0 299 1
phone 0.0052 54 173 84 232
phone 0.0052 177 234 207 236
phone 0.0052 254 225 314 236
phone 0.0052 0 234 23 236
phone 0.0052 254 219 284 236
phone 0.0052 284 234 315 236
phone 0.0052 300 66 331 123
phone 0.0052 70 195 129 236
phone 0.0052 361 111 392 170
phone 0.0052 362 49 392 109
phone 0.0052 377 0 399 17
phone 0.0052 238 219 269 236
phone 0.0052 270 41 330 88
phone 0.0052 7 191 69 236
phone 0.0052 331 0 361 32
phone 0.0052 376 64 399 125
phone 0.0052 284 50 315 108
phone 0.0052 148 135 166 170
phone 0.0052 285 0 315 1
phone 0.0052 188 170 218 197
phone 0.0052 39 234 69 236
phone 0.0052 376 0 399 2
phone 0.0052 223 219 253 236
phone 0.0051 302 130 358 182
phone 0.0051 39 219 69 236
phone 0.0051 376 18 399 79
phone 0.0051 179 158 197 193
phone 0.0051 223 234 254 236
phone 0.0051 376 95 399 156
phone 0.0051 346 0 376 1
phone 0.0051 362 80 392 140
phone 0.0051 376 233 399 236
phone 0.0051 229 192 239 205
phone 0.0051 361 142 392 201
phone 0.0051 269 219 300 236
phone 0.0051 316 142 346 201
phone 0.0051 269 234 300 236
phone 0.0051 346 0 376 16
phone 0.0051 300 0 330 1
phone 0.0051 23 234 53 236
phone 0.0051 85 188 115 236
phone 0.0051 376 126 399 186
phone 0.0051 164 143 181 177
phone 0.0051 131 219 161 236
phone 0.0051 238 234 269 236
phone 0.0051 0 5 98 176
phone 0.0051 331 0 361 1
phone 0.0051 116 226 175 236
phone 0.0050 253 234 284 236
phone 0.0050 316 0 345 1
phone 0.0050 316 0 345 16
