phone 0.9411 29 82 177 282
phone 0.1446 48 143 139 301
phone 0.0962 83 123 197 260
phone 0.0743 3 128 91 286
phone 0.0697 127 156 182 259
phone 0.0541 0 106 68 247
phone 0.0432 44 54 143 237
phone 0.0385 123 127 187 227
phone 0.0373 11 184 84 261
phone 0.0347 97 152 183 232
phone 0.0332 117 141 223 272
phone 0.0325 89 72 190 219
phone 0.0320 1 171 63 274
phone 0.0300 61 191 126 286
phone 0.0291 11 134 83 219
phone 0.0261 40 179 117 266
phone 0.0252 131 94 250 248
phone 0.0247 100 190 179 256
phone 0.0246 1 66 93 224
phone 0.0237 11 157 53 226
phone 0.0215 0 183 128 292
phone 0.0210 66 186 151 260
phone 0.0201 76 200 186 299
phone 0.0198 28 191 67 254
phone 0.0192 37 123 120 231
phone 0.0190 106 37 218 187
phone 0.0181 102 104 177 188
phone 0.0181 69 171 118 243
phone 0.0177 130 172 211 243
phone 0.0176 133 144 177 209
phone 0.0164 0 124 50 198
phone 0.0164 0 64 135 327
phone 0.0158 120 176 159 238
phone 0.0154 26 160 68 224
phone 0.0153 164 116 264 282
phone 0.0153 21 64 129 170
phone 0.0149 73 205 114 271
phone 0.0147 119 173 192 303
phone 0.0146 0 162 33 221
phone 0.0143 60 208 96 268
phone 0.0140 124 202 217 334
phone 0.0139 0 204 94 332
phone 0.0139 44 214 112 293
phone 0.0137 3 94 61 166
phone 0.0134 122 92 188 168
phone 0.0133 74 177 174 238
phone 0.0133 10 223 85 284
phone 0.0132 32 21 116 141
phone 0.0132 15 212 110 264
phone 0.0132 133 122 208 200
phone 0.0131 58 204 159 333
phone 0.0131 55 96 132 196
phone 0.0130 0 125 22 274
phone 0.0125 0 11 87 144
phone 0.0121 0 116 34 175
phone 0.0121 170 65 264 214
phone 0.0121 59 75 250 318
phone 0.0120 153 194 188 251
phone 0.0119 132 209 209 267
phone 0.0119 12 106 83 185
phone 0.0118 13 116 50 175
phone 0.0116 16 237 109 361
phone 0.0116 118 130 161 192
phone 0.0114 63 145 154 239
phone 0.0114 12 205 52 270
phone 0.0113 16 170 110 245
phone 0.0111 131 178 241 297
phone 0.0110 0 185 50 332
phone 0.0107 89 193 128 252
phone 0.0107 199 109 264 228
phone 0.0106 0 85 22 193
phone 0.0106 67 140 120 213
phone 0.0105 30 225 64 282
phone 0.0105 136 206 174 270
phone 0.0104 0 193 33 251
phone 0.0102 30 101 65 160
phone 0.0102 82 39 167 191
phone 0.0101 134 240 207 298
phone 0.0101 70 222 148 284
phone 0.0101 111 237 200 361
phone 0.0097 62 19 143 146
phone 0.0096 47 31 110 198
phone 0.0095 45 212 79 264
phone 0.0094 12 271 83 328
phone 0.0094 142 86 199 144
phone 0.0093 0 199 12 325
phone 0.0092 108 81 171 149
phone 0.0092 22 241 104 296
phone 0.0091 27 131 67 191
phone 0.0091 70 255 148 313
phone 0.0091 137 101 173 160
phone 0.0090 94 18 176 143
phone 0.0090 171 183 232 261
phone 0.0090 184 209 262 313
phone 0.0089 138 270 203 329
phone 0.0088 0 256 53 312
phone 0.0087 120 101 159 160
phone 0.0086 0 86 36 256
phone 0.0086 153 256 187 312
phone 0.0085 122 208 157 267
phone 0.0084 153 225 187 282
phone 0.0084 124 13 208 143
phone 0.0084 180 177 254 238
phone 0.0083 128 144 159 170
phone 0.0083 172 215 231 292
phone 0.0082 152 62 220 198
phone 0.0081 55 253 133 376
phone 0.0081 31 270 64 328
phone 0.0080 81 211 168 265
phone 0.0080 150 163 190 221
phone 0.0079 167 157 236 226
phone 0.0079 157 9 237 144
phone 0.0079 85 240 164 298
phone 0.0079 91 225 126 281
phone 0.0079 18 87 76 143
phone 0.0079 180 143 253 209
phone 0.0078 83 253 166 376
phone 0.0078 32 289 94 340
phone 0.0078 151 132 189 190
phone 0.0077 76 286 142 343
phone 0.0076 167 126 235 196
phone 0.0076 104 267 176 332
phone 0.0076 210 178 264 278
phone 0.0075 135 140 152 174
phone 0.0075 45 241 79 296
phone 0.0075 191 10 263 143
phone 0.0075 105 180 143 235
phone 0.0075 92 271 125 328
phone 0.0075 0 131 17 190
phone 0.0074 147 142 225 211
phone 0.0074 157 98 214 162
phone 0.0074 189 117 245 175
phone 0.0074 48 71 108 128
phone 0.0074 200 194 233 251
phone 0.0073 204 212 260 264
phone 0.0073 0 239 33 298
phone 0.0073 184 192 218 252
phone 0.0073 120 251 191 318
phone 0.0072 0 33 60 186
phone 0.0072 54 158 103 225
phone 0.0071 107 226 141 281
phone 0.0071 41 268 115 331
phone 0.0069 96 69 152 130
phone 0.0069 217 208 247 267
phone 0.0069 128 159 159 186
phone 0.0069 48 284 78 345
phone 0.0068 76 239 111 298
phone 0.0067 63 60 124 108
phone 0.0067 124 287 186 343
phone 0.0067 0 7 216 217
phone 0.0067 39 264 99 380
phone 0.0067 16 269 48 329
phone 0.0066 126 74 185 125
phone 0.0066 136 167 166 193
phone 0.0066 216 132 248 190
phone 0.0066 0 159 26 371
phone 0.0066 199 132 233 189
phone 0.0066 186 101 217 159
phone 0.0066 139 151 148 163
phone 0.0065 0 131 1 191
phone 0.0065 0 245 17 292
phone 0.0065 184 163 218 221
phone 0.0065 0 88 46 142
phone 0.0064 187 291 247 338
phone 0.0064 170 273 233 386
phone 0.0064 151 237 221 361
phone 0.0064 169 240 202 297
phone 0.0064 79 55 109 113
phone 0.0064 63 54 93 113
phone 0.0064 172 307 231 354
phone 0.0064 169 210 202 265
phone 0.0064 212 42 264 171
phone 0.0064 215 163 249 220
phone 0.0064 184 132 218 190
phone 0.0064 0 238 1 299
phone 0.0063 185 259 249 370
phone 0.0063 123 271 156 328
phone 0.0063 1 75 63 124
phone 0.0063 0 165 1 279
phone 0.0063 188 226 246 280
phone 0.0063 0 0 31 30
phone 0.0063 140 70 171 128
phone 0.0063 139 159 148 171
phone 0.0063 0 199 2 246
phone 0.0063 135 156 152 189
phone 0.0062 94 55 124 113
phone 0.0062 0 214 2 261
phone 0.0062 263 367 264 399
phone 0.0062 0 42 33 157
phone 0.0062 262 332 264 399
phone 0.0062 202 285 232 344
phone 0.0062 32 60 93 108
phone 0.0062 217 91 264 139
phone 0.0062 0 0 47 64
phone 0.0062 15 240 49 297
phone 0.0062 142 163 160 197
phone 0.0062 79 0 139 30
phone 0.0062 33 0 92 30
phone 0.0062 156 322 216 369
phone 0.0061 202 276 262 323
phone 0.0061 76 271 110 328
phone 0.0061 186 300 217 359
phone 0.0061 63 0 124 64
phone 0.0061 17 0 78 64
phone 0.0061 0 106 17 154
phone 0.0061 94 0 155 64
phone 0.0061 156 70 186 128
phone 0.0061 0 21 21 133
phone 0.0061 110 0 169 30
phone 0.0061 0 0 0 30
phone 0.0061 202 367 263 399
phone 0.0061 156 285 186 345
phone 0.0061 200 243 264 355
phone 0.0061 107 271 141 327
phone 0.0061 139 288 202 399
phone 0.0061 248 76 264 123
phone 0.0061 17 70 48 128
phone 0.0061 202 101 232 159
phone 0.0061 0 0 16 37
phone 0.0060 187 337 247 385
phone 0.0060 0 0 1 64
phone 0.0060 0 75 16 123
phone 0.0060 0 332 18 399
phone 0.0060 0 367 16 399
phone 0.0060 0 179 18 296
phone 0.0060 138 255 172 313
phone 0.0060 199 163 233 220
phone 0.0060 216 332 264 399
phone 0.0060 248 107 264 154
phone 0.0060 37 0 109 96
phone 0.0060 0 60 32 108
phone 0.0060 247 42 264 156
phone 0.0060 0 332 2 399
phone 0.0060 157 290 214 339
phone 0.0060 61 240 95 297
phone 0.0060 0 367 1 399
phone 0.0060 0 243 32 355
phone 0.0060 124 0 186 64
phone 0.0060 140 285 171 345
phone 0.0060 217 60 264 108
phone 0.0060 141 0 200 30
phone 0.0059 217 270 247 329
phone 0.0059 0 230 2 277
phone 0.0059 217 261 264 307
phone 0.0059 0 276 32 322
phone 0.0059 61 271 95 328
phone 0.0059 95 0 124 37
phone 0.0059 216 363 248 399
phone 0.0059 48 54 78 113
phone 0.0059 187 0 246 30
phone 0.0059 49 0 78 37
phone 0.0059 79 0 108 37
phone 0.0059 33 0 62 37
phone 0.0059 18 0 47 37
phone 0.0059 64 0 93 37
phone 0.0059 110 0 139 37
phone 0.0059 231 73 264 187
phone 0.0059 172 91 231 139
phone 0.0059 218 121 264 170
phone 0.0059 170 332 233 399
phone 0.0059 232 27 264 141
phone 0.0059 218 0 264 30
phone 0.0059 0 367 47 399
phone 0.0059 171 316 201 375
phone 0.0059 248 367 264 399
phone 0.0059 201 0 263 64
phone 0.0059 155 0 217 64
phone 0.0058 125 0 155 37
phone 0.0058 109 55 140 113
phone 0.0058 232 363 263 399
phone 0.0058 233 245 264 292
phone 0.0058 201 363 233 399
phone 0.0058 109 60 170 108
phone 0.0058 0 0 1 37
phone 0.0058 122 240 156 297
phone 0.0058 2 337 62 385
phone 0.0058 0 101 1 159
phone 0.0058 187 29 247 77
phone 0.0058 173 257 229 311
phone 0.0058 108 304 171 399
phone 0.0058 60 84 96 145
phone 0.0058 202 239 232 298
phone 0.0058 155 367 217 399
phone 0.0058 248 261 264 308
phone 0.0058 231 212 264 324
phone 0.0058 141 0 170 37
phone 0.0058 202 331 232 390
phone 0.0058 263 70 264 129
phone 0.0058 263 85 264 144
phone 0.0058 203 244 261 293
phone 0.0058 48 45 108 93
phone 0.0058 135 84 167 107
phone 0.0058 0 269 17 329
phone 0.0057 0 70 1 129
phone 0.0057 202 75 262 123
phone 0.0057 248 45 264 93
phone 0.0057 156 29 216 77
phone 0.0057 171 285 201 345
phone 0.0057 246 227 264 340
phone 0.0057 249 214 264 261
phone 0.0057 186 363 217 399
phone 0.0057 262 73 264 187
phone 0.0057 156 0 185 37
phone 0.0057 249 0 264 30
phone 0.0057 202 45 262 93
phone 0.0057 263 100 264 159
phone 0.0057 168 180 203 234
phone 0.0057 18 45 77 93
phone 0.0057 125 29 185 77
phone 0.0057 0 304 48 399
phone 0.0057 248 337 264 385
phone 0.0057 263 363 264 399
phone 0.0057 217 29 264 77
phone 0.0057 186 331 217 390
phone 0.0057 17 367 78 399
phone 0.0057 202 322 262 369
phone 0.0057 185 238 217 299
phone 0.0057 34 80 91 150
phone 0.0057 247 0 264 64
phone 0.0057 202 0 232 37
phone 0.0057 0 337 1 385
phone 0.0057 79 45 139 93
phone 0.0057 217 239 247 298
phone 0.0057 219 196 264 248
phone 0.0057 172 0 201 37
phone 0.0057 246 181 264 294
phone 0.0057 0 168 2 215
phone 0.0057 232 178 263 236
phone 0.0056 141 45 200 93
phone 0.0056 124 332 187 399
phone 0.0056 187 0 216 37
phone 0.0056 0 42 2 156
phone 0.0056 170 363 202 399
phone 0.0056 31 332 95 399
phone 0.0056 263 54 264 113
phone 0.0056 141 337 201 385
phone 0.0056 216 0 264 110
phone 0.0056 202 106 262 154
phone 0.0056 42 147 83 206
phone 0.0056 16 304 79 399
phone 0.0056 48 367 109 399
phone 0.0056 62 332 126 399
phone 0.0056 109 367 171 399
phone 0.0056 262 27 264 141
phone 0.0056 78 367 140 399
phone 0.0056 93 332 156 399
phone 0.0056 233 137 264 185
phone 0.0056 247 88 264 202
phone 0.0056 155 316 186 375
phone 0.0056 171 45 231 93
phone 0.0056 0 322 16 370
phone 0.0056 155 363 186 399
phone 0.0056 263 239 264 298
phone 0.0056 0 353 32 399
phone 0.0056 42 178 83 236
phone 0.0056 17 331 47 390
phone 0.0055 231 304 264 399
phone 0.0055 125 55 155 113
phone 0.0055 94 29 154 77
phone 0.0055 136 151 166 178
phone 0.0055 263 0 264 64
phone 0.0055 156 76 216 123
phone 0.0055 32 363 63 399
phone 0.0055 187 60 247 108
phone 0.0055 202 23 232 82
phone 0.0055 263 208 264 267
phone 0.0055 0 45 47 93
phone 0.0055 140 363 171 399
phone 0.0055 232 270 263 328
phone 0.0055 187 23 216 83
phone 0.0055 47 363 79 399
phone 0.0055 0 213 17 262
phone 0.0055 0 306 1 354
phone 0.0055 218 69 247 129
phone 0.0055 63 363 94 399
phone 0.0055 217 292 264 338
phone 0.0055 78 363 109 399
phone 0.0055 171 23 201 83
phone 0.0054 124 363 156 399
phone 0.0054 263 39 264 98
phone 0.0054 0 288 2 399
phone 0.0054 32 331 63 390
phone 0.0054 217 316 247 375
phone 0.0054 93 363 125 399
phone 0.0054 248 291 264 338
phone 0.0054 109 363 140 399
phone 0.0054 139 166 148 179
phone 0.0054 217 39 247 98
phone 0.0054 0 212 2 324
phone 0.0054 263 270 264 328
phone 0.0054 2 29 62 77
phone 0.0054 156 23 186 82
phone 0.0054 263 353 264 399
phone 0.0054 263 331 264 390
phone 0.0054 141 23 170 82
phone 0.0054 33 39 62 98
phone 0.0054 0 45 1 93
phone 0.0054 187 269 217 329
phone 0.0054 263 116 264 175
phone 0.0054 247 289 264 399
phone 0.0054 64 29 124 77
phone 0.0054 78 305 141 399
phone 0.0054 33 29 93 77
phone 0.0054 0 269 1 329
phone 0.0054 263 322 264 369
phone 0.0054 108 0 172 95
phone 0.0054 171 14 231 62
phone 0.0054 47 304 110 399
phone 0.0054 125 23 155 82
phone 0.0054 0 45 16 93
phone 0.0053 0 153 2 200
phone 0.0053 140 331 171 390
phone 0.0053 124 331 155 390
phone 0.0053 217 101 247 159
phone 0.0053 141 14 200 62
phone 0.0053 262 212 264 325
phone 0.0053 0 0 2 95
phone 0.0053 216 274 264 386
phone 0.0053 0 315 1 375
phone 0.0053 32 70 63 128
phone 0.0053 143 80 160 111
phone 0.0053 48 331 78 390
phone 0.0053 263 276 264 323
phone 0.0053 109 331 140 390
phone 0.0053 167 132 203 189
phone 0.0053 262 166 264 279
phone 0.0053 262 119 264 233
phone 0.0053 146 174 156 186
phone 0.0053 0 182 17 232
phone 0.0053 94 331 124 390
phone 0.0053 78 331 109 390
phone 0.0053 110 23 139 82
phone 0.0053 0 0 33 110
phone 0.0053 202 54 232 113
phone 0.0052 263 307 264 354
phone 0.0052 70 114 116 178
phone 0.0052 171 70 201 128
phone 0.0052 233 14 264 62
phone 0.0052 63 331 94 390
phone 0.0052 249 153 264 200
phone 0.0052 263 291 264 338
phone 0.0052 187 54 216 113
phone 0.0052 94 23 124 82
phone 0.0052 263 316 264 375
phone 0.0052 262 273 264 386
phone 0.0052 262 0 264 95
phone 0.0052 0 273 18 387
phone 0.0052 79 14 139 62
phone 0.0052 17 23 47 82
phone 0.0051 126 322 184 369
phone 0.0051 263 301 264 359
phone 0.0051 65 322 123 368
phone 0.0051 79 23 109 82
phone 0.0051 48 23 78 82
phone 0.0051 142 306 199 354
phone 0.0051 232 208 263 267
phone 0.0051 48 14 108 62
phone 0.0051 64 23 93 82
phone 0.0051 142 148 160 182
phone 0.0051 136 276 167 300
phone 0.0051 249 183 264 231
phone 0.0051 147 89 156 102
phone 0.0050 263 147 264 205
phone 0.0050 246 134 264 249
phone 0.0050 51 99 82 124
phone 0.0050 18 307 77 353
