phone 0.9115 108 12 250 197
phone 0.0680 78 50 182 200
phone 0.0440 154 24 286 179
phone 0.0356 51 35 148 185
phone 0.0339 186 21 396 180
phone 0.0317 13 24 210 233
phone 0.0262 60 87 161 218
phone 0.0260 131 42 222 148
phone 0.0253 96 0 195 141
phone 0.0251 18 54 118 196
phone 0.0238 150 99 241 204
phone 0.0234 92 66 168 155
phone 0.0217 103 83 188 168
phone 0.0195 126 0 271 131
phone 0.0188 63 81 135 170
phone 0.0186 97 106 194 236
phone 0.0184 82 131 147 212
phone 0.0181 107 120 185 193
phone 0.0164 5 22 101 167
phone 0.0164 200 61 317 195
phone 0.0161 30 109 137 233
phone 0.0160 139 119 214 193
phone 0.0155 17 7 143 143
phone 0.0147 114 106 208 176
phone 0.0144 30 88 107 163
phone 0.0140 61 119 138 193
phone 0.0140 55 171 144 266
phone 0.0134 87 137 174 266
phone 0.0132 159 123 256 250
phone 0.0131 78 51 151 139
phone 0.0131 17 73 89 147
phone 0.0130 33 121 104 191
phone 0.0125 0 0 56 110
phone 0.0124 182 110 293 232
phone 0.0123 161 80 253 172
phone 0.0123 96 141 133 202
phone 0.0118 46 70 122 150
phone 0.0118 43 106 125 176
phone 0.0116 0 77 85 204
phone 0.0116 348 42 399 178
phone 0.0115 282 0 374 92
phone 0.0114 27 140 111 264
phone 0.0113 167 140 247 203
phone 0.0113 17 103 89 178
phone 0.0112 185 0 337 130
phone 0.0111 96 166 165 238
phone 0.0111 108 22 183 106
phone 0.0111 195 90 281 161
phone 0.0110 43 142 125 201
phone 0.0110 93 94 136 157
phone 0.0109 66 0 164 120
phone 0.0108 347 0 399 117
phone 0.0108 295 1 399 147
phone 0.0107 127 168 226 266
phone 0.0107 117 145 205 198
phone 0.0106 174 141 209 201
phone 0.0106 226 32 341 156
phone 0.0106 101 184 191 266
phone 0.0105 126 126 164 186
phone 0.0104 158 127 194 185
phone 0.0104 49 189 120 246
phone 0.0104 353 86 399 225
phone 0.0104 236 140 332 264
phone 0.0104 118 133 224 235
phone 0.0104 109 79 152 141
phone 0.0103 265 62 375 201
phone 0.0102 101 0 183 72
phone 0.0100 286 105 375 237
phone 0.0100 30 60 107 129
phone 0.0100 57 158 142 216
phone 0.0099 191 156 286 266
phone 0.0098 358 74 399 146
phone 0.0098 110 153 181 220
phone 0.0098 39 0 122 102
phone 0.0098 51 127 86 185
phone 0.0097 359 104 399 177
phone 0.0097 64 41 135 117
phone 0.0097 313 63 399 187
phone 0.0096 0 263 40 266
phone 0.0096 0 0 39 0
phone 0.0096 159 149 225 224
phone 0.0095 266 0 334 85
phone 0.0095 125 4 197 93
phone 0.0095 0 45 58 174
phone 0.0095 35 96 71 154
phone 0.0094 112 158 148 216
phone 0.0094 34 171 104 233
phone 0.0093 79 79 119 141
phone 0.0093 124 94 167 156
phone 0.0093 143 129 178 183
phone 0.0092 214 74 292 146
phone 0.0091 250 92 349 220
phone 0.0091 0 105 53 237
phone 0.0091 18 156 89 218
phone 0.0090 81 127 118 185
phone 0.0089 83 204 116 262
phone 0.0089 180 126 265 186
phone 0.0089 50 96 87 154
phone 0.0089 124 173 199 232
phone 0.0088 78 28 151 100
phone 0.0087 21 27 85 101
phone 0.0087 80 219 150 266
phone 0.0086 3 57 72 132
phone 0.0086 218 106 289 176
phone 0.0085 77 186 153 249
phone 0.0085 192 0 276 86
phone 0.0085 70 43 272 266
phone 0.0085 190 143 224 199
phone 0.0084 197 143 279 200
phone 0.0083 66 129 101 183
phone 0.0083 263 171 336 233
phone 0.0083 361 136 399 206
phone 0.0082 171 170 243 235
phone 0.0082 341 92 399 158
phone 0.0082 234 0 304 85
phone 0.0082 173 202 242 264
phone 0.0081 347 0 399 50
phone 0.0081 340 61 399 128
phone 0.0081 21 97 55 154
phone 0.0081 67 158 101 215
phone 0.0081 296 139 365 204
phone 0.0081 153 92 200 158
phone 0.0080 285 0 345 28
phone 0.0080 184 156 261 218
phone 0.0080 1 124 76 188
phone 0.0080 283 0 316 47
phone 0.0079 113 189 147 246
phone 0.0079 127 216 196 266
phone 0.0079 97 173 132 231
phone 0.0079 344 123 399 189
phone 0.0078 217 187 290 248
phone 0.0078 82 159 116 214
phone 0.0078 52 173 85 231
phone 0.0078 374 96 399 154
phone 0.0077 68 0 131 68
phone 0.0077 310 125 382 187
phone 0.0077 315 0 377 62
phone 0.0077 128 158 163 215
phone 0.0077 316 0 376 28
phone 0.0076 235 121 302 191
phone 0.0076 270 16 361 141
phone 0.0076 280 154 350 220
phone 0.0076 37 158 70 216
phone 0.0076 194 53 282 137
phone 0.0076 315 0 346 31
phone 0.0075 201 171 275 234
phone 0.0075 254 0 316 64
phone 0.0075 293 79 367 141
phone 0.0075 0 161 54 212
phone 0.0075 223 0 284 28
phone 0.0074 325 109 397 172
phone 0.0074 295 108 366 173
phone 0.0074 184 187 261 248
phone 0.0074 374 66 399 123
phone 0.0074 2 0 92 71
phone 0.0074 223 0 285 62
phone 0.0074 36 35 70 92
phone 0.0074 247 155 321 219
phone 0.0074 374 127 399 185
phone 0.0074 35 66 71 123
phone 0.0074 255 0 314 29
phone 0.0074 245 111 324 170
phone 0.0074 243 81 325 139
phone 0.0074 144 159 178 215
phone 0.0073 298 0 332 47
phone 0.0073 36 128 70 184
phone 0.0073 236 97 270 154
phone 0.0073 345 0 377 31
phone 0.0072 65 97 103 154
phone 0.0072 267 0 301 46
phone 0.0072 292 48 369 110
phone 0.0072 308 95 383 156
phone 0.0071 73 0 144 37
phone 0.0071 361 0 392 31
phone 0.0071 228 95 309 155
phone 0.0071 150 60 203 130
phone 0.0071 148 0 205 48
phone 0.0071 67 19 101 77
phone 0.0071 374 35 399 92
phone 0.0071 238 0 269 31
phone 0.0071 108 109 152 172
phone 0.0071 51 35 86 92
phone 0.0071 159 0 245 82
phone 0.0071 190 204 223 262
phone 0.0071 280 122 350 190
phone 0.0070 50 67 86 122
phone 0.0070 68 203 100 263
phone 0.0070 0 45 42 113
phone 0.0069 223 0 254 31
phone 0.0069 98 204 131 261
phone 0.0069 279 93 351 157
phone 0.0069 232 170 306 235
phone 0.0069 94 64 135 125
phone 0.0069 23 178 84 266
phone 0.0069 314 175 377 266
phone 0.0069 282 174 316 230
phone 0.0068 190 173 224 231
phone 0.0068 308 63 384 126
phone 0.0068 99 236 162 266
phone 0.0068 313 143 347 200
phone 0.0068 329 143 362 200
phone 0.0067 0 0 41 32
phone 0.0067 300 0 361 11
phone 0.0067 65 65 103 124
phone 0.0067 0 140 43 202
phone 0.0067 221 144 255 199
phone 0.0067 261 140 338 203
phone 0.0067 240 52 328 107
phone 0.0067 329 0 363 47
phone 0.0067 38 0 100 42
phone 0.0067 324 31 398 96
phone 0.0066 252 188 317 247
phone 0.0066 217 153 290 220
phone 0.0066 374 0 399 47
phone 0.0066 81 50 117 108
phone 0.0066 267 174 301 230
phone 0.0066 39 225 99 266
phone 0.0066 144 189 178 246
phone 0.0066 128 204 162 261
phone 0.0066 0 110 45 171
phone 0.0066 219 97 256 153
phone 0.0066 38 203 69 263
phone 0.0066 54 218 84 266
phone 0.0066 280 30 350 98
phone 0.0066 236 189 270 246
phone 0.0066 269 0 330 11
phone 0.0065 359 51 393 107
phone 0.0065 20 65 55 123
phone 0.0065 261 63 338 126
phone 0.0065 21 127 54 184
phone 0.0065 0 79 45 141
phone 0.0065 127 19 164 78
phone 0.0065 332 161 390 212
phone 0.0065 205 129 240 183
phone 0.0065 111 16 142 42
phone 0.0065 100 0 161 27
phone 0.0065 192 0 253 27
phone 0.0065 331 0 392 11
phone 0.0065 131 0 192 27
phone 0.0064 242 20 326 77
phone 0.0064 206 205 270 261
phone 0.0064 221 189 254 246
phone 0.0064 226 63 311 126
phone 0.0064 252 127 285 185
phone 0.0064 149 249 181 266
phone 0.0064 97 4 132 61
phone 0.0064 205 159 239 215
phone 0.0064 159 205 193 261
phone 0.0063 118 13 135 45
phone 0.0063 300 0 330 16
phone 0.0063 52 3 85 62
phone 0.0063 0 22 53 74
phone 0.0063 251 0 286 46
phone 0.0063 331 0 361 16
phone 0.0063 362 175 399 229
phone 0.0063 97 35 132 92
phone 0.0063 160 254 170 266
phone 0.0063 157 245 173 266
phone 0.0063 298 158 332 215
phone 0.0063 238 207 300 266
phone 0.0063 285 0 315 16
phone 0.0063 87 221 104 252
phone 0.0063 54 208 115 266
phone 0.0062 80 224 111 249
phone 0.0062 236 127 270 184
phone 0.0062 344 112 378 169
phone 0.0062 313 112 347 169
phone 0.0062 313 81 347 138
phone 0.0062 68 0 100 46
phone 0.0062 146 0 177 31
phone 0.0062 328 112 362 169
phone 0.0062 238 0 299 11
phone 0.0062 284 191 346 266
phone 0.0062 115 0 146 31
phone 0.0062 193 0 253 11
phone 0.0061 269 0 299 16
phone 0.0061 131 0 161 31
phone 0.0061 208 0 238 31
phone 0.0061 329 124 394 249
phone 0.0061 54 241 114 266
phone 0.0061 162 0 222 11
phone 0.0061 159 159 193 215
phone 0.0061 331 203 361 262
phone 0.0061 69 234 99 266
phone 0.0061 359 20 393 76
phone 0.0061 176 0 238 43
phone 0.0060 148 239 205 266
phone 0.0060 23 3 53 62
phone 0.0060 7 0 70 29
phone 0.0060 160 0 224 29
phone 0.0060 267 128 301 184
phone 0.0060 346 157 376 217
phone 0.0060 100 0 160 11
phone 0.0060 115 233 146 266
phone 0.0060 194 224 251 266
phone 0.0060 205 189 239 246
phone 0.0060 207 0 269 43
phone 0.0060 131 0 191 11
phone 0.0060 38 3 69 62
phone 0.0060 100 0 130 31
phone 0.0060 298 112 332 169
phone 0.0060 239 240 298 266
phone 0.0060 6 127 39 184
phone 0.0059 149 244 165 266
phone 0.0059 161 0 192 31
phone 0.0059 53 0 116 29
phone 0.0059 85 0 115 31
phone 0.0059 254 0 284 16
phone 0.0059 70 0 130 11
phone 0.0059 344 81 378 138
phone 0.0059 175 204 208 261
phone 0.0059 301 224 360 266
phone 0.0059 313 51 347 107
phone 0.0058 5 96 39 154
phone 0.0058 193 0 222 16
phone 0.0058 170 110 213 172
phone 0.0058 138 78 184 142
phone 0.0058 177 0 207 16
phone 0.0058 23 255 84 266
phone 0.0058 267 97 301 153
phone 0.0058 112 4 148 62
phone 0.0058 160 221 224 266
phone 0.0058 39 0 99 11
phone 0.0058 8 0 68 11
phone 0.0057 24 240 83 266
phone 0.0057 254 234 284 266
phone 0.0057 315 237 377 266
phone 0.0057 0 234 40 266
phone 0.0057 21 34 55 93
phone 0.0057 268 237 331 266
phone 0.0057 82 19 117 77
phone 0.0057 361 0 399 12
phone 0.0057 362 192 399 266
phone 0.0057 254 202 284 263
phone 0.0057 139 33 182 94
phone 0.0057 328 81 362 138
phone 0.0056 211 42 295 117
phone 0.0056 300 219 330 266
phone 0.0056 251 174 285 230
phone 0.0056 282 112 316 169
phone 0.0056 315 253 377 266
phone 0.0056 362 238 399 266
phone 0.0056 122 23 131 35
phone 0.0056 70 0 99 16
phone 0.0056 152 253 162 266
phone 0.0056 376 156 399 217
phone 0.0056 284 253 346 266
phone 0.0056 100 233 130 266
phone 0.0056 376 0 399 1
phone 0.0056 8 225 68 266
phone 0.0056 300 187 330 248
phone 0.0056 54 0 84 31
phone 0.0056 0 19 23 77
phone 0.0056 134 247 165 266
phone 0.0056 253 253 315 266
phone 0.0056 236 158 270 215
phone 0.0056 193 255 252 266
phone 0.0056 364 262 399 266
phone 0.0056 222 222 285 266
phone 0.0055 315 219 346 266
phone 0.0055 146 233 176 266
phone 0.0055 91 231 100 243
phone 0.0055 162 233 192 266
phone 0.0055 298 19 332 77
phone 0.0055 39 249 69 266
phone 0.0055 126 256 158 266
phone 0.0055 266 67 301 122
phone 0.0055 331 209 391 257
phone 0.0055 298 81 332 138
phone 0.0055 141 244 158 266
phone 0.0055 134 253 150 266
phone 0.0055 346 264 376 266
phone 0.0055 8 194 68 240
phone 0.0055 331 265 361 266
phone 0.0055 282 82 316 138
phone 0.0055 285 265 315 266
phone 0.0055 0 0 36 11
phone 0.0055 24 0 53 16
phone 0.0055 86 256 144 266
phone 0.0055 208 218 238 266
phone 0.0055 130 233 161 266
phone 0.0055 344 51 378 107
phone 0.0055 23 188 53 247
phone 0.0055 270 264 299 266
phone 0.0055 300 265 330 266
phone 0.0055 23 265 53 266
phone 0.0055 39 264 69 266
phone 0.0055 316 265 345 266
phone 0.0055 253 222 316 266
phone 0.0055 282 143 316 199
phone 0.0054 39 0 68 16
phone 0.0054 0 0 23 1
phone 0.0054 175 173 209 231
phone 0.0054 328 51 362 107
phone 0.0054 376 0 399 16
phone 0.0054 254 264 284 266
phone 0.0054 302 193 358 242
phone 0.0054 54 264 84 266
phone 0.0054 315 0 346 1
phone 0.0054 251 97 286 153
phone 0.0054 360 255 399 266
phone 0.0054 142 4 180 62
phone 0.0054 376 187 399 247
phone 0.0054 238 234 269 266
phone 0.0054 23 234 53 266
phone 0.0054 222 253 285 266
phone 0.0054 54 249 84 266
phone 0.0054 330 0 361 1
phone 0.0054 0 251 68 266
phone 0.0054 346 188 376 247
phone 0.0054 298 50 332 108
phone 0.0054 271 209 328 256
phone 0.0054 269 234 300 266
phone 0.0053 299 0 331 1
phone 0.0053 282 20 316 77
phone 0.0053 99 15 108 28
phone 0.0053 0 0 22 16
phone 0.0053 300 249 330 266
phone 0.0053 85 249 115 266
phone 0.0053 285 249 315 266
phone 0.0053 137 261 147 266
phone 0.0053 316 249 345 266
phone 0.0053 331 249 361 266
phone 0.0053 313 20 347 77
phone 0.0053 6 8 16 20
phone 0.0053 239 265 269 266
phone 0.0053 68 253 131 266
phone 0.0053 207 249 238 266
phone 0.0053 157 4 195 62
phone 0.0053 284 0 315 1
phone 0.0053 346 249 376 266
phone 0.0052 202 97 242 153
phone 0.0052 95 6 112 37
phone 0.0052 0 264 22 266
phone 0.0052 285 219 315 266
phone 0.0052 346 218 376 266
phone 0.0052 376 218 399 266
phone 0.0052 86 0 146 85
phone 0.0052 161 0 192 1
phone 0.0052 146 0 177 1
phone 0.0052 269 0 300 1
phone 0.0052 207 237 269 266
phone 0.0052 376 264 399 266
phone 0.0051 69 264 99 266
phone 0.0051 130 0 161 1
phone 0.0051 316 187 345 247
phone 0.0051 0 8 36 58
phone 0.0051 177 0 208 1
phone 0.0051 282 51 316 107
phone 0.0051 346 0 377 1
phone 0.0051 99 253 162 266
phone 0.0051 347 194 399 241
phone 0.0051 344 20 378 76
phone 0.0051 115 0 146 1
phone 0.0051 224 218 253 266
phone 0.0051 161 264 192 266
phone 0.0051 100 0 131 1
phone 0.0051 328 20 362 77
phone 0.0051 0 66 24 123
phone 0.0051 253 0 285 1
phone 0.0051 3 0 19 29
phone 0.0050 223 249 254 266
phone 0.0050 192 0 223 1
phone 0.0050 53 0 85 1
phone 0.0050 84 0 115 1
phone 0.0050 69 0 100 1
phone 0.0050 0 255 36 266
phone 0.0050 186 111 227 170
phone 0.0050 267 21 301 76
