phone 0.9420 77 79 199 215
phone 0.1960 39 44 234 240
phone 0.1051 76 189 192 396
phone 0.0727 55 94 215 359
phone 0.0639 65 163 156 358
phone 0.0566 107 99 181 193
phone 0.0465 110 252 209 386
phone 0.0457 96 0 192 233
phone 0.0426 88 287 186 399
phone 0.0415 101 122 156 200
phone 0.0408 65 106 162 246
phone 0.0379 23 59 142 220
phone 0.0334 84 135 173 218
phone 0.0321 0 164 67 353
phone 0.0285 39 215 128 364
phone 0.0282 124 86 258 239
phone 0.0271 0 110 90 290
phone 0.0267 88 113 235 263
phone 0.0261 0 247 52 393
phone 0.0248 114 135 272 315
phone 0.0242 106 184 219 337
phone 0.0213 184 218 272 363
phone 0.0204 40 292 124 399
phone 0.0196 64 11 153 157
phone 0.0195 23 134 131 255
phone 0.0191 187 301 272 399
phone 0.0187 0 202 103 382
phone 0.0178 0 42 173 289
phone 0.0173 135 52 244 177
phone 0.0169 59 126 136 196
phone 0.0165 55 93 140 168
phone 0.0164 69 314 147 399
phone 0.0159 8 291 82 399
phone 0.0159 0 59 73 221
phone 0.0158 33 6 122 153
phone 0.0153 0 197 33 324
phone 0.0152 135 129 182 193
phone 0.0151 118 143 200 211
phone 0.0144 41 112 123 179
phone 0.0140 60 255 166 374
phone 0.0136 0 0 95 172
phone 0.0133 0 119 40 287
phone 0.0133 87 282 169 348
phone 0.0130 140 313 239 399
phone 0.0123 185 175 272 300
phone 0.0120 0 145 24 257
phone 0.0120 190 7 272 152
phone 0.0119 15 177 119 298
phone 0.0119 129 5 189 162
phone 0.0113 79 133 115 189
phone 0.0111 26 130 107 192
phone 0.0110 0 266 40 333
phone 0.0110 97 143 190 302
phone 0.0110 117 110 231 182
phone 0.0108 154 208 257 329
phone 0.0107 129 93 189 168
phone 0.0106 120 294 197 366
phone 0.0105 149 86 231 144
phone 0.0104 63 230 132 307
phone 0.0103 114 326 205 399
phone 0.0103 200 127 272 256
phone 0.0102 40 147 124 206
phone 0.0102 78 154 148 229
phone 0.0101 129 241 249 357
phone 0.0101 174 35 237 163
phone 0.0100 177 72 234 127
phone 0.0099 61 265 134 334
phone 0.0099 29 94 104 167
phone 0.0098 0 242 25 356
phone 0.0097 43 78 121 152
phone 0.0097 0 204 40 271
phone 0.0097 0 300 72 361
phone 0.0096 93 145 132 208
phone 0.0096 0 171 55 243
phone 0.0095 46 175 118 239
phone 0.0095 175 68 267 222
phone 0.0094 3 93 70 167
phone 0.0094 99 214 272 399
phone 0.0094 210 274 272 369
phone 0.0094 0 233 38 304
phone 0.0092 64 134 99 188
phone 0.0092 160 59 220 109
phone 0.0092 157 268 254 392
phone 0.0092 189 85 222 145
phone 0.0091 71 198 101 224
phone 0.0091 0 280 55 350
phone 0.0089 0 144 55 208
phone 0.0089 0 332 72 390
phone 0.0089 199 223 272 284
phone 0.0089 130 137 219 276
phone 0.0089 13 317 90 374
phone 0.0088 155 361 225 399
phone 0.0088 166 175 245 239
phone 0.0088 26 194 107 251
phone 0.0088 142 153 207 231
phone 0.0088 202 344 270 399
phone 0.0088 201 251 271 317
phone 0.0088 175 55 205 113
phone 0.0087 49 117 84 174
phone 0.0087 26 163 108 221
phone 0.0087 28 224 106 282
phone 0.0086 51 212 113 295
phone 0.0086 77 101 117 160
phone 0.0086 157 148 191 204
phone 0.0086 157 118 223 204
phone 0.0086 71 299 155 361
phone 0.0085 75 246 151 323
phone 0.0085 0 255 22 313
phone 0.0085 0 249 56 320
phone 0.0085 18 348 85 399
phone 0.0085 110 287 146 343
phone 0.0084 217 205 272 271
phone 0.0084 0 286 21 344
phone 0.0083 77 194 95 228
phone 0.0082 131 50 187 118
phone 0.0082 90 113 136 178
phone 0.0081 124 359 194 399
phone 0.0081 4 162 37 221
phone 0.0081 0 270 75 329
phone 0.0081 7 364 66 399
phone 0.0081 11 177 92 237
phone 0.0080 0 313 55 378
phone 0.0080 0 224 22 282
phone 0.0080 104 162 183 222
phone 0.0080 132 283 216 347
phone 0.0080 214 176 272 238
phone 0.0080 186 360 217 385
phone 0.0080 126 303 161 358
phone 0.0080 96 287 130 342
phone 0.0079 0 168 22 215
phone 0.0079 19 101 53 159
phone 0.0079 19 301 53 359
phone 0.0079 195 194 272 251
phone 0.0079 10 289 93 341
phone 0.0078 65 179 99 235
phone 0.0078 206 81 266 148
phone 0.0078 0 222 74 285
phone 0.0078 219 48 272 181
phone 0.0078 219 332 253 390
phone 0.0078 166 239 244 298
phone 0.0077 168 268 243 330
phone 0.0077 47 345 118 399
phone 0.0077 234 325 272 399
phone 0.0077 0 254 6 314
phone 0.0077 173 348 206 399
phone 0.0077 147 304 233 357
phone 0.0077 18 75 84 155
phone 0.0077 63 102 100 159
phone 0.0076 186 205 256 271
phone 0.0076 92 346 165 399
phone 0.0076 15 111 88 181
phone 0.0076 15 141 88 212
phone 0.0076 80 270 114 328
phone 0.0076 219 301 252 359
phone 0.0076 0 162 5 221
phone 0.0076 32 252 102 316
phone 0.0076 142 163 176 220
phone 0.0076 179 160 261 224
phone 0.0076 80 239 115 298
phone 0.0076 64 360 131 399
phone 0.0076 63 56 132 143
phone 0.0076 65 193 130 283
phone 0.0075 68 42 127 96
phone 0.0075 193 356 210 389
phone 0.0075 157 54 192 113
phone 0.0075 219 240 253 298
phone 0.0075 213 146 272 207
phone 0.0074 75 213 151 294
phone 0.0074 0 189 73 256
phone 0.0074 101 259 186 340
phone 0.0074 8 212 95 264
phone 0.0074 170 344 241 399
phone 0.0074 4 132 37 190
phone 0.0073 34 317 68 374
phone 0.0073 216 114 272 178
phone 0.0073 80 163 114 221
phone 0.0073 50 225 83 281
phone 0.0073 141 302 177 358
phone 0.0073 0 196 5 310
phone 0.0073 147 194 233 251
phone 0.0072 219 270 253 328
phone 0.0072 35 57 98 142
phone 0.0072 171 134 240 219
phone 0.0072 81 205 91 217
phone 0.0072 0 72 36 188
phone 0.0072 0 230 6 277
phone 0.0071 79 205 109 232
phone 0.0071 50 195 83 250
phone 0.0071 7 70 66 129
phone 0.0071 220 70 252 128
phone 0.0071 93 174 164 241
phone 0.0071 0 106 36 154
phone 0.0071 29 329 104 392
phone 0.0071 36 44 98 94
phone 0.0071 172 87 207 143
phone 0.0070 84 49 142 119
phone 0.0070 8 244 95 294
phone 0.0070 0 308 20 398
phone 0.0070 97 40 129 97
phone 0.0069 235 86 268 143
phone 0.0069 66 39 98 97
phone 0.0069 235 161 272 222
phone 0.0069 219 362 253 399
phone 0.0069 65 223 99 283
phone 0.0069 234 302 268 358
phone 0.0069 4 301 37 359
phone 0.0069 125 171 193 243
phone 0.0069 234 194 268 251
phone 0.0069 0 100 21 160
phone 0.0069 234 225 268 282
phone 0.0068 113 44 174 93
phone 0.0068 0 88 51 141
phone 0.0068 111 162 146 221
phone 0.0068 172 118 207 173
phone 0.0068 51 39 82 97
phone 0.0068 32 296 102 365
phone 0.0068 112 9 176 127
phone 0.0067 79 180 147 265
phone 0.0067 81 347 114 399
phone 0.0067 49 148 83 204
phone 0.0067 50 255 83 312
phone 0.0067 204 85 237 144
phone 0.0067 0 60 52 108
phone 0.0067 188 179 222 235
phone 0.0067 0 197 21 248
phone 0.0067 50 362 83 399
phone 0.0067 81 302 114 359
phone 0.0067 157 348 191 399
phone 0.0066 144 39 174 97
phone 0.0066 197 366 206 379
phone 0.0066 0 258 5 371
phone 0.0066 188 271 222 327
phone 0.0066 0 336 36 386
phone 0.0066 126 179 160 235
phone 0.0066 191 228 251 309
phone 0.0066 228 95 272 226
phone 0.0066 144 45 205 93
phone 0.0066 101 95 156 166
phone 0.0066 0 137 21 185
phone 0.0066 142 363 176 399
phone 0.0065 0 291 6 338
phone 0.0065 85 202 102 236
phone 0.0065 129 39 159 97
phone 0.0065 203 362 238 399
phone 0.0065 188 241 222 296
phone 0.0065 230 156 272 289
phone 0.0065 65 347 99 399
phone 0.0065 0 192 5 252
phone 0.0065 142 10 207 127
phone 0.0065 138 60 210 139
phone 0.0065 190 54 221 113
phone 0.0065 196 129 272 193
phone 0.0065 113 40 144 97
phone 0.0064 21 11 82 126
phone 0.0064 127 363 160 399
phone 0.0064 140 90 170 117
phone 0.0064 0 331 5 391
phone 0.0064 132 235 216 303
phone 0.0064 0 368 20 399
phone 0.0064 172 318 206 373
phone 0.0064 0 76 36 123
phone 0.0064 6 54 36 113
phone 0.0064 111 348 145 399
phone 0.0064 34 287 68 342
phone 0.0063 34 86 68 144
phone 0.0063 203 209 237 267
phone 0.0063 0 362 6 399
phone 0.0063 111 317 145 374
phone 0.0063 0 131 5 190
phone 0.0063 19 271 53 327
phone 0.0063 188 348 222 399
phone 0.0062 252 29 272 77
phone 0.0062 157 318 191 374
phone 0.0062 144 227 235 280
phone 0.0062 108 183 179 262
phone 0.0062 134 205 215 271
phone 0.0062 96 348 129 399
phone 0.0062 251 0 272 110
phone 0.0062 78 152 109 178
phone 0.0062 37 39 67 98
phone 0.0062 34 163 68 220
phone 0.0062 235 362 268 399
phone 0.0061 0 60 20 108
phone 0.0061 234 256 268 312
phone 0.0061 190 60 251 108
phone 0.0061 237 45 272 92
phone 0.0061 252 60 272 108
phone 0.0061 219 195 253 250
phone 0.0061 190 274 252 356
phone 0.0061 34 132 68 189
phone 0.0061 229 234 272 364
phone 0.0061 175 98 235 193
phone 0.0061 50 286 83 343
phone 0.0061 104 0 171 76
phone 0.0061 5 45 67 93
phone 0.0061 145 258 234 310
phone 0.0061 0 27 37 141
phone 0.0061 188 302 222 358
phone 0.0061 237 131 272 191
phone 0.0060 268 29 272 77
phone 0.0060 236 11 272 125
phone 0.0060 74 0 139 79
phone 0.0060 34 195 68 250
phone 0.0060 18 225 53 281
phone 0.0060 52 29 113 77
phone 0.0060 21 346 51 399
phone 0.0060 266 0 272 110
phone 0.0060 221 29 272 77
phone 0.0060 0 0 6 96
phone 0.0060 188 210 222 266
phone 0.0060 127 332 160 389
phone 0.0059 252 316 272 375
phone 0.0059 146 86 164 120
phone 0.0059 142 333 176 389
phone 0.0059 250 179 272 235
phone 0.0059 0 45 35 92
phone 0.0059 218 102 253 159
phone 0.0059 117 242 200 326
phone 0.0059 0 29 20 77
phone 0.0059 95 51 161 148
phone 0.0059 0 54 5 113
phone 0.0059 5 362 36 399
phone 0.0059 268 60 272 108
phone 0.0059 0 11 21 125
phone 0.0059 50 332 83 389
phone 0.0058 250 148 272 204
phone 0.0058 0 30 51 77
phone 0.0058 21 55 52 113
phone 0.0058 21 29 82 77
phone 0.0058 0 29 5 77
phone 0.0058 206 54 236 113
phone 0.0058 19 194 53 251
phone 0.0058 203 179 237 235
phone 0.0058 85 148 102 182
phone 0.0058 0 0 52 110
phone 0.0058 204 0 268 95
phone 0.0058 173 179 207 235
phone 0.0057 48 70 85 129
phone 0.0057 190 87 252 173
phone 0.0057 51 276 114 354
phone 0.0057 34 226 68 281
phone 0.0057 0 85 5 144
phone 0.0057 237 23 267 82
phone 0.0057 171 146 208 207
phone 0.0057 129 29 189 77
phone 0.0057 203 332 237 390
phone 0.0057 0 144 0 320
phone 0.0056 18 163 53 221
phone 0.0056 221 60 272 108
phone 0.0056 99 29 158 77
phone 0.0056 203 238 238 299
phone 0.0056 158 0 222 95
phone 0.0056 253 91 272 139
phone 0.0056 89 213 99 225
phone 0.0056 249 56 272 173
phone 0.0056 6 23 36 82
phone 0.0056 21 23 51 82
phone 0.0056 83 23 113 82
phone 0.0056 156 288 192 342
phone 0.0055 266 42 272 156
phone 0.0055 0 0 4 30
phone 0.0055 34 257 68 311
phone 0.0055 268 322 272 370
phone 0.0055 135 0 202 72
phone 0.0055 54 46 111 123
phone 0.0055 94 256 131 312
phone 0.0055 253 0 272 30
phone 0.0055 238 238 272 299
phone 0.0055 236 0 272 64
phone 0.0054 251 117 272 174
phone 0.0054 19 132 53 190
phone 0.0054 266 288 272 399
phone 0.0054 81 212 91 225
phone 0.0054 117 98 147 124
phone 0.0054 267 85 272 144
phone 0.0054 0 14 35 62
phone 0.0054 79 192 116 253
phone 0.0054 221 39 251 98
phone 0.0054 5 0 67 64
phone 0.0054 268 0 272 30
phone 0.0054 222 0 272 30
phone 0.0054 0 0 50 30
phone 0.0053 175 29 235 77
phone 0.0053 96 318 129 373
phone 0.0053 174 0 236 64
phone 0.0053 119 213 199 294
phone 0.0053 145 0 204 30
phone 0.0053 9 238 40 261
phone 0.0053 95 178 130 236
phone 0.0053 114 0 173 30
phone 0.0053 172 288 206 342
phone 0.0053 79 54 115 113
phone 0.0053 16 233 33 266
phone 0.0053 267 367 272 399
phone 0.0053 83 0 143 30
phone 0.0052 268 122 272 170
phone 0.0052 68 14 127 62
phone 0.0052 87 228 169 310
phone 0.0052 175 23 205 83
phone 0.0052 172 211 206 265
phone 0.0052 239 102 272 159
phone 0.0052 160 23 190 83
phone 0.0052 65 316 99 374
phone 0.0052 250 271 272 328
phone 0.0052 191 0 250 30
phone 0.0052 51 0 113 64
phone 0.0052 265 88 272 202
phone 0.0052 268 229 272 277
phone 0.0052 249 284 272 399
phone 0.0052 186 91 217 115
phone 0.0052 22 0 81 30
phone 0.0051 132 67 163 93
phone 0.0051 251 209 272 267
phone 0.0051 37 14 97 62
phone 0.0051 6 0 36 37
phone 0.0051 265 196 272 310
phone 0.0051 22 0 51 37
phone 0.0051 77 148 95 182
phone 0.0051 268 291 272 339
phone 0.0051 9 252 40 277
phone 0.0051 268 198 272 247
phone 0.0051 191 23 220 83
phone 0.0051 0 0 20 30
phone 0.0051 203 300 238 360
phone 0.0051 109 221 139 247
phone 0.0051 160 0 189 37
phone 0.0051 206 23 236 83
phone 0.0051 145 0 174 37
phone 0.0051 268 260 272 308
phone 0.0051 150 97 160 109
phone 0.0050 176 0 205 37
phone 0.0050 89 159 98 171
phone 0.0050 191 14 250 62
phone 0.0050 129 0 159 37
phone 0.0050 65 269 99 329
phone 0.0050 114 0 143 37
phone 0.0050 0 176 0 350
