phone 0.8944 37 47 363 246
phone 0.1194 169 107 340 252
phone 0.0680 55 46 237 193
phone 0.0467 236 146 339 263
phone 0.0437 60 25 169 166
phone 0.0296 270 125 373 238
phone 0.0291 92 103 252 238
phone 0.0261 243 172 325 235
phone 0.0229 226 89 347 225
phone 0.0229 221 54 316 199
phone 0.0224 182 61 293 222
phone 0.0205 148 147 257 256
phone 0.0201 74 56 156 135
phone 0.0191 231 0 359 195
phone 0.0182 275 46 374 195
phone 0.0179 180 0 399 259
phone 0.0175 90 75 201 208
phone 0.0158 266 175 302 232
phone 0.0154 36 49 128 182
phone 0.0154 89 1 201 160
phone 0.0152 228 151 309 226
phone 0.0151 139 9 244 182
phone 0.0149 258 156 341 220
phone 0.0143 251 175 286 232
phone 0.0138 90 37 170 124
phone 0.0136 216 86 290 167
phone 0.0133 185 141 291 265
phone 0.0130 36 1 128 122
phone 0.0129 7 3 88 113
phone 0.0127 314 120 395 243
phone 0.0127 72 109 147 240
phone 0.0125 195 19 281 172
phone 0.0120 252 94 316 159
phone 0.0120 213 0 319 143
phone 0.0119 217 171 320 297
phone 0.0117 212 171 295 236
phone 0.0117 16 33 91 158
phone 0.0117 271 153 359 284
phone 0.0115 26 95 112 218
phone 0.0114 182 153 263 224
phone 0.0114 119 173 203 294
phone 0.0113 92 124 168 190
phone 0.0113 166 136 248 210
phone 0.0112 268 108 331 175
phone 0.0109 131 87 221 167
phone 0.0109 60 46 139 115
phone 0.0108 98 140 193 266
phone 0.0107 227 189 311 249
phone 0.0105 231 100 306 183
phone 0.0105 91 86 169 167
phone 0.0105 237 78 300 144
phone 0.0104 128 0 194 121
phone 0.0104 104 107 187 177
phone 0.0103 162 188 253 299
phone 0.0102 36 43 102 118
phone 0.0102 263 186 336 252
phone 0.0102 176 0 239 134
phone 0.0101 153 156 231 220
phone 0.0101 277 141 353 205
phone 0.0100 282 176 316 231
phone 0.0099 182 115 262 200
phone 0.0099 94 66 135 126
phone 0.0099 107 140 184 205
phone 0.0098 0 280 40 299
phone 0.0098 0 0 39 17
phone 0.0097 277 171 352 236
phone 0.0097 76 109 153 175
phone 0.0095 48 81 152 202
phone 0.0095 247 129 321 217
phone 0.0094 79 175 151 231
phone 0.0094 24 20 201 273
phone 0.0093 299 112 331 170
phone 0.0093 33 127 105 187
phone 0.0092 126 206 197 262
phone 0.0092 268 82 300 140
phone 0.0092 167 172 247 235
phone 0.0091 48 143 121 202
phone 0.0090 110 189 182 248
phone 0.0090 63 159 136 217
phone 0.0090 61 77 138 145
phone 0.0090 18 113 89 171
phone 0.0089 100 0 162 100
phone 0.0088 121 124 201 191
phone 0.0088 179 35 235 95
phone 0.0086 92 157 168 219
phone 0.0086 35 0 303 173
phone 0.0086 253 66 285 124
phone 0.0086 200 186 276 252
phone 0.0086 231 221 307 278
phone 0.0086 51 51 86 109
phone 0.0085 113 129 147 185
phone 0.0085 152 119 231 195
phone 0.0085 76 142 154 203
phone 0.0084 82 67 117 124
phone 0.0084 37 66 70 125
phone 0.0083 296 93 366 221
phone 0.0083 0 26 49 153
phone 0.0083 202 202 274 299
phone 0.0082 45 63 123 129
phone 0.0082 210 50 266 110
phone 0.0082 222 238 285 291
phone 0.0082 171 220 244 279
phone 0.0081 224 62 283 129
phone 0.0081 236 176 270 231
phone 0.0081 123 155 200 220
phone 0.0081 154 204 230 264
phone 0.0081 282 201 348 267
phone 0.0080 215 203 291 265
phone 0.0080 132 18 190 81
phone 0.0080 250 117 280 143
phone 0.0080 99 174 131 232
phone 0.0079 128 129 162 185
phone 0.0079 138 188 215 249
phone 0.0078 298 190 332 247
phone 0.0078 233 97 273 156
phone 0.0078 145 205 177 263
phone 0.0078 52 128 85 186
phone 0.0078 246 203 323 265
phone 0.0078 205 175 239 231
phone 0.0078 346 84 399 217
phone 0.0077 362 0 399 15
phone 0.0077 300 184 361 253
phone 0.0077 198 0 275 102
phone 0.0077 175 160 208 216
phone 0.0076 282 205 316 263
phone 0.0076 138 139 215 206
phone 0.0076 129 190 162 247
phone 0.0076 32 95 106 158
phone 0.0076 83 159 116 217
phone 0.0075 67 143 100 201
phone 0.0075 192 238 254 291
phone 0.0075 301 129 360 186
phone 0.0075 197 130 278 216
phone 0.0075 297 144 332 201
phone 0.0075 186 202 260 266
phone 0.0074 60 127 139 188
phone 0.0074 116 8 175 60
phone 0.0074 98 114 132 170
phone 0.0074 145 28 208 102
phone 0.0074 268 218 332 281
phone 0.0074 144 222 210 276
phone 0.0074 254 239 314 290
phone 0.0074 256 113 274 147
phone 0.0073 220 176 255 231
phone 0.0073 53 9 115 59
phone 0.0073 313 144 347 201
phone 0.0073 6 68 71 184
phone 0.0072 238 235 269 295
phone 0.0072 189 160 224 216
phone 0.0072 37 97 70 155
phone 0.0072 253 234 284 295
phone 0.0072 313 174 347 232
phone 0.0072 160 20 193 78
phone 0.0071 270 86 329 136
phone 0.0071 128 160 162 216
phone 0.0071 115 189 146 248
phone 0.0070 45 111 123 173
phone 0.0070 264 242 297 265
phone 0.0070 175 220 208 278
phone 0.0070 69 5 100 63
phone 0.0070 273 238 288 269
phone 0.0070 223 235 253 295
phone 0.0070 113 159 147 216
phone 0.0070 38 127 69 187
phone 0.0069 190 220 224 278
phone 0.0069 255 71 314 120
phone 0.0069 114 5 147 63
phone 0.0069 0 0 41 49
phone 0.0069 162 24 222 75
phone 0.0069 285 102 345 151
phone 0.0068 186 55 259 136
phone 0.0068 83 4 116 63
phone 0.0068 284 82 315 140
phone 0.0068 98 144 131 201
phone 0.0068 276 247 285 260
phone 0.0067 207 234 238 295
phone 0.0067 78 141 136 280
phone 0.0067 302 224 358 274
phone 0.0067 269 234 299 295
phone 0.0067 251 206 285 262
phone 0.0066 332 134 391 181
phone 0.0066 165 66 249 157
phone 0.0066 223 36 254 93
phone 0.0066 79 19 151 111
phone 0.0066 286 241 344 289
phone 0.0066 176 20 208 78
phone 0.0065 315 112 346 170
phone 0.0064 66 35 102 94
phone 0.0064 109 50 151 110
phone 0.0064 38 148 99 258
phone 0.0064 161 219 192 279
phone 0.0064 159 190 193 247
phone 0.0064 144 175 178 232
phone 0.0064 346 127 377 186
phone 0.0064 146 5 177 62
phone 0.0064 267 206 301 262
phone 0.0064 192 20 223 78
phone 0.0064 159 33 224 128
phone 0.0064 239 56 299 105
phone 0.0064 236 206 270 262
phone 0.0063 69 0 130 43
phone 0.0063 39 22 99 77
phone 0.0063 175 190 208 247
phone 0.0063 260 124 270 136
phone 0.0063 7 41 69 89
phone 0.0063 6 100 71 152
phone 0.0063 330 282 393 299
phone 0.0063 67 68 101 124
phone 0.0063 285 234 315 295
phone 0.0063 143 129 178 185
phone 0.0063 39 180 99 226
phone 0.0063 23 132 84 243
phone 0.0063 249 113 288 171
phone 0.0063 280 128 318 186
phone 0.0063 100 0 160 27
phone 0.0063 316 219 345 279
phone 0.0062 54 173 84 233
phone 0.0062 190 190 224 247
phone 0.0062 54 4 84 63
phone 0.0062 159 160 193 216
phone 0.0062 206 205 239 262
phone 0.0062 109 20 182 110
phone 0.0062 70 10 129 89
phone 0.0062 146 10 207 58
phone 0.0062 52 98 85 155
phone 0.0061 301 235 330 295
phone 0.0061 23 148 84 197
phone 0.0061 131 0 191 27
phone 0.0061 54 163 115 273
phone 0.0061 98 4 132 63
phone 0.0061 7 70 69 121
phone 0.0061 176 0 239 45
phone 0.0061 270 272 329 299
phone 0.0061 221 205 255 262
phone 0.0061 38 158 69 218
phone 0.0061 206 0 270 45
phone 0.0061 332 210 390 258
phone 0.0060 54 0 114 27
phone 0.0060 7 0 70 45
phone 0.0060 84 0 147 76
phone 0.0060 314 20 390 155
phone 0.0060 202 143 242 202
phone 0.0060 111 97 149 156
phone 0.0060 54 196 114 241
phone 0.0060 328 175 394 293
phone 0.0060 69 189 99 248
phone 0.0060 316 287 376 299
phone 0.0060 346 204 376 263
phone 0.0060 39 0 99 43
phone 0.0060 39 20 69 78
phone 0.0060 331 242 391 288
phone 0.0060 100 194 161 299
phone 0.0060 99 282 162 299
phone 0.0060 301 257 360 299
phone 0.0060 162 0 222 27
phone 0.0060 22 282 85 299
phone 0.0059 291 0 360 130
phone 0.0059 237 0 301 45
phone 0.0059 116 0 145 33
phone 0.0059 23 35 53 94
phone 0.0059 68 282 132 299
phone 0.0059 22 80 54 141
phone 0.0059 224 0 283 27
phone 0.0059 314 224 377 299
phone 0.0059 254 0 314 27
phone 0.0059 363 24 399 136
phone 0.0059 284 266 315 299
phone 0.0059 82 129 116 185
phone 0.0059 100 0 130 33
phone 0.0059 131 0 161 33
phone 0.0059 130 282 193 299
phone 0.0059 361 56 399 105
phone 0.0058 222 0 285 60
phone 0.0058 82 98 116 154
phone 0.0058 193 0 253 27
phone 0.0058 253 0 316 60
phone 0.0058 146 0 176 33
phone 0.0058 100 227 160 272
phone 0.0058 115 220 146 279
phone 0.0058 85 0 115 33
phone 0.0058 147 287 207 299
phone 0.0058 237 282 301 299
phone 0.0058 23 10 84 58
phone 0.0058 299 282 362 299
phone 0.0058 8 117 69 227
phone 0.0058 317 191 374 245
phone 0.0058 207 282 270 299
phone 0.0058 191 0 254 60
phone 0.0058 23 111 53 172
phone 0.0058 161 282 224 299
phone 0.0058 24 0 83 27
phone 0.0058 116 287 176 299
phone 0.0058 361 25 399 74
phone 0.0058 162 0 192 33
phone 0.0058 346 235 376 294
phone 0.0058 0 251 40 299
phone 0.0058 70 0 99 33
phone 0.0058 331 26 391 73
phone 0.0058 130 254 193 299
phone 0.0058 315 270 377 299
phone 0.0057 116 272 176 299
phone 0.0057 270 0 330 43
phone 0.0057 85 287 145 299
phone 0.0057 361 148 399 197
phone 0.0057 285 287 345 299
phone 0.0057 24 210 83 258
phone 0.0057 315 250 346 299
phone 0.0057 330 0 393 106
phone 0.0057 331 281 361 299
phone 0.0057 99 253 162 299
phone 0.0057 346 281 376 299
phone 0.0057 362 131 399 243
phone 0.0057 331 204 361 264
phone 0.0057 330 143 362 201
phone 0.0057 316 10 376 58
phone 0.0057 330 251 361 299
phone 0.0057 177 0 207 33
phone 0.0057 84 270 146 299
phone 0.0057 192 26 253 73
phone 0.0057 361 178 399 228
phone 0.0057 39 226 99 273
phone 0.0057 85 211 145 257
phone 0.0057 254 0 284 33
phone 0.0057 114 238 177 299
phone 0.0056 300 266 331 299
phone 0.0056 157 63 188 90
phone 0.0056 54 287 114 299
phone 0.0056 315 281 346 299
phone 0.0056 361 86 399 136
phone 0.0056 257 237 273 269
phone 0.0056 22 177 85 291
phone 0.0056 239 0 268 33
phone 0.0056 54 0 84 33
phone 0.0056 270 0 299 32
phone 0.0056 361 117 399 166
phone 0.0056 285 10 345 58
phone 0.0056 68 253 131 299
phone 0.0056 8 195 68 242
phone 0.0056 249 241 281 266
phone 0.0056 100 204 130 264
phone 0.0056 0 0 22 2
phone 0.0056 193 0 222 33
phone 0.0056 361 0 399 43
phone 0.0056 23 143 53 202
phone 0.0056 223 0 253 33
phone 0.0056 300 0 361 14
phone 0.0056 219 67 256 125
phone 0.0056 67 114 101 170
phone 0.0056 208 0 238 33
phone 0.0056 331 296 361 299
phone 0.0056 145 270 208 299
phone 0.0056 362 70 399 182
phone 0.0056 362 255 399 299
phone 0.0056 239 26 299 73
phone 0.0056 208 0 268 12
phone 0.0056 146 281 176 299
phone 0.0055 162 281 192 299
phone 0.0055 285 0 345 27
phone 0.0055 23 0 53 33
phone 0.0055 85 0 145 12
phone 0.0055 116 296 146 299
phone 0.0055 364 279 399 299
phone 0.0055 131 296 161 299
phone 0.0055 38 253 100 299
phone 0.0055 301 25 360 73
phone 0.0055 347 19 376 79
phone 0.0055 316 118 375 166
phone 0.0055 178 0 237 12
phone 0.0055 315 296 346 299
phone 0.0055 8 287 68 299
phone 0.0055 53 269 116 299
phone 0.0055 116 0 176 12
phone 0.0055 300 0 360 43
phone 0.0055 0 0 57 84
phone 0.0055 7 162 69 275
phone 0.0055 239 0 299 12
phone 0.0055 7 134 69 180
phone 0.0055 147 0 206 12
phone 0.0055 7 0 69 14
phone 0.0055 39 0 68 33
phone 0.0055 173 129 210 185
phone 0.0055 39 0 99 12
phone 0.0055 0 189 41 299
phone 0.0055 160 254 224 299
phone 0.0055 131 281 161 299
phone 0.0055 347 195 399 242
phone 0.0055 269 0 330 14
phone 0.0055 238 0 300 106
phone 0.0055 316 41 376 89
phone 0.0055 331 0 391 43
phone 0.0055 191 270 254 299
phone 0.0055 100 296 130 299
phone 0.0055 285 0 315 32
phone 0.0055 116 281 145 299
phone 0.0055 300 296 330 299
phone 0.0055 222 270 285 299
phone 0.0055 331 19 361 79
phone 0.0055 362 178 399 289
phone 0.0055 146 296 176 299
phone 0.0055 7 253 69 299
phone 0.0055 8 226 68 273
phone 0.0054 39 204 69 263
phone 0.0054 346 296 376 299
phone 0.0054 203 238 219 269
phone 0.0054 195 242 227 265
phone 0.0054 316 0 376 27
phone 0.0054 54 241 114 289
phone 0.0054 100 281 130 299
phone 0.0054 361 209 399 259
phone 0.0054 331 103 391 150
phone 0.0054 377 50 399 110
phone 0.0054 0 0 22 33
phone 0.0054 84 223 147 299
phone 0.0054 330 0 392 14
phone 0.0054 69 219 99 279
phone 0.0054 223 4 253 63
phone 0.0054 285 296 315 299
phone 0.0054 347 164 399 212
phone 0.0054 265 237 281 269
phone 0.0054 54 219 84 279
phone 0.0054 85 296 115 299
phone 0.0054 316 4 345 63
phone 0.0054 85 281 115 299
phone 0.0054 270 25 330 73
phone 0.0054 162 296 192 299
phone 0.0054 146 235 176 295
phone 0.0054 208 20 238 78
phone 0.0054 269 296 300 299
phone 0.0054 330 69 393 183
phone 0.0054 23 189 53 248
phone 0.0053 254 288 314 299
phone 0.0053 24 4 53 63
phone 0.0053 361 189 392 248
phone 0.0053 300 0 330 48
phone 0.0053 158 129 194 185
phone 0.0053 70 281 99 299
phone 0.0053 177 281 207 299
phone 0.0053 377 19 399 79
phone 0.0053 269 266 300 299
phone 0.0053 70 296 99 299
phone 0.0053 85 235 115 294
phone 0.0053 23 241 84 289
phone 0.0053 54 296 84 299
phone 0.0053 39 296 69 299
phone 0.0053 254 296 284 299
phone 0.0053 207 254 270 299
phone 0.0053 268 0 331 106
phone 0.0053 237 254 301 299
phone 0.0053 54 281 84 299
phone 0.0053 223 296 253 299
phone 0.0053 177 296 207 299
phone 0.0053 223 41 284 89
phone 0.0053 208 296 238 299
phone 0.0053 234 109 264 136
phone 0.0053 264 128 303 186
phone 0.0053 239 4 268 63
phone 0.0053 238 296 269 299
phone 0.0053 260 255 270 267
phone 0.0053 131 235 161 294
phone 0.0053 0 296 22 299
phone 0.0053 177 287 237 299
phone 0.0053 192 296 223 299
phone 0.0053 254 19 284 79
phone 0.0053 316 87 376 135
phone 0.0053 115 250 146 299
phone 0.0053 177 250 207 299
phone 0.0053 285 41 345 89
phone 0.0053 285 4 315 63
phone 0.0053 300 72 360 119
phone 0.0053 346 10 399 58
phone 0.0053 376 142 399 203
phone 0.0052 23 296 53 299
phone 0.0052 85 204 115 264
phone 0.0052 346 0 376 48
phone 0.0052 361 158 392 217
phone 0.0052 100 250 130 299
phone 0.0052 331 56 391 104
phone 0.0052 270 4 299 63
phone 0.0052 224 288 283 299
phone 0.0052 39 281 69 299
phone 0.0052 70 226 129 273
phone 0.0052 23 281 53 299
phone 0.0052 331 112 361 170
phone 0.0052 254 41 314 89
phone 0.0052 68 193 131 299
phone 0.0052 346 96 376 156
phone 0.0052 0 265 22 299
phone 0.0052 331 0 361 48
phone 0.0052 377 80 399 141
phone 0.0052 0 85 48 218
phone 0.0052 346 226 399 273
phone 0.0052 0 225 36 274
phone 0.0052 8 165 68 211
phone 0.0052 23 220 53 279
phone 0.0052 164 59 181 93
phone 0.0052 376 111 399 172
phone 0.0052 316 0 345 32
phone 0.0052 376 0 399 33
phone 0.0052 155 97 197 156
phone 0.0052 0 88 54 134
phone 0.0051 187 129 226 186
phone 0.0051 300 19 330 79
phone 0.0051 346 41 399 89
phone 0.0051 192 281 223 299
phone 0.0051 0 25 36 74
phone 0.0051 219 101 249 128
phone 0.0051 376 188 399 249
phone 0.0051 217 97 258 156
phone 0.0051 267 37 332 153
phone 0.0051 161 250 192 299
phone 0.0051 192 0 223 1
phone 0.0051 0 235 23 294
phone 0.0051 207 0 238 1
phone 0.0051 316 35 345 94
phone 0.0051 206 247 216 260
phone 0.0051 285 35 315 94
phone 0.0051 253 281 284 299
phone 0.0051 223 281 254 299
phone 0.0051 207 281 238 299
phone 0.0051 177 0 207 1
phone 0.0051 260 247 270 260
phone 0.0051 238 281 269 299
phone 0.0051 223 0 253 1
phone 0.0050 39 235 69 294
phone 0.0050 331 50 361 109
phone 0.0050 346 0 399 27
phone 0.0050 161 0 192 1
phone 0.0050 0 56 54 104
phone 0.0050 204 94 233 121
phone 0.0050 146 0 176 1
phone 0.0050 0 4 22 63
phone 0.0050 131 0 161 1
phone 0.0050 270 56 330 104
phone 0.0050 347 50 376 110
phone 0.0050 115 0 146 1
phone 0.0050 331 81 361 140
phone 0.0050 361 220 392 279
phone 0.0050 238 35 269 93
phone 0.0050 300 50 330 109
phone 0.0050 346 72 399 119
phone 0.0050 100 0 130 1
