phone 0.6343 77 65 211 326
phone 0.0844 111 162 209 347
phone 0.0649 61 78 166 258
phone 0.0628 115 59 227 232
phone 0.0625 112 104 251 288
phone 0.0385 34 82 113 200
phone 0.0362 0 40 87 178
phone 0.0312 99 215 176 360
phone 0.0281 182 197 266 325
phone 0.0281 153 224 229 354
phone 0.0278 66 140 158 306
phone 0.0259 36 124 92 198
phone 0.0237 129 184 248 331
phone 0.0237 2 86 84 247
phone 0.0232 36 117 113 271
phone 0.0228 55 48 135 181
phone 0.0222 65 72 150 158
phone 0.0194 81 65 189 170
phone 0.0181 85 121 196 262
phone 0.0179 206 71 266 203
phone 0.0170 37 22 114 138
phone 0.0169 130 258 195 379
phone 0.0169 46 145 81 208
phone 0.0168 71 28 143 135
phone 0.0166 128 96 214 197
phone 0.0163 131 187 211 258
phone 0.0160 237 291 266 316
phone 0.0157 244 288 261 319
phone 0.0152 0 72 55 204
phone 0.0150 150 73 223 157
phone 0.0149 34 173 124 302
phone 0.0149 60 126 130 196
phone 0.0147 79 112 141 210
phone 0.0146 77 100 112 160
phone 0.0146 247 297 257 310
phone 0.0145 80 21 170 208
phone 0.0143 173 131 266 264
phone 0.0141 198 314 229 339
phone 0.0139 36 151 92 233
phone 0.0139 205 311 222 342
phone 0.0134 5 148 77 308
phone 0.0129 150 202 223 274
phone 0.0128 175 52 261 177
phone 0.0126 198 311 214 342
phone 0.0125 191 306 222 331
phone 0.0125 67 219 153 349
phone 0.0124 191 12 265 141
phone 0.0122 209 320 219 333
phone 0.0121 89 135 162 218
phone 0.0118 212 180 266 280
phone 0.0117 142 105 261 217
phone 0.0117 201 320 211 333
phone 0.0115 77 131 111 190
phone 0.0115 91 176 191 300
phone 0.0113 130 147 212 238
phone 0.0113 6 37 208 241
phone 0.0111 133 220 210 287
phone 0.0111 43 210 116 266
phone 0.0111 136 14 207 185
phone 0.0110 115 208 197 268
phone 0.0110 90 170 161 244
phone 0.0108 47 115 81 176
phone 0.0107 201 313 211 325
phone 0.0107 97 267 184 393
phone 0.0105 64 69 125 130
phone 0.0104 160 100 245 161
phone 0.0103 154 210 189 266
phone 0.0101 156 13 239 146
phone 0.0101 167 254 237 314
phone 0.0100 99 0 174 107
phone 0.0098 89 285 162 344
phone 0.0098 184 87 251 143
phone 0.0098 101 190 180 255
phone 0.0098 113 171 199 243
phone 0.0098 49 86 110 144
phone 0.0098 122 234 191 304
phone 0.0097 32 148 65 205
phone 0.0097 131 255 212 314
phone 0.0097 75 254 145 315
phone 0.0097 150 236 224 302
phone 0.0096 89 206 162 270
phone 0.0095 60 167 90 193
phone 0.0094 44 149 115 204
phone 0.0094 62 209 95 267
phone 0.0093 89 237 162 300
phone 0.0093 206 167 237 193
phone 0.0092 37 159 67 185
phone 0.0092 0 0 74 78
phone 0.0092 160 306 191 331
phone 0.0091 182 194 253 251
phone 0.0091 99 155 182 229
phone 0.0091 119 268 193 331
phone 0.0090 57 224 132 283
phone 0.0090 169 209 204 266
phone 0.0090 236 206 266 231
phone 0.0090 244 203 260 234
phone 0.0090 136 284 207 346
phone 0.0090 42 179 116 236
phone 0.0089 179 118 256 173
phone 0.0089 167 302 184 335
phone 0.0088 146 169 227 245
phone 0.0087 0 121 51 276
phone 0.0086 201 86 234 144
phone 0.0086 44 156 61 189
phone 0.0086 62 116 95 175
phone 0.0085 66 163 84 197
phone 0.0085 105 300 176 360
phone 0.0085 165 224 239 282
phone 0.0085 151 267 223 332
phone 0.0085 51 156 69 189
phone 0.0085 105 219 176 288
phone 0.0085 91 145 129 207
phone 0.0084 213 163 230 197
phone 0.0084 167 85 206 145
phone 0.0083 247 212 257 225
phone 0.0083 169 70 235 129
phone 0.0083 139 225 173 282
phone 0.0083 109 286 142 344
phone 0.0083 205 71 261 128
phone 0.0082 206 132 261 221
phone 0.0082 158 131 246 191
phone 0.0082 179 149 256 204
phone 0.0081 60 157 129 226
phone 0.0081 187 240 248 297
phone 0.0081 108 194 142 251
phone 0.0080 106 248 175 320
phone 0.0079 43 0 104 81
phone 0.0079 171 312 180 325
phone 0.0079 108 240 142 297
phone 0.0078 201 255 234 313
phone 0.0078 138 195 173 250
phone 0.0078 221 164 238 197
phone 0.0077 139 255 173 313
phone 0.0077 154 271 188 327
phone 0.0077 62 148 95 205
phone 0.0077 53 137 218 399
phone 0.0077 57 190 132 255
phone 0.0077 90 114 130 177
phone 0.0076 185 270 219 328
phone 0.0076 93 270 126 328
phone 0.0076 83 82 114 109
phone 0.0076 78 239 111 298
phone 0.0076 47 208 111 329
phone 0.0075 60 105 90 132
phone 0.0075 47 166 57 179
phone 0.0075 107 162 143 221
phone 0.0075 70 0 140 81
phone 0.0075 169 240 204 297
phone 0.0075 234 91 266 139
phone 0.0074 231 56 266 173
phone 0.0074 63 273 126 325
phone 0.0074 62 179 95 235
phone 0.0074 74 264 134 377
phone 0.0074 154 241 188 297
phone 0.0074 201 117 234 174
phone 0.0074 17 170 80 243
phone 0.0074 47 208 80 267
phone 0.0074 0 131 48 191
phone 0.0074 217 174 226 186
phone 0.0073 95 60 156 139
phone 0.0073 201 179 234 235
phone 0.0073 46 177 81 237
phone 0.0073 31 186 96 259
phone 0.0073 71 174 80 186
phone 0.0073 216 84 250 146
phone 0.0073 55 166 65 179
phone 0.0072 123 195 157 250
phone 0.0072 0 0 34 94
phone 0.0072 45 151 75 178
phone 0.0072 49 243 110 294
phone 0.0072 139 286 173 343
phone 0.0072 249 85 266 144
phone 0.0072 93 240 126 297
phone 0.0072 142 58 201 141
phone 0.0071 123 240 157 297
phone 0.0071 97 120 184 202
phone 0.0071 170 271 203 328
phone 0.0071 201 209 234 266
phone 0.0071 172 282 233 347
phone 0.0070 155 301 188 359
phone 0.0070 190 302 207 335
phone 0.0070 90 79 107 112
phone 0.0070 78 163 111 220
phone 0.0070 185 225 219 281
phone 0.0070 125 316 187 375
phone 0.0069 71 182 80 194
phone 0.0069 0 8 18 68
phone 0.0069 67 102 84 136
phone 0.0069 224 174 234 186
phone 0.0069 201 148 234 204
phone 0.0069 151 178 191 237
phone 0.0069 36 98 92 162
phone 0.0069 47 159 57 171
phone 0.0069 184 103 220 158
phone 0.0068 129 0 206 106
phone 0.0068 105 131 145 191
phone 0.0067 64 254 94 314
phone 0.0067 79 269 110 329
phone 0.0067 16 0 81 44
phone 0.0066 218 54 248 113
phone 0.0066 31 178 65 236
phone 0.0066 176 90 205 117
phone 0.0066 217 182 226 194
phone 0.0066 159 56 215 113
phone 0.0065 77 194 111 250
phone 0.0065 1 115 34 175
phone 0.0065 80 323 140 369
phone 0.0065 92 177 127 237
phone 0.0065 64 307 125 353
phone 0.0065 0 163 50 220
phone 0.0065 182 315 214 338
phone 0.0065 1 146 34 206
phone 0.0064 95 315 125 375
phone 0.0064 81 55 139 113
phone 0.0064 80 300 110 360
phone 0.0064 49 338 110 385
phone 0.0064 0 56 152 336
phone 0.0063 1 195 65 250
phone 0.0063 221 132 266 190
phone 0.0063 0 91 34 139
phone 0.0063 65 14 124 62
phone 0.0063 51 0 107 33
phone 0.0063 194 312 203 325
phone 0.0063 16 178 49 236
phone 0.0063 123 271 157 328
phone 0.0063 126 29 186 77
phone 0.0063 34 227 94 279
phone 0.0063 215 114 251 177
phone 0.0063 194 320 203 333
phone 0.0063 0 76 48 123
phone 0.0062 250 199 266 246
phone 0.0062 15 0 50 36
phone 0.0062 0 57 34 172
phone 0.0062 189 59 247 109
phone 0.0062 189 306 246 354
phone 0.0062 159 320 215 371
phone 0.0062 247 166 266 279
phone 0.0062 182 86 199 120
phone 0.0062 264 367 266 399
phone 0.0062 250 168 266 216
phone 0.0062 263 332 266 399
phone 0.0061 68 159 98 186
phone 0.0061 250 122 266 169
phone 0.0061 181 248 255 380
phone 0.0061 148 99 194 162
phone 0.0061 234 60 266 108
phone 0.0061 113 311 130 341
phone 0.0061 106 315 138 338
phone 0.0061 157 29 217 77
phone 0.0061 247 88 266 202
phone 0.0061 64 331 94 390
phone 0.0061 94 89 103 102
phone 0.0061 48 289 111 399
phone 0.0061 0 100 18 159
phone 0.0060 172 45 233 93
phone 0.0060 91 259 121 286
phone 0.0060 0 70 17 129
phone 0.0060 203 30 263 77
phone 0.0060 142 23 171 83
phone 0.0060 264 193 266 252
phone 0.0060 65 0 94 37
phone 0.0060 0 168 18 215
phone 0.0060 59 102 76 136
phone 0.0060 264 162 266 221
phone 0.0060 206 113 237 139
phone 0.0060 0 60 32 108
phone 0.0060 95 29 155 77
phone 0.0059 18 367 79 399
phone 0.0059 49 239 79 298
phone 0.0059 0 12 48 64
phone 0.0059 154 283 220 399
phone 0.0059 49 292 110 338
phone 0.0059 0 135 18 248
phone 0.0059 60 182 90 209
phone 0.0059 2 332 65 399
phone 0.0059 157 23 187 83
phone 0.0059 0 0 2 51
phone 0.0059 34 322 94 369
phone 0.0059 264 116 266 175
phone 0.0059 49 367 110 399
phone 0.0059 0 332 3 399
phone 0.0059 70 113 80 125
phone 0.0059 218 45 266 93
phone 0.0059 0 367 2 399
phone 0.0059 0 137 18 185
phone 0.0059 0 367 48 399
phone 0.0059 79 8 110 67
phone 0.0059 216 191 250 253
phone 0.0059 205 225 261 282
phone 0.0059 202 54 233 113
phone 0.0058 0 332 19 399
phone 0.0058 187 300 218 360
phone 0.0058 117 320 126 333
phone 0.0058 0 367 17 399
phone 0.0058 18 337 79 385
phone 0.0058 63 333 127 399
phone 0.0058 249 54 266 113
phone 0.0058 172 23 202 83
phone 0.0058 68 175 98 201
phone 0.0058 49 331 79 390
phone 0.0058 218 367 266 399
phone 0.0058 0 55 13 164
phone 0.0058 248 332 266 399
phone 0.0058 0 27 49 140
phone 0.0058 232 147 264 206
phone 0.0058 187 39 218 97
phone 0.0058 172 315 202 376
phone 0.0058 33 362 64 399
phone 0.0058 126 23 156 83
phone 0.0058 93 209 127 267
phone 0.0058 64 285 94 344
phone 0.0058 233 11 266 125
phone 0.0058 79 331 110 390
phone 0.0058 160 164 244 220
phone 0.0057 107 70 143 129
phone 0.0057 33 208 64 268
phone 0.0057 64 363 95 399
phone 0.0057 203 300 233 360
phone 0.0057 37 144 67 170
phone 0.0057 48 363 80 399
phone 0.0057 234 230 266 277
phone 0.0057 0 162 2 221
phone 0.0057 218 23 248 82
phone 0.0057 79 368 141 399
phone 0.0057 49 0 79 52
phone 0.0057 79 363 111 399
phone 0.0057 94 305 156 399
phone 0.0057 31 0 65 36
phone 0.0057 111 14 170 62
phone 0.0057 186 0 250 95
phone 0.0057 247 305 257 317
phone 0.0057 164 115 209 176
phone 0.0057 232 196 266 310
phone 0.0057 141 45 202 93
phone 0.0056 81 0 139 30
phone 0.0056 249 30 266 77
phone 0.0056 111 23 140 83
phone 0.0056 64 8 95 67
phone 0.0056 55 159 65 171
phone 0.0056 95 0 156 64
phone 0.0056 125 0 187 64
phone 0.0056 221 291 253 316
phone 0.0056 209 328 218 340
phone 0.0056 202 332 265 399
phone 0.0056 215 160 251 223
phone 0.0056 0 131 2 190
phone 0.0056 265 76 266 123
phone 0.0056 31 116 65 175
phone 0.0056 203 23 233 83
phone 0.0056 80 0 110 37
phone 0.0056 250 0 266 30
phone 0.0056 111 0 170 31
phone 0.0056 74 163 92 197
phone 0.0056 94 363 126 399
phone 0.0056 17 288 80 399
phone 0.0056 0 199 18 246
phone 0.0056 97 255 115 290
phone 0.0056 110 331 141 391
phone 0.0056 0 182 33 293
phone 0.0056 34 331 64 390
phone 0.0056 184 134 220 188
phone 0.0056 265 30 266 77
phone 0.0056 142 14 201 62
phone 0.0055 263 42 266 156
phone 0.0055 0 215 33 261
phone 0.0055 248 0 266 64
phone 0.0055 249 223 266 282
phone 0.0055 265 337 266 385
phone 0.0055 229 287 245 319
phone 0.0055 221 101 266 159
phone 0.0055 0 322 48 370
phone 0.0055 0 337 33 385
phone 0.0055 71 166 80 179
phone 0.0055 263 0 266 110
phone 0.0055 264 85 266 144
phone 0.0055 95 23 125 82
phone 0.0055 0 103 47 157
phone 0.0055 0 69 2 129
phone 0.0054 122 164 159 220
phone 0.0054 249 291 266 338
phone 0.0054 0 288 49 399
phone 0.0054 265 0 266 30
phone 0.0054 265 106 266 154
phone 0.0054 49 300 79 360
phone 0.0054 160 90 190 117
phone 0.0054 173 14 232 62
phone 0.0054 0 260 2 308
phone 0.0054 153 70 190 129
phone 0.0054 219 322 266 369
phone 0.0054 264 0 266 64
phone 0.0054 66 178 84 213
phone 0.0054 18 331 48 390
phone 0.0054 3 306 63 354
phone 0.0054 0 192 2 252
phone 0.0054 213 109 230 143
phone 0.0054 248 258 266 371
phone 0.0054 221 223 253 245
phone 0.0054 231 242 266 356
phone 0.0054 142 0 201 30
phone 0.0054 265 214 266 262
phone 0.0053 110 45 171 93
phone 0.0053 0 45 17 93
phone 0.0053 90 84 130 146
phone 0.0053 0 229 2 277
phone 0.0053 217 289 266 399
phone 0.0053 96 0 125 37
phone 0.0053 34 8 64 68
phone 0.0053 265 183 266 231
phone 0.0053 0 227 3 341
phone 0.0053 0 103 3 218
phone 0.0053 265 245 266 292
phone 0.0053 234 307 266 354
phone 0.0053 16 148 49 205
phone 0.0053 33 258 95 371
phone 0.0053 0 100 2 159
phone 0.0053 263 89 266 202
phone 0.0053 0 181 3 295
phone 0.0053 0 45 1 93
phone 0.0053 218 254 249 313
phone 0.0053 265 137 266 185
phone 0.0053 232 228 242 241
phone 0.0053 90 255 107 289
phone 0.0053 214 175 245 201
phone 0.0053 1 177 34 237
phone 0.0053 0 291 17 339
phone 0.0053 263 181 266 294
phone 0.0053 18 54 49 113
phone 0.0053 229 219 244 249
phone 0.0053 167 179 206 235
phone 0.0053 111 0 140 37
phone 0.0053 0 0 17 32
phone 0.0053 0 337 2 385
phone 0.0053 264 291 266 339
phone 0.0052 126 0 156 37
phone 0.0052 43 140 61 174
phone 0.0052 263 135 266 248
phone 0.0052 0 0 3 95
phone 0.0052 234 14 266 62
phone 0.0052 34 45 94 92
phone 0.0052 233 115 264 175
phone 0.0052 221 268 253 292
phone 0.0052 156 0 218 64
phone 0.0052 0 291 2 339
phone 0.0052 0 291 48 339
phone 0.0052 53 159 83 186
phone 0.0052 0 0 1 31
phone 0.0052 0 257 18 372
phone 0.0052 18 60 79 108
phone 0.0052 0 322 17 370
phone 0.0052 34 276 94 323
phone 0.0052 142 0 171 37
phone 0.0052 167 338 199 361
phone 0.0052 2 258 65 371
phone 0.0052 233 353 266 399
phone 0.0052 263 258 266 371
phone 0.0052 184 151 213 178
phone 0.0052 110 362 141 399
phone 0.0052 33 353 95 399
phone 0.0052 219 0 266 30
phone 0.0052 40 220 49 233
phone 0.0052 186 97 196 109
phone 0.0052 18 291 79 339
phone 0.0052 0 230 47 276
phone 0.0051 45 167 75 194
phone 0.0051 230 113 266 239
phone 0.0051 234 261 266 308
phone 0.0051 37 211 52 241
phone 0.0051 264 224 266 282
phone 0.0051 28 215 61 238
phone 0.0051 0 260 17 308
phone 0.0051 265 153 266 200
phone 0.0051 205 84 237 108
phone 0.0051 18 300 48 359
phone 0.0051 18 12 79 125
phone 0.0051 260 204 266 234
phone 0.0051 264 316 266 374
phone 0.0051 0 26 3 141
phone 0.0051 17 242 80 356
phone 0.0051 3 300 33 359
phone 0.0051 263 212 266 225
phone 0.0051 63 113 72 125
phone 0.0051 34 300 64 359
phone 0.0051 0 276 32 323
phone 0.0051 49 39 79 97
phone 0.0051 187 367 248 399
phone 0.0051 187 8 218 67
phone 0.0051 167 86 184 120
phone 0.0051 33 39 64 98
phone 0.0051 264 270 266 328
phone 0.0051 0 45 47 92
phone 0.0051 157 0 186 37
phone 0.0051 143 336 200 385
phone 0.0050 178 343 188 356
phone 0.0050 251 146 266 169
phone 0.0050 183 174 213 201
phone 0.0050 59 163 77 197
phone 0.0050 0 273 3 387
phone 0.0050 64 39 95 97
phone 0.0050 233 177 264 237
phone 0.0050 0 242 34 356
phone 0.0050 49 269 79 329
phone 0.0050 175 334 191 365
phone 0.0050 173 0 232 30
phone 0.0050 111 367 171 399
