phone 0.7897 129 103 282 200
phone 0.1236 92 55 315 218
phone 0.1174 0 33 211 167
phone 0.0530 138 45 271 187
phone 0.0493 160 134 254 210
phone 0.0481 60 66 224 197
phone 0.0465 167 121 216 191
phone 0.0445 122 111 231 231
phone 0.0367 173 84 327 194
phone 0.0298 135 94 218 188
phone 0.0278 192 60 389 210
phone 0.0256 23 72 131 181
phone 0.0252 226 103 349 216
phone 0.0251 155 124 198 188
phone 0.0246 0 40 102 162
phone 0.0239 258 36 390 181
phone 0.0230 80 0 264 177
phone 0.0221 330 65 399 207
phone 0.0205 0 10 66 140
phone 0.0196 196 121 249 191
phone 0.0195 113 32 209 188
phone 0.0185 185 139 229 204
phone 0.0180 95 109 193 205
phone 0.0177 186 112 289 230
phone 0.0176 200 110 306 173
phone 0.0166 313 122 399 251
phone 0.0162 29 0 187 135
phone 0.0148 341 136 399 207
phone 0.0139 232 122 306 190
phone 0.0133 81 44 179 176
phone 0.0132 351 134 399 266
phone 0.0128 219 135 287 208
phone 0.0128 56 79 142 141
phone 0.0126 265 124 364 248
phone 0.0122 96 89 164 162
phone 0.0121 213 45 324 175
phone 0.0119 0 72 54 189
phone 0.0118 220 121 318 252
phone 0.0117 323 156 399 218
phone 0.0115 57 126 143 246
phone 0.0115 146 0 237 158
phone 0.0114 101 171 191 266
phone 0.0114 227 96 310 155
phone 0.0113 124 82 198 169
phone 0.0112 226 0 312 131
phone 0.0112 202 142 242 201
phone 0.0109 264 139 335 204
phone 0.0108 216 126 259 186
phone 0.0108 339 107 399 174
phone 0.0108 251 113 286 168
phone 0.0108 142 127 180 186
phone 0.0108 175 102 240 180
phone 0.0108 245 68 324 213
phone 0.0107 234 128 271 184
phone 0.0107 362 217 399 266
phone 0.0106 177 137 269 266
phone 0.0106 224 186 314 266
phone 0.0105 280 95 381 217
phone 0.0105 270 0 360 129
phone 0.0104 358 128 394 185
phone 0.0103 14 62 93 128
phone 0.0103 43 59 125 130
phone 0.0102 72 61 157 129
phone 0.0101 2 44 74 114
phone 0.0101 130 187 224 266
phone 0.0100 0 107 69 235
phone 0.0099 128 128 162 184
phone 0.0099 38 0 126 104
phone 0.0098 0 263 40 266
phone 0.0098 180 0 265 169
phone 0.0097 67 91 163 220
phone 0.0097 344 127 378 185
phone 0.0095 22 111 116 231
phone 0.0095 0 0 39 0
phone 0.0095 314 133 378 210
phone 0.0094 325 187 398 248
phone 0.0094 344 158 377 215
phone 0.0094 64 158 136 216
phone 0.0093 113 112 147 170
phone 0.0093 374 158 399 216
phone 0.0092 14 0 93 113
phone 0.0092 0 0 58 79
phone 0.0092 29 77 108 143
phone 0.0092 95 187 166 248
phone 0.0090 79 172 151 232
phone 0.0089 256 170 344 266
phone 0.0089 277 159 353 214
phone 0.0089 320 7 399 151
phone 0.0088 93 0 193 97
phone 0.0088 282 143 316 200
phone 0.0088 234 28 303 99
phone 0.0088 279 187 351 248
phone 0.0088 109 73 182 147
phone 0.0087 82 83 116 137
phone 0.0087 76 109 154 172
phone 0.0087 125 219 197 266
phone 0.0087 140 0 214 99
phone 0.0085 246 65 323 124
phone 0.0085 45 93 124 157
phone 0.0085 153 155 231 219
phone 0.0085 185 155 261 218
phone 0.0084 126 55 196 134
phone 0.0084 0 0 148 211
phone 0.0084 374 188 399 247
phone 0.0083 231 156 307 218
phone 0.0083 273 130 357 183
phone 0.0083 97 82 132 137
phone 0.0082 61 126 138 186
phone 0.0082 251 143 286 200
phone 0.0081 142 43 211 115
phone 0.0080 280 31 350 97
phone 0.0080 38 161 99 212
phone 0.0079 106 157 185 217
phone 0.0079 112 82 147 138
phone 0.0079 21 51 55 107
phone 0.0078 269 15 330 82
phone 0.0078 285 7 345 59
phone 0.0078 0 140 58 203
phone 0.0078 28 41 109 117
phone 0.0078 344 189 377 246
phone 0.0078 216 218 291 266
phone 0.0078 340 75 399 145
phone 0.0077 114 188 147 246
phone 0.0077 239 7 299 59
phone 0.0077 266 126 302 186
phone 0.0077 36 67 70 122
phone 0.0077 67 82 101 138
phone 0.0076 32 142 106 201
phone 0.0076 98 173 131 231
phone 0.0076 185 217 260 266
phone 0.0076 155 217 229 266
phone 0.0075 129 204 162 262
phone 0.0075 328 141 363 201
phone 0.0075 299 4 331 61
phone 0.0075 279 63 351 126
phone 0.0074 313 143 347 199
phone 0.0074 158 30 226 97
phone 0.0074 298 159 331 215
phone 0.0074 253 3 285 62
phone 0.0074 298 189 331 246
phone 0.0074 104 48 186 111
phone 0.0074 251 35 286 92
phone 0.0074 307 171 385 266
phone 0.0073 252 220 285 266
phone 0.0073 262 48 337 110
phone 0.0073 284 4 316 61
phone 0.0073 2 124 74 188
phone 0.0073 265 104 334 177
phone 0.0073 186 185 259 250
phone 0.0073 127 96 164 154
phone 0.0073 172 170 243 234
phone 0.0073 311 105 380 176
phone 0.0072 145 237 208 266
phone 0.0072 316 28 375 100
phone 0.0072 0 95 61 156
phone 0.0072 266 75 333 144
phone 0.0072 221 158 255 215
phone 0.0072 329 43 393 115
phone 0.0072 315 4 346 62
phone 0.0072 54 156 84 217
phone 0.0071 79 138 151 204
phone 0.0071 69 157 100 216
phone 0.0071 236 35 270 92
phone 0.0071 293 170 368 235
phone 0.0071 0 147 26 173
phone 0.0071 31 108 107 173
phone 0.0071 207 9 269 57
phone 0.0070 239 238 299 266
phone 0.0070 267 66 301 123
phone 0.0070 292 94 368 157
phone 0.0069 295 45 366 114
phone 0.0069 98 113 132 168
phone 0.0069 268 3 300 62
phone 0.0069 0 32 46 95
phone 0.0069 360 34 393 93
phone 0.0069 123 31 199 97
phone 0.0069 267 96 301 155
phone 0.0069 140 171 213 234
phone 0.0069 0 63 45 126
phone 0.0069 51 82 85 138
phone 0.0068 206 235 270 266
phone 0.0068 175 158 208 215
phone 0.0068 205 173 239 231
phone 0.0068 315 9 376 57
phone 0.0068 298 204 363 262
phone 0.0068 0 0 41 32
phone 0.0068 298 35 332 92
phone 0.0068 238 4 269 62
phone 0.0068 300 0 361 41
phone 0.0068 203 166 273 238
phone 0.0067 269 0 330 42
phone 0.0067 175 235 240 266
phone 0.0067 82 128 116 184
phone 0.0067 223 4 253 62
phone 0.0067 85 0 145 27
phone 0.0067 7 159 69 214
phone 0.0067 57 40 141 118
phone 0.0066 159 4 193 62
phone 0.0066 359 174 393 230
phone 0.0066 76 0 154 112
phone 0.0066 245 171 324 233
phone 0.0066 84 192 146 266
phone 0.0066 251 189 285 245
phone 0.0066 253 0 316 75
phone 0.0066 286 223 343 266
phone 0.0066 83 0 147 61
phone 0.0066 344 34 378 93
phone 0.0066 331 0 392 42
phone 0.0066 38 156 69 217
phone 0.0066 189 0 256 93
phone 0.0066 5 3 40 62
phone 0.0066 282 35 316 92
phone 0.0066 207 28 269 99
phone 0.0065 159 158 193 215
phone 0.0065 302 18 359 79
phone 0.0065 359 97 394 153
phone 0.0065 130 0 192 68
phone 0.0065 236 157 270 216
phone 0.0065 223 0 284 41
phone 0.0065 316 0 376 26
phone 0.0065 331 4 361 62
phone 0.0065 113 158 147 215
phone 0.0064 0 156 41 217
phone 0.0064 162 1 221 65
phone 0.0064 298 129 331 183
phone 0.0064 282 65 316 123
phone 0.0064 285 0 345 26
phone 0.0064 7 0 69 26
phone 0.0064 360 0 399 131
phone 0.0064 161 233 192 266
phone 0.0064 313 35 347 92
phone 0.0064 100 218 130 266
phone 0.0064 236 220 270 266
phone 0.0064 128 159 162 215
phone 0.0064 207 3 238 62
phone 0.0064 193 0 252 42
phone 0.0063 100 0 130 31
phone 0.0063 283 204 316 262
phone 0.0063 298 66 331 123
phone 0.0063 5 50 39 108
phone 0.0063 174 35 209 92
phone 0.0063 0 111 46 170
phone 0.0063 144 204 178 261
phone 0.0063 346 0 376 47
phone 0.0062 22 0 85 61
phone 0.0062 254 0 314 26
phone 0.0062 159 35 193 92
phone 0.0062 267 205 301 261
phone 0.0062 69 210 130 256
phone 0.0062 175 220 208 266
phone 0.0062 141 95 181 155
phone 0.0062 84 172 115 232
phone 0.0062 159 205 193 261
phone 0.0062 376 233 399 266
phone 0.0062 128 67 163 122
phone 0.0062 373 113 399 169
phone 0.0062 312 57 380 132
phone 0.0062 54 0 114 27
phone 0.0062 205 220 239 266
phone 0.0062 251 82 285 137
phone 0.0062 208 0 268 11
phone 0.0062 300 0 360 11
phone 0.0062 313 189 347 246
phone 0.0062 316 0 345 31
phone 0.0062 21 127 54 185
phone 0.0062 270 0 330 11
phone 0.0062 84 203 115 263
phone 0.0062 143 51 178 107
phone 0.0061 331 0 361 31
phone 0.0061 5 127 39 185
phone 0.0061 8 0 68 11
phone 0.0061 208 0 268 26
phone 0.0061 190 173 224 231
phone 0.0061 53 0 116 62
phone 0.0061 179 15 236 81
phone 0.0061 270 233 299 266
phone 0.0061 134 147 165 173
phone 0.0061 190 220 224 266
phone 0.0061 239 0 299 11
phone 0.0061 70 0 130 11
phone 0.0061 267 35 301 92
phone 0.0061 343 96 378 154
phone 0.0061 176 0 239 29
phone 0.0061 300 0 330 31
phone 0.0060 177 0 237 11
phone 0.0060 115 0 146 31
phone 0.0060 300 218 330 266
phone 0.0060 282 173 316 231
phone 0.0060 23 0 53 31
phone 0.0060 84 0 115 31
phone 0.0060 23 157 53 217
phone 0.0060 285 0 315 31
phone 0.0060 225 18 282 79
phone 0.0060 36 127 70 184
phone 0.0060 68 0 131 44
phone 0.0060 38 0 69 31
phone 0.0060 39 0 99 11
phone 0.0060 329 0 393 91
phone 0.0060 221 220 255 266
phone 0.0060 286 255 344 266
phone 0.0060 362 5 399 60
phone 0.0060 331 0 391 11
phone 0.0059 101 0 160 11
phone 0.0059 52 128 85 184
phone 0.0059 67 128 101 184
phone 0.0059 328 50 363 108
phone 0.0059 270 0 299 31
phone 0.0059 145 0 208 29
phone 0.0059 0 143 24 200
phone 0.0059 100 223 161 266
phone 0.0059 328 112 362 169
phone 0.0059 38 0 100 44
phone 0.0059 358 66 394 123
phone 0.0059 144 158 178 215
phone 0.0059 115 0 176 26
phone 0.0059 147 0 207 11
phone 0.0059 223 0 253 16
phone 0.0059 175 189 208 246
phone 0.0059 99 0 161 43
phone 0.0059 313 66 347 123
phone 0.0059 98 143 132 200
phone 0.0059 69 0 100 31
phone 0.0058 0 234 40 266
phone 0.0058 314 237 377 266
phone 0.0058 208 0 238 16
phone 0.0058 192 0 223 46
phone 0.0058 53 0 84 31
phone 0.0058 254 0 284 31
phone 0.0058 141 143 158 176
phone 0.0058 6 154 16 166
phone 0.0058 239 0 268 31
phone 0.0058 267 159 301 215
phone 0.0058 37 237 100 266
phone 0.0058 313 112 347 169
phone 0.0058 115 233 146 266
phone 0.0058 361 0 399 11
phone 0.0058 0 252 66 266
phone 0.0058 54 162 115 266
phone 0.0057 193 0 222 16
phone 0.0057 0 138 43 266
phone 0.0057 85 241 145 266
phone 0.0057 300 249 330 266
phone 0.0057 346 0 376 16
phone 0.0057 21 81 55 138
phone 0.0057 5 81 39 138
phone 0.0057 38 253 100 266
phone 0.0057 70 256 130 266
phone 0.0057 361 0 399 27
phone 0.0057 347 23 399 74
phone 0.0057 131 249 161 266
phone 0.0057 177 0 207 16
phone 0.0057 116 256 175 266
phone 0.0057 54 195 114 240
phone 0.0057 7 237 69 266
phone 0.0056 346 264 376 266
phone 0.0056 374 50 399 108
phone 0.0056 69 188 100 247
phone 0.0056 315 253 377 266
phone 0.0056 331 265 361 266
phone 0.0056 176 0 208 46
phone 0.0056 131 0 161 16
phone 0.0056 190 34 224 93
phone 0.0056 315 249 346 266
phone 0.0056 162 0 191 16
phone 0.0056 146 0 176 31
phone 0.0056 35 35 71 92
phone 0.0056 265 108 295 135
phone 0.0056 37 191 101 266
phone 0.0056 374 82 399 138
phone 0.0056 271 240 328 266
phone 0.0056 215 44 291 114
phone 0.0056 54 265 84 266
phone 0.0056 298 97 332 154
phone 0.0056 281 111 317 170
phone 0.0056 0 0 36 11
phone 0.0055 7 176 70 266
phone 0.0055 36 97 70 153
phone 0.0055 329 189 362 246
phone 0.0055 361 255 399 266
phone 0.0055 39 264 69 266
phone 0.0055 364 262 399 266
phone 0.0055 0 97 24 154
phone 0.0055 100 264 130 266
phone 0.0055 85 264 115 266
phone 0.0055 53 222 116 266
phone 0.0055 69 265 99 266
phone 0.0055 85 249 115 266
phone 0.0055 99 253 162 266
phone 0.0055 205 34 239 93
phone 0.0055 146 233 176 266
phone 0.0055 0 0 23 1
phone 0.0055 22 222 85 266
phone 0.0054 343 66 378 123
phone 0.0054 23 265 53 266
phone 0.0054 69 234 99 266
phone 0.0054 54 218 84 266
phone 0.0054 0 264 22 266
phone 0.0054 157 65 195 124
phone 0.0054 376 0 399 47
phone 0.0054 236 189 270 246
phone 0.0054 0 0 22 16
phone 0.0054 347 241 399 266
phone 0.0054 269 265 300 266
phone 0.0053 315 265 346 266
phone 0.0053 376 0 399 17
phone 0.0053 330 249 361 266
phone 0.0053 330 207 392 266
phone 0.0053 0 20 24 77
phone 0.0053 346 234 376 266
phone 0.0053 0 178 52 226
phone 0.0053 100 249 130 266
phone 0.0053 54 249 84 266
phone 0.0053 285 233 314 266
phone 0.0053 39 249 69 266
phone 0.0053 115 264 146 266
phone 0.0052 234 154 265 181
phone 0.0052 0 255 36 266
phone 0.0052 165 94 356 266
phone 0.0052 221 189 255 246
phone 0.0052 69 0 100 1
phone 0.0052 376 18 399 78
phone 0.0052 53 0 85 1
phone 0.0052 54 188 84 247
phone 0.0052 39 218 69 266
phone 0.0052 84 0 115 1
phone 0.0052 23 249 53 266
phone 0.0052 191 254 254 266
phone 0.0052 130 254 193 266
phone 0.0052 145 154 154 166
phone 0.0052 376 264 399 266
phone 0.0051 192 0 223 1
phone 0.0051 0 179 27 202
phone 0.0051 100 0 131 1
phone 0.0051 223 0 254 1
phone 0.0051 207 0 238 1
phone 0.0051 23 203 54 262
phone 0.0051 253 0 285 1
phone 0.0051 240 255 298 266
phone 0.0051 238 0 269 1
phone 0.0051 269 0 300 1
phone 0.0051 284 0 315 1
phone 0.0051 24 194 83 241
phone 0.0051 300 0 331 1
phone 0.0051 177 0 208 1
phone 0.0051 0 249 23 266
phone 0.0051 3 176 19 206
phone 0.0051 315 0 346 1
phone 0.0051 38 0 69 1
phone 0.0051 161 254 223 266
phone 0.0051 271 104 289 139
phone 0.0051 254 265 284 266
phone 0.0051 6 184 16 197
phone 0.0051 300 265 330 266
phone 0.0051 23 0 54 1
phone 0.0051 115 0 146 1
phone 0.0051 38 188 69 247
phone 0.0050 115 238 177 266
phone 0.0050 242 146 272 173
phone 0.0050 330 0 361 1
phone 0.0050 130 0 161 1
phone 0.0050 264 104 282 139
phone 0.0050 161 0 192 1
