phone 0.8749 17 307 138 395
phone 0.1436 86 98 293 308
phone 0.1165 22 259 223 399
phone 0.1101 45 304 105 387
phone 0.1034 62 322 118 399
phone 0.1002 31 48 227 295
phone 0.0909 50 184 319 336
phone 0.0663 2 95 141 302
phone 0.0582 0 275 100 391
phone 0.0565 0 298 54 399
phone 0.0449 1 329 87 393
phone 0.0437 62 306 184 399
phone 0.0397 0 76 85 264
phone 0.0392 158 202 288 315
phone 0.0391 18 171 122 291
phone 0.0378 126 87 253 262
phone 0.0357 76 237 236 359
phone 0.0354 11 142 249 385
phone 0.0350 38 232 156 375
phone 0.0341 62 123 194 277
phone 0.0332 154 132 284 273
phone 0.0326 191 153 314 312
phone 0.0315 105 291 270 399
phone 0.0281 87 168 237 297
phone 0.0269 207 97 300 248
phone 0.0258 74 194 167 343
phone 0.0253 0 226 53 370
phone 0.0238 232 132 319 272
phone 0.0228 25 331 63 392
phone 0.0208 233 200 319 320
phone 0.0208 37 314 82 378
phone 0.0206 173 64 274 223
phone 0.0196 10 329 48 393
phone 0.0188 0 134 48 268
phone 0.0170 0 193 81 339
phone 0.0169 111 37 209 185
phone 0.0168 119 181 215 325
phone 0.0166 38 56 163 230
phone 0.0165 64 161 148 314
phone 0.0159 82 345 160 399
phone 0.0157 104 88 199 234
phone 0.0148 200 221 302 354
phone 0.0147 85 230 157 308
phone 0.0145 0 293 14 399
phone 0.0145 100 327 173 396
phone 0.0144 82 330 128 393
phone 0.0144 11 359 77 399
phone 0.0135 0 224 13 366
phone 0.0132 13 113 106 239
phone 0.0127 177 315 280 399
phone 0.0127 111 145 193 299
phone 0.0126 155 50 241 179
phone 0.0125 137 65 197 134
phone 0.0125 46 203 135 333
phone 0.0124 71 214 140 293
phone 0.0124 0 157 130 399
phone 0.0123 0 98 56 223
phone 0.0122 0 332 30 390
phone 0.0120 103 348 138 399
phone 0.0119 154 325 243 399
phone 0.0118 115 159 188 225
phone 0.0118 148 83 217 146
phone 0.0115 149 247 247 383
phone 0.0114 64 34 148 164
phone 0.0111 94 298 179 363
phone 0.0110 124 312 212 399
phone 0.0108 273 172 319 292
phone 0.0107 169 64 227 135
phone 0.0107 0 265 26 395
phone 0.0105 175 178 252 236
phone 0.0104 221 321 298 399
phone 0.0104 181 80 246 149
phone 0.0104 130 234 204 304
phone 0.0103 85 202 156 275
phone 0.0103 218 240 301 298
phone 0.0102 5 49 84 180
phone 0.0102 118 332 154 390
phone 0.0102 13 126 75 196
phone 0.0101 27 159 92 225
phone 0.0100 72 172 139 242
phone 0.0100 55 234 125 303
phone 0.0099 197 266 291 393
phone 0.0099 57 113 124 178
phone 0.0099 0 131 10 270
phone 0.0098 118 347 185 399
phone 0.0098 309 174 319 291
phone 0.0098 247 233 319 365
phone 0.0097 130 234 310 399
phone 0.0096 102 137 171 216
phone 0.0096 0 279 47 350
phone 0.0096 165 87 199 143
phone 0.0096 130 204 204 272
phone 0.0096 0 303 34 358
phone 0.0096 96 15 177 153
phone 0.0095 109 253 194 316
phone 0.0095 117 81 186 149
phone 0.0094 240 71 319 207
phone 0.0094 0 132 48 190
phone 0.0093 202 256 286 312
phone 0.0093 0 221 63 286
phone 0.0092 90 48 152 120
phone 0.0092 102 239 139 298
phone 0.0092 163 360 233 399
phone 0.0092 134 163 169 220
phone 0.0091 17 137 48 162
phone 0.0091 193 360 264 399
phone 0.0091 192 193 266 252
phone 0.0091 173 172 255 303
phone 0.0091 149 265 217 334
phone 0.0091 0 175 36 300
phone 0.0091 72 65 140 134
phone 0.0091 145 129 219 194
phone 0.0091 115 125 188 197
phone 0.0090 164 154 232 230
phone 0.0090 24 134 41 165
phone 0.0089 9 251 80 317
phone 0.0088 182 54 214 113
phone 0.0088 196 86 230 144
phone 0.0087 87 239 124 298
phone 0.0087 0 159 31 225
phone 0.0087 68 132 144 190
phone 0.0087 225 129 294 193
phone 0.0087 0 103 47 158
phone 0.0087 160 98 236 163
phone 0.0087 94 267 178 332
phone 0.0087 285 205 319 332
phone 0.0086 162 298 234 363
phone 0.0086 153 57 212 112
phone 0.0086 194 234 263 304
phone 0.0086 39 191 111 254
phone 0.0085 126 146 208 207
phone 0.0084 99 69 174 130
phone 0.0084 129 175 205 239
phone 0.0084 28 143 37 156
phone 0.0084 254 236 319 301
phone 0.0083 111 287 193 343
phone 0.0083 225 299 294 362
phone 0.0083 207 284 281 345
phone 0.0083 161 190 235 255
phone 0.0083 80 161 162 222
phone 0.0083 230 355 289 399
phone 0.0083 27 116 61 175
phone 0.0082 186 165 272 219
phone 0.0082 135 71 168 128
phone 0.0082 179 112 248 179
phone 0.0082 73 240 107 297
phone 0.0082 0 116 29 175
phone 0.0082 0 283 15 347
phone 0.0082 148 23 319 251
phone 0.0082 148 75 179 101
phone 0.0082 98 174 175 241
phone 0.0081 88 178 122 236
phone 0.0081 42 148 76 205
phone 0.0081 196 179 230 235
phone 0.0081 0 360 29 399
phone 0.0081 104 55 138 113
phone 0.0081 292 240 319 297
phone 0.0081 53 203 127 272
phone 0.0080 312 208 319 315
phone 0.0080 11 84 77 146
phone 0.0080 39 46 112 183
phone 0.0080 27 147 61 206
phone 0.0079 256 266 319 333
phone 0.0079 41 219 109 287
phone 0.0079 20 117 99 175
phone 0.0079 226 100 293 161
phone 0.0079 181 203 246 272
phone 0.0079 177 142 249 211
phone 0.0079 46 142 136 272
phone 0.0078 120 179 184 266
phone 0.0078 140 225 225 282
phone 0.0078 0 161 66 222
phone 0.0078 242 241 276 296
phone 0.0078 181 178 215 236
phone 0.0078 135 362 168 399
phone 0.0078 68 101 144 160
phone 0.0078 89 71 122 128
phone 0.0078 155 71 172 105
phone 0.0078 212 194 245 251
phone 0.0077 0 206 31 269
phone 0.0077 73 131 107 190
phone 0.0077 287 143 319 271
phone 0.0077 181 348 214 399
phone 0.0077 194 30 265 168
phone 0.0077 105 94 168 166
phone 0.0077 55 83 126 146
phone 0.0077 19 239 100 299
phone 0.0077 241 282 309 347
phone 0.0076 306 224 319 282
phone 0.0076 222 267 297 332
phone 0.0076 14 60 75 109
phone 0.0076 239 143 311 209
phone 0.0076 157 255 239 313
phone 0.0076 0 194 67 251
phone 0.0076 269 208 319 268
phone 0.0076 90 29 152 78
phone 0.0076 37 145 113 208
phone 0.0076 149 240 184 297
phone 0.0075 135 317 168 374
phone 0.0075 0 162 15 221
phone 0.0075 5 208 83 268
phone 0.0075 168 220 260 347
phone 0.0075 0 295 1 365
phone 0.0075 87 81 155 149
phone 0.0075 119 163 153 220
phone 0.0075 212 363 245 399
phone 0.0075 73 101 107 159
phone 0.0075 292 194 319 251
phone 0.0074 0 327 1 395
phone 0.0074 191 129 266 193
phone 0.0074 256 158 319 225
phone 0.0074 8 175 80 240
phone 0.0074 0 270 30 328
phone 0.0074 181 317 215 374
phone 0.0074 165 270 199 328
phone 0.0074 209 172 279 242
phone 0.0074 119 86 153 144
phone 0.0074 11 239 46 298
phone 0.0074 118 303 154 358
phone 0.0074 272 252 319 316
phone 0.0073 103 209 139 267
phone 0.0073 0 240 30 297
phone 0.0073 208 216 280 290
phone 0.0073 242 132 276 190
phone 0.0073 131 296 203 364
phone 0.0073 119 361 154 399
phone 0.0073 193 267 265 332
phone 0.0073 227 256 261 312
phone 0.0073 227 348 261 399
phone 0.0073 29 24 91 143
phone 0.0073 243 113 307 178
phone 0.0073 58 193 91 251
phone 0.0073 42 177 76 237
phone 0.0073 262 305 319 355
phone 0.0072 87 111 155 180
phone 0.0072 0 70 11 207
phone 0.0072 121 24 152 82
phone 0.0072 29 55 60 113
phone 0.0072 27 255 61 313
phone 0.0072 88 148 122 205
phone 0.0072 106 24 137 82
phone 0.0072 224 48 296 180
phone 0.0072 228 154 291 230
phone 0.0072 237 189 312 256
phone 0.0072 150 271 184 328
phone 0.0072 75 0 137 111
phone 0.0071 243 301 276 359
phone 0.0071 258 255 292 313
phone 0.0071 0 26 60 141
phone 0.0071 47 66 103 133
phone 0.0071 243 347 276 399
phone 0.0071 43 352 107 399
phone 0.0071 135 89 199 172
phone 0.0071 67 0 254 239
phone 0.0071 0 127 20 256
phone 0.0070 165 133 199 189
phone 0.0070 0 206 1 331
phone 0.0070 212 240 245 298
phone 0.0070 184 57 243 111
phone 0.0070 224 200 295 276
phone 0.0070 305 179 319 235
phone 0.0070 180 102 215 158
phone 0.0070 149 209 184 267
phone 0.0070 73 70 107 128
phone 0.0070 293 290 319 340
phone 0.0070 259 102 291 158
phone 0.0070 122 49 182 119
phone 0.0069 44 55 75 113
phone 0.0069 12 147 45 205
phone 0.0069 0 0 1 98
phone 0.0069 196 117 230 174
phone 0.0069 196 208 230 267
phone 0.0069 227 286 261 343
phone 0.0069 211 109 277 182
phone 0.0069 0 160 0 284
phone 0.0068 88 118 122 173
phone 0.0068 196 363 230 399
phone 0.0068 91 24 121 82
phone 0.0068 14 55 44 113
phone 0.0068 0 278 0 351
phone 0.0068 59 44 121 93
phone 0.0068 104 179 138 235
phone 0.0068 0 53 45 176
phone 0.0068 95 217 177 290
phone 0.0067 191 299 267 362
phone 0.0067 122 28 182 78
phone 0.0067 134 257 169 312
phone 0.0067 288 252 319 377
phone 0.0067 261 91 319 139
phone 0.0067 207 144 281 209
phone 0.0067 58 224 92 282
phone 0.0067 276 300 305 360
phone 0.0067 58 164 91 220
phone 0.0067 159 82 168 94
phone 0.0067 0 43 18 167
phone 0.0066 212 117 245 174
phone 0.0066 0 208 14 267
phone 0.0066 41 246 109 322
phone 0.0066 258 132 292 189
phone 0.0066 259 362 291 399
phone 0.0066 305 255 319 313
phone 0.0066 44 11 106 126
phone 0.0066 180 133 215 189
phone 0.0066 199 66 259 133
phone 0.0066 307 285 319 345
phone 0.0066 45 30 105 77
phone 0.0066 58 85 92 144
phone 0.0066 29 45 90 93
phone 0.0066 119 55 153 113
phone 0.0066 11 209 45 266
phone 0.0066 42 118 76 173
phone 0.0066 301 288 318 319
phone 0.0065 258 286 291 344
phone 0.0065 139 42 196 96
phone 0.0065 181 286 215 343
phone 0.0065 87 208 124 268
phone 0.0065 150 164 184 219
phone 0.0065 136 24 168 82
phone 0.0065 0 45 59 92
phone 0.0065 212 86 245 143
phone 0.0065 59 151 122 232
phone 0.0065 0 142 3 271
phone 0.0065 27 179 61 235
phone 0.0065 135 287 168 343
phone 0.0065 75 39 106 97
phone 0.0064 275 85 306 144
phone 0.0064 294 137 319 162
phone 0.0064 0 70 0 190
phone 0.0064 104 86 138 144
phone 0.0064 88 361 123 399
phone 0.0064 134 132 169 190
phone 0.0063 14 30 74 77
phone 0.0063 211 164 245 219
phone 0.0063 165 164 199 220
phone 0.0063 242 271 276 328
phone 0.0063 228 70 261 128
phone 0.0063 104 132 138 189
phone 0.0063 60 39 90 97
phone 0.0063 73 209 107 266
phone 0.0063 227 178 261 235
phone 0.0063 0 75 29 123
phone 0.0063 13 0 76 110
phone 0.0063 181 226 215 281
phone 0.0063 11 115 46 176
phone 0.0063 27 210 61 266
phone 0.0063 215 59 274 110
phone 0.0062 9 114 40 139
phone 0.0062 214 30 274 77
phone 0.0062 276 76 319 123
phone 0.0062 150 332 184 389
phone 0.0062 197 0 261 95
phone 0.0062 105 0 169 95
phone 0.0062 242 162 276 221
phone 0.0062 165 346 199 399
phone 0.0062 150 301 184 359
phone 0.0062 42 241 76 296
phone 0.0061 0 255 14 313
phone 0.0061 275 42 319 156
phone 0.0061 211 333 245 389
phone 0.0061 215 78 273 152
phone 0.0061 134 101 169 159
phone 0.0061 119 116 153 175
phone 0.0061 165 316 199 375
phone 0.0061 0 130 2 153
phone 0.0061 45 23 75 82
phone 0.0061 16 110 33 142
phone 0.0061 180 256 215 312
phone 0.0061 260 60 319 108
phone 0.0061 273 225 307 281
phone 0.0061 213 55 245 113
phone 0.0061 257 226 292 281
phone 0.0061 12 179 45 235
phone 0.0061 76 14 136 62
phone 0.0060 288 87 319 203
phone 0.0060 173 284 253 346
phone 0.0060 247 320 303 371
phone 0.0060 165 241 199 296
phone 0.0060 29 23 59 82
phone 0.0060 0 24 0 143
phone 0.0060 211 270 245 328
phone 0.0060 258 331 319 399
phone 0.0060 245 45 305 92
phone 0.0060 228 0 291 110
phone 0.0060 0 70 13 128
phone 0.0060 0 159 25 186
phone 0.0059 227 317 261 374
phone 0.0059 195 148 231 205
phone 0.0059 196 333 230 389
phone 0.0059 229 23 259 82
phone 0.0059 135 0 200 112
phone 0.0059 0 39 29 98
phone 0.0059 306 85 319 144
phone 0.0059 259 11 319 125
phone 0.0059 243 86 276 143
phone 0.0059 306 116 319 175
phone 0.0059 150 362 184 399
phone 0.0059 118 272 154 327
phone 0.0059 292 106 319 154
phone 0.0059 58 132 92 189
phone 0.0059 246 75 304 124
phone 0.0058 214 23 244 82
phone 0.0058 278 130 310 154
phone 0.0058 276 54 306 113
phone 0.0058 227 116 261 175
phone 0.0058 187 90 217 117
phone 0.0058 245 23 275 82
phone 0.0058 260 316 290 375
phone 0.0057 292 322 319 369
phone 0.0057 273 148 307 205
phone 0.0057 166 0 230 94
phone 0.0057 260 30 319 77
phone 0.0057 276 45 319 93
phone 0.0057 152 24 183 82
phone 0.0057 11 269 46 330
phone 0.0057 260 39 290 98
phone 0.0057 196 239 230 298
phone 0.0057 0 30 44 77
phone 0.0057 286 126 302 158
phone 0.0057 291 54 319 113
phone 0.0057 165 211 199 265
phone 0.0057 276 0 319 30
phone 0.0057 0 133 12 189
phone 0.0057 305 297 314 310
phone 0.0056 0 101 14 159
phone 0.0056 133 193 170 252
phone 0.0056 0 0 45 110
phone 0.0056 289 163 319 220
phone 0.0056 76 273 165 357
phone 0.0056 184 14 243 62
phone 0.0056 275 363 306 399
phone 0.0056 271 110 319 242
phone 0.0056 260 70 290 128
phone 0.0056 257 178 292 236
phone 0.0056 20 120 30 133
phone 0.0056 305 143 314 156
phone 0.0056 42 209 76 267
phone 0.0056 72 360 109 399
phone 0.0055 306 316 319 375
phone 0.0055 227 148 261 205
phone 0.0055 291 367 319 399
phone 0.0055 306 54 319 113
phone 0.0055 73 178 107 236
phone 0.0055 259 0 319 64
phone 0.0055 149 133 184 189
phone 0.0055 230 14 290 62
phone 0.0055 306 368 319 399
phone 0.0055 273 179 307 235
phone 0.0055 0 214 2 353
phone 0.0055 0 45 13 92
phone 0.0055 75 8 106 67
phone 0.0055 276 23 306 82
phone 0.0054 307 101 319 240
phone 0.0054 0 146 2 169
phone 0.0054 149 101 185 160
phone 0.0054 211 302 245 358
phone 0.0054 63 160 94 185
phone 0.0054 193 86 211 120
phone 0.0054 244 55 275 113
phone 0.0054 291 23 319 82
phone 0.0054 0 12 14 125
phone 0.0054 199 0 258 30
phone 0.0054 306 0 319 64
phone 0.0054 179 82 209 109
phone 0.0054 159 89 168 102
phone 0.0054 30 14 90 62
phone 0.0054 307 0 319 30
phone 0.0054 213 0 275 64
phone 0.0053 245 0 305 30
phone 0.0053 91 0 152 46
phone 0.0053 278 126 295 158
phone 0.0053 179 198 210 224
phone 0.0053 25 152 56 178
phone 0.0053 198 8 229 67
phone 0.0053 24 301 63 359
phone 0.0053 57 255 92 313
phone 0.0053 183 8 214 67
phone 0.0053 15 0 74 30
phone 0.0053 226 224 262 282
phone 0.0053 121 0 152 51
phone 0.0053 122 0 182 46
phone 0.0053 48 221 79 247
phone 0.0053 186 195 203 227
phone 0.0053 107 0 166 30
phone 0.0053 168 0 228 30
phone 0.0052 137 14 197 62
phone 0.0052 118 195 154 250
phone 0.0052 0 161 2 184
phone 0.0052 106 0 136 51
phone 0.0052 0 0 12 30
phone 0.0052 40 183 71 209
phone 0.0052 76 0 135 30
phone 0.0052 289 135 299 148
phone 0.0052 32 148 49 181
phone 0.0052 60 8 91 67
phone 0.0052 0 0 14 64
phone 0.0052 45 0 105 30
phone 0.0052 70 156 87 189
phone 0.0052 152 0 213 46
phone 0.0052 0 14 59 62
phone 0.0052 102 98 132 124
phone 0.0052 214 0 244 37
phone 0.0052 59 0 121 64
phone 0.0051 138 0 197 30
phone 0.0051 137 0 167 51
phone 0.0051 230 0 259 37
phone 0.0051 55 217 72 251
phone 0.0051 261 0 290 37
phone 0.0051 167 40 199 97
phone 0.0051 56 129 86 155
phone 0.0051 199 0 228 37
phone 0.0051 91 0 121 51
phone 0.0051 47 179 64 212
phone 0.0051 0 179 13 296
phone 0.0051 167 0 198 51
phone 0.0051 30 0 59 37
phone 0.0050 55 352 87 377
phone 0.0050 306 30 319 77
phone 0.0050 162 71 180 105
phone 0.0050 0 367 2 394
phone 0.0050 152 0 183 51
phone 0.0050 0 96 1 225
phone 0.0050 245 0 274 37
