phone 0.8903 131 143 209 273
phone 0.0995 109 168 195 247
phone 0.0652 88 154 191 297
phone 0.0547 154 167 211 248
phone 0.0544 120 104 243 257
phone 0.0534 140 182 194 263
phone 0.0497 0 114 107 286
phone 0.0385 57 176 211 334
phone 0.0340 130 182 236 320
phone 0.0270 80 114 193 245
phone 0.0266 36 125 153 277
phone 0.0253 127 169 267 276
phone 0.0251 0 215 99 369
phone 0.0249 0 50 95 234
phone 0.0231 22 249 121 390
phone 0.0223 190 132 319 268
phone 0.0222 84 57 289 284
phone 0.0202 33 230 160 355
phone 0.0199 3 54 188 281
phone 0.0183 130 157 174 226
phone 0.0183 52 286 141 399
phone 0.0182 103 187 170 258
phone 0.0179 36 69 157 216
phone 0.0178 117 237 148 262
phone 0.0177 119 177 154 237
phone 0.0176 147 194 218 283
phone 0.0170 124 233 141 266
phone 0.0165 65 264 191 372
phone 0.0165 3 134 195 384
phone 0.0164 145 122 219 231
phone 0.0157 16 177 119 345
phone 0.0150 128 243 137 256
phone 0.0146 104 219 215 355
phone 0.0144 167 176 260 239
phone 0.0137 194 180 304 337
phone 0.0136 85 159 156 225
phone 0.0133 85 42 178 177
phone 0.0132 93 143 285 368
phone 0.0132 101 143 172 210
phone 0.0131 137 12 250 208
phone 0.0128 126 62 209 229
phone 0.0127 155 234 172 265
phone 0.0126 147 237 179 262
phone 0.0125 13 11 127 208
phone 0.0121 158 73 288 214
phone 0.0121 68 144 143 209
phone 0.0120 223 62 319 217
phone 0.0117 159 243 168 256
phone 0.0117 188 159 270 286
phone 0.0117 148 234 164 265
phone 0.0115 231 215 319 306
phone 0.0114 183 106 275 246
phone 0.0111 123 280 212 399
phone 0.0110 75 313 168 399
phone 0.0109 151 243 160 256
phone 0.0108 67 176 144 239
phone 0.0106 0 294 76 399
phone 0.0106 54 277 126 353
phone 0.0105 34 314 117 399
phone 0.0104 164 205 262 332
phone 0.0104 55 156 126 228
phone 0.0104 66 300 145 361
phone 0.0104 10 128 78 194
phone 0.0103 103 163 138 220
phone 0.0103 155 208 241 268
phone 0.0102 169 252 259 377
phone 0.0102 52 191 128 254
phone 0.0102 88 204 155 272
phone 0.0101 119 148 154 205
phone 0.0101 117 198 148 224
phone 0.0100 111 324 193 399
phone 0.0100 0 133 68 250
phone 0.0099 136 211 199 295
phone 0.0099 104 194 138 251
phone 0.0098 0 330 1 399
phone 0.0096 0 145 55 325
phone 0.0096 162 207 202 269
phone 0.0096 82 187 162 319
phone 0.0096 195 195 231 250
phone 0.0095 195 153 262 231
phone 0.0095 26 95 93 166
phone 0.0094 116 233 133 266
phone 0.0094 82 131 160 191
phone 0.0093 39 203 111 273
phone 0.0092 124 0 209 159
phone 0.0092 124 194 141 228
phone 0.0092 223 223 296 284
phone 0.0091 37 266 112 333
phone 0.0091 43 78 107 152
phone 0.0091 150 325 216 399
phone 0.0090 204 234 285 364
phone 0.0089 68 348 144 399
phone 0.0089 68 265 143 334
phone 0.0088 27 132 60 190
phone 0.0088 0 268 64 331
phone 0.0088 132 315 202 376
phone 0.0088 138 362 197 399
phone 0.0088 114 254 190 314
phone 0.0087 147 236 218 301
phone 0.0087 54 126 126 196
phone 0.0087 165 31 232 168
phone 0.0087 211 192 246 252
phone 0.0087 63 0 144 165
phone 0.0087 23 332 96 390
phone 0.0086 189 45 269 184
phone 0.0086 0 234 43 350
phone 0.0086 142 142 192 211
phone 0.0086 88 148 123 204
phone 0.0085 110 206 140 232
phone 0.0085 116 194 134 228
phone 0.0084 43 360 107 399
phone 0.0084 120 243 130 256
phone 0.0084 206 146 282 207
phone 0.0084 106 217 167 289
phone 0.0084 0 230 45 277
phone 0.0083 178 284 249 345
phone 0.0083 8 317 81 374
phone 0.0082 10 219 78 287
phone 0.0082 103 357 170 399
phone 0.0082 181 225 215 281
phone 0.0082 55 248 126 320
phone 0.0082 224 128 295 194
phone 0.0081 39 172 111 242
phone 0.0081 42 101 76 159
phone 0.0081 37 297 113 364
phone 0.0080 137 59 197 110
phone 0.0080 175 224 252 283
phone 0.0080 210 96 278 164
phone 0.0080 210 251 278 317
phone 0.0080 128 205 137 217
phone 0.0079 121 113 182 209
phone 0.0079 73 302 107 359
phone 0.0079 194 127 264 195
phone 0.0079 193 268 265 331
phone 0.0079 0 115 45 227
phone 0.0079 0 153 45 200
phone 0.0079 88 179 123 235
phone 0.0079 180 79 247 151
phone 0.0078 0 87 60 203
phone 0.0078 88 302 122 358
phone 0.0078 57 85 92 144
phone 0.0078 146 300 219 361
phone 0.0077 39 233 111 305
phone 0.0077 0 121 60 170
phone 0.0077 105 23 169 144
phone 0.0077 107 58 166 110
phone 0.0077 208 174 280 240
phone 0.0077 0 77 17 193
phone 0.0077 222 191 297 254
phone 0.0077 0 238 29 299
phone 0.0077 222 160 297 223
phone 0.0077 243 240 276 297
phone 0.0077 73 148 107 205
phone 0.0077 168 66 228 133
phone 0.0077 184 58 243 110
phone 0.0076 152 55 183 113
phone 0.0076 119 280 185 349
phone 0.0076 14 69 75 191
phone 0.0076 98 115 175 176
phone 0.0076 68 112 143 179
phone 0.0076 148 79 217 150
phone 0.0076 0 208 29 268
phone 0.0076 68 238 143 300
phone 0.0076 147 266 218 333
phone 0.0076 0 195 64 250
phone 0.0076 9 158 79 226
phone 0.0076 135 347 168 399
phone 0.0076 0 137 12 258
phone 0.0076 176 253 251 315
phone 0.0075 60 58 120 111
phone 0.0075 210 203 278 273
phone 0.0075 73 194 107 251
phone 0.0075 170 142 256 212
phone 0.0075 9 249 79 319
phone 0.0075 150 317 184 374
phone 0.0075 177 194 217 251
phone 0.0075 13 115 44 175
phone 0.0074 28 60 91 108
phone 0.0074 0 323 44 369
phone 0.0074 76 288 166 342
phone 0.0074 167 55 199 113
phone 0.0074 136 55 168 113
phone 0.0074 135 255 168 312
phone 0.0074 149 222 185 284
phone 0.0074 121 55 152 113
phone 0.0074 89 348 122 399
phone 0.0074 104 318 138 373
phone 0.0074 0 240 62 298
phone 0.0074 29 26 91 141
phone 0.0074 59 347 91 399
phone 0.0073 198 55 229 113
phone 0.0073 120 205 130 217
phone 0.0073 166 240 199 297
phone 0.0073 182 55 214 113
phone 0.0073 113 203 191 273
phone 0.0073 101 81 171 149
phone 0.0073 103 133 138 189
phone 0.0073 160 113 236 179
phone 0.0073 52 221 128 286
phone 0.0072 230 75 289 124
phone 0.0072 104 224 138 282
phone 0.0072 12 255 45 313
phone 0.0072 57 209 92 266
phone 0.0072 91 66 151 133
phone 0.0072 24 188 95 257
phone 0.0072 227 39 293 159
phone 0.0072 0 303 64 357
phone 0.0072 104 348 138 399
phone 0.0072 59 55 91 113
phone 0.0072 101 297 172 364
phone 0.0071 21 283 98 346
phone 0.0071 0 131 29 190
phone 0.0071 37 143 113 210
phone 0.0071 105 55 137 113
phone 0.0071 57 271 92 327
phone 0.0071 231 273 288 325
phone 0.0071 228 70 260 128
phone 0.0071 196 286 230 343
phone 0.0071 201 68 257 131
phone 0.0070 12 286 45 344
phone 0.0070 28 316 60 374
phone 0.0070 228 270 260 328
phone 0.0070 101 266 172 333
phone 0.0070 235 155 315 290
phone 0.0070 45 55 75 113
phone 0.0070 72 271 108 328
phone 0.0070 135 103 200 189
phone 0.0070 27 224 61 282
phone 0.0070 0 200 10 319
phone 0.0070 0 0 1 99
phone 0.0070 140 252 171 277
phone 0.0070 213 55 244 113
phone 0.0070 90 55 122 113
phone 0.0069 24 216 232 399
phone 0.0069 244 70 275 128
phone 0.0069 0 161 29 222
phone 0.0069 12 162 45 221
phone 0.0069 213 304 276 399
phone 0.0069 123 67 181 132
phone 0.0069 0 91 60 138
phone 0.0069 81 100 161 161
phone 0.0069 110 190 140 217
phone 0.0069 211 162 246 222
phone 0.0068 194 234 264 303
phone 0.0068 242 133 276 189
phone 0.0068 73 347 107 399
phone 0.0068 246 90 304 140
phone 0.0068 167 332 198 390
phone 0.0068 13 76 76 123
phone 0.0068 151 347 183 399
phone 0.0068 0 183 44 231
phone 0.0067 0 276 29 323
phone 0.0067 44 45 106 93
phone 0.0067 169 319 227 372
phone 0.0067 135 225 168 282
phone 0.0067 0 300 29 360
phone 0.0067 120 212 130 225
phone 0.0067 102 237 132 262
phone 0.0067 242 210 276 266
phone 0.0067 196 225 230 281
phone 0.0067 152 45 213 93
phone 0.0067 227 148 261 205
phone 0.0067 227 102 261 159
phone 0.0067 196 86 230 143
phone 0.0067 14 367 74 399
phone 0.0067 122 45 182 93
phone 0.0066 44 11 106 126
phone 0.0066 245 270 275 329
phone 0.0066 245 173 305 241
phone 0.0066 275 147 319 252
phone 0.0066 75 45 136 93
phone 0.0066 166 302 199 359
phone 0.0066 14 30 74 77
phone 0.0066 194 214 225 239
phone 0.0066 0 48 21 160
phone 0.0066 212 271 245 328
phone 0.0066 135 285 168 344
phone 0.0066 28 100 60 160
phone 0.0065 182 301 214 359
phone 0.0065 14 85 44 144
phone 0.0065 214 60 274 108
phone 0.0065 13 193 45 252
phone 0.0065 247 258 302 309
phone 0.0065 13 0 75 110
phone 0.0065 260 85 290 144
phone 0.0065 150 86 184 144
phone 0.0065 28 362 60 399
phone 0.0065 29 70 60 128
phone 0.0065 0 270 13 329
phone 0.0064 57 179 92 235
phone 0.0064 44 346 75 399
phone 0.0064 147 248 164 281
phone 0.0064 137 29 197 77
phone 0.0064 107 29 166 77
phone 0.0064 60 29 120 77
phone 0.0064 182 11 245 126
phone 0.0064 87 271 123 328
phone 0.0064 165 271 199 328
phone 0.0064 168 29 228 77
phone 0.0064 165 282 232 399
phone 0.0064 165 86 199 143
phone 0.0064 230 45 290 93
phone 0.0064 245 60 305 108
phone 0.0064 199 45 259 93
phone 0.0064 58 302 92 358
phone 0.0064 118 94 186 166
phone 0.0064 152 0 214 110
phone 0.0064 0 331 29 391
phone 0.0064 76 39 106 98
phone 0.0063 90 0 152 110
phone 0.0063 229 331 260 390
phone 0.0063 227 224 261 282
phone 0.0063 211 132 246 190
phone 0.0063 128 251 137 263
phone 0.0063 27 163 61 221
phone 0.0063 181 86 215 143
phone 0.0063 43 317 76 374
phone 0.0063 260 76 319 123
phone 0.0063 213 11 276 126
phone 0.0063 0 367 29 399
phone 0.0063 196 256 230 312
phone 0.0063 259 27 319 141
phone 0.0063 230 337 290 385
phone 0.0063 0 42 60 156
phone 0.0063 29 23 59 82
phone 0.0063 38 111 112 180
phone 0.0063 276 91 319 139
phone 0.0063 242 164 276 220
phone 0.0062 260 254 290 314
phone 0.0062 306 367 319 399
phone 0.0062 291 367 319 399
phone 0.0062 181 255 215 313
phone 0.0062 214 29 274 77
phone 0.0062 0 76 44 123
phone 0.0062 0 106 44 154
phone 0.0062 276 261 319 308
phone 0.0062 263 211 318 264
phone 0.0062 211 86 246 143
phone 0.0062 71 77 140 153
phone 0.0062 45 23 75 82
phone 0.0062 261 106 319 154
phone 0.0062 27 255 61 313
phone 0.0062 305 332 319 399
phone 0.0062 274 57 319 172
phone 0.0062 239 110 312 243
phone 0.0062 134 86 169 143
phone 0.0062 201 210 218 243
phone 0.0062 0 60 59 108
phone 0.0062 54 94 126 166
phone 0.0061 128 197 137 209
phone 0.0061 243 102 276 158
phone 0.0061 128 213 137 225
phone 0.0061 150 286 184 343
phone 0.0061 153 23 182 83
phone 0.0061 119 118 153 173
phone 0.0061 274 227 319 340
phone 0.0061 122 23 152 83
phone 0.0061 88 241 123 296
phone 0.0061 168 23 198 83
phone 0.0061 276 122 319 169
phone 0.0061 91 23 121 83
phone 0.0061 0 362 14 399
phone 0.0061 226 179 261 236
phone 0.0061 183 23 213 83
phone 0.0061 60 23 90 83
phone 0.0061 199 23 229 83
phone 0.0061 106 23 136 83
phone 0.0061 119 317 153 374
phone 0.0061 119 86 153 143
phone 0.0061 137 23 167 83
phone 0.0061 276 60 319 108
phone 0.0061 109 233 126 266
phone 0.0061 260 54 290 113
phone 0.0061 245 39 275 98
phone 0.0061 275 193 306 252
phone 0.0061 119 255 153 313
phone 0.0061 14 23 44 82
phone 0.0061 260 291 319 338
phone 0.0061 119 347 153 399
phone 0.0060 260 45 319 93
phone 0.0060 214 23 244 83
phone 0.0060 229 39 259 98
phone 0.0060 212 224 245 282
phone 0.0060 245 29 305 77
phone 0.0060 246 143 304 209
phone 0.0060 42 209 76 267
phone 0.0060 0 45 28 93
phone 0.0060 245 322 305 369
phone 0.0060 244 316 275 375
phone 0.0060 0 223 13 283
phone 0.0060 259 258 319 371
phone 0.0060 276 70 306 128
phone 0.0060 0 338 59 384
phone 0.0060 291 70 319 129
phone 0.0060 244 0 306 110
phone 0.0059 275 101 306 159
phone 0.0059 0 85 29 144
phone 0.0059 244 289 307 399
phone 0.0059 258 163 291 221
phone 0.0059 276 337 319 385
phone 0.0059 0 11 29 125
phone 0.0059 200 304 257 356
phone 0.0059 14 54 44 113
phone 0.0059 291 101 319 159
phone 0.0059 0 193 13 252
phone 0.0059 88 210 122 265
phone 0.0059 27 286 61 343
phone 0.0058 134 116 169 175
phone 0.0058 262 180 318 234
phone 0.0058 0 100 13 159
phone 0.0058 275 285 306 344
phone 0.0058 151 259 160 271
phone 0.0058 244 367 306 399
phone 0.0058 73 70 107 128
phone 0.0058 14 330 44 391
phone 0.0058 0 337 13 385
phone 0.0058 57 240 92 297
phone 0.0058 42 132 76 189
phone 0.0058 0 54 13 113
phone 0.0058 119 286 153 343
phone 0.0058 260 353 319 399
phone 0.0058 260 316 290 374
phone 0.0058 13 362 45 399
phone 0.0057 110 228 140 255
phone 0.0057 276 39 305 98
phone 0.0057 0 209 0 328
phone 0.0057 0 101 0 220
phone 0.0057 88 118 123 174
phone 0.0057 30 14 89 62
phone 0.0057 0 14 59 62
phone 0.0057 260 23 290 82
phone 0.0057 276 168 319 216
phone 0.0057 0 39 0 159
phone 0.0057 0 255 1 374
phone 0.0057 0 147 1 267
phone 0.0057 290 304 319 399
phone 0.0057 306 85 319 144
phone 0.0057 42 286 76 343
phone 0.0057 276 0 319 30
phone 0.0057 291 131 319 190
phone 0.0057 0 0 46 95
phone 0.0057 42 178 76 236
phone 0.0057 275 363 306 399
phone 0.0057 276 223 305 283
phone 0.0057 76 14 135 62
phone 0.0056 0 137 13 185
phone 0.0056 259 363 291 399
phone 0.0056 276 29 319 77
phone 0.0056 245 0 305 30
phone 0.0056 0 168 13 215
phone 0.0056 275 307 319 354
phone 0.0056 291 270 319 328
phone 0.0056 153 14 212 62
phone 0.0056 169 366 227 399
phone 0.0056 58 148 92 204
phone 0.0056 72 225 107 281
phone 0.0056 260 0 319 64
phone 0.0056 0 23 13 82
phone 0.0056 122 14 182 62
phone 0.0056 200 337 258 384
phone 0.0056 215 288 273 342
phone 0.0056 184 14 243 62
phone 0.0056 274 0 319 110
phone 0.0056 73 117 107 174
phone 0.0056 258 194 291 251
phone 0.0056 103 288 138 342
phone 0.0055 163 233 180 266
phone 0.0055 0 289 14 399
phone 0.0055 107 0 166 30
phone 0.0055 118 182 148 209
phone 0.0055 0 307 13 354
phone 0.0055 175 162 220 222
phone 0.0055 42 240 76 297
phone 0.0055 291 184 319 231
phone 0.0055 291 39 319 98
phone 0.0055 306 0 319 64
phone 0.0055 182 332 246 399
phone 0.0055 291 245 319 292
phone 0.0055 306 54 319 113
phone 0.0055 213 331 244 390
phone 0.0055 230 14 289 62
phone 0.0055 205 220 214 233
phone 0.0055 194 164 232 220
phone 0.0055 103 87 138 143
phone 0.0054 307 0 319 30
phone 0.0054 214 300 244 360
phone 0.0054 76 0 135 30
phone 0.0054 215 0 274 30
phone 0.0054 306 116 319 175
phone 0.0054 180 118 215 173
phone 0.0054 245 347 275 399
phone 0.0054 117 213 148 240
phone 0.0054 168 0 228 30
phone 0.0054 198 363 229 399
phone 0.0054 151 251 160 264
phone 0.0054 275 316 306 374
phone 0.0054 261 0 290 37
phone 0.0054 138 0 197 30
phone 0.0054 291 208 319 267
phone 0.0053 59 0 121 64
phone 0.0053 306 147 319 205
phone 0.0053 306 316 319 375
phone 0.0053 112 243 122 256
phone 0.0053 214 367 275 399
phone 0.0053 198 0 260 64
phone 0.0053 75 8 106 67
phone 0.0053 150 255 184 313
phone 0.0053 306 177 319 236
phone 0.0053 194 228 225 255
phone 0.0053 122 0 151 37
phone 0.0053 120 197 130 209
phone 0.0053 196 117 230 174
phone 0.0053 260 285 290 344
phone 0.0053 245 0 274 37
phone 0.0053 45 0 105 30
phone 0.0053 306 239 319 298
phone 0.0053 15 0 74 30
phone 0.0053 107 0 136 37
phone 0.0053 0 0 12 30
phone 0.0052 306 285 319 344
phone 0.0052 199 316 229 375
phone 0.0052 137 0 167 37
phone 0.0052 230 0 259 37
phone 0.0052 91 0 121 37
phone 0.0052 228 363 260 399
phone 0.0052 230 306 289 354
phone 0.0052 247 115 303 175
phone 0.0052 259 132 291 190
phone 0.0052 184 0 213 37
phone 0.0052 168 0 198 37
phone 0.0051 214 0 244 37
phone 0.0051 199 0 228 37
phone 0.0051 229 8 260 67
phone 0.0051 153 0 182 37
phone 0.0051 306 208 319 267
phone 0.0051 213 363 245 399
phone 0.0051 244 8 275 67
phone 0.0051 76 0 105 37
phone 0.0051 262 243 318 294
phone 0.0051 14 0 44 51
phone 0.0050 61 0 90 37
phone 0.0050 230 300 259 360
phone 0.0050 116 178 134 213
phone 0.0050 103 256 138 312
phone 0.0050 88 86 123 143
phone 0.0050 91 0 151 46
phone 0.0050 30 0 59 37
phone 0.0050 306 30 319 77
