phone 0.8171 61 174 138 249
phone 0.1373 72 184 118 261
phone 0.1288 54 116 136 268
phone 0.0646 61 170 184 274
phone 0.0350 61 176 97 239
phone 0.0345 41 119 266 282
phone 0.0343 15 62 135 223
phone 0.0312 58 117 194 240
phone 0.0285 49 162 220 344
phone 0.0281 55 193 151 305
phone 0.0276 13 19 194 257
phone 0.0262 0 123 64 272
phone 0.0236 44 150 115 234
phone 0.0218 19 0 132 159
phone 0.0205 61 228 159 370
phone 0.0202 28 249 130 380
phone 0.0197 33 191 125 255
phone 0.0187 126 149 217 296
phone 0.0185 0 145 43 321
phone 0.0183 0 148 99 306
phone 0.0176 77 73 173 218
phone 0.0174 43 38 165 189
phone 0.0173 0 243 72 399
phone 0.0172 92 177 189 239
phone 0.0171 90 7 183 150
phone 0.0169 105 193 145 252
phone 0.0169 96 49 266 240
phone 0.0166 0 116 179 340
phone 0.0161 71 282 148 348
phone 0.0147 106 91 206 230
phone 0.0146 40 280 117 350
phone 0.0137 0 208 40 382
phone 0.0137 4 134 123 249
phone 0.0136 80 267 171 393
phone 0.0135 0 211 97 357
phone 0.0134 0 32 96 185
phone 0.0130 0 171 26 290
phone 0.0127 0 56 60 220
phone 0.0127 91 215 191 352
phone 0.0124 0 22 56 145
phone 0.0123 32 196 126 341
phone 0.0123 124 177 188 269
phone 0.0121 75 175 106 201
phone 0.0120 97 193 266 325
phone 0.0118 245 283 266 308
phone 0.0117 53 300 136 361
phone 0.0117 91 294 160 367
phone 0.0116 120 153 192 231
phone 0.0115 82 172 99 204
phone 0.0114 147 221 256 346
phone 0.0112 137 169 206 246
phone 0.0110 92 287 127 343
phone 0.0110 88 96 162 164
phone 0.0109 22 313 107 399
phone 0.0109 172 75 266 207
phone 0.0108 110 177 202 329
phone 0.0107 138 109 236 243
phone 0.0107 139 268 235 391
phone 0.0107 137 52 238 176
phone 0.0107 89 200 162 277
phone 0.0106 98 312 184 399
phone 0.0104 72 237 253 389
phone 0.0104 173 126 263 257
phone 0.0103 64 326 156 399
phone 0.0103 0 237 38 300
phone 0.0103 0 233 21 352
phone 0.0102 100 115 181 176
phone 0.0101 86 182 96 194
phone 0.0100 10 282 87 348
phone 0.0100 255 289 265 302
phone 0.0100 0 111 23 228
phone 0.0099 0 143 37 209
phone 0.0098 0 190 37 255
phone 0.0098 25 297 102 363
phone 0.0097 136 201 207 276
phone 0.0096 101 139 180 214
phone 0.0096 121 180 159 235
phone 0.0096 61 287 97 343
phone 0.0095 107 286 143 343
phone 0.0095 138 327 206 399
phone 0.0094 56 263 133 336
phone 0.0094 173 251 263 378
phone 0.0093 87 264 163 335
phone 0.0093 16 183 111 232
phone 0.0093 0 264 69 334
phone 0.0093 0 299 48 399
phone 0.0092 119 127 193 195
phone 0.0091 149 160 256 284
phone 0.0091 130 16 213 151
phone 0.0090 0 114 36 178
phone 0.0090 76 287 112 343
phone 0.0089 26 262 101 337
phone 0.0089 1 55 34 113
phone 0.0087 0 286 37 343
phone 0.0087 102 283 180 347
phone 0.0086 169 65 235 134
phone 0.0086 169 300 236 360
phone 0.0086 13 332 84 390
phone 0.0086 0 40 49 97
phone 0.0086 108 360 174 399
phone 0.0085 0 224 19 282
phone 0.0085 0 97 53 164
phone 0.0084 0 157 69 226
phone 0.0084 85 158 135 226
phone 0.0084 143 365 200 399
phone 0.0084 198 158 266 303
phone 0.0084 11 247 85 322
phone 0.0084 119 98 193 162
phone 0.0084 68 1 153 136
phone 0.0084 31 359 97 399
phone 0.0083 0 147 19 205
phone 0.0083 182 29 255 169
phone 0.0083 43 247 115 321
phone 0.0083 0 178 19 236
phone 0.0083 123 347 189 399
phone 0.0083 0 57 18 172
phone 0.0082 137 177 174 237
phone 0.0082 10 192 87 253
phone 0.0082 164 270 241 329
phone 0.0082 182 143 253 210
phone 0.0082 139 112 204 179
phone 0.0082 0 91 19 138
phone 0.0082 14 32 82 106
phone 0.0082 103 249 178 319
phone 0.0082 0 317 71 374
phone 0.0081 204 230 263 307
phone 0.0081 1 86 34 144
phone 0.0081 107 102 142 159
phone 0.0081 0 255 18 313
phone 0.0081 183 174 253 240
phone 0.0080 75 360 145 399
phone 0.0080 46 287 81 343
phone 0.0080 115 269 197 330
phone 0.0080 75 247 145 322
phone 0.0080 75 106 145 186
phone 0.0078 247 289 257 302
phone 0.0078 121 50 191 118
phone 0.0078 139 118 173 173
phone 0.0078 200 160 266 224
phone 0.0078 0 85 2 144
phone 0.0078 132 235 210 303
phone 0.0078 77 75 143 154
phone 0.0078 146 192 228 253
phone 0.0078 42 114 117 178
phone 0.0077 150 130 224 192
phone 0.0077 199 129 266 193
phone 0.0077 0 165 2 279
phone 0.0077 153 178 189 237
phone 0.0077 7 0 263 195
phone 0.0077 123 118 158 173
phone 0.0077 31 287 65 343
phone 0.0077 184 111 252 180
phone 0.0077 135 85 209 145
phone 0.0076 184 204 252 272
phone 0.0076 0 199 3 246
phone 0.0076 201 264 265 335
phone 0.0076 182 283 253 346
phone 0.0075 0 212 2 325
phone 0.0075 0 267 15 379
phone 0.0075 134 299 209 362
phone 0.0075 201 97 265 163
phone 0.0075 149 161 225 223
phone 0.0075 155 49 218 119
phone 0.0075 0 230 3 277
phone 0.0075 142 28 201 79
phone 0.0075 190 55 246 114
phone 0.0075 0 168 3 215
phone 0.0074 160 242 245 296
phone 0.0074 153 316 221 375
phone 0.0074 47 347 80 399
phone 0.0074 185 70 219 128
phone 0.0074 43 224 115 283
phone 0.0074 74 51 146 117
phone 0.0074 87 121 163 202
phone 0.0073 11 220 86 286
phone 0.0073 148 284 226 345
phone 0.0073 16 271 50 328
phone 0.0073 149 101 225 159
phone 0.0073 0 261 3 307
phone 0.0073 8 147 89 206
phone 0.0073 74 171 92 205
phone 0.0073 0 203 70 273
phone 0.0073 138 139 205 213
phone 0.0072 77 317 111 374
phone 0.0072 2 0 65 97
phone 0.0072 25 98 103 162
phone 0.0072 147 253 226 315
phone 0.0072 155 39 188 97
phone 0.0072 55 97 134 163
phone 0.0072 0 119 2 233
phone 0.0071 0 301 18 359
phone 0.0071 89 65 162 134
phone 0.0071 57 65 131 134
phone 0.0071 0 29 33 77
phone 0.0071 38 84 120 145
phone 0.0070 86 189 96 202
phone 0.0070 180 251 255 317
phone 0.0070 140 24 172 82
phone 0.0070 146 222 227 285
phone 0.0070 47 180 80 234
phone 0.0070 0 125 52 197
phone 0.0070 210 215 266 352
phone 0.0070 173 43 231 95
phone 0.0069 185 287 219 343
phone 0.0069 95 14 155 62
phone 0.0069 153 209 189 267
phone 0.0069 26 66 101 133
phone 0.0069 28 235 100 303
phone 0.0069 0 208 3 268
phone 0.0069 122 209 158 266
phone 0.0068 123 302 157 358
phone 0.0068 200 86 234 144
phone 0.0068 0 320 33 371
phone 0.0068 101 84 180 146
phone 0.0068 205 305 261 355
phone 0.0068 200 148 234 205
phone 0.0068 8 115 88 177
phone 0.0068 62 317 96 374
phone 0.0068 16 23 50 83
phone 0.0068 200 178 234 236
phone 0.0068 106 214 176 293
phone 0.0068 78 217 143 290
phone 0.0067 203 39 233 97
phone 0.0067 0 24 18 82
phone 0.0067 93 34 157 103
phone 0.0067 108 0 174 96
phone 0.0067 31 40 65 97
phone 0.0067 0 14 49 62
phone 0.0067 215 254 250 313
phone 0.0067 171 39 203 97
phone 0.0067 92 318 127 373
phone 0.0066 216 148 250 205
phone 0.0066 11 81 85 149
phone 0.0066 123 332 157 389
phone 0.0066 139 55 173 113
phone 0.0066 33 20 94 87
phone 0.0066 110 9 141 66
phone 0.0066 16 163 50 220
phone 0.0066 16 55 50 113
phone 0.0066 0 64 69 135
phone 0.0066 0 137 3 184
phone 0.0066 200 209 234 266
phone 0.0066 42 49 116 119
phone 0.0066 93 363 126 399
phone 0.0066 0 177 3 237
phone 0.0066 154 101 188 159
phone 0.0066 216 224 250 283
phone 0.0066 138 148 174 205
phone 0.0066 61 240 96 297
phone 0.0065 78 363 111 399
phone 0.0065 125 9 157 67
phone 0.0065 0 333 19 399
phone 0.0065 0 315 2 376
phone 0.0065 26 129 102 193
phone 0.0065 91 230 159 307
phone 0.0065 170 132 203 189
phone 0.0065 155 332 188 390
phone 0.0065 154 131 188 190
phone 0.0065 212 113 266 239
phone 0.0065 0 368 18 399
phone 0.0065 200 116 234 175
phone 0.0065 62 348 96 399
phone 0.0065 23 212 105 265
phone 0.0064 94 9 126 66
phone 0.0064 31 194 65 251
phone 0.0064 0 60 18 108
phone 0.0064 201 286 234 343
phone 0.0064 62 230 127 307
phone 0.0064 139 333 173 389
phone 0.0064 0 332 4 399
phone 0.0064 205 69 261 130
phone 0.0064 200 240 234 297
phone 0.0064 216 117 250 174
phone 0.0064 233 163 264 220
phone 0.0064 0 367 2 399
phone 0.0064 0 258 2 371
phone 0.0064 78 182 88 194
phone 0.0063 0 291 2 338
phone 0.0063 216 178 249 236
phone 0.0063 170 71 203 128
phone 0.0063 108 317 142 374
phone 0.0063 123 271 158 328
phone 0.0063 47 317 80 374
phone 0.0063 219 300 248 360
phone 0.0063 0 120 18 171
phone 0.0063 15 240 50 297
phone 0.0063 139 86 173 143
phone 0.0063 189 321 246 370
phone 0.0062 203 29 263 77
phone 0.0062 108 224 142 283
phone 0.0062 46 40 81 97
phone 0.0062 186 0 249 95
phone 0.0062 221 289 266 340
phone 0.0062 203 190 263 255
phone 0.0062 62 117 96 174
phone 0.0062 185 256 219 312
phone 0.0062 170 102 203 158
phone 0.0062 16 194 50 251
phone 0.0061 65 13 124 63
phone 0.0061 19 12 78 64
phone 0.0061 219 60 266 108
phone 0.0061 217 0 266 110
phone 0.0061 18 331 48 391
phone 0.0061 0 54 2 113
phone 0.0061 121 148 159 205
phone 0.0061 92 71 127 128
phone 0.0061 16 302 49 358
phone 0.0061 0 115 2 176
phone 0.0061 185 101 219 159
phone 0.0061 47 0 113 98
phone 0.0061 154 302 188 359
phone 0.0060 108 40 142 97
phone 0.0060 126 14 186 62
phone 0.0060 33 346 64 399
phone 0.0060 92 101 127 159
phone 0.0060 264 367 266 399
phone 0.0060 263 332 266 399
phone 0.0060 75 259 106 285
phone 0.0060 0 0 3 95
phone 0.0060 139 272 173 327
phone 0.0059 218 23 248 82
phone 0.0059 252 288 266 318
phone 0.0059 169 164 204 220
phone 0.0059 0 29 2 77
phone 0.0059 234 322 266 369
phone 0.0059 203 316 233 375
phone 0.0059 62 33 127 105
phone 0.0059 93 224 127 283
phone 0.0059 124 39 157 98
phone 0.0059 108 348 142 399
phone 0.0059 155 0 219 95
phone 0.0059 234 23 264 82
phone 0.0059 79 9 111 66
phone 0.0059 249 30 266 77
phone 0.0059 31 164 65 219
phone 0.0059 169 195 204 250
phone 0.0058 232 289 266 399
phone 0.0058 67 183 99 208
phone 0.0058 91 214 122 239
phone 0.0058 30 256 66 312
phone 0.0058 185 226 219 281
phone 0.0058 170 287 203 343
phone 0.0058 250 260 266 308
phone 0.0058 248 0 266 110
phone 0.0058 0 27 3 141
phone 0.0058 233 224 264 282
phone 0.0058 63 9 96 66
phone 0.0057 98 211 115 241
phone 0.0057 92 255 128 313
phone 0.0057 234 0 266 30
phone 0.0057 31 225 65 281
phone 0.0057 216 86 250 143
phone 0.0057 139 302 173 358
phone 0.0057 204 337 263 385
phone 0.0057 173 14 232 62
phone 0.0057 187 315 218 375
phone 0.0057 265 337 266 385
phone 0.0057 3 367 63 399
phone 0.0057 265 30 266 77
phone 0.0057 215 37 266 161
phone 0.0057 246 225 266 342
phone 0.0057 82 256 99 289
phone 0.0057 249 316 266 375
phone 0.0057 47 117 80 174
phone 0.0057 46 149 81 204
phone 0.0056 141 0 202 64
phone 0.0056 154 241 189 296
phone 0.0056 154 71 188 128
phone 0.0056 77 117 111 174
phone 0.0056 47 8 81 67
phone 0.0056 77 72 111 127
phone 0.0056 171 332 235 399
phone 0.0056 250 199 266 246
phone 0.0056 127 0 186 30
phone 0.0056 263 0 266 110
phone 0.0056 156 8 187 67
phone 0.0056 68 236 98 263
phone 0.0056 250 168 266 216
phone 0.0056 188 367 248 399
phone 0.0056 264 254 266 313
phone 0.0056 234 76 266 123
phone 0.0056 46 225 81 281
phone 0.0056 247 165 266 279
phone 0.0056 187 24 218 82
phone 0.0055 265 60 266 108
phone 0.0055 202 0 264 64
phone 0.0055 0 0 1 30
phone 0.0055 218 331 249 390
phone 0.0055 249 60 266 108
phone 0.0055 232 255 265 313
phone 0.0055 107 71 143 128
phone 0.0055 17 362 49 399
phone 0.0055 249 0 266 37
phone 0.0055 264 39 266 98
phone 0.0055 202 363 234 399
phone 0.0055 169 256 204 312
phone 0.0055 154 272 188 327
phone 0.0055 96 0 155 30
phone 0.0055 93 40 127 97
phone 0.0055 18 0 48 51
phone 0.0054 157 0 217 31
phone 0.0054 188 0 247 30
phone 0.0054 61 40 96 97
phone 0.0054 250 230 266 277
phone 0.0054 265 0 266 37
phone 0.0054 247 119 266 233
phone 0.0054 255 297 265 310
phone 0.0054 249 367 266 399
phone 0.0054 264 0 266 64
phone 0.0054 111 0 171 46
phone 0.0054 2 0 33 51
phone 0.0054 186 363 218 399
phone 0.0054 217 363 249 399
phone 0.0054 31 133 65 189
phone 0.0054 265 153 266 200
phone 0.0054 264 162 266 221
phone 0.0054 186 302 250 399
phone 0.0054 264 193 266 252
phone 0.0054 79 0 141 64
phone 0.0054 233 101 264 159
phone 0.0054 265 291 266 339
phone 0.0054 265 214 266 262
phone 0.0053 202 8 233 67
phone 0.0053 33 0 64 51
phone 0.0053 46 71 81 127
phone 0.0053 61 72 96 127
phone 0.0053 172 8 203 67
phone 0.0053 65 0 124 30
phone 0.0053 264 316 266 374
phone 0.0053 16 86 50 143
phone 0.0053 263 119 266 233
phone 0.0053 169 226 204 281
phone 0.0053 106 260 137 285
phone 0.0053 142 0 171 37
phone 0.0053 123 87 158 142
phone 0.0053 31 102 65 158
phone 0.0053 172 331 202 391
phone 0.0053 31 71 65 128
phone 0.0053 185 195 219 250
phone 0.0053 263 42 266 156
phone 0.0053 263 181 266 294
phone 0.0053 221 211 266 264
phone 0.0053 233 132 264 190
phone 0.0053 263 258 266 371
phone 0.0053 265 276 266 323
phone 0.0053 250 107 266 154
phone 0.0053 113 256 130 289
phone 0.0053 126 0 156 37
phone 0.0053 219 0 248 37
phone 0.0053 171 363 203 399
phone 0.0052 249 285 266 344
phone 0.0052 16 117 50 174
phone 0.0052 157 0 186 37
phone 0.0052 250 137 266 185
phone 0.0052 233 363 264 399
phone 0.0052 265 183 266 231
phone 0.0052 185 132 219 190
phone 0.0052 265 91 266 139
phone 0.0052 247 73 266 187
phone 0.0052 0 0 17 30
phone 0.0052 137 207 175 268
phone 0.0052 264 224 266 282
phone 0.0052 185 163 219 220
phone 0.0052 107 255 143 313
phone 0.0052 234 193 264 252
phone 0.0052 0 0 47 30
phone 0.0052 111 0 140 37
phone 0.0052 203 0 233 37
phone 0.0051 173 0 202 37
phone 0.0051 265 122 266 169
phone 0.0051 96 0 125 37
phone 0.0051 77 239 112 298
phone 0.0051 187 0 218 51
phone 0.0051 74 232 92 266
phone 0.0051 19 0 78 31
phone 0.0051 264 101 266 159
phone 0.0051 45 256 82 312
phone 0.0051 77 40 111 97
phone 0.0051 80 0 109 37
phone 0.0051 78 189 88 202
phone 0.0051 265 245 266 293
phone 0.0050 264 131 266 190
phone 0.0050 260 288 266 318
phone 0.0050 2 362 34 399
phone 0.0050 101 220 111 233
phone 0.0050 231 178 266 297
phone 0.0050 265 14 266 62
