phone 0.8775 138 43 248 204
phone 0.0477 94 30 199 184
phone 0.0417 126 12 228 156
phone 0.0405 164 85 220 166
phone 0.0378 170 84 272 227
phone 0.0375 169 20 278 141
phone 0.0372 199 56 319 209
phone 0.0332 108 49 290 264
phone 0.0331 146 127 248 244
phone 0.0284 241 3 348 145
phone 0.0275 154 69 288 182
phone 0.0273 90 96 196 222
phone 0.0223 189 121 286 252
phone 0.0208 96 140 195 264
phone 0.0199 63 86 157 239
phone 0.0191 180 74 234 146
phone 0.0186 97 118 163 194
phone 0.0182 97 0 299 176
phone 0.0178 235 75 345 248
phone 0.0177 204 117 272 195
phone 0.0166 98 144 162 230
phone 0.0165 188 151 257 223
phone 0.0165 257 60 395 206
phone 0.0161 154 108 230 205
phone 0.0160 195 94 280 157
phone 0.0159 108 171 183 234
phone 0.0158 31 28 124 178
phone 0.0152 148 36 372 227
phone 0.0147 109 107 182 175
phone 0.0143 123 90 199 161
phone 0.0142 53 17 236 243
phone 0.0142 97 0 184 113
phone 0.0141 3 102 89 225
phone 0.0139 216 28 292 160
phone 0.0136 141 130 212 213
phone 0.0135 110 136 181 208
phone 0.0132 276 42 371 162
phone 0.0132 94 89 166 161
phone 0.0132 273 106 372 218
phone 0.0129 57 18 165 189
phone 0.0127 154 76 199 144
phone 0.0125 112 126 148 186
phone 0.0124 124 119 198 193
phone 0.0123 201 172 275 233
phone 0.0122 154 0 246 120
phone 0.0122 56 154 144 266
phone 0.0122 222 64 284 125
phone 0.0120 128 174 162 230
phone 0.0119 131 154 223 266
phone 0.0119 79 137 151 206
phone 0.0118 26 123 113 250
phone 0.0118 254 151 345 266
phone 0.0118 219 112 256 169
phone 0.0117 146 38 207 121
phone 0.0116 205 158 240 216
phone 0.0116 104 139 134 165
phone 0.0114 151 157 232 217
phone 0.0114 216 142 290 201
phone 0.0114 108 78 183 142
phone 0.0111 169 171 246 233
phone 0.0111 88 186 173 266
phone 0.0111 123 63 198 126
phone 0.0110 208 168 299 266
phone 0.0110 219 104 287 177
phone 0.0108 128 127 163 185
phone 0.0108 112 173 148 232
phone 0.0107 110 136 127 169
phone 0.0107 97 55 163 134
phone 0.0106 123 186 199 249
phone 0.0104 220 158 256 216
phone 0.0103 167 59 216 130
phone 0.0103 36 90 102 160
phone 0.0101 167 138 246 205
phone 0.0100 164 184 251 266
phone 0.0100 124 150 198 223
phone 0.0098 143 97 179 154
phone 0.0097 0 0 39 0
phone 0.0097 78 168 151 237
phone 0.0097 128 97 163 154
phone 0.0096 35 137 103 206
phone 0.0095 64 187 136 248
phone 0.0095 115 46 176 113
phone 0.0094 236 80 270 139
phone 0.0094 0 263 40 266
phone 0.0094 114 146 124 158
phone 0.0094 202 202 274 264
phone 0.0094 77 108 152 173
phone 0.0093 97 143 132 200
phone 0.0091 112 96 148 154
phone 0.0091 0 71 52 195
phone 0.0091 60 126 139 186
phone 0.0091 110 219 182 266
phone 0.0090 158 49 194 109
phone 0.0090 236 143 270 200
phone 0.0090 190 174 224 230
phone 0.0089 143 174 178 230
phone 0.0088 264 188 335 247
phone 0.0088 173 142 210 200
phone 0.0088 153 106 200 175
phone 0.0087 52 96 85 154
phone 0.0086 221 189 255 246
phone 0.0086 177 23 238 74
phone 0.0085 165 26 219 101
phone 0.0085 143 127 179 185
phone 0.0085 143 67 178 122
phone 0.0085 203 49 273 110
phone 0.0085 33 172 105 232
phone 0.0084 18 194 50 218
phone 0.0084 238 50 269 108
phone 0.0084 26 190 42 222
phone 0.0084 235 153 303 220
phone 0.0083 112 65 148 124
phone 0.0083 236 190 270 245
phone 0.0083 213 0 313 112
phone 0.0083 205 1 271 126
phone 0.0083 250 106 318 175
phone 0.0083 192 19 223 77
phone 0.0082 2 52 89 157
phone 0.0081 52 142 85 200
phone 0.0081 235 111 271 170
phone 0.0080 48 154 120 220
phone 0.0080 159 189 193 246
phone 0.0080 232 124 306 188
phone 0.0080 157 141 195 202
phone 0.0080 29 200 39 213
phone 0.0080 83 188 116 246
phone 0.0079 51 73 118 146
phone 0.0079 128 205 162 261
phone 0.0079 82 159 116 215
phone 0.0078 264 156 335 218
phone 0.0078 39 65 99 124
phone 0.0078 240 73 297 147
phone 0.0078 97 174 132 230
phone 0.0077 220 83 255 137
phone 0.0077 251 136 317 206
phone 0.0077 203 128 241 184
phone 0.0076 270 84 329 135
phone 0.0076 159 215 225 266
phone 0.0076 68 188 100 247
phone 0.0076 128 66 163 123
phone 0.0076 222 34 254 92
phone 0.0076 175 174 208 230
phone 0.0076 6 102 70 149
phone 0.0076 149 247 180 266
phone 0.0076 20 113 87 169
phone 0.0076 55 52 113 106
phone 0.0075 240 53 298 105
phone 0.0075 205 188 240 247
phone 0.0075 282 189 316 246
phone 0.0074 251 200 317 266
phone 0.0074 156 244 173 266
phone 0.0074 81 220 149 266
phone 0.0074 69 59 130 130
phone 0.0074 38 40 100 87
phone 0.0074 266 56 334 194
phone 0.0074 98 113 132 169
phone 0.0073 49 106 120 175
phone 0.0073 97 65 132 123
phone 0.0073 284 81 315 138
phone 0.0073 188 218 258 266
phone 0.0073 271 224 328 266
phone 0.0073 23 95 53 155
phone 0.0073 252 143 285 200
phone 0.0073 20 156 87 217
phone 0.0072 37 6 101 121
phone 0.0072 0 15 57 124
phone 0.0072 118 135 135 169
phone 0.0072 52 173 85 231
phone 0.0072 252 173 285 231
phone 0.0072 80 72 150 147
phone 0.0071 283 142 359 244
phone 0.0071 189 144 225 199
phone 0.0071 264 123 336 189
phone 0.0071 82 128 116 184
phone 0.0071 132 36 190 91
phone 0.0071 254 49 284 108
phone 0.0070 111 185 141 212
phone 0.0070 7 132 69 180
phone 0.0070 69 40 130 88
phone 0.0070 53 49 85 108
phone 0.0070 144 205 178 261
phone 0.0070 253 164 315 240
phone 0.0070 207 19 238 77
phone 0.0070 239 221 299 266
phone 0.0070 98 204 131 262
phone 0.0070 268 81 300 138
phone 0.0070 113 204 147 262
phone 0.0069 267 112 301 169
phone 0.0069 255 70 314 120
phone 0.0069 130 0 215 93
phone 0.0069 22 126 54 186
phone 0.0068 252 34 317 154
phone 0.0068 193 31 252 97
phone 0.0068 62 92 137 159
phone 0.0068 22 83 85 136
phone 0.0068 69 34 100 92
phone 0.0068 37 111 69 170
phone 0.0067 22 55 85 103
phone 0.0067 174 204 209 262
phone 0.0067 84 34 115 92
phone 0.0067 176 19 208 77
phone 0.0067 282 158 316 215
phone 0.0067 0 0 41 32
phone 0.0067 84 24 146 72
phone 0.0067 219 116 249 142
phone 0.0067 331 179 391 226
phone 0.0067 67 81 101 139
phone 0.0066 177 238 237 266
phone 0.0066 285 218 315 266
phone 0.0066 37 79 69 140
phone 0.0066 130 237 192 266
phone 0.0066 100 9 161 57
phone 0.0066 326 209 357 234
phone 0.0066 328 144 394 259
phone 0.0066 267 142 301 201
phone 0.0066 130 233 161 266
phone 0.0066 287 96 343 155
phone 0.0065 160 254 170 266
phone 0.0065 67 158 101 215
phone 0.0065 269 218 299 266
phone 0.0065 200 80 244 140
phone 0.0065 118 181 135 215
phone 0.0065 37 142 70 201
phone 0.0065 76 0 146 96
phone 0.0065 38 49 69 108
phone 0.0064 7 71 69 118
phone 0.0064 0 125 50 264
phone 0.0064 69 9 130 57
phone 0.0064 346 173 377 231
phone 0.0064 333 206 350 237
phone 0.0064 165 54 195 81
phone 0.0064 190 204 224 262
phone 0.0064 300 81 330 138
phone 0.0064 23 25 84 72
phone 0.0064 100 238 161 266
phone 0.0064 285 55 345 103
phone 0.0064 102 135 120 169
phone 0.0064 300 71 361 118
phone 0.0063 7 40 69 87
phone 0.0063 362 191 399 244
phone 0.0063 54 207 115 258
phone 0.0063 100 19 130 77
phone 0.0063 299 22 362 136
phone 0.0063 302 144 358 198
phone 0.0063 332 102 391 149
phone 0.0063 67 127 101 185
phone 0.0062 116 3 145 62
phone 0.0062 316 55 376 103
phone 0.0062 363 143 399 260
phone 0.0062 122 146 131 158
phone 0.0062 85 0 145 41
phone 0.0062 54 25 115 72
phone 0.0062 298 158 331 215
phone 0.0062 285 24 345 72
phone 0.0062 328 67 394 182
phone 0.0062 23 65 54 123
phone 0.0062 270 9 330 57
phone 0.0062 300 40 360 88
phone 0.0062 300 9 360 57
phone 0.0061 116 0 176 42
phone 0.0061 284 0 346 105
phone 0.0061 85 3 115 62
phone 0.0061 134 193 165 219
phone 0.0061 282 112 316 169
phone 0.0061 39 18 69 77
phone 0.0061 225 112 243 146
phone 0.0061 316 25 376 72
phone 0.0061 101 36 160 91
phone 0.0061 300 49 330 108
phone 0.0061 267 172 301 232
phone 0.0060 23 34 53 93
phone 0.0060 115 24 176 72
phone 0.0060 54 19 84 77
phone 0.0060 346 95 377 154
phone 0.0060 316 49 345 108
phone 0.0060 314 6 377 120
phone 0.0060 270 40 330 88
phone 0.0060 316 86 376 134
phone 0.0060 331 65 361 124
phone 0.0060 39 9 99 57
phone 0.0060 298 127 331 185
phone 0.0060 326 207 343 236
phone 0.0060 331 71 391 118
phone 0.0060 69 218 99 266
phone 0.0060 315 157 346 216
phone 0.0059 330 237 393 266
phone 0.0059 192 233 222 266
phone 0.0059 134 248 165 266
phone 0.0059 239 9 299 57
phone 0.0059 172 51 189 85
phone 0.0059 69 3 99 62
phone 0.0059 54 0 114 41
phone 0.0059 362 161 399 213
phone 0.0059 165 244 181 266
phone 0.0059 254 0 314 42
phone 0.0059 285 0 345 42
phone 0.0059 376 171 399 232
phone 0.0059 110 181 128 215
phone 0.0059 141 244 158 266
phone 0.0059 286 206 344 259
phone 0.0059 300 18 330 78
phone 0.0059 100 0 130 47
phone 0.0059 316 18 345 77
phone 0.0059 209 240 267 266
phone 0.0059 285 3 315 62
phone 0.0059 146 233 177 266
phone 0.0059 180 208 211 234
phone 0.0058 299 62 363 187
phone 0.0058 315 253 377 266
phone 0.0058 131 0 161 47
phone 0.0058 39 255 99 266
phone 0.0058 331 34 361 93
phone 0.0058 145 24 208 73
phone 0.0058 330 96 361 154
phone 0.0058 315 81 346 138
phone 0.0058 251 95 286 155
phone 0.0058 100 0 160 26
phone 0.0058 131 19 161 77
phone 0.0058 330 22 393 136
phone 0.0058 37 237 100 266
phone 0.0058 8 9 68 57
phone 0.0058 346 264 376 266
phone 0.0058 362 238 399 266
phone 0.0058 331 148 391 195
phone 0.0058 0 234 41 266
phone 0.0058 285 49 315 108
phone 0.0057 270 3 299 62
phone 0.0057 131 9 191 57
phone 0.0057 177 233 207 266
phone 0.0057 254 24 314 72
phone 0.0057 363 0 399 73
phone 0.0057 331 40 391 88
phone 0.0057 346 65 376 124
phone 0.0057 331 9 391 57
phone 0.0057 0 0 41 78
phone 0.0057 361 172 392 231
phone 0.0057 84 218 115 266
phone 0.0057 301 240 360 266
phone 0.0057 149 244 166 266
phone 0.0057 115 233 145 266
phone 0.0057 362 69 399 181
phone 0.0057 208 233 238 266
phone 0.0057 361 101 399 150
phone 0.0057 224 0 283 42
phone 0.0057 70 0 130 26
phone 0.0057 23 0 84 41
phone 0.0057 361 131 399 181
phone 0.0057 254 3 284 62
phone 0.0057 208 24 268 73
phone 0.0056 70 241 129 266
phone 0.0056 331 3 361 62
phone 0.0056 34 191 50 221
phone 0.0056 316 0 376 42
phone 0.0056 0 0 36 11
phone 0.0056 0 255 66 266
phone 0.0056 182 107 232 174
phone 0.0056 337 215 347 228
phone 0.0056 346 142 377 200
phone 0.0056 0 148 53 195
phone 0.0056 361 0 399 27
phone 0.0056 361 0 399 11
phone 0.0056 193 9 253 57
phone 0.0056 361 70 399 119
phone 0.0056 300 0 330 47
phone 0.0056 147 0 206 42
phone 0.0056 54 249 84 266
phone 0.0056 141 256 173 266
phone 0.0056 224 39 283 89
phone 0.0056 54 264 84 266
phone 0.0056 329 215 339 228
phone 0.0056 331 265 361 266
phone 0.0056 22 222 85 266
phone 0.0056 315 234 346 266
phone 0.0056 345 115 399 227
phone 0.0056 161 19 192 77
phone 0.0056 362 23 399 134
phone 0.0056 141 189 158 223
phone 0.0055 364 262 399 266
phone 0.0055 7 237 69 266
phone 0.0055 284 253 346 266
phone 0.0055 85 0 145 11
phone 0.0055 69 264 99 266
phone 0.0055 122 192 131 204
phone 0.0055 346 86 399 134
phone 0.0055 300 203 330 262
phone 0.0055 146 19 177 77
phone 0.0055 8 0 68 26
phone 0.0055 346 34 376 93
phone 0.0055 131 0 191 26
phone 0.0055 270 0 330 26
phone 0.0055 37 200 47 213
phone 0.0055 38 193 100 266
phone 0.0055 23 3 53 62
phone 0.0055 147 0 176 47
phone 0.0055 0 0 22 16
phone 0.0055 346 3 376 62
phone 0.0055 39 264 69 266
phone 0.0055 361 39 399 88
phone 0.0055 316 0 345 47
phone 0.0055 346 117 399 164
phone 0.0055 106 146 116 158
phone 0.0055 168 253 177 266
phone 0.0055 361 142 392 201
phone 0.0055 87 47 143 111
phone 0.0054 346 249 376 266
phone 0.0054 161 233 192 266
phone 0.0054 331 0 391 11
phone 0.0054 314 222 377 266
phone 0.0054 0 25 53 72
phone 0.0054 145 254 154 266
phone 0.0054 187 204 204 238
phone 0.0054 239 3 268 62
phone 0.0054 376 202 399 263
phone 0.0054 160 261 170 266
phone 0.0054 239 0 299 26
phone 0.0054 303 190 358 245
phone 0.0054 177 0 237 42
phone 0.0054 376 141 399 201
phone 0.0054 100 249 130 266
phone 0.0054 0 117 53 164
phone 0.0054 54 0 114 11
phone 0.0054 54 0 84 47
phone 0.0054 224 233 253 266
phone 0.0054 82 97 116 153
phone 0.0054 85 0 115 31
phone 0.0054 84 253 146 266
phone 0.0054 7 127 38 185
phone 0.0054 38 249 69 266
phone 0.0054 153 261 162 266
phone 0.0054 116 0 176 11
phone 0.0054 300 0 360 26
phone 0.0054 0 0 23 1
phone 0.0054 39 0 99 26
phone 0.0054 54 219 84 266
phone 0.0054 39 0 69 47
phone 0.0054 360 255 399 266
phone 0.0054 331 0 391 26
phone 0.0054 164 248 196 266
phone 0.0054 223 0 253 47
phone 0.0054 172 244 188 266
phone 0.0053 8 0 68 11
phone 0.0053 311 140 342 165
phone 0.0053 130 253 192 266
phone 0.0053 23 265 53 266
phone 0.0053 361 80 392 139
phone 0.0053 377 0 399 48
phone 0.0053 0 34 41 155
phone 0.0053 317 162 374 212
phone 0.0053 162 0 191 47
phone 0.0053 315 265 346 266
phone 0.0053 300 0 360 11
phone 0.0053 69 249 100 266
phone 0.0053 270 0 330 11
phone 0.0053 101 256 159 266
phone 0.0053 376 264 399 266
phone 0.0053 208 0 238 47
phone 0.0053 361 111 392 170
phone 0.0053 162 9 222 57
phone 0.0053 331 249 361 266
phone 0.0053 100 0 130 16
phone 0.0053 0 86 53 133
phone 0.0053 318 136 335 168
phone 0.0053 70 0 99 31
phone 0.0052 253 237 316 266
phone 0.0052 239 0 299 11
phone 0.0052 376 95 399 155
phone 0.0052 116 0 145 16
phone 0.0052 330 158 361 215
phone 0.0052 346 0 376 16
phone 0.0052 376 0 399 17
phone 0.0052 23 0 53 31
phone 0.0052 346 210 399 256
phone 0.0052 300 249 330 266
phone 0.0052 346 56 399 103
phone 0.0052 229 123 239 135
phone 0.0052 0 0 23 47
phone 0.0052 208 0 268 26
phone 0.0052 23 234 53 266
phone 0.0052 346 25 399 72
phone 0.0052 253 253 315 266
phone 0.0052 85 264 115 266
phone 0.0052 376 64 399 124
phone 0.0052 0 49 27 71
phone 0.0052 3 210 35 233
phone 0.0052 188 54 219 81
phone 0.0051 311 210 342 233
phone 0.0051 176 253 185 266
phone 0.0051 6 192 70 266
phone 0.0051 362 264 392 266
phone 0.0051 269 50 299 108
phone 0.0051 131 0 161 16
phone 0.0051 193 0 222 47
phone 0.0051 331 0 361 16
phone 0.0051 6 54 16 66
phone 0.0051 168 261 177 266
phone 0.0051 11 206 27 237
phone 0.0051 156 256 189 266
phone 0.0051 177 0 207 47
phone 0.0051 0 264 23 266
phone 0.0051 361 203 392 262
phone 0.0051 346 203 377 262
phone 0.0051 377 18 399 78
phone 0.0051 176 61 185 74
phone 0.0051 7 96 38 154
phone 0.0051 208 0 268 11
phone 0.0051 88 139 118 165
phone 0.0051 208 264 238 266
phone 0.0051 162 0 222 26
phone 0.0051 222 253 285 266
phone 0.0051 114 192 124 205
phone 0.0051 0 0 169 266
phone 0.0050 147 0 207 11
phone 0.0050 3 45 19 75
phone 0.0050 54 0 84 16
phone 0.0050 322 215 331 228
phone 0.0050 316 0 345 16
phone 0.0050 285 0 315 16
phone 0.0050 270 0 299 16
phone 0.0050 300 0 330 16
phone 0.0050 345 0 399 43
phone 0.0050 362 49 392 108
phone 0.0050 8 34 38 93
phone 0.0050 319 201 349 227
phone 0.0050 153 254 162 266
phone 0.0050 85 249 115 266
