phone 0.9119 157 67 215 195
phone 0.0735 152 99 202 182
phone 0.0483 145 93 267 188
phone 0.0332 61 30 161 179
phone 0.0294 91 47 196 174
phone 0.0287 132 15 222 150
phone 0.0257 153 73 200 146
phone 0.0237 85 153 189 266
phone 0.0232 45 80 175 241
phone 0.0221 0 0 59 106
phone 0.0218 82 22 270 242
phone 0.0217 29 0 134 147
phone 0.0197 181 11 283 149
phone 0.0183 154 93 230 250
phone 0.0177 92 0 191 119
phone 0.0175 60 128 152 266
phone 0.0175 177 164 282 266
phone 0.0171 150 20 302 199
phone 0.0165 201 47 320 220
phone 0.0159 15 0 204 213
phone 0.0155 185 110 228 171
phone 0.0153 222 0 364 163
phone 0.0146 7 16 91 179
phone 0.0145 172 109 274 233
phone 0.0144 75 184 137 266
phone 0.0144 164 68 249 153
phone 0.0136 139 110 319 266
phone 0.0130 107 123 215 250
phone 0.0130 5 0 91 76
phone 0.0124 118 100 204 151
phone 0.0123 274 134 372 254
phone 0.0123 227 157 341 266
phone 0.0120 192 89 382 232
phone 0.0117 132 189 200 266
phone 0.0117 27 59 139 202
phone 0.0114 108 84 215 196
phone 0.0113 69 0 156 92
phone 0.0112 0 59 62 203
phone 0.0111 165 41 219 117
phone 0.0110 161 132 253 266
phone 0.0109 223 197 291 266
phone 0.0107 207 97 269 184
phone 0.0105 212 101 295 242
phone 0.0105 270 31 379 179
phone 0.0105 312 100 395 232
phone 0.0103 161 193 234 266
phone 0.0101 160 0 243 118
phone 0.0100 124 64 198 125
phone 0.0099 60 167 138 237
phone 0.0098 0 155 72 266
phone 0.0097 0 0 39 0
phone 0.0097 183 143 262 200
phone 0.0097 20 172 118 266
phone 0.0097 7 89 100 222
phone 0.0096 239 41 330 178
phone 0.0096 344 73 399 208
phone 0.0096 145 97 177 153
phone 0.0096 170 117 275 165
phone 0.0096 249 0 339 114
phone 0.0094 77 87 152 164
phone 0.0093 0 263 41 266
phone 0.0093 176 35 208 92
phone 0.0093 274 72 356 209
phone 0.0092 75 117 154 196
phone 0.0092 353 119 399 254
phone 0.0091 89 202 171 264
phone 0.0088 94 59 166 130
phone 0.0087 170 157 244 217
phone 0.0087 348 108 399 173
phone 0.0087 0 0 56 42
phone 0.0086 0 93 58 158
phone 0.0086 16 96 91 154
phone 0.0085 201 218 275 266
phone 0.0085 245 204 324 262
phone 0.0084 207 57 269 132
phone 0.0084 360 152 399 221
phone 0.0084 121 159 201 215
phone 0.0084 37 12 100 84
phone 0.0083 206 144 239 199
phone 0.0083 229 126 308 187
phone 0.0083 222 115 285 197
phone 0.0083 147 119 207 223
phone 0.0082 144 66 177 123
phone 0.0082 49 47 120 111
phone 0.0082 314 107 377 174
phone 0.0081 297 170 364 234
phone 0.0081 84 26 146 101
phone 0.0081 47 150 121 224
phone 0.0081 223 81 284 169
phone 0.0081 97 190 132 245
phone 0.0081 0 63 57 126
phone 0.0081 271 79 328 140
phone 0.0080 263 186 336 249
phone 0.0080 82 190 116 245
phone 0.0079 146 38 207 89
phone 0.0079 5 30 72 97
phone 0.0079 220 110 256 171
phone 0.0078 299 200 362 265
phone 0.0078 282 105 348 177
phone 0.0078 256 65 313 124
phone 0.0078 229 157 308 217
phone 0.0078 21 3 54 62
phone 0.0078 241 176 327 229
phone 0.0077 63 100 136 182
phone 0.0077 17 64 90 125
phone 0.0076 161 34 192 92
phone 0.0076 231 92 306 158
phone 0.0076 312 154 380 220
phone 0.0076 292 141 368 202
phone 0.0075 140 219 213 266
phone 0.0075 112 49 179 109
phone 0.0075 106 185 185 250
phone 0.0075 65 219 135 266
phone 0.0075 0 203 58 263
phone 0.0074 89 104 171 178
phone 0.0074 326 121 396 191
phone 0.0074 238 15 301 142
phone 0.0074 36 19 70 77
phone 0.0074 17 123 90 189
phone 0.0073 177 39 237 89
phone 0.0073 228 188 310 247
phone 0.0073 6 50 39 107
phone 0.0073 190 158 224 215
phone 0.0073 31 80 106 140
phone 0.0073 313 188 347 246
phone 0.0072 252 220 285 266
phone 0.0072 52 19 85 77
phone 0.0072 36 97 70 154
phone 0.0072 159 165 225 239
phone 0.0072 239 239 298 266
phone 0.0072 129 220 162 266
phone 0.0072 240 52 297 107
phone 0.0072 303 95 358 156
phone 0.0072 279 156 351 218
phone 0.0071 237 220 270 266
phone 0.0071 23 221 84 266
phone 0.0071 6 81 39 138
phone 0.0071 5 105 71 176
phone 0.0070 144 159 178 214
phone 0.0070 33 106 104 175
phone 0.0070 97 34 132 93
phone 0.0070 0 122 58 190
phone 0.0070 173 139 211 203
phone 0.0070 192 51 253 108
phone 0.0070 114 220 146 266
phone 0.0070 2 138 74 204
phone 0.0070 67 50 101 108
phone 0.0070 32 137 106 206
phone 0.0070 374 111 399 170
phone 0.0070 191 220 223 266
phone 0.0070 191 35 223 92
phone 0.0070 221 220 254 266
phone 0.0070 51 0 119 100
phone 0.0070 7 73 70 147
phone 0.0069 298 188 332 246
phone 0.0069 235 110 271 171
phone 0.0069 221 64 255 124
phone 0.0069 6 4 39 62
phone 0.0069 21 35 55 93
phone 0.0069 144 220 177 266
phone 0.0069 206 220 239 266
phone 0.0069 282 97 316 154
phone 0.0068 15 171 91 234
phone 0.0068 0 186 44 249
phone 0.0068 267 205 301 261
phone 0.0068 70 0 129 44
phone 0.0068 315 81 346 138
phone 0.0068 205 115 239 167
phone 0.0068 66 69 133 151
phone 0.0068 127 123 157 150
phone 0.0068 241 144 327 199
phone 0.0068 313 158 347 215
phone 0.0068 67 174 101 230
phone 0.0068 282 189 316 246
phone 0.0067 157 163 188 188
phone 0.0067 374 142 399 200
phone 0.0067 49 192 104 266
phone 0.0067 164 159 181 191
phone 0.0067 193 239 252 266
phone 0.0067 270 239 329 266
phone 0.0067 297 112 332 169
phone 0.0067 0 156 46 217
phone 0.0066 359 127 393 185
phone 0.0066 175 220 208 266
phone 0.0066 53 84 116 166
phone 0.0066 329 158 362 216
phone 0.0066 361 96 393 154
phone 0.0066 50 114 118 198
phone 0.0065 5 112 39 169
phone 0.0065 112 66 148 123
phone 0.0065 36 66 70 123
phone 0.0065 344 158 377 216
phone 0.0065 242 111 326 170
phone 0.0065 52 50 85 108
phone 0.0064 332 98 390 152
phone 0.0064 133 120 150 153
phone 0.0064 0 16 42 81
phone 0.0064 269 50 300 108
phone 0.0064 128 0 217 91
phone 0.0064 157 64 188 87
phone 0.0064 211 132 242 157
phone 0.0064 363 0 399 104
phone 0.0064 361 39 399 88
phone 0.0064 83 3 116 62
phone 0.0064 39 0 99 11
phone 0.0063 270 233 299 266
phone 0.0063 265 237 281 266
phone 0.0063 67 20 101 77
phone 0.0063 251 128 285 184
phone 0.0063 38 218 69 266
phone 0.0063 142 55 173 80
phone 0.0063 38 0 100 43
phone 0.0063 261 124 338 188
phone 0.0063 361 8 399 57
phone 0.0063 160 220 193 266
phone 0.0063 190 202 255 266
phone 0.0062 236 190 270 246
phone 0.0062 331 71 391 118
phone 0.0062 317 222 374 266
phone 0.0062 162 239 221 266
phone 0.0062 285 40 345 87
phone 0.0062 211 116 241 142
phone 0.0062 82 50 116 108
phone 0.0062 344 127 378 185
phone 0.0062 52 97 85 153
phone 0.0062 347 175 399 229
phone 0.0062 270 24 330 72
phone 0.0062 116 239 175 266
phone 0.0062 96 81 133 139
phone 0.0062 236 64 270 124
phone 0.0062 254 9 314 57
phone 0.0062 127 108 157 135
phone 0.0062 329 52 393 167
phone 0.0062 105 82 186 138
phone 0.0062 315 86 376 134
phone 0.0062 22 0 85 29
phone 0.0062 284 217 346 266
phone 0.0061 21 189 54 246
phone 0.0061 285 71 345 118
phone 0.0061 313 112 347 169
phone 0.0061 314 37 377 151
phone 0.0061 316 9 376 57
phone 0.0061 36 127 70 184
phone 0.0061 112 190 147 245
phone 0.0061 285 9 345 57
phone 0.0061 185 80 228 140
phone 0.0061 168 169 177 182
phone 0.0061 300 24 360 72
phone 0.0061 299 6 362 120
phone 0.0060 21 111 55 170
phone 0.0060 54 0 84 16
phone 0.0060 53 0 116 29
phone 0.0060 285 233 315 266
phone 0.0060 70 0 130 11
phone 0.0060 316 55 376 103
phone 0.0060 236 142 270 201
phone 0.0060 266 82 301 137
phone 0.0060 174 173 209 231
phone 0.0060 298 158 331 215
phone 0.0060 111 237 127 266
phone 0.0060 114 0 178 29
phone 0.0060 223 9 284 57
phone 0.0060 267 175 301 229
phone 0.0060 190 189 224 246
phone 0.0060 346 80 377 139
phone 0.0060 159 156 194 217
phone 0.0060 361 70 399 119
phone 0.0060 116 9 175 57
phone 0.0060 145 0 208 29
phone 0.0060 67 80 101 139
phone 0.0060 330 0 393 90
phone 0.0060 83 0 147 29
phone 0.0060 21 80 55 139
phone 0.0060 127 139 157 166
phone 0.0060 363 38 399 150
phone 0.0060 251 159 285 215
phone 0.0059 118 237 134 266
phone 0.0059 70 0 99 16
phone 0.0059 164 60 181 91
phone 0.0059 103 240 135 264
phone 0.0059 331 65 361 124
phone 0.0059 208 38 268 89
phone 0.0059 270 0 330 42
phone 0.0059 21 158 55 215
phone 0.0059 176 0 239 29
phone 0.0059 177 0 237 11
phone 0.0059 239 0 299 42
phone 0.0059 239 25 299 72
phone 0.0059 0 97 24 154
phone 0.0059 300 34 330 93
phone 0.0059 331 0 391 42
phone 0.0059 300 65 330 123
phone 0.0059 193 9 253 57
phone 0.0059 7 218 38 266
phone 0.0059 222 0 285 105
phone 0.0059 251 81 286 139
phone 0.0059 39 0 68 16
phone 0.0059 285 18 315 77
phone 0.0059 300 0 360 42
phone 0.0059 208 0 268 11
phone 0.0059 270 3 299 62
phone 0.0059 147 0 206 11
phone 0.0059 0 0 41 16
phone 0.0058 126 237 142 266
phone 0.0058 206 0 270 29
phone 0.0058 161 0 223 44
phone 0.0058 147 9 206 57
phone 0.0058 268 246 277 259
phone 0.0058 5 173 39 231
phone 0.0058 377 33 399 94
phone 0.0058 23 218 53 266
phone 0.0058 5 142 39 200
phone 0.0058 316 34 345 93
phone 0.0058 133 105 150 138
phone 0.0058 134 237 150 266
phone 0.0058 331 3 361 62
phone 0.0058 239 0 299 11
phone 0.0058 116 0 176 11
phone 0.0058 347 3 376 62
phone 0.0058 300 3 330 62
phone 0.0058 254 0 314 26
phone 0.0058 52 189 85 246
phone 0.0058 254 40 314 88
phone 0.0058 130 0 192 44
phone 0.0058 205 66 240 123
phone 0.0058 328 128 362 184
phone 0.0058 99 4 131 62
phone 0.0058 254 3 284 62
phone 0.0058 316 3 345 62
phone 0.0058 257 237 273 266
phone 0.0058 0 204 24 262
phone 0.0058 377 2 399 63
phone 0.0057 85 0 115 16
phone 0.0057 36 189 70 246
phone 0.0057 99 0 161 43
phone 0.0057 218 127 235 161
phone 0.0057 361 0 399 27
phone 0.0057 283 22 347 136
phone 0.0057 149 51 166 84
phone 0.0057 316 184 375 250
phone 0.0057 8 0 68 11
phone 0.0057 131 3 161 62
phone 0.0057 282 159 316 215
phone 0.0057 168 69 177 82
phone 0.0057 239 3 268 62
phone 0.0057 363 223 399 266
phone 0.0057 207 0 269 75
phone 0.0057 142 237 157 266
phone 0.0057 361 0 399 11
phone 0.0057 361 254 399 266
phone 0.0057 254 34 284 92
phone 0.0056 0 127 24 184
phone 0.0056 346 86 399 134
phone 0.0056 223 3 253 62
phone 0.0056 270 0 330 11
phone 0.0056 316 0 376 26
phone 0.0056 285 0 345 26
phone 0.0056 133 135 150 169
phone 0.0056 223 34 254 93
phone 0.0056 89 133 171 210
phone 0.0056 331 34 361 93
phone 0.0056 193 0 222 16
phone 0.0056 100 0 130 16
phone 0.0056 177 0 207 16
phone 0.0056 285 0 315 47
phone 0.0056 241 236 258 266
phone 0.0056 346 55 399 103
phone 0.0056 328 169 395 266
phone 0.0056 128 190 163 245
phone 0.0056 270 55 329 103
phone 0.0056 96 112 133 169
phone 0.0056 208 0 238 16
phone 0.0056 238 34 269 92
phone 0.0056 234 240 265 264
phone 0.0056 331 0 391 11
phone 0.0056 162 0 192 16
phone 0.0056 208 3 238 62
phone 0.0056 223 0 253 16
phone 0.0056 147 0 176 16
phone 0.0056 347 25 399 72
phone 0.0056 239 0 268 16
phone 0.0055 315 253 377 266
phone 0.0055 146 35 177 92
phone 0.0055 0 0 23 1
phone 0.0055 218 112 235 146
phone 0.0055 346 49 376 108
phone 0.0055 51 159 85 215
phone 0.0055 103 237 119 266
phone 0.0055 251 190 286 245
phone 0.0055 131 0 161 16
phone 0.0055 300 0 360 11
phone 0.0055 380 167 396 199
phone 0.0055 80 143 118 200
phone 0.0055 116 0 145 16
phone 0.0055 300 233 330 266
phone 0.0055 254 0 284 16
phone 0.0055 299 238 362 266
phone 0.0055 377 64 399 124
phone 0.0055 203 237 219 266
phone 0.0055 162 3 191 62
phone 0.0055 205 174 239 230
phone 0.0055 114 246 124 259
phone 0.0055 143 190 178 245
phone 0.0055 363 170 399 266
phone 0.0055 129 35 162 92
phone 0.0055 22 253 85 266
phone 0.0055 51 128 86 184
phone 0.0055 209 255 267 266
phone 0.0055 122 246 131 259
phone 0.0055 372 171 399 195
phone 0.0055 7 237 70 266
phone 0.0055 207 34 238 92
phone 0.0055 122 129 201 183
phone 0.0054 234 237 250 266
phone 0.0054 270 0 299 16
phone 0.0054 137 246 147 259
phone 0.0054 113 35 147 92
phone 0.0054 364 262 399 266
phone 0.0054 117 255 175 266
phone 0.0054 129 246 139 259
phone 0.0054 0 249 41 266
phone 0.0054 178 256 236 266
phone 0.0054 346 203 377 262
phone 0.0054 23 0 53 16
phone 0.0054 36 159 70 215
phone 0.0054 53 0 84 1
phone 0.0054 362 49 392 108
phone 0.0054 177 3 207 62
phone 0.0054 137 131 147 143
phone 0.0054 148 256 205 266
phone 0.0054 86 256 144 266
phone 0.0054 240 255 298 266
phone 0.0054 23 0 54 1
phone 0.0054 193 3 222 62
phone 0.0054 38 0 69 1
phone 0.0054 284 50 315 108
phone 0.0054 285 0 315 16
phone 0.0054 131 249 161 266
phone 0.0054 145 246 154 259
phone 0.0053 346 0 376 16
phone 0.0053 362 18 392 78
phone 0.0053 284 253 346 266
phone 0.0053 116 249 145 266
phone 0.0053 147 0 176 47
phone 0.0053 224 249 253 266
phone 0.0053 376 171 399 233
phone 0.0053 239 249 268 266
phone 0.0053 0 35 24 92
phone 0.0053 146 249 176 266
phone 0.0053 0 66 24 123
phone 0.0053 69 0 100 1
phone 0.0053 208 249 238 266
phone 0.0053 211 237 227 266
phone 0.0053 168 161 177 174
phone 0.0053 249 236 265 266
phone 0.0053 300 0 330 16
phone 0.0053 162 249 192 266
phone 0.0053 331 0 361 16
phone 0.0053 193 249 222 266
phone 0.0053 53 253 116 266
phone 0.0053 162 24 222 72
phone 0.0053 376 0 399 17
phone 0.0053 177 249 207 266
phone 0.0053 137 123 147 135
phone 0.0052 254 249 284 266
phone 0.0052 316 0 345 16
phone 0.0052 115 0 146 46
phone 0.0052 85 249 115 266
phone 0.0052 153 61 162 74
phone 0.0052 84 0 115 1
phone 0.0052 260 246 270 259
phone 0.0052 218 237 234 266
phone 0.0052 267 144 301 199
phone 0.0052 137 138 147 151
phone 0.0052 66 143 102 200
phone 0.0052 149 237 165 266
phone 0.0052 376 248 399 266
phone 0.0052 220 141 255 202
phone 0.0052 176 0 208 1
phone 0.0052 192 0 223 1
phone 0.0052 207 0 238 1
phone 0.0052 223 0 254 1
phone 0.0052 226 237 242 266
phone 0.0051 161 0 192 1
phone 0.0051 100 0 131 1
phone 0.0051 207 143 269 230
phone 0.0051 238 0 269 1
phone 0.0051 276 246 285 259
phone 0.0051 146 0 177 1
phone 0.0051 375 202 399 263
phone 0.0051 130 0 161 1
phone 0.0051 189 85 218 112
phone 0.0051 115 0 146 1
phone 0.0051 330 203 362 262
phone 0.0051 253 0 284 1
phone 0.0051 23 265 53 266
phone 0.0051 325 210 358 233
phone 0.0051 284 265 315 266
phone 0.0051 245 246 254 259
phone 0.0051 84 238 146 266
phone 0.0051 106 246 116 259
phone 0.0051 111 97 148 153
phone 0.0051 131 24 191 72
phone 0.0051 69 249 99 266
phone 0.0051 282 128 316 184
phone 0.0050 206 246 216 259
phone 0.0050 383 177 393 189
phone 0.0050 81 80 117 139
phone 0.0050 269 264 300 266
phone 0.0050 128 67 162 122
phone 0.0050 269 0 300 0
phone 0.0050 300 265 331 266
phone 0.0050 316 234 345 266
phone 0.0050 222 138 231 151
