phone 0.9379 109 25 347 223
phone 0.0389 147 140 258 234
phone 0.0310 185 84 318 222
phone 0.0281 281 39 365 168
phone 0.0277 226 52 335 214
phone 0.0272 108 90 246 229
phone 0.0223 92 65 193 209
phone 0.0210 209 132 309 241
phone 0.0210 120 36 232 184
phone 0.0205 68 85 148 239
phone 0.0186 48 10 168 197
phone 0.0178 318 8 393 140
phone 0.0167 105 131 176 249
phone 0.0153 158 47 286 203
phone 0.0150 283 0 369 106
phone 0.0149 252 123 330 258
phone 0.0141 106 18 186 170
phone 0.0141 67 49 281 266
phone 0.0137 189 10 322 156
phone 0.0128 243 19 334 139
phone 0.0122 206 123 300 189
phone 0.0122 193 138 283 205
phone 0.0115 252 0 339 88
phone 0.0111 189 156 287 266
phone 0.0107 82 103 148 178
phone 0.0107 73 142 158 262
phone 0.0107 180 155 264 219
phone 0.0106 283 87 358 234
phone 0.0106 347 35 399 174
phone 0.0105 127 142 227 262
phone 0.0104 135 155 217 218
phone 0.0104 221 110 316 172
phone 0.0102 150 0 233 146
phone 0.0101 136 69 217 151
phone 0.0100 240 78 328 142
phone 0.0098 0 0 39 1
phone 0.0097 229 142 308 201
phone 0.0097 98 71 163 149
phone 0.0096 121 137 201 206
phone 0.0095 247 125 322 188
phone 0.0095 0 263 40 266
phone 0.0094 342 0 399 109
phone 0.0094 113 53 178 136
phone 0.0094 92 123 169 189
phone 0.0093 121 87 201 164
phone 0.0091 262 95 337 156
phone 0.0091 65 127 134 185
phone 0.0091 212 158 295 216
phone 0.0090 95 190 166 245
phone 0.0089 178 113 267 200
phone 0.0089 65 160 134 214
phone 0.0088 98 111 132 170
phone 0.0088 280 78 350 142
phone 0.0087 90 157 170 217
phone 0.0087 106 105 184 177
phone 0.0087 191 0 280 98
phone 0.0086 79 172 151 232
phone 0.0085 200 189 276 246
phone 0.0084 266 154 333 220
phone 0.0084 129 37 193 122
phone 0.0083 277 51 352 107
phone 0.0082 317 73 389 194
phone 0.0082 81 136 150 206
phone 0.0082 257 65 341 124
phone 0.0082 136 114 217 198
phone 0.0081 121 172 201 233
phone 0.0081 157 214 173 245
phone 0.0081 149 218 181 241
phone 0.0081 83 126 115 185
phone 0.0080 283 138 347 204
phone 0.0080 251 169 318 235
phone 0.0079 300 59 360 129
phone 0.0078 283 105 347 176
phone 0.0078 113 80 147 139
phone 0.0078 170 186 245 249
phone 0.0078 84 157 115 216
phone 0.0077 267 128 301 184
phone 0.0077 159 159 193 214
phone 0.0076 251 144 285 199
phone 0.0076 140 186 214 249
phone 0.0076 160 223 170 236
phone 0.0076 114 188 146 247
phone 0.0075 205 159 239 214
phone 0.0075 54 114 115 228
phone 0.0074 314 50 346 108
phone 0.0074 298 81 331 138
phone 0.0074 99 79 131 140
phone 0.0074 207 207 269 259
phone 0.0074 282 97 316 153
phone 0.0073 144 159 178 214
phone 0.0073 208 83 298 168
phone 0.0073 114 207 178 259
phone 0.0073 53 148 116 195
phone 0.0072 282 158 316 216
phone 0.0072 134 206 150 237
phone 0.0072 126 210 158 233
phone 0.0072 98 157 131 216
phone 0.0071 113 128 147 184
phone 0.0071 100 187 130 248
phone 0.0071 127 65 164 124
phone 0.0071 158 203 226 263
phone 0.0071 236 185 302 249
phone 0.0071 219 144 256 199
phone 0.0070 300 90 361 160
phone 0.0070 236 159 270 214
phone 0.0070 69 156 99 217
phone 0.0070 233 0 305 122
phone 0.0070 190 159 224 214
phone 0.0070 298 127 332 185
phone 0.0070 146 22 207 105
phone 0.0070 282 127 316 185
phone 0.0069 221 189 254 246
phone 0.0069 267 173 301 231
phone 0.0069 174 159 209 214
phone 0.0069 234 128 272 184
phone 0.0069 315 0 396 66
phone 0.0069 284 36 346 92
phone 0.0068 128 144 162 199
phone 0.0068 137 215 146 228
phone 0.0068 113 159 147 215
phone 0.0068 149 214 165 245
phone 0.0068 298 51 331 107
phone 0.0068 130 23 192 74
phone 0.0067 313 80 347 139
phone 0.0067 69 126 99 186
phone 0.0067 129 189 162 246
phone 0.0067 0 0 41 32
phone 0.0067 69 177 130 266
phone 0.0067 53 179 115 225
phone 0.0066 71 65 129 184
phone 0.0066 69 98 131 152
phone 0.0066 287 177 343 227
phone 0.0066 145 9 208 57
phone 0.0066 153 223 162 236
phone 0.0065 85 203 115 263
phone 0.0065 250 114 286 168
phone 0.0065 251 173 285 231
phone 0.0065 115 37 177 90
phone 0.0065 266 83 302 137
phone 0.0065 146 19 177 77
phone 0.0064 239 202 269 263
phone 0.0064 226 206 242 237
phone 0.0064 218 209 250 234
phone 0.0064 271 20 328 76
phone 0.0064 144 189 177 246
phone 0.0063 84 95 115 155
phone 0.0063 205 189 239 246
phone 0.0063 159 189 193 246
phone 0.0063 0 5 60 130
phone 0.0063 192 0 254 42
phone 0.0063 165 213 181 245
phone 0.0063 316 39 375 89
phone 0.0063 234 206 250 237
phone 0.0063 162 3 192 62
phone 0.0063 271 192 327 242
phone 0.0062 190 189 224 246
phone 0.0062 99 53 161 105
phone 0.0062 175 189 208 246
phone 0.0062 347 71 399 118
phone 0.0062 130 34 161 93
phone 0.0062 142 50 179 108
phone 0.0062 240 6 298 60
phone 0.0062 300 172 330 232
phone 0.0061 0 65 60 193
phone 0.0061 256 209 313 257
phone 0.0061 53 117 116 164
phone 0.0061 282 67 316 122
phone 0.0061 0 252 64 266
phone 0.0061 163 77 251 174
phone 0.0061 0 125 56 258
phone 0.0060 361 65 392 124
phone 0.0060 332 55 390 103
phone 0.0060 127 113 163 168
phone 0.0060 331 34 361 93
phone 0.0060 84 21 146 136
phone 0.0060 84 69 147 120
phone 0.0060 176 4 207 62
phone 0.0060 101 225 160 266
phone 0.0060 331 163 391 210
phone 0.0060 115 49 146 109
phone 0.0060 299 0 362 29
phone 0.0060 363 0 399 42
phone 0.0060 270 224 329 266
phone 0.0060 301 209 360 257
phone 0.0060 284 191 346 266
phone 0.0060 142 205 158 238
phone 0.0060 208 0 238 46
phone 0.0059 176 0 239 75
phone 0.0059 193 0 253 11
phone 0.0059 268 0 332 29
phone 0.0059 361 0 399 11
phone 0.0059 298 141 363 263
phone 0.0059 115 218 145 266
phone 0.0059 237 215 247 228
phone 0.0059 224 0 283 11
phone 0.0059 329 130 393 243
phone 0.0059 237 0 301 29
phone 0.0059 206 0 270 29
phone 0.0059 176 0 239 28
phone 0.0059 254 202 284 263
phone 0.0059 223 0 284 42
phone 0.0059 162 0 222 11
phone 0.0059 315 237 377 266
phone 0.0059 70 240 130 266
phone 0.0058 346 49 377 108
phone 0.0058 316 0 376 11
phone 0.0058 161 0 223 42
phone 0.0058 38 237 100 266
phone 0.0058 229 215 239 228
phone 0.0058 315 253 377 266
phone 0.0058 54 225 114 266
phone 0.0058 126 198 142 230
phone 0.0058 254 0 314 11
phone 0.0058 285 187 315 248
phone 0.0058 0 234 40 266
phone 0.0058 0 0 40 77
phone 0.0058 362 238 399 266
phone 0.0058 239 240 298 266
phone 0.0058 346 157 376 216
phone 0.0058 85 255 145 266
phone 0.0058 131 0 191 11
phone 0.0058 285 0 345 11
phone 0.0058 145 0 208 28
phone 0.0058 39 9 99 57
phone 0.0058 168 223 177 236
phone 0.0058 7 237 69 266
phone 0.0058 284 237 346 266
phone 0.0058 176 222 239 266
phone 0.0057 303 161 358 212
phone 0.0057 100 49 130 108
phone 0.0057 253 0 315 44
phone 0.0057 118 202 150 226
phone 0.0057 331 25 391 72
phone 0.0057 22 253 85 266
phone 0.0057 269 3 300 62
phone 0.0057 316 194 376 241
phone 0.0057 284 253 346 266
phone 0.0057 24 24 83 72
phone 0.0057 318 114 373 167
phone 0.0057 130 0 193 44
phone 0.0057 284 0 346 44
phone 0.0057 192 0 222 46
phone 0.0057 315 203 346 262
phone 0.0057 70 0 130 42
phone 0.0057 173 21 241 107
phone 0.0057 69 187 99 247
phone 0.0057 331 3 361 62
phone 0.0057 361 24 399 73
phone 0.0057 270 203 299 263
phone 0.0057 315 142 346 200
phone 0.0057 116 9 176 57
phone 0.0057 8 9 68 57
phone 0.0057 100 0 160 11
phone 0.0057 285 219 315 266
phone 0.0057 22 0 85 105
phone 0.0056 208 0 238 16
phone 0.0056 329 0 393 29
phone 0.0056 39 209 99 257
phone 0.0056 300 219 330 266
phone 0.0056 331 264 361 266
phone 0.0056 223 0 253 16
phone 0.0056 316 172 345 232
phone 0.0056 239 0 268 16
phone 0.0056 346 264 376 266
phone 0.0056 362 161 399 266
phone 0.0056 54 255 114 266
phone 0.0056 223 0 253 46
phone 0.0056 53 0 116 74
phone 0.0056 54 264 84 266
phone 0.0056 193 0 222 16
phone 0.0056 85 0 145 26
phone 0.0056 114 0 178 28
phone 0.0056 316 264 345 266
phone 0.0056 100 0 160 42
phone 0.0056 39 264 68 266
phone 0.0056 254 0 284 16
phone 0.0056 346 3 376 62
phone 0.0056 360 193 399 242
phone 0.0056 364 262 399 266
phone 0.0056 363 23 399 135
phone 0.0056 361 54 399 104
phone 0.0056 84 0 146 74
phone 0.0056 177 0 207 16
phone 0.0056 23 0 83 42
phone 0.0056 301 9 360 57
phone 0.0056 142 82 180 138
phone 0.0056 254 234 284 266
phone 0.0056 238 0 269 46
phone 0.0056 0 0 36 11
phone 0.0056 22 221 85 266
phone 0.0056 100 24 161 72
phone 0.0056 0 173 40 266
phone 0.0056 331 0 361 16
phone 0.0056 69 218 99 266
phone 0.0056 70 0 130 11
phone 0.0055 224 225 283 266
phone 0.0055 361 162 399 211
phone 0.0055 162 0 192 16
phone 0.0055 164 226 196 248
phone 0.0055 316 0 345 47
phone 0.0055 226 54 311 135
phone 0.0055 270 0 299 16
phone 0.0055 362 115 399 226
phone 0.0055 300 264 330 266
phone 0.0055 23 264 53 266
phone 0.0055 316 0 345 16
phone 0.0055 54 0 114 26
phone 0.0055 8 40 68 88
phone 0.0055 100 218 130 266
phone 0.0055 100 249 130 266
phone 0.0055 84 207 147 266
phone 0.0055 360 254 399 266
phone 0.0055 158 34 194 93
phone 0.0055 285 0 315 16
phone 0.0055 242 206 257 237
phone 0.0055 346 0 376 16
phone 0.0055 31 71 122 206
phone 0.0055 300 0 330 16
phone 0.0055 0 34 40 154
phone 0.0055 39 0 99 11
phone 0.0055 54 3 84 62
phone 0.0055 146 0 176 16
phone 0.0055 377 0 399 17
phone 0.0055 69 264 99 266
phone 0.0055 331 188 361 247
phone 0.0055 0 96 40 216
phone 0.0055 330 222 393 266
phone 0.0055 69 96 99 154
phone 0.0055 233 210 266 233
phone 0.0055 0 0 22 47
phone 0.0055 314 111 347 170
phone 0.0055 39 3 68 62
phone 0.0054 331 157 361 216
phone 0.0054 8 0 68 26
phone 0.0054 347 117 399 164
phone 0.0054 8 0 68 11
phone 0.0054 131 0 161 16
phone 0.0054 285 264 315 266
phone 0.0054 254 255 314 266
phone 0.0054 0 0 22 16
phone 0.0054 0 25 53 72
phone 0.0054 316 249 345 266
phone 0.0054 176 231 185 243
phone 0.0054 39 40 99 88
phone 0.0054 269 234 300 266
phone 0.0054 85 0 115 47
phone 0.0054 85 65 115 124
phone 0.0054 0 0 23 1
phone 0.0054 300 249 330 266
phone 0.0054 70 3 99 62
phone 0.0054 115 249 146 266
phone 0.0054 173 222 188 252
phone 0.0054 85 249 115 266
phone 0.0054 177 218 207 266
phone 0.0054 131 3 161 62
phone 0.0054 361 131 399 181
phone 0.0054 116 0 145 16
phone 0.0054 300 0 330 47
phone 0.0054 0 255 36 266
phone 0.0054 146 0 176 47
phone 0.0054 54 249 84 266
phone 0.0054 54 218 84 266
phone 0.0054 0 264 22 266
phone 0.0054 331 249 361 266
phone 0.0054 145 215 154 228
phone 0.0054 245 215 254 228
phone 0.0054 24 3 53 62
phone 0.0054 178 255 237 266
phone 0.0054 0 40 36 88
phone 0.0054 100 0 130 47
phone 0.0054 285 249 315 266
phone 0.0054 346 40 399 87
phone 0.0054 39 249 69 266
phone 0.0053 69 249 99 266
phone 0.0053 23 249 53 266
phone 0.0053 116 0 145 47
phone 0.0053 115 237 177 266
phone 0.0053 85 264 115 266
phone 0.0053 100 0 130 16
phone 0.0053 147 223 206 266
phone 0.0053 332 132 390 180
phone 0.0053 346 249 376 266
phone 0.0053 376 264 399 266
phone 0.0053 361 100 399 150
phone 0.0053 85 40 146 88
phone 0.0053 361 111 392 170
phone 0.0053 270 264 299 266
phone 0.0053 0 18 22 78
phone 0.0053 146 234 176 266
phone 0.0053 116 18 145 78
phone 0.0053 85 0 115 16
phone 0.0053 38 160 100 266
phone 0.0053 0 70 36 119
phone 0.0053 24 55 83 103
phone 0.0053 70 24 130 72
phone 0.0053 116 255 175 266
phone 0.0053 346 126 376 185
phone 0.0053 39 34 68 93
phone 0.0053 346 188 376 247
phone 0.0053 0 55 53 103
phone 0.0052 0 249 22 266
phone 0.0052 0 101 36 150
phone 0.0052 69 0 99 16
phone 0.0052 376 2 399 63
phone 0.0052 0 163 36 211
phone 0.0052 24 34 53 93
phone 0.0052 236 19 270 77
phone 0.0052 130 208 139 220
phone 0.0052 156 81 196 139
phone 0.0052 222 253 284 266
phone 0.0052 68 0 131 105
phone 0.0052 376 33 399 94
phone 0.0052 193 218 222 266
phone 0.0052 331 126 361 186
phone 0.0052 205 19 240 77
phone 0.0052 251 19 286 77
phone 0.0052 0 132 36 180
phone 0.0052 219 21 288 107
phone 0.0052 54 0 84 16
phone 0.0052 192 0 223 1
phone 0.0052 100 264 130 266
phone 0.0052 254 264 284 266
phone 0.0052 285 3 315 62
phone 0.0052 331 219 361 266
phone 0.0052 376 0 399 1
phone 0.0052 0 49 22 108
phone 0.0052 207 237 269 266
phone 0.0052 0 207 54 266
phone 0.0052 177 0 208 1
phone 0.0052 207 0 238 1
phone 0.0052 0 86 53 134
phone 0.0052 54 34 84 93
phone 0.0052 161 0 192 1
phone 0.0052 116 264 145 266
phone 0.0052 23 0 53 16
phone 0.0052 131 264 161 266
phone 0.0052 346 9 399 57
phone 0.0051 362 34 392 93
phone 0.0051 0 218 22 266
phone 0.0051 346 218 376 266
phone 0.0051 8 265 38 266
phone 0.0051 376 202 399 263
phone 0.0051 8 70 68 118
phone 0.0051 223 0 254 1
phone 0.0051 0 80 22 139
phone 0.0051 38 22 100 136
phone 0.0051 39 0 69 16
phone 0.0051 0 117 53 165
phone 0.0051 146 253 208 266
phone 0.0051 162 234 192 266
phone 0.0051 346 148 399 195
phone 0.0051 146 264 176 266
phone 0.0051 239 264 269 266
phone 0.0051 54 187 84 247
phone 0.0051 131 249 161 266
phone 0.0051 180 222 196 252
phone 0.0051 54 86 115 134
phone 0.0051 192 249 223 266
phone 0.0051 315 0 346 1
phone 0.0051 376 172 399 232
phone 0.0051 146 0 177 1
phone 0.0051 238 0 269 1
phone 0.0051 0 110 22 170
phone 0.0051 0 187 22 247
phone 0.0051 172 217 204 241
phone 0.0051 376 248 399 266
phone 0.0051 330 0 361 1
phone 0.0051 300 0 331 1
phone 0.0051 69 55 130 103
phone 0.0051 0 141 22 201
phone 0.0051 346 209 399 257
phone 0.0051 284 0 315 1
phone 0.0051 362 264 392 266
phone 0.0051 253 0 285 1
phone 0.0051 0 147 53 195
phone 0.0051 269 0 300 1
phone 0.0050 53 52 115 167
phone 0.0050 376 141 399 201
phone 0.0050 130 0 161 1
phone 0.0050 177 249 207 266
phone 0.0050 0 178 53 226
phone 0.0050 8 250 38 266
phone 0.0050 315 19 346 77
phone 0.0050 183 230 193 243
phone 0.0050 85 18 115 78
phone 0.0050 318 77 374 142
phone 0.0050 39 70 99 118
phone 0.0050 254 0 284 46
phone 0.0050 207 249 238 266
phone 0.0050 100 18 130 78
phone 0.0050 346 179 399 226
phone 0.0050 218 206 235 237
