phone 0.8784 109 95 193 262
phone 0.0961 67 74 231 315
phone 0.0642 128 134 187 219
phone 0.0500 80 67 177 230
phone 0.0461 82 153 176 294
phone 0.0391 124 157 216 285
phone 0.0367 0 136 126 327
phone 0.0366 109 133 233 251
phone 0.0335 39 88 140 255
phone 0.0324 39 180 136 340
phone 0.0308 122 84 221 212
phone 0.0287 115 151 169 232
phone 0.0284 152 156 268 297
phone 0.0280 167 43 299 246
phone 0.0267 132 170 182 244
phone 0.0257 191 193 288 330
phone 0.0251 107 188 192 316
phone 0.0213 91 140 162 213
phone 0.0203 117 124 167 198
phone 0.0201 20 119 109 264
phone 0.0191 73 217 166 361
phone 0.0182 187 121 280 262
phone 0.0180 0 216 119 373
phone 0.0179 45 251 133 384
phone 0.0173 220 111 299 227
phone 0.0170 120 206 194 270
phone 0.0166 42 168 118 246
phone 0.0166 104 42 199 191
phone 0.0164 151 116 256 237
phone 0.0163 58 157 133 226
phone 0.0159 107 230 138 254
phone 0.0157 64 20 288 262
phone 0.0153 115 226 131 257
phone 0.0144 118 235 127 248
phone 0.0144 109 146 144 207
phone 0.0144 0 98 81 248
phone 0.0142 43 138 117 215
phone 0.0136 93 169 160 245
phone 0.0135 190 141 248 242
phone 0.0134 140 209 174 267
phone 0.0134 223 179 299 281
phone 0.0131 166 159 241 225
phone 0.0130 0 43 122 238
phone 0.0129 170 224 253 357
phone 0.0126 90 252 193 377
phone 0.0125 29 156 101 228
phone 0.0125 35 129 207 388
phone 0.0124 82 297 171 399
phone 0.0122 29 187 101 258
phone 0.0121 144 188 232 318
phone 0.0121 122 189 162 256
phone 0.0117 198 174 270 240
phone 0.0115 201 222 268 284
phone 0.0114 93 107 160 184
phone 0.0112 0 163 74 281
phone 0.0110 53 303 125 396
phone 0.0108 31 73 99 218
phone 0.0107 77 163 114 221
phone 0.0106 145 273 215 371
phone 0.0105 198 139 270 214
phone 0.0105 130 229 161 255
phone 0.0103 109 177 144 237
phone 0.0102 108 122 299 334
phone 0.0102 43 201 117 275
phone 0.0102 169 110 237 181
phone 0.0101 80 360 143 399
phone 0.0101 137 225 154 258
phone 0.0100 29 220 101 287
phone 0.0100 56 191 135 254
phone 0.0099 122 226 138 257
phone 0.0099 22 262 94 378
phone 0.0097 186 163 220 221
phone 0.0097 16 139 83 214
phone 0.0097 47 178 82 236
phone 0.0097 110 100 143 160
phone 0.0095 153 194 191 251
phone 0.0095 69 181 153 233
phone 0.0095 48 105 112 186
phone 0.0095 58 128 133 194
phone 0.0094 61 178 99 237
phone 0.0094 134 147 241 207
phone 0.0094 217 209 251 267
phone 0.0093 217 178 251 236
phone 0.0093 153 224 223 283
phone 0.0092 44 39 135 184
phone 0.0092 105 300 179 360
phone 0.0092 126 235 135 248
phone 0.0092 28 254 102 314
phone 0.0091 70 212 152 264
phone 0.0091 186 67 253 224
phone 0.0090 127 75 188 124
phone 0.0090 2 210 67 326
phone 0.0088 153 253 223 315
phone 0.0088 70 150 152 203
phone 0.0088 14 239 86 298
phone 0.0087 141 236 150 248
phone 0.0087 142 70 173 128
phone 0.0087 0 210 70 266
phone 0.0087 48 209 82 267
phone 0.0086 127 70 157 128
phone 0.0086 61 147 99 206
phone 0.0085 95 348 158 399
phone 0.0085 110 332 143 389
phone 0.0085 76 329 146 393
phone 0.0085 130 226 146 258
phone 0.0084 142 181 234 233
phone 0.0084 42 270 118 329
phone 0.0083 121 238 194 299
phone 0.0083 72 239 150 299
phone 0.0082 230 36 299 178
phone 0.0081 48 116 82 175
phone 0.0081 123 266 192 333
phone 0.0081 60 283 132 347
phone 0.0081 32 147 66 205
phone 0.0081 78 103 144 158
phone 0.0080 60 251 132 317
phone 0.0080 18 162 50 221
phone 0.0080 161 229 192 255
phone 0.0078 205 109 264 182
phone 0.0078 95 199 158 277
phone 0.0077 132 219 215 348
phone 0.0077 168 225 185 258
phone 0.0077 125 302 158 358
phone 0.0077 186 116 220 175
phone 0.0076 47 147 82 205
phone 0.0076 80 316 111 375
phone 0.0076 171 239 205 298
phone 0.0076 48 255 81 313
phone 0.0076 18 193 50 252
phone 0.0075 94 226 128 281
phone 0.0075 75 265 147 334
phone 0.0075 113 364 171 399
phone 0.0075 87 285 165 345
phone 0.0075 94 180 127 235
phone 0.0075 57 222 134 285
phone 0.0075 43 235 118 303
phone 0.0075 133 236 143 248
phone 0.0074 166 237 241 300
phone 0.0074 34 254 65 313
phone 0.0074 108 219 176 287
phone 0.0074 15 171 85 243
phone 0.0073 62 116 98 175
phone 0.0073 75 0 174 163
phone 0.0073 192 96 246 165
phone 0.0073 171 210 204 266
phone 0.0073 49 305 112 355
phone 0.0073 75 297 147 363
phone 0.0073 103 256 181 312
phone 0.0073 189 195 249 281
phone 0.0073 18 223 50 283
phone 0.0072 214 192 285 253
phone 0.0072 33 115 66 175
phone 0.0072 216 147 252 206
phone 0.0072 78 194 113 251
phone 0.0072 148 160 196 224
phone 0.0072 206 259 262 309
phone 0.0072 80 346 111 399
phone 0.0072 62 209 98 266
phone 0.0071 140 39 205 159
phone 0.0071 140 240 174 297
phone 0.0071 167 190 240 255
phone 0.0071 94 332 128 390
phone 0.0071 140 271 174 328
phone 0.0070 210 161 288 223
phone 0.0070 236 147 294 205
phone 0.0070 95 101 127 159
phone 0.0070 172 270 204 329
phone 0.0070 94 149 127 204
phone 0.0070 51 366 110 399
phone 0.0070 33 224 66 282
phone 0.0069 78 133 113 189
phone 0.0069 157 70 188 128
phone 0.0069 65 315 96 376
phone 0.0069 64 271 97 328
phone 0.0069 218 101 250 159
phone 0.0068 49 337 112 385
phone 0.0068 4 260 65 308
phone 0.0068 96 75 157 124
phone 0.0068 0 246 50 292
phone 0.0068 3 135 65 187
phone 0.0068 79 286 112 344
phone 0.0067 65 362 96 399
phone 0.0067 114 78 169 151
phone 0.0067 220 254 249 314
phone 0.0067 251 0 299 30
phone 0.0067 50 300 80 360
phone 0.0067 236 180 294 234
phone 0.0067 19 253 49 314
phone 0.0067 265 0 299 64
phone 0.0066 172 236 181 248
phone 0.0066 222 243 277 294
phone 0.0066 109 302 143 358
phone 0.0066 19 292 80 338
phone 0.0066 4 239 34 298
phone 0.0066 125 272 158 327
phone 0.0066 109 208 143 267
phone 0.0066 204 85 234 144
phone 0.0065 174 89 233 141
phone 0.0065 35 285 65 345
phone 0.0065 0 153 51 200
phone 0.0065 78 240 112 297
phone 0.0065 220 105 279 155
phone 0.0065 235 254 264 314
phone 0.0065 18 130 50 191
phone 0.0065 245 200 277 222
phone 0.0065 127 347 157 399
phone 0.0065 217 69 283 190
phone 0.0065 112 70 142 128
phone 0.0065 253 196 269 226
phone 0.0064 36 100 94 160
phone 0.0064 0 0 48 30
phone 0.0064 281 0 299 37
phone 0.0064 220 0 279 30
phone 0.0064 152 99 223 162
phone 0.0064 0 0 18 30
phone 0.0064 20 0 79 30
phone 0.0064 187 255 220 312
phone 0.0064 4 0 65 64
phone 0.0064 251 245 299 292
phone 0.0064 112 0 171 30
phone 0.0063 156 270 189 329
phone 0.0063 281 367 299 399
phone 0.0063 280 332 299 399
phone 0.0063 143 0 202 30
phone 0.0063 170 180 205 234
phone 0.0063 296 367 299 399
phone 0.0063 3 106 65 154
phone 0.0063 127 0 188 64
phone 0.0063 189 0 248 30
phone 0.0063 256 205 266 217
phone 0.0063 82 0 141 30
phone 0.0063 96 0 157 64
phone 0.0063 204 0 265 64
phone 0.0063 249 163 281 220
phone 0.0063 34 0 95 64
phone 0.0063 237 215 270 238
phone 0.0063 295 332 299 399
phone 0.0063 51 0 110 30
phone 0.0063 157 0 218 64
phone 0.0063 249 212 299 325
phone 0.0062 112 60 172 108
phone 0.0062 234 101 265 159
phone 0.0062 65 0 126 64
phone 0.0062 251 137 299 185
phone 0.0062 246 211 261 241
phone 0.0062 93 256 128 312
phone 0.0062 125 224 159 283
phone 0.0062 4 131 34 190
phone 0.0062 187 273 250 387
phone 0.0062 3 161 34 222
phone 0.0062 3 207 34 268
phone 0.0062 186 194 220 251
phone 0.0062 19 91 81 139
phone 0.0062 111 26 173 141
phone 0.0062 158 75 218 124
phone 0.0062 250 193 280 251
phone 0.0062 20 0 49 37
phone 0.0061 235 0 264 37
phone 0.0061 35 322 95 369
phone 0.0061 0 0 2 30
phone 0.0061 35 0 64 37
phone 0.0061 19 57 81 172
phone 0.0061 114 246 251 399
phone 0.0061 143 0 172 37
phone 0.0061 128 0 157 37
phone 0.0061 158 0 187 37
phone 0.0061 112 0 141 37
phone 0.0061 297 0 299 37
phone 0.0061 51 0 80 37
phone 0.0061 220 0 249 37
phone 0.0061 0 0 3 64
phone 0.0061 191 275 247 324
phone 0.0061 159 289 217 340
phone 0.0061 204 0 234 37
phone 0.0060 174 0 203 37
phone 0.0060 189 0 218 37
phone 0.0060 249 220 258 233
phone 0.0060 97 0 126 37
phone 0.0060 174 322 233 369
phone 0.0060 66 0 95 37
phone 0.0060 202 239 235 298
phone 0.0060 81 0 111 37
phone 0.0060 32 178 66 236
phone 0.0060 0 183 50 231
phone 0.0060 189 306 248 354
phone 0.0060 19 100 49 159
phone 0.0060 144 304 201 356
phone 0.0060 266 168 299 216
phone 0.0060 249 332 299 399
phone 0.0060 94 286 128 344
phone 0.0060 234 367 296 399
phone 0.0059 235 260 294 308
phone 0.0059 0 332 35 399
phone 0.0059 218 332 282 399
phone 0.0059 0 367 19 399
phone 0.0059 232 195 266 250
phone 0.0059 96 70 126 128
phone 0.0059 250 91 299 139
phone 0.0059 264 134 299 249
phone 0.0059 159 337 217 385
phone 0.0059 0 77 6 193
phone 0.0059 296 0 299 64
phone 0.0059 220 291 280 338
phone 0.0059 35 85 65 144
phone 0.0059 50 89 110 141
phone 0.0058 251 213 299 262
phone 0.0058 236 120 294 171
phone 0.0058 173 70 203 128
phone 0.0058 204 367 265 399
phone 0.0058 266 106 299 154
phone 0.0058 20 337 79 385
phone 0.0058 0 122 50 169
phone 0.0058 63 240 97 297
phone 0.0058 218 258 281 371
phone 0.0058 81 60 141 108
phone 0.0058 265 363 296 399
phone 0.0058 249 363 281 399
phone 0.0058 97 45 157 93
phone 0.0058 234 243 296 355
phone 0.0058 0 367 49 399
phone 0.0058 143 60 203 108
phone 0.0058 204 337 264 385
phone 0.0058 209 7 282 147
phone 0.0058 234 363 265 399
phone 0.0058 0 363 4 399
phone 0.0058 248 87 299 203
phone 0.0057 125 330 190 399
phone 0.0057 188 316 219 375
phone 0.0057 0 88 50 202
phone 0.0057 50 85 80 144
phone 0.0057 80 27 142 141
phone 0.0057 35 75 95 123
phone 0.0057 201 207 236 268
phone 0.0057 4 322 64 369
phone 0.0057 127 45 187 93
phone 0.0057 204 300 234 359
phone 0.0057 66 45 126 93
phone 0.0057 95 11 158 126
phone 0.0057 188 332 251 399
phone 0.0057 281 162 299 221
phone 0.0057 50 331 80 390
phone 0.0057 0 137 18 185
phone 0.0057 204 269 234 329
phone 0.0057 219 363 250 399
phone 0.0057 266 230 299 277
phone 0.0057 19 367 80 399
phone 0.0057 65 11 127 126
phone 0.0057 126 11 189 126
phone 0.0057 266 199 299 246
phone 0.0057 34 42 96 156
phone 0.0057 3 288 66 399
phone 0.0056 281 122 299 170
phone 0.0056 265 57 299 172
phone 0.0056 49 362 81 399
phone 0.0056 173 331 203 390
phone 0.0056 281 91 299 139
phone 0.0056 51 60 110 108
phone 0.0056 4 76 64 123
phone 0.0056 0 168 18 216
phone 0.0056 234 285 265 344
phone 0.0056 0 91 49 139
phone 0.0056 65 85 96 144
phone 0.0056 0 104 19 218
phone 0.0056 133 112 181 179
phone 0.0056 250 116 280 174
phone 0.0056 20 60 80 108
phone 0.0056 106 225 124 259
phone 0.0056 250 254 280 313
phone 0.0056 0 46 9 161
phone 0.0056 250 276 299 323
phone 0.0056 0 106 18 154
phone 0.0056 280 73 299 187
phone 0.0056 0 337 18 385
phone 0.0056 158 45 218 93
phone 0.0056 235 322 295 369
phone 0.0056 50 29 110 77
phone 0.0056 35 331 65 390
phone 0.0056 189 285 218 345
phone 0.0056 3 42 66 156
phone 0.0056 49 26 112 141
phone 0.0056 141 301 173 359
phone 0.0056 235 75 295 123
phone 0.0056 173 367 234 399
phone 0.0056 177 7 254 148
phone 0.0056 203 363 235 399
phone 0.0056 265 254 296 313
phone 0.0056 235 331 265 390
phone 0.0055 0 57 35 172
phone 0.0055 250 306 299 354
phone 0.0055 189 75 249 123
phone 0.0055 0 306 49 354
phone 0.0055 234 288 296 399
phone 0.0055 143 353 202 399
phone 0.0055 250 60 299 108
phone 0.0055 0 229 18 277
phone 0.0055 157 11 219 126
phone 0.0055 81 29 141 77
phone 0.0055 34 362 65 399
phone 0.0055 35 45 95 93
phone 0.0055 4 100 34 159
phone 0.0055 0 150 19 264
phone 0.0055 158 300 188 360
phone 0.0055 204 29 264 77
phone 0.0055 174 29 233 77
phone 0.0055 0 260 18 308
phone 0.0055 0 291 34 339
phone 0.0055 0 199 18 246
phone 0.0055 109 271 143 327
phone 0.0055 219 331 249 390
phone 0.0055 281 245 299 293
phone 0.0055 264 181 299 294
phone 0.0055 19 315 49 375
phone 0.0055 237 228 293 279
phone 0.0055 112 39 142 98
phone 0.0055 264 303 299 399
phone 0.0055 155 239 189 298
phone 0.0055 266 291 299 339
phone 0.0055 97 39 126 98
phone 0.0055 0 196 19 310
phone 0.0055 0 306 18 354
phone 0.0054 127 39 157 98
phone 0.0054 0 122 3 169
phone 0.0054 81 39 111 98
phone 0.0054 188 363 219 399
phone 0.0054 296 100 299 159
phone 0.0054 143 39 172 98
phone 0.0054 0 242 19 356
phone 0.0054 0 337 3 385
phone 0.0054 189 45 249 93
phone 0.0054 280 211 299 325
phone 0.0054 0 257 35 372
phone 0.0054 220 45 279 93
phone 0.0054 143 29 203 77
phone 0.0054 281 193 299 252
phone 0.0054 281 276 299 323
phone 0.0054 281 60 299 108
phone 0.0054 281 322 299 370
phone 0.0054 0 146 3 206
phone 0.0054 158 39 188 98
phone 0.0054 0 288 19 399
phone 0.0054 232 164 267 219
phone 0.0054 174 60 233 108
phone 0.0054 0 91 3 139
phone 0.0054 20 70 49 129
phone 0.0054 18 11 81 126
phone 0.0054 112 29 172 77
phone 0.0054 4 316 34 375
phone 0.0054 50 54 80 113
phone 0.0054 296 131 299 190
phone 0.0054 0 304 4 399
phone 0.0054 66 54 95 113
phone 0.0054 80 86 112 143
phone 0.0054 0 177 3 236
phone 0.0053 0 104 4 217
phone 0.0053 0 276 49 323
phone 0.0053 35 54 65 113
phone 0.0053 20 29 80 77
phone 0.0053 19 285 50 345
phone 0.0053 280 26 299 141
phone 0.0053 219 301 250 359
phone 0.0053 250 316 280 375
phone 0.0053 296 69 299 129
phone 0.0053 0 60 49 108
phone 0.0053 250 223 280 283
phone 0.0053 173 39 203 98
phone 0.0053 66 23 95 82
phone 0.0053 0 58 4 171
phone 0.0053 158 346 188 399
phone 0.0053 0 245 3 292
phone 0.0053 251 69 280 129
phone 0.0053 204 331 234 390
phone 0.0053 280 258 299 371
phone 0.0053 0 75 18 123
phone 0.0053 0 214 3 262
phone 0.0053 0 276 3 323
phone 0.0053 109 240 143 297
phone 0.0053 199 129 238 193
phone 0.0053 281 29 299 77
phone 0.0053 234 224 265 282
phone 0.0053 296 239 299 298
phone 0.0053 250 285 280 344
phone 0.0053 189 39 218 98
phone 0.0053 189 14 249 62
phone 0.0053 204 60 264 108
phone 0.0053 4 45 64 93
phone 0.0052 0 150 4 263
phone 0.0052 220 23 249 83
phone 0.0052 4 70 34 129
phone 0.0052 235 29 295 77
phone 0.0052 204 23 234 83
phone 0.0052 229 231 262 253
phone 0.0052 0 212 4 325
phone 0.0052 0 306 3 354
phone 0.0052 50 23 80 82
phone 0.0052 249 11 299 126
phone 0.0052 0 0 20 95
phone 0.0052 4 269 34 329
phone 0.0052 0 60 3 108
phone 0.0052 172 363 204 399
phone 0.0052 238 227 253 257
phone 0.0052 296 337 299 385
phone 0.0052 296 269 299 329
phone 0.0052 296 208 299 267
phone 0.0052 266 45 299 93
phone 0.0052 235 23 265 82
phone 0.0052 235 69 265 129
phone 0.0052 34 353 96 399
phone 0.0052 19 346 49 399
phone 0.0051 0 29 3 77
phone 0.0051 296 162 299 221
phone 0.0051 65 75 126 124
phone 0.0051 220 14 280 62
phone 0.0051 296 300 299 359
phone 0.0051 296 45 299 92
phone 0.0051 295 42 299 156
phone 0.0051 250 39 280 98
phone 0.0051 204 91 264 139
phone 0.0051 241 235 251 248
phone 0.0051 168 150 206 203
phone 0.0051 204 54 234 113
phone 0.0051 0 29 49 77
phone 0.0051 35 23 65 82
phone 0.0051 256 212 266 225
phone 0.0051 0 12 4 125
phone 0.0051 0 11 50 126
phone 0.0050 295 89 299 202
phone 0.0050 295 0 299 110
phone 0.0050 297 23 299 83
phone 0.0050 170 102 205 158
phone 0.0050 220 54 249 113
