phone 0.8978 279 92 380 190
phone 0.0893 303 116 357 196
phone 0.0612 173 73 351 196
phone 0.0535 244 91 355 220
phone 0.0533 142 75 268 192
phone 0.0531 207 42 399 230
phone 0.0473 289 103 341 179
phone 0.0414 167 42 298 175
phone 0.0346 106 35 232 177
phone 0.0338 86 7 317 194
phone 0.0331 67 57 158 209
phone 0.0324 317 104 373 178
phone 0.0320 310 93 399 227
phone 0.0314 190 68 286 213
phone 0.0292 96 97 183 225
phone 0.0275 267 7 364 213
phone 0.0270 294 0 399 176
phone 0.0255 195 0 326 157
phone 0.0246 301 86 360 165
phone 0.0246 85 8 193 201
phone 0.0217 256 124 343 189
phone 0.0216 295 154 399 266
phone 0.0208 146 0 263 159
phone 0.0204 201 86 275 165
phone 0.0185 57 0 163 168
phone 0.0184 265 131 388 233
phone 0.0181 249 0 341 94
phone 0.0180 240 53 329 197
phone 0.0177 253 111 316 201
phone 0.0177 151 131 256 246
phone 0.0176 280 110 319 171
phone 0.0168 189 68 256 152
phone 0.0158 220 109 317 264
phone 0.0158 334 197 399 266
phone 0.0153 232 187 336 266
phone 0.0153 343 71 399 210
phone 0.0150 305 125 399 188
phone 0.0150 360 115 399 197
phone 0.0144 261 85 338 166
phone 0.0140 229 109 308 173
phone 0.0138 204 172 303 266
phone 0.0132 349 113 399 260
phone 0.0130 200 121 275 191
phone 0.0130 54 109 146 233
phone 0.0127 310 0 399 89
phone 0.0123 122 127 215 250
phone 0.0123 212 73 294 147
phone 0.0119 355 228 399 266
phone 0.0118 281 203 380 266
phone 0.0115 218 95 257 155
phone 0.0113 200 57 276 132
phone 0.0113 142 61 211 128
phone 0.0112 179 124 345 251
phone 0.0109 265 125 303 187
phone 0.0109 346 0 399 118
phone 0.0109 360 262 399 266
phone 0.0108 71 140 160 264
phone 0.0108 231 138 307 205
phone 0.0107 122 57 340 264
phone 0.0106 64 109 135 172
phone 0.0106 180 188 266 266
phone 0.0105 204 94 241 156
phone 0.0105 269 169 362 266
phone 0.0104 251 113 286 168
phone 0.0102 230 216 307 266
phone 0.0100 156 47 228 112
phone 0.0098 246 234 322 266
phone 0.0097 0 0 39 1
phone 0.0097 353 88 399 163
phone 0.0096 0 263 40 266
phone 0.0096 231 0 307 110
phone 0.0095 317 235 386 266
phone 0.0095 341 248 399 266
phone 0.0094 228 62 309 127
phone 0.0094 159 66 193 123
phone 0.0094 373 141 399 202
phone 0.0094 62 143 137 200
phone 0.0093 109 108 182 173
phone 0.0093 264 155 335 219
phone 0.0093 249 73 319 147
phone 0.0093 82 87 148 164
phone 0.0092 358 147 399 227
phone 0.0092 220 127 255 185
phone 0.0092 205 126 240 186
phone 0.0092 192 0 279 99
phone 0.0091 234 97 272 154
phone 0.0091 330 0 393 54
phone 0.0091 141 111 212 170
phone 0.0090 251 205 286 261
phone 0.0089 83 112 116 169
phone 0.0089 225 239 297 266
phone 0.0089 190 133 255 210
phone 0.0089 139 173 214 231
phone 0.0088 25 69 128 206
phone 0.0087 343 144 378 199
phone 0.0087 326 140 365 202
phone 0.0087 277 34 353 94
phone 0.0086 104 155 188 266
phone 0.0086 218 152 288 222
phone 0.0085 267 220 301 266
phone 0.0085 170 61 244 128
phone 0.0085 257 218 342 266
phone 0.0085 251 144 286 199
phone 0.0085 327 150 395 223
phone 0.0084 266 96 302 155
phone 0.0084 205 65 240 124
phone 0.0084 236 205 270 261
phone 0.0084 243 49 325 110
phone 0.0084 109 138 182 205
phone 0.0083 375 264 399 266
phone 0.0083 79 173 152 231
phone 0.0082 296 251 365 266
phone 0.0082 155 170 229 266
phone 0.0082 175 50 208 108
phone 0.0081 168 92 248 220
phone 0.0081 156 95 228 155
phone 0.0081 123 95 199 156
phone 0.0080 250 143 319 231
phone 0.0080 123 124 198 188
phone 0.0079 156 141 228 202
phone 0.0079 236 128 270 184
phone 0.0079 190 81 224 139
phone 0.0079 97 96 132 154
phone 0.0079 201 168 275 237
phone 0.0078 83 142 116 200
phone 0.0078 188 40 257 118
phone 0.0078 251 251 317 266
phone 0.0078 361 264 392 266
phone 0.0077 200 218 276 266
phone 0.0076 113 73 178 147
phone 0.0076 373 111 399 170
phone 0.0076 313 220 347 266
phone 0.0076 126 188 197 247
phone 0.0076 212 44 294 114
phone 0.0076 250 82 286 138
phone 0.0076 282 158 316 215
phone 0.0075 14 0 203 251
phone 0.0075 146 207 207 258
phone 0.0075 159 112 193 169
phone 0.0075 150 131 180 158
phone 0.0075 374 250 399 266
phone 0.0075 124 155 198 219
phone 0.0075 39 114 99 228
phone 0.0074 162 16 221 81
phone 0.0074 131 6 192 120
phone 0.0073 176 0 239 95
phone 0.0073 128 112 162 169
phone 0.0073 159 174 193 230
phone 0.0073 37 148 101 195
phone 0.0073 95 121 166 191
phone 0.0073 283 0 347 50
phone 0.0073 283 239 360 266
phone 0.0073 130 40 193 87
phone 0.0072 191 204 223 262
phone 0.0072 330 0 392 11
phone 0.0072 206 219 239 266
phone 0.0072 337 56 399 133
phone 0.0071 314 250 346 266
phone 0.0071 291 19 370 78
phone 0.0071 98 173 131 231
phone 0.0071 37 117 101 164
phone 0.0071 54 141 84 201
phone 0.0071 146 34 176 93
phone 0.0071 297 35 332 92
phone 0.0070 344 221 378 266
phone 0.0070 317 258 391 266
phone 0.0070 191 3 223 62
phone 0.0070 219 66 256 123
phone 0.0070 297 204 332 261
phone 0.0070 53 99 115 152
phone 0.0070 280 0 369 119
phone 0.0070 190 111 224 170
phone 0.0069 374 5 399 61
phone 0.0069 176 3 208 62
phone 0.0069 223 253 284 266
phone 0.0069 175 143 208 199
phone 0.0069 115 55 176 104
phone 0.0069 358 205 394 261
phone 0.0069 156 127 174 161
phone 0.0069 237 235 270 266
phone 0.0069 175 97 208 154
phone 0.0069 268 249 300 266
phone 0.0068 95 154 166 220
phone 0.0068 346 0 376 16
phone 0.0068 51 129 118 183
phone 0.0068 236 158 270 215
phone 0.0068 266 66 301 123
phone 0.0068 162 202 192 263
phone 0.0068 54 111 84 170
phone 0.0068 311 155 342 180
phone 0.0068 0 9 59 128
phone 0.0068 318 152 335 183
phone 0.0068 70 81 129 138
phone 0.0067 128 143 162 200
phone 0.0067 68 95 100 155
phone 0.0067 349 0 399 33
phone 0.0067 222 234 254 266
phone 0.0067 238 0 300 27
phone 0.0067 0 0 41 32
phone 0.0067 329 0 362 47
phone 0.0067 238 0 300 61
phone 0.0066 192 238 253 266
phone 0.0066 252 235 285 266
phone 0.0066 52 161 116 213
phone 0.0066 176 203 207 263
phone 0.0066 175 174 208 230
phone 0.0066 207 0 269 42
phone 0.0066 130 50 161 108
phone 0.0065 129 173 162 231
phone 0.0065 282 236 316 266
phone 0.0065 98 189 163 246
phone 0.0065 361 0 392 16
phone 0.0065 144 189 177 246
phone 0.0065 113 80 147 139
phone 0.0064 313 35 347 92
phone 0.0064 99 20 162 137
phone 0.0064 144 97 178 153
phone 0.0064 205 157 239 216
phone 0.0064 128 81 163 138
phone 0.0064 374 221 399 266
phone 0.0064 359 20 393 77
phone 0.0064 54 162 115 266
phone 0.0064 254 0 284 31
phone 0.0064 300 0 362 64
phone 0.0063 299 249 331 266
phone 0.0063 220 158 255 215
phone 0.0063 301 0 360 29
phone 0.0063 0 71 56 191
phone 0.0063 299 147 362 227
phone 0.0063 175 149 240 225
phone 0.0062 346 264 376 266
phone 0.0062 221 189 255 246
phone 0.0062 223 0 253 46
phone 0.0062 54 194 114 241
phone 0.0062 143 128 178 184
phone 0.0062 328 221 362 266
phone 0.0062 115 50 146 108
phone 0.0062 84 172 115 232
phone 0.0062 69 187 99 247
phone 0.0062 297 173 332 231
phone 0.0061 206 3 239 62
phone 0.0061 147 0 206 11
phone 0.0061 53 70 115 118
phone 0.0061 331 0 361 16
phone 0.0061 376 0 399 17
phone 0.0061 268 0 300 31
phone 0.0061 190 142 224 201
phone 0.0061 300 0 361 11
phone 0.0061 188 109 219 134
phone 0.0061 145 0 208 43
phone 0.0060 254 0 315 11
phone 0.0060 251 52 286 107
phone 0.0060 68 156 100 217
phone 0.0060 68 126 100 186
phone 0.0060 279 56 351 164
phone 0.0060 239 0 268 31
phone 0.0060 322 161 331 174
phone 0.0060 144 158 178 215
phone 0.0060 144 65 178 123
phone 0.0060 313 23 378 104
phone 0.0060 206 189 239 246
phone 0.0059 253 0 315 44
phone 0.0059 116 0 176 11
phone 0.0059 160 138 170 151
phone 0.0059 282 206 316 260
phone 0.0059 80 187 112 210
phone 0.0059 113 112 147 169
phone 0.0059 116 0 176 26
phone 0.0059 98 128 131 184
phone 0.0059 268 0 331 28
phone 0.0059 88 183 104 214
phone 0.0059 173 147 203 173
phone 0.0059 177 0 237 42
phone 0.0059 223 0 284 11
phone 0.0059 160 0 224 29
phone 0.0058 195 105 212 138
phone 0.0058 84 65 115 123
phone 0.0058 115 0 177 59
phone 0.0058 0 234 40 266
phone 0.0058 23 55 84 103
phone 0.0058 38 237 100 266
phone 0.0058 38 179 99 225
phone 0.0058 99 237 162 266
phone 0.0058 190 51 224 107
phone 0.0058 69 55 130 103
phone 0.0058 38 37 100 151
phone 0.0058 256 261 331 266
phone 0.0058 162 0 192 16
phone 0.0058 191 0 255 29
phone 0.0058 334 252 350 266
phone 0.0058 223 264 253 266
phone 0.0058 8 40 68 88
phone 0.0058 8 71 68 118
phone 0.0058 85 255 145 266
phone 0.0058 68 237 131 266
phone 0.0058 177 0 237 11
phone 0.0058 265 53 334 136
phone 0.0058 39 40 99 88
phone 0.0058 316 0 346 16
phone 0.0058 22 21 85 136
phone 0.0058 22 253 85 266
phone 0.0058 23 86 84 134
phone 0.0058 99 0 162 44
phone 0.0058 69 65 99 123
phone 0.0057 146 0 176 16
phone 0.0057 374 36 399 92
phone 0.0057 85 0 145 26
phone 0.0057 69 21 131 136
phone 0.0057 54 51 115 168
phone 0.0057 84 222 147 266
phone 0.0057 23 24 84 72
phone 0.0057 85 0 145 11
phone 0.0057 39 9 99 57
phone 0.0057 7 237 69 266
phone 0.0057 113 158 147 215
phone 0.0057 326 256 358 266
phone 0.0057 177 0 207 16
phone 0.0057 53 253 115 266
phone 0.0057 266 37 301 91
phone 0.0057 38 0 100 105
phone 0.0057 84 0 146 59
phone 0.0057 54 172 84 232
phone 0.0057 23 132 84 180
phone 0.0057 0 0 40 77
phone 0.0057 160 33 193 94
phone 0.0057 8 101 68 149
phone 0.0057 70 0 130 41
phone 0.0057 177 224 238 266
phone 0.0057 131 0 161 16
phone 0.0057 285 0 315 16
phone 0.0057 24 194 83 241
phone 0.0056 297 5 332 60
phone 0.0056 300 0 330 16
phone 0.0056 326 252 342 266
phone 0.0056 22 99 85 212
phone 0.0056 116 264 145 266
phone 0.0056 8 9 68 57
phone 0.0056 54 65 84 124
phone 0.0056 54 265 84 266
phone 0.0056 100 264 130 266
phone 0.0056 54 24 114 72
phone 0.0056 220 19 256 77
phone 0.0056 88 194 119 218
phone 0.0056 265 123 295 150
phone 0.0056 344 19 378 77
phone 0.0056 22 160 85 266
phone 0.0056 70 210 129 256
phone 0.0056 69 265 99 266
phone 0.0056 85 203 115 263
phone 0.0056 85 265 115 266
phone 0.0056 91 192 100 205
phone 0.0056 53 222 116 266
phone 0.0056 177 256 237 266
phone 0.0056 54 0 114 26
phone 0.0056 39 49 68 108
phone 0.0056 39 264 69 266
phone 0.0055 116 0 145 16
phone 0.0055 192 249 223 266
phone 0.0055 37 191 100 266
phone 0.0055 374 190 399 245
phone 0.0055 54 0 114 11
phone 0.0055 193 0 222 16
phone 0.0055 100 249 130 266
phone 0.0055 341 252 358 266
phone 0.0055 23 224 84 266
phone 0.0055 327 62 357 88
phone 0.0055 162 241 222 266
phone 0.0055 95 191 112 221
phone 0.0055 39 80 69 139
phone 0.0055 0 0 36 11
phone 0.0055 115 253 177 266
phone 0.0055 23 49 53 108
phone 0.0055 131 264 161 266
phone 0.0055 54 34 84 93
phone 0.0055 196 124 227 149
phone 0.0055 282 36 316 91
phone 0.0055 99 65 131 123
phone 0.0055 130 237 193 266
phone 0.0055 234 66 272 123
phone 0.0055 159 144 193 199
phone 0.0055 383 261 393 266
phone 0.0055 23 163 84 211
phone 0.0055 85 40 145 88
phone 0.0055 23 265 53 266
phone 0.0055 8 148 68 195
phone 0.0055 115 249 146 266
phone 0.0055 373 82 399 138
phone 0.0055 203 121 220 153
phone 0.0055 100 0 130 31
phone 0.0055 23 0 84 42
phone 0.0055 23 80 53 139
phone 0.0055 8 209 68 257
phone 0.0054 208 0 238 31
phone 0.0054 161 0 192 46
phone 0.0054 8 0 68 11
phone 0.0054 39 126 69 185
phone 0.0054 85 249 115 266
phone 0.0054 39 18 68 78
phone 0.0054 8 0 68 26
phone 0.0054 54 3 84 62
phone 0.0054 0 255 65 266
phone 0.0054 23 18 53 77
phone 0.0054 116 208 175 258
phone 0.0054 39 187 68 247
phone 0.0054 84 6 146 121
phone 0.0054 7 114 69 228
phone 0.0054 70 34 99 93
phone 0.0054 223 0 253 16
phone 0.0054 85 0 115 47
phone 0.0054 0 55 53 103
phone 0.0054 70 3 99 62
phone 0.0054 69 234 99 266
phone 0.0054 0 0 22 16
phone 0.0054 115 218 146 266
phone 0.0054 0 0 23 1
phone 0.0054 54 218 84 266
phone 0.0054 8 178 68 226
phone 0.0054 346 0 377 1
phone 0.0054 0 264 22 266
phone 0.0054 0 25 53 72
phone 0.0053 288 252 304 266
phone 0.0053 85 0 115 16
phone 0.0053 54 249 84 266
phone 0.0053 280 255 311 266
phone 0.0053 85 34 115 93
phone 0.0053 330 0 361 1
phone 0.0053 23 111 53 170
phone 0.0053 179 143 197 177
phone 0.0053 0 34 41 154
phone 0.0053 0 0 22 47
phone 0.0053 146 264 176 266
phone 0.0053 313 157 347 216
phone 0.0053 265 190 302 245
phone 0.0053 337 261 347 266
phone 0.0053 39 249 69 266
phone 0.0053 116 0 145 47
phone 0.0053 39 157 69 216
phone 0.0053 0 86 53 134
phone 0.0053 69 0 99 16
phone 0.0053 145 253 208 266
phone 0.0053 0 39 36 88
phone 0.0053 23 249 53 266
phone 0.0052 131 0 161 47
phone 0.0052 376 0 399 1
phone 0.0052 39 218 69 266
phone 0.0052 199 115 208 128
phone 0.0052 315 0 346 1
phone 0.0052 0 127 54 259
phone 0.0052 23 141 53 201
phone 0.0052 146 0 176 46
phone 0.0052 99 200 108 212
phone 0.0052 54 0 84 16
phone 0.0052 23 0 53 47
phone 0.0052 100 34 130 93
phone 0.0052 131 249 161 266
phone 0.0052 280 252 296 266
phone 0.0052 300 0 331 1
phone 0.0052 162 264 192 266
phone 0.0052 39 0 68 47
phone 0.0052 23 203 53 262
phone 0.0052 328 19 362 77
phone 0.0052 23 0 53 16
phone 0.0052 0 18 22 78
phone 0.0052 190 173 224 231
phone 0.0051 179 195 212 218
phone 0.0051 329 261 339 266
phone 0.0051 333 58 351 92
phone 0.0051 318 252 334 266
phone 0.0051 0 117 53 164
phone 0.0051 188 191 203 221
phone 0.0051 271 120 289 154
phone 0.0051 39 0 69 16
phone 0.0051 8 50 38 108
phone 0.0051 284 0 315 1
phone 0.0051 176 0 208 1
phone 0.0051 146 234 177 266
phone 0.0051 0 188 41 266
phone 0.0051 161 0 192 1
phone 0.0051 131 218 161 266
phone 0.0051 23 172 53 231
phone 0.0051 249 174 287 231
phone 0.0051 0 249 23 266
phone 0.0051 358 51 394 108
phone 0.0051 146 0 177 1
phone 0.0051 192 0 223 1
phone 0.0051 269 0 300 1
phone 0.0051 0 70 36 119
phone 0.0051 295 124 327 150
phone 0.0050 8 265 38 266
phone 0.0050 207 0 238 1
phone 0.0050 302 121 320 153
phone 0.0050 253 0 284 1
phone 0.0050 223 0 254 1
phone 0.0050 238 0 269 1
phone 0.0050 130 0 161 1
phone 0.0050 345 261 354 266
phone 0.0050 100 218 130 266
phone 0.0050 8 80 38 139
phone 0.0050 0 49 22 108
