phone 0.8022 157 75 347 200
phone 0.0488 138 98 277 213
phone 0.0393 219 101 318 182
phone 0.0381 208 31 329 189
phone 0.0358 226 81 336 227
phone 0.0328 98 43 317 220
phone 0.0276 126 117 227 226
phone 0.0246 89 94 191 228
phone 0.0226 170 26 275 193
phone 0.0196 192 124 283 188
phone 0.0194 190 82 285 170
phone 0.0175 79 9 204 202
phone 0.0173 254 52 374 167
phone 0.0159 249 117 327 258
phone 0.0159 158 142 194 201
phone 0.0156 300 80 361 140
phone 0.0152 158 127 243 245
phone 0.0151 201 110 306 232
phone 0.0147 119 126 203 186
phone 0.0145 238 4 337 152
phone 0.0143 46 69 169 204
phone 0.0136 265 87 371 233
phone 0.0135 173 142 210 201
phone 0.0133 245 108 292 173
phone 0.0133 116 38 227 181
phone 0.0128 281 0 372 109
phone 0.0123 179 140 265 204
phone 0.0123 181 0 292 135
phone 0.0122 318 5 392 146
phone 0.0117 162 117 252 196
phone 0.0112 235 128 271 184
phone 0.0108 104 140 188 263
phone 0.0107 96 121 165 191
phone 0.0107 213 141 293 202
phone 0.0106 219 127 256 185
phone 0.0106 167 156 247 218
phone 0.0104 144 129 178 184
phone 0.0103 151 99 232 183
phone 0.0100 283 16 348 142
phone 0.0100 191 139 285 265
phone 0.0097 254 108 344 174
phone 0.0097 280 65 350 125
phone 0.0096 0 0 39 1
phone 0.0096 313 96 347 154
phone 0.0095 169 0 399 210
phone 0.0094 266 127 302 185
phone 0.0094 343 41 399 167
phone 0.0094 0 263 41 266
phone 0.0092 202 154 274 220
phone 0.0090 254 38 314 90
phone 0.0090 107 158 184 215
phone 0.0090 269 96 360 155
phone 0.0090 249 137 320 206
phone 0.0089 114 111 147 170
phone 0.0089 305 70 399 198
phone 0.0089 98 94 163 157
phone 0.0089 115 71 177 149
phone 0.0088 278 124 351 189
phone 0.0088 248 171 320 233
phone 0.0087 172 189 243 246
phone 0.0087 281 155 349 218
phone 0.0087 315 65 346 123
phone 0.0087 311 108 341 134
phone 0.0085 189 144 225 199
phone 0.0085 299 50 331 108
phone 0.0084 156 169 228 236
phone 0.0084 111 102 181 179
phone 0.0083 157 0 250 159
phone 0.0082 269 46 330 113
phone 0.0081 204 144 240 199
phone 0.0080 124 173 199 231
phone 0.0080 137 156 217 266
phone 0.0079 318 104 335 138
phone 0.0079 217 170 290 234
phone 0.0078 0 69 58 192
phone 0.0078 299 105 362 176
phone 0.0078 84 128 147 244
phone 0.0078 314 46 378 173
phone 0.0077 82 145 149 198
phone 0.0077 124 87 198 164
phone 0.0076 221 0 286 166
phone 0.0076 253 34 285 92
phone 0.0076 113 142 147 200
phone 0.0075 183 172 262 233
phone 0.0075 128 80 163 139
phone 0.0075 220 158 255 215
phone 0.0075 124 0 221 125
phone 0.0075 86 81 145 199
phone 0.0074 129 158 162 215
phone 0.0074 298 158 331 215
phone 0.0074 267 174 301 231
phone 0.0074 99 176 162 228
phone 0.0073 285 125 356 260
phone 0.0073 0 131 57 254
phone 0.0073 99 55 162 103
phone 0.0072 284 35 315 92
phone 0.0072 131 56 191 134
phone 0.0072 204 188 272 247
phone 0.0072 100 21 161 136
phone 0.0072 297 128 332 184
phone 0.0071 223 37 284 90
phone 0.0071 83 101 147 149
phone 0.0071 190 174 224 230
phone 0.0071 129 128 162 184
phone 0.0070 99 126 131 186
phone 0.0070 316 70 375 119
phone 0.0070 228 93 278 158
phone 0.0070 251 142 286 200
phone 0.0070 144 158 177 215
phone 0.0069 130 49 162 108
phone 0.0069 175 173 208 231
phone 0.0069 143 189 211 246
phone 0.0069 115 50 146 108
phone 0.0069 200 94 245 156
phone 0.0069 69 114 130 228
phone 0.0069 322 115 331 128
phone 0.0069 236 158 270 215
phone 0.0068 301 55 360 104
phone 0.0068 318 93 373 157
phone 0.0068 100 95 130 155
phone 0.0068 190 47 255 142
phone 0.0068 100 172 130 232
phone 0.0068 283 173 316 231
phone 0.0068 130 40 192 88
phone 0.0067 0 0 41 32
phone 0.0067 84 71 146 118
phone 0.0067 331 65 361 124
phone 0.0067 68 132 131 180
phone 0.0066 84 37 146 151
phone 0.0066 114 79 146 140
phone 0.0066 230 155 308 266
phone 0.0066 297 99 332 152
phone 0.0066 115 172 146 232
phone 0.0066 169 68 245 152
phone 0.0065 271 192 328 243
phone 0.0065 116 192 176 242
phone 0.0065 333 118 366 141
phone 0.0065 115 6 177 121
phone 0.0065 69 164 130 210
phone 0.0065 282 128 316 183
phone 0.0065 342 114 357 144
phone 0.0064 85 141 115 201
phone 0.0064 146 34 176 92
phone 0.0064 0 8 58 130
phone 0.0064 192 38 253 89
phone 0.0064 345 123 354 136
phone 0.0063 162 39 222 89
phone 0.0063 100 65 130 123
phone 0.0063 85 194 145 241
phone 0.0063 47 29 230 266
phone 0.0063 222 35 254 92
phone 0.0063 39 86 99 134
phone 0.0063 145 187 177 248
phone 0.0063 85 40 145 88
phone 0.0063 23 101 84 149
phone 0.0062 237 188 301 246
phone 0.0062 289 92 318 119
phone 0.0062 85 111 115 170
phone 0.0062 161 34 192 92
phone 0.0062 38 52 100 167
phone 0.0062 143 65 179 123
phone 0.0062 22 68 85 182
phone 0.0062 116 24 176 72
phone 0.0062 207 35 238 92
phone 0.0061 146 24 207 72
phone 0.0061 54 71 114 118
phone 0.0061 193 208 252 258
phone 0.0061 54 101 114 149
phone 0.0061 70 209 130 257
phone 0.0061 69 68 131 182
phone 0.0061 23 71 84 118
phone 0.0061 8 117 68 164
phone 0.0061 53 37 116 151
phone 0.0061 39 117 99 165
phone 0.0061 285 40 345 88
phone 0.0060 140 70 213 151
phone 0.0060 313 127 347 185
phone 0.0060 177 34 207 92
phone 0.0060 69 55 130 103
phone 0.0060 205 174 239 230
phone 0.0060 39 55 99 103
phone 0.0060 85 225 145 266
phone 0.0060 192 34 223 92
phone 0.0060 54 95 84 154
phone 0.0060 69 86 130 134
phone 0.0060 239 24 299 72
phone 0.0060 68 22 131 136
phone 0.0060 100 9 160 57
phone 0.0060 314 265 378 266
phone 0.0060 84 0 146 105
phone 0.0059 331 179 391 226
phone 0.0059 39 95 68 154
phone 0.0059 100 34 130 93
phone 0.0059 223 0 283 11
phone 0.0059 332 86 390 134
phone 0.0059 69 80 99 139
phone 0.0059 24 132 83 180
phone 0.0059 54 40 114 88
phone 0.0059 8 86 68 134
phone 0.0059 131 9 191 57
phone 0.0059 159 173 193 231
phone 0.0059 254 0 314 26
phone 0.0059 22 21 85 136
phone 0.0059 254 9 314 57
phone 0.0059 69 24 130 72
phone 0.0059 238 0 300 105
phone 0.0059 130 187 161 248
phone 0.0059 222 0 285 44
phone 0.0059 301 187 330 247
phone 0.0059 177 24 238 72
phone 0.0059 54 65 84 124
phone 0.0059 131 18 161 78
phone 0.0059 284 191 347 266
phone 0.0059 101 210 160 256
phone 0.0059 330 146 393 258
phone 0.0059 302 193 359 242
phone 0.0059 252 173 285 231
phone 0.0059 193 0 253 11
phone 0.0059 273 85 303 112
phone 0.0059 254 0 314 11
phone 0.0059 85 203 115 262
phone 0.0058 115 203 146 263
phone 0.0058 85 172 115 232
phone 0.0058 270 0 330 42
phone 0.0058 222 207 285 266
phone 0.0058 116 18 145 78
phone 0.0058 208 24 268 72
phone 0.0058 100 240 160 266
phone 0.0058 69 161 131 266
phone 0.0058 316 0 376 42
phone 0.0058 191 0 254 44
phone 0.0058 116 0 176 41
phone 0.0058 162 0 222 11
phone 0.0058 176 0 239 106
phone 0.0058 23 40 84 88
phone 0.0058 54 194 114 241
phone 0.0058 38 237 100 266
phone 0.0058 270 24 330 72
phone 0.0058 69 240 130 266
phone 0.0058 39 65 68 124
phone 0.0058 285 0 345 26
phone 0.0058 53 83 116 197
phone 0.0058 100 218 130 266
phone 0.0058 295 89 312 123
phone 0.0058 0 254 64 266
phone 0.0058 38 6 100 121
phone 0.0058 85 80 115 139
phone 0.0058 8 148 68 195
phone 0.0057 23 111 53 170
phone 0.0057 85 49 115 108
phone 0.0057 69 49 99 108
phone 0.0057 363 0 399 104
phone 0.0057 161 0 223 44
phone 0.0057 361 70 399 119
phone 0.0057 207 0 270 106
phone 0.0057 346 172 376 231
phone 0.0057 8 55 68 103
phone 0.0057 285 0 345 11
phone 0.0057 361 39 399 88
phone 0.0057 284 0 346 59
phone 0.0057 346 80 377 139
phone 0.0057 300 140 361 203
phone 0.0057 312 107 380 236
phone 0.0057 85 255 145 266
phone 0.0057 146 256 207 266
phone 0.0057 7 237 69 266
phone 0.0057 208 0 268 26
phone 0.0057 130 237 193 266
phone 0.0057 332 147 390 196
phone 0.0057 347 117 399 164
phone 0.0057 54 9 114 57
phone 0.0057 39 24 99 72
phone 0.0057 361 8 399 57
phone 0.0057 38 253 100 266
phone 0.0057 131 0 191 26
phone 0.0057 85 0 145 41
phone 0.0057 38 99 100 213
phone 0.0057 131 0 191 11
phone 0.0057 177 0 237 26
phone 0.0057 362 238 399 266
phone 0.0057 54 224 114 266
phone 0.0056 239 0 269 16
phone 0.0056 115 255 176 266
phone 0.0056 39 126 69 185
phone 0.0056 208 240 268 266
phone 0.0056 270 225 329 266
phone 0.0056 330 0 393 74
phone 0.0056 330 237 393 266
phone 0.0056 0 0 40 77
phone 0.0056 316 0 376 11
phone 0.0056 160 237 223 266
phone 0.0056 145 222 208 266
phone 0.0056 346 142 376 201
phone 0.0056 254 0 284 16
phone 0.0056 157 112 196 169
phone 0.0056 238 237 300 266
phone 0.0056 147 3 176 62
phone 0.0056 316 187 345 247
phone 0.0056 223 0 253 16
phone 0.0056 301 24 360 72
phone 0.0056 100 3 130 62
phone 0.0056 270 0 299 31
phone 0.0056 364 262 399 266
phone 0.0056 361 101 399 150
phone 0.0056 363 69 399 181
phone 0.0056 23 9 84 57
phone 0.0056 8 24 68 72
phone 0.0056 8 0 68 42
phone 0.0056 23 80 53 139
phone 0.0056 299 237 362 266
phone 0.0056 69 111 99 170
phone 0.0056 85 18 115 77
phone 0.0056 344 99 399 212
phone 0.0056 208 202 238 264
phone 0.0056 114 222 177 266
phone 0.0056 208 0 238 16
phone 0.0056 161 219 192 266
phone 0.0056 54 264 84 266
phone 0.0056 331 0 391 26
phone 0.0056 161 191 223 266
phone 0.0056 0 0 36 11
phone 0.0056 239 18 269 77
phone 0.0056 193 0 222 16
phone 0.0056 22 222 85 266
phone 0.0055 254 0 284 47
phone 0.0055 285 0 315 47
phone 0.0055 39 264 68 266
phone 0.0055 176 253 239 266
phone 0.0055 100 264 130 266
phone 0.0055 69 264 99 266
phone 0.0055 85 265 115 266
phone 0.0055 362 146 399 257
phone 0.0055 270 18 299 77
phone 0.0055 54 34 84 93
phone 0.0055 100 0 160 26
phone 0.0055 22 114 85 228
phone 0.0055 331 0 361 47
phone 0.0055 116 265 146 266
phone 0.0055 238 253 300 266
phone 0.0055 70 187 99 247
phone 0.0055 100 0 160 11
phone 0.0055 131 0 161 47
phone 0.0055 0 173 40 266
phone 0.0055 361 131 399 181
phone 0.0055 177 0 207 16
phone 0.0055 362 111 392 170
phone 0.0055 0 234 41 266
phone 0.0055 39 0 99 42
phone 0.0055 360 178 399 227
phone 0.0055 361 0 399 27
phone 0.0055 300 0 330 47
phone 0.0055 285 0 315 16
phone 0.0055 193 202 222 264
phone 0.0055 131 265 161 266
phone 0.0055 316 0 345 47
phone 0.0055 278 81 319 138
phone 0.0055 177 218 207 266
phone 0.0055 361 0 399 11
phone 0.0055 39 34 68 93
phone 0.0055 162 3 192 62
phone 0.0055 146 265 176 266
phone 0.0055 70 18 99 77
phone 0.0055 268 253 331 266
phone 0.0055 23 265 53 266
phone 0.0055 162 265 192 266
phone 0.0055 315 253 377 266
phone 0.0055 331 188 361 247
phone 0.0055 346 0 376 47
phone 0.0055 346 264 376 266
phone 0.0055 8 0 68 11
phone 0.0055 54 126 84 185
phone 0.0055 162 249 192 266
phone 0.0055 116 0 145 47
phone 0.0055 239 0 268 47
phone 0.0055 223 234 254 266
phone 0.0054 300 0 330 16
phone 0.0054 162 0 192 16
phone 0.0054 146 249 176 266
phone 0.0054 100 249 130 266
phone 0.0054 69 0 130 26
phone 0.0054 177 265 207 266
phone 0.0054 70 0 130 11
phone 0.0054 23 141 53 201
phone 0.0054 360 209 399 257
phone 0.0054 360 254 399 266
phone 0.0054 300 18 330 78
phone 0.0054 279 81 297 115
phone 0.0054 284 219 315 266
phone 0.0054 23 49 53 108
phone 0.0054 331 265 361 266
phone 0.0054 0 0 22 16
phone 0.0054 116 249 146 266
phone 0.0054 192 265 223 266
phone 0.0054 316 0 345 16
phone 0.0054 85 249 115 266
phone 0.0054 39 0 99 11
phone 0.0054 254 265 284 266
phone 0.0054 0 0 23 1
phone 0.0054 255 209 313 256
phone 0.0054 177 3 207 62
phone 0.0054 0 9 53 57
phone 0.0054 269 265 299 266
phone 0.0054 131 249 161 266
phone 0.0054 223 3 253 62
phone 0.0054 8 178 68 226
phone 0.0054 53 130 115 243
phone 0.0054 146 0 176 16
phone 0.0054 238 234 269 266
phone 0.0054 39 147 99 195
phone 0.0054 285 265 315 266
phone 0.0054 38 191 100 266
phone 0.0054 24 163 83 211
phone 0.0054 70 218 99 266
phone 0.0054 207 234 238 266
phone 0.0054 331 0 361 16
phone 0.0054 208 265 238 266
phone 0.0054 23 0 84 26
phone 0.0054 69 249 99 266
phone 0.0054 316 265 345 266
phone 0.0054 159 53 225 137
phone 0.0054 300 265 330 266
phone 0.0054 238 265 269 266
phone 0.0054 314 222 377 266
phone 0.0054 208 3 238 62
phone 0.0053 316 18 345 78
phone 0.0053 300 219 330 266
phone 0.0053 39 249 69 266
phone 0.0053 54 3 84 62
phone 0.0053 193 3 222 62
phone 0.0053 223 265 253 266
phone 0.0053 346 0 376 16
phone 0.0053 54 249 84 266
phone 0.0053 171 111 212 170
phone 0.0053 315 157 346 216
phone 0.0053 39 3 68 62
phone 0.0053 85 0 115 47
phone 0.0053 131 0 161 16
phone 0.0053 23 18 53 78
phone 0.0053 23 0 53 47
phone 0.0053 377 33 399 94
phone 0.0053 258 92 309 158
phone 0.0053 134 175 150 207
phone 0.0053 177 249 207 266
phone 0.0053 377 64 399 124
phone 0.0053 178 225 236 266
phone 0.0053 70 0 99 47
phone 0.0053 377 2 399 63
phone 0.0053 39 178 99 226
phone 0.0053 7 191 69 266
phone 0.0052 0 0 22 47
phone 0.0052 116 0 145 16
phone 0.0052 234 85 264 112
phone 0.0052 70 157 99 216
phone 0.0052 318 161 373 212
phone 0.0052 142 97 179 154
phone 0.0052 376 264 399 266
phone 0.0052 331 18 361 78
phone 0.0052 23 249 53 266
phone 0.0052 0 71 53 118
phone 0.0052 331 209 391 257
phone 0.0052 253 234 284 266
phone 0.0052 100 0 130 16
phone 0.0052 147 7 207 150
phone 0.0052 23 0 53 16
phone 0.0052 192 234 223 266
phone 0.0052 269 249 299 266
phone 0.0052 126 179 158 203
phone 0.0052 54 218 84 266
phone 0.0052 316 40 376 88
phone 0.0052 208 256 268 266
phone 0.0052 85 0 115 16
phone 0.0052 330 127 361 185
phone 0.0052 346 249 376 266
phone 0.0052 0 34 41 154
phone 0.0052 285 249 315 266
phone 0.0052 331 249 361 266
phone 0.0051 377 95 399 155
phone 0.0051 223 202 253 263
phone 0.0051 69 0 99 16
phone 0.0051 0 209 53 257
phone 0.0051 54 0 84 16
phone 0.0051 316 249 345 266
phone 0.0051 300 249 330 266
phone 0.0051 0 40 53 87
phone 0.0051 39 157 68 216
phone 0.0051 24 194 83 242
phone 0.0051 39 0 69 16
phone 0.0051 376 0 399 17
phone 0.0051 131 218 161 266
phone 0.0051 0 102 53 149
phone 0.0051 39 218 68 266
phone 0.0051 331 156 361 217
phone 0.0051 315 219 346 266
phone 0.0051 130 192 192 266
phone 0.0051 54 157 84 216
phone 0.0051 376 172 399 232
phone 0.0051 23 172 53 231
phone 0.0051 270 203 299 263
phone 0.0051 346 218 376 266
phone 0.0051 223 0 254 1
phone 0.0051 238 0 269 1
phone 0.0050 376 125 399 186
phone 0.0050 362 264 392 266
phone 0.0050 0 132 53 180
phone 0.0050 23 218 53 266
phone 0.0050 22 160 85 266
phone 0.0050 207 0 238 1
phone 0.0050 258 85 287 112
phone 0.0050 376 248 399 266
phone 0.0050 0 264 22 266
phone 0.0050 0 203 23 262
phone 0.0050 253 0 284 1
phone 0.0050 192 0 223 1
phone 0.0050 347 18 376 78
phone 0.0050 376 202 399 263
phone 0.0050 146 219 176 266
