phone 0.8811 78 86 203 330
phone 0.0501 49 165 176 349
phone 0.0462 64 85 164 269
phone 0.0451 123 195 219 342
phone 0.0358 0 133 103 324
phone 0.0337 90 275 183 356
phone 0.0318 30 190 115 334
phone 0.0255 110 145 261 318
phone 0.0251 88 208 163 360
phone 0.0248 135 227 208 311
phone 0.0232 91 198 160 278
phone 0.0227 164 189 266 334
phone 0.0218 0 221 92 364
phone 0.0209 118 110 224 243
phone 0.0205 0 90 87 252
phone 0.0204 85 77 186 224
phone 0.0197 134 265 246 369
phone 0.0193 79 226 141 311
phone 0.0191 71 153 150 292
phone 0.0188 89 135 162 218
phone 0.0187 25 115 123 287
phone 0.0180 35 260 110 373
phone 0.0175 66 265 153 365
phone 0.0173 97 301 176 391
phone 0.0163 118 208 195 299
phone 0.0161 90 165 161 250
phone 0.0153 42 226 147 341
phone 0.0150 149 250 225 318
phone 0.0149 204 207 266 314
phone 0.0147 135 181 208 264
phone 0.0146 184 73 266 202
phone 0.0143 131 139 211 214
phone 0.0137 172 125 266 280
phone 0.0137 117 162 195 253
phone 0.0134 106 207 144 269
phone 0.0132 29 82 118 203
phone 0.0130 58 172 131 242
phone 0.0128 99 252 212 377
phone 0.0127 92 238 128 300
phone 0.0125 55 241 134 297
phone 0.0124 151 238 192 300
phone 0.0123 103 226 178 311
phone 0.0123 105 237 145 300
phone 0.0122 148 219 226 288
phone 0.0120 213 107 266 295
phone 0.0119 78 71 266 272
phone 0.0119 79 116 141 206
phone 0.0119 133 260 209 339
phone 0.0117 28 234 99 304
phone 0.0117 60 142 129 211
phone 0.0116 90 299 122 323
phone 0.0115 100 183 181 262
phone 0.0113 144 324 230 399
phone 0.0113 42 281 146 399
phone 0.0113 24 314 105 399
phone 0.0113 16 154 81 230
phone 0.0113 139 82 234 208
phone 0.0110 98 295 114 327
phone 0.0109 162 242 243 296
phone 0.0109 154 43 243 173
phone 0.0108 43 161 115 223
phone 0.0107 63 170 260 399
phone 0.0105 92 269 127 330
phone 0.0104 57 206 132 270
phone 0.0104 0 204 68 272
phone 0.0103 166 285 239 344
phone 0.0102 101 305 111 317
phone 0.0102 168 240 205 297
phone 0.0101 77 178 111 236
phone 0.0101 0 253 69 315
phone 0.0101 64 326 156 399
phone 0.0101 171 147 234 206
phone 0.0100 163 210 242 266
phone 0.0100 0 172 66 243
phone 0.0099 105 146 145 207
phone 0.0099 77 241 111 296
phone 0.0099 47 132 111 190
phone 0.0098 123 286 158 343
phone 0.0098 178 236 259 362
phone 0.0098 106 268 145 331
phone 0.0098 28 204 100 272
phone 0.0096 78 147 111 205
phone 0.0096 0 166 55 293
phone 0.0094 40 192 118 253
phone 0.0094 185 326 251 399
phone 0.0093 91 191 129 254
phone 0.0093 31 163 65 221
phone 0.0093 64 51 147 173
phone 0.0092 32 141 95 211
phone 0.0092 41 222 117 284
phone 0.0091 153 359 220 399
phone 0.0091 62 148 96 205
phone 0.0090 13 283 84 347
phone 0.0090 105 177 145 238
phone 0.0089 145 133 228 189
phone 0.0089 46 240 81 297
phone 0.0089 14 185 82 260
phone 0.0088 185 286 219 343
phone 0.0088 166 178 238 237
phone 0.0088 28 173 100 242
phone 0.0088 55 272 134 327
phone 0.0087 186 132 218 190
phone 0.0087 90 160 130 223
phone 0.0087 16 209 50 267
phone 0.0086 185 241 219 296
phone 0.0086 186 267 250 332
phone 0.0086 186 163 218 220
phone 0.0085 92 116 127 175
phone 0.0085 115 300 197 361
phone 0.0085 16 178 49 236
phone 0.0085 60 190 90 216
phone 0.0085 16 255 49 313
phone 0.0085 146 162 228 221
phone 0.0084 120 51 192 209
phone 0.0084 151 207 191 268
phone 0.0084 13 218 83 289
phone 0.0084 31 360 97 399
phone 0.0084 0 215 34 261
phone 0.0083 152 147 190 205
phone 0.0083 0 196 33 309
phone 0.0083 93 100 158 191
phone 0.0083 54 303 135 358
phone 0.0082 132 2 208 156
phone 0.0082 77 210 111 266
phone 0.0082 43 345 116 399
phone 0.0082 59 360 130 399
phone 0.0081 0 30 91 186
phone 0.0081 0 208 17 268
phone 0.0081 121 360 191 399
phone 0.0080 185 210 219 266
phone 0.0080 40 255 119 313
phone 0.0080 142 98 201 163
phone 0.0079 62 179 96 235
phone 0.0079 1 271 66 388
phone 0.0079 14 318 84 373
phone 0.0079 101 297 111 310
phone 0.0078 67 186 84 220
phone 0.0078 190 169 245 245
phone 0.0078 126 314 198 399
phone 0.0077 47 347 80 399
phone 0.0077 46 148 81 205
phone 0.0077 0 226 51 280
phone 0.0076 134 146 177 207
phone 0.0076 187 199 248 277
phone 0.0076 134 222 177 285
phone 0.0076 104 345 177 399
phone 0.0076 0 245 34 292
phone 0.0076 135 192 177 253
phone 0.0075 32 286 65 344
phone 0.0075 90 360 160 399
phone 0.0075 0 241 50 357
phone 0.0075 189 364 246 399
phone 0.0075 121 209 160 267
phone 0.0075 46 210 81 266
phone 0.0074 149 298 224 362
phone 0.0074 0 307 49 353
phone 0.0074 0 238 18 298
phone 0.0073 78 115 111 175
phone 0.0073 169 271 204 327
phone 0.0073 201 255 234 313
phone 0.0073 170 348 203 399
phone 0.0073 171 313 233 378
phone 0.0073 79 89 141 140
phone 0.0073 151 178 191 237
phone 0.0072 77 272 111 327
phone 0.0072 0 276 33 323
phone 0.0072 0 150 33 264
phone 0.0072 2 300 33 360
phone 0.0072 0 184 34 231
phone 0.0072 101 0 178 162
phone 0.0072 188 120 247 171
phone 0.0072 152 270 190 329
phone 0.0071 61 225 96 281
phone 0.0071 2 338 64 384
phone 0.0071 171 101 203 158
phone 0.0071 108 301 142 359
phone 0.0070 124 317 157 374
phone 0.0070 0 269 18 329
phone 0.0070 83 290 113 316
phone 0.0070 95 85 126 143
phone 0.0070 18 331 48 391
phone 0.0070 31 193 65 251
phone 0.0069 109 86 141 143
phone 0.0069 17 285 49 344
phone 0.0069 0 166 49 217
phone 0.0069 169 195 204 250
phone 0.0069 219 168 266 216
phone 0.0068 0 177 18 236
phone 0.0068 46 270 81 328
phone 0.0068 62 302 96 359
phone 0.0068 32 316 64 375
phone 0.0068 31 240 65 297
phone 0.0068 169 134 203 188
phone 0.0068 201 286 234 343
phone 0.0068 62 347 96 399
phone 0.0067 203 116 233 175
phone 0.0067 120 239 160 299
phone 0.0067 78 363 111 399
phone 0.0067 71 197 80 209
phone 0.0067 46 179 81 235
phone 0.0067 138 288 173 342
phone 0.0067 77 302 111 358
phone 0.0066 234 307 266 354
phone 0.0066 3 147 63 206
phone 0.0066 106 295 122 327
phone 0.0066 63 116 95 175
phone 0.0066 139 363 173 399
phone 0.0066 232 273 266 386
phone 0.0065 0 332 19 399
phone 0.0065 0 367 17 399
phone 0.0065 0 148 160 399
phone 0.0065 124 363 157 399
phone 0.0065 169 317 204 374
phone 0.0065 169 164 204 219
phone 0.0065 20 132 77 190
phone 0.0065 219 322 266 369
phone 0.0064 127 87 185 143
phone 0.0064 110 75 171 123
phone 0.0064 93 363 126 399
phone 0.0064 47 316 80 375
phone 0.0064 249 285 266 344
phone 0.0064 2 331 33 390
phone 0.0064 98 290 129 316
phone 0.0064 154 302 188 358
phone 0.0064 0 362 3 399
phone 0.0064 2 122 64 170
phone 0.0064 77 333 111 389
phone 0.0063 90 286 107 320
phone 0.0063 53 144 83 170
phone 0.0063 154 348 188 399
phone 0.0063 186 348 218 399
phone 0.0063 0 137 49 185
phone 0.0062 219 0 266 30
phone 0.0062 64 75 125 123
phone 0.0062 0 332 3 399
phone 0.0062 108 363 142 399
phone 0.0062 3 367 63 399
phone 0.0062 201 161 234 222
phone 0.0062 200 265 266 395
phone 0.0062 0 103 49 218
phone 0.0062 135 254 177 314
phone 0.0062 233 0 266 64
phone 0.0061 62 256 96 312
phone 0.0061 142 60 202 108
phone 0.0061 119 147 161 206
phone 0.0061 126 70 156 128
phone 0.0061 106 267 137 293
phone 0.0061 218 137 266 185
phone 0.0061 80 85 110 144
phone 0.0061 234 147 264 205
phone 0.0061 172 60 232 108
phone 0.0061 219 106 266 154
phone 0.0061 233 178 264 236
phone 0.0061 109 305 119 317
phone 0.0060 200 208 235 268
phone 0.0060 250 0 266 30
phone 0.0060 188 0 247 30
phone 0.0060 18 116 48 175
phone 0.0060 249 337 266 385
phone 0.0060 139 317 173 374
phone 0.0060 0 152 33 200
phone 0.0060 218 285 249 345
phone 0.0060 264 367 266 399
phone 0.0059 0 0 32 30
phone 0.0059 34 0 93 30
phone 0.0059 187 27 249 141
phone 0.0059 263 332 266 399
phone 0.0059 0 0 1 30
phone 0.0059 217 253 249 314
phone 0.0059 95 60 155 108
phone 0.0059 157 45 217 93
phone 0.0059 2 362 34 399
phone 0.0059 17 362 49 399
phone 0.0059 48 91 110 139
phone 0.0059 265 337 266 385
phone 0.0059 217 57 266 172
phone 0.0059 234 122 266 170
phone 0.0059 35 119 93 172
phone 0.0059 0 0 2 64
phone 0.0059 188 45 248 93
phone 0.0059 171 11 234 126
phone 0.0059 203 75 263 123
phone 0.0059 65 0 124 30
phone 0.0059 48 42 111 156
phone 0.0059 49 0 110 64
phone 0.0059 4 0 63 30
phone 0.0059 175 107 207 130
phone 0.0059 172 29 232 77
phone 0.0059 249 137 266 185
phone 0.0059 18 0 79 64
phone 0.0059 96 0 155 30
phone 0.0058 0 0 48 64
phone 0.0058 59 140 76 174
phone 0.0058 233 88 266 203
phone 0.0058 172 0 233 64
phone 0.0058 110 0 171 64
phone 0.0058 157 54 187 113
phone 0.0058 0 0 17 64
phone 0.0058 265 0 266 37
phone 0.0058 249 106 266 154
phone 0.0058 141 54 171 113
phone 0.0058 79 0 141 64
phone 0.0058 33 346 64 399
phone 0.0058 188 54 217 113
phone 0.0058 126 45 186 93
phone 0.0058 248 104 266 218
phone 0.0058 79 26 141 141
phone 0.0058 233 331 264 390
phone 0.0058 203 0 232 37
phone 0.0058 127 0 186 30
phone 0.0058 234 91 266 139
phone 0.0057 172 54 202 113
phone 0.0057 18 91 79 139
phone 0.0057 157 0 217 30
phone 0.0057 3 116 33 175
phone 0.0057 141 29 202 77
phone 0.0057 203 54 233 113
phone 0.0057 0 337 2 385
phone 0.0057 0 146 17 205
phone 0.0057 49 0 79 37
phone 0.0057 264 0 266 64
phone 0.0057 0 306 17 354
phone 0.0057 111 92 170 169
phone 0.0057 113 263 130 297
phone 0.0057 65 0 94 37
phone 0.0057 265 137 266 185
phone 0.0057 34 0 63 37
phone 0.0057 34 75 94 123
phone 0.0057 93 302 127 358
phone 0.0057 76 159 106 186
phone 0.0057 265 322 266 369
phone 0.0057 204 152 262 201
phone 0.0057 93 333 127 389
phone 0.0056 65 70 94 129
phone 0.0056 80 0 109 37
phone 0.0056 141 0 202 64
phone 0.0056 19 0 48 37
phone 0.0056 111 0 140 37
phone 0.0056 126 0 156 37
phone 0.0056 111 54 140 113
phone 0.0056 188 0 217 37
phone 0.0056 202 11 264 126
phone 0.0056 0 106 48 154
phone 0.0056 0 273 19 387
phone 0.0056 96 0 125 37
phone 0.0056 263 104 266 218
phone 0.0056 219 69 248 129
phone 0.0056 265 168 266 216
phone 0.0056 188 23 217 82
phone 0.0056 125 0 188 110
phone 0.0056 218 60 266 108
phone 0.0056 0 177 2 236
phone 0.0056 33 57 95 172
phone 0.0056 203 29 263 77
phone 0.0056 265 106 266 154
phone 0.0056 186 113 195 125
phone 0.0055 106 116 144 175
phone 0.0055 95 54 125 113
phone 0.0055 248 57 266 172
phone 0.0055 0 208 2 267
phone 0.0055 142 0 171 37
phone 0.0055 216 223 249 283
phone 0.0055 111 29 171 77
phone 0.0055 172 23 202 82
phone 0.0055 108 332 142 389
phone 0.0055 203 23 233 82
phone 0.0055 0 152 2 200
phone 0.0055 182 103 199 134
phone 0.0055 0 134 3 249
phone 0.0055 49 60 109 108
phone 0.0055 233 367 266 399
phone 0.0055 204 337 262 385
phone 0.0055 249 168 266 215
phone 0.0055 173 0 202 37
phone 0.0055 235 276 266 323
phone 0.0055 203 316 233 375
phone 0.0055 263 150 266 263
phone 0.0055 94 297 103 310
phone 0.0055 157 0 186 37
phone 0.0055 264 301 266 359
phone 0.0054 34 85 64 144
phone 0.0054 0 300 2 360
phone 0.0054 218 147 248 205
phone 0.0054 109 297 119 310
phone 0.0054 157 23 187 82
phone 0.0054 263 273 266 387
phone 0.0054 80 54 110 113
phone 0.0054 264 146 266 206
phone 0.0054 205 303 261 357
phone 0.0054 265 199 266 246
phone 0.0054 217 363 249 399
phone 0.0054 218 39 248 98
phone 0.0054 188 14 248 62
phone 0.0054 49 70 79 129
phone 0.0054 249 75 266 123
phone 0.0054 0 275 2 323
phone 0.0054 218 331 248 390
phone 0.0054 263 57 266 172
phone 0.0054 264 291 266 339
phone 0.0054 141 23 171 82
phone 0.0054 248 363 266 399
phone 0.0054 190 330 222 353
phone 0.0054 0 273 3 387
phone 0.0053 0 122 17 170
phone 0.0053 157 14 217 62
phone 0.0053 231 164 266 280
phone 0.0053 94 0 157 110
phone 0.0053 0 180 3 295
phone 0.0053 80 29 140 77
phone 0.0053 265 29 266 77
phone 0.0053 153 117 190 174
phone 0.0053 0 229 2 277
phone 0.0053 0 72 34 187
phone 0.0053 265 76 266 123
phone 0.0053 188 91 248 139
phone 0.0053 249 245 266 292
phone 0.0053 205 192 261 252
phone 0.0053 248 150 266 264
phone 0.0053 126 39 156 98
phone 0.0053 120 178 161 237
phone 0.0053 0 122 2 170
phone 0.0053 18 85 48 144
phone 0.0053 157 90 217 140
phone 0.0053 249 29 266 77
phone 0.0053 33 116 64 174
phone 0.0053 263 0 266 110
phone 0.0053 264 346 266 399
phone 0.0053 233 26 266 141
phone 0.0053 65 45 125 93
phone 0.0052 249 199 266 246
phone 0.0052 0 227 3 341
phone 0.0052 247 212 266 325
phone 0.0052 126 14 186 62
phone 0.0052 3 75 63 123
phone 0.0052 198 327 214 357
phone 0.0052 0 88 3 203
phone 0.0052 63 0 126 110
phone 0.0052 248 0 266 110
phone 0.0052 49 29 109 77
phone 0.0052 234 45 266 93
phone 0.0052 218 177 249 236
phone 0.0052 201 335 211 348
phone 0.0052 96 14 155 62
phone 0.0052 265 245 266 292
phone 0.0052 198 315 230 338
phone 0.0052 32 0 96 95
phone 0.0052 82 155 100 190
phone 0.0052 0 91 32 139
phone 0.0051 0 29 2 77
phone 0.0051 111 23 140 82
phone 0.0051 49 101 79 159
phone 0.0051 65 14 124 62
phone 0.0051 18 60 79 108
phone 0.0051 264 177 266 236
phone 0.0051 263 212 266 325
phone 0.0051 218 116 248 175
phone 0.0051 0 91 2 139
phone 0.0051 18 29 79 77
phone 0.0051 0 0 34 95
phone 0.0051 65 103 125 158
phone 0.0051 95 23 125 82
phone 0.0051 0 29 17 77
phone 0.0050 203 85 233 144
phone 0.0050 0 29 48 77
phone 0.0050 174 105 231 156
phone 0.0050 206 311 222 342
phone 0.0050 264 224 266 282
phone 0.0050 0 60 2 108
phone 0.0050 80 23 110 82
