phone 0.8575 113 99 217 317
phone 0.0909 112 82 192 240
phone 0.0775 123 211 212 357
phone 0.0706 3 118 139 342
phone 0.0459 100 51 270 295
phone 0.0454 138 91 227 231
phone 0.0426 83 229 190 343
phone 0.0409 38 180 158 345
phone 0.0380 131 116 203 206
phone 0.0368 128 187 206 289
phone 0.0358 120 106 183 186
phone 0.0343 89 166 184 309
phone 0.0325 14 213 128 368
phone 0.0310 18 80 122 260
phone 0.0296 97 119 177 264
phone 0.0283 149 108 216 184
phone 0.0282 221 93 319 250
phone 0.0277 67 129 255 377
phone 0.0274 161 124 274 284
phone 0.0262 143 191 251 315
phone 0.0256 110 129 140 154
phone 0.0239 116 126 133 158
phone 0.0236 58 154 153 291
phone 0.0234 148 129 179 154
phone 0.0227 131 264 203 336
phone 0.0226 197 189 304 334
phone 0.0220 155 125 172 158
phone 0.0217 120 136 130 148
phone 0.0204 131 128 172 194
phone 0.0204 69 199 142 277
phone 0.0200 108 113 165 209
phone 0.0197 159 136 168 148
phone 0.0194 146 157 219 258
phone 0.0194 68 232 143 306
phone 0.0186 100 198 172 278
phone 0.0184 147 252 187 316
phone 0.0183 133 251 171 316
phone 0.0183 114 31 210 194
phone 0.0177 84 187 158 258
phone 0.0176 32 251 108 386
phone 0.0175 163 116 201 176
phone 0.0174 0 199 100 331
phone 0.0174 62 252 138 379
phone 0.0172 53 215 127 292
phone 0.0171 171 129 202 155
phone 0.0168 156 218 239 289
phone 0.0166 99 236 174 301
phone 0.0165 137 94 197 167
phone 0.0164 156 187 240 259
phone 0.0163 54 247 127 321
phone 0.0162 124 125 141 158
phone 0.0162 82 219 160 288
phone 0.0160 54 186 127 260
phone 0.0159 142 246 222 323
phone 0.0159 148 37 235 184
phone 0.0158 172 62 280 223
phone 0.0157 178 125 195 158
phone 0.0155 171 152 202 178
phone 0.0153 230 169 319 290
phone 0.0153 125 244 156 270
phone 0.0148 149 236 246 362
phone 0.0145 178 148 195 181
phone 0.0144 132 241 149 273
phone 0.0143 128 136 137 148
phone 0.0143 133 275 163 301
phone 0.0141 130 158 174 226
phone 0.0140 51 74 143 209
phone 0.0140 144 219 191 288
phone 0.0139 205 25 309 192
phone 0.0137 182 136 191 148
phone 0.0137 179 198 209 224
phone 0.0136 139 272 157 304
phone 0.0133 158 157 237 227
phone 0.0132 160 129 235 193
phone 0.0131 161 145 203 208
phone 0.0130 200 154 288 290
phone 0.0130 135 99 168 161
phone 0.0130 125 229 156 255
phone 0.0129 144 143 190 210
phone 0.0128 84 160 158 223
phone 0.0128 30 166 120 310
phone 0.0128 136 251 145 263
phone 0.0128 186 194 203 228
phone 0.0127 119 114 154 177
phone 0.0127 182 159 191 171
phone 0.0125 133 129 163 155
phone 0.0125 182 143 191 156
phone 0.0122 132 225 149 258
phone 0.0122 86 208 124 268
phone 0.0121 143 282 153 294
phone 0.0121 22 146 98 268
phone 0.0121 70 170 141 244
phone 0.0120 119 240 153 298
phone 0.0118 175 263 264 371
phone 0.0117 87 239 124 298
phone 0.0117 110 97 163 164
phone 0.0115 139 125 157 158
phone 0.0114 102 194 139 252
phone 0.0114 55 155 126 229
phone 0.0114 23 27 111 190
phone 0.0112 43 108 106 184
phone 0.0110 161 268 235 331
phone 0.0110 165 11 319 264
phone 0.0110 71 239 109 299
phone 0.0110 189 205 199 217
phone 0.0109 117 207 155 268
phone 0.0108 165 100 231 160
phone 0.0108 136 236 145 248
phone 0.0107 75 284 167 399
phone 0.0106 170 211 256 266
phone 0.0105 156 175 186 201
phone 0.0105 182 151 191 163
phone 0.0104 182 72 245 127
phone 0.0104 26 202 93 274
phone 0.0104 71 208 109 268
phone 0.0103 209 176 279 238
phone 0.0102 4 162 191 399
phone 0.0102 191 108 267 244
phone 0.0102 143 136 153 148
phone 0.0101 198 179 260 266
phone 0.0101 102 225 139 282
phone 0.0100 127 301 190 393
phone 0.0100 154 86 211 144
phone 0.0099 138 284 228 399
phone 0.0099 171 242 256 295
phone 0.0099 0 330 1 399
phone 0.0098 174 177 252 238
phone 0.0098 142 188 192 257
phone 0.0098 120 143 130 156
phone 0.0098 171 175 202 201
phone 0.0098 103 164 138 220
phone 0.0098 85 131 157 191
phone 0.0097 162 171 180 205
phone 0.0097 178 224 217 282
phone 0.0097 25 162 95 222
phone 0.0096 58 116 92 175
phone 0.0096 196 33 263 165
phone 0.0095 7 242 82 356
phone 0.0095 0 71 87 214
phone 0.0094 15 36 181 305
phone 0.0094 218 234 302 364
phone 0.0094 180 117 215 175
phone 0.0094 55 126 125 196
phone 0.0093 211 204 277 272
phone 0.0092 42 138 108 214
phone 0.0092 116 175 156 239
phone 0.0092 215 68 273 131
phone 0.0092 42 168 108 246
phone 0.0092 178 194 217 251
phone 0.0092 177 144 250 209
phone 0.0091 38 234 112 303
phone 0.0091 198 124 260 198
phone 0.0090 150 286 184 344
phone 0.0090 84 300 158 360
phone 0.0090 178 171 195 205
phone 0.0089 11 225 78 281
phone 0.0089 245 154 305 229
phone 0.0088 99 268 174 331
phone 0.0088 180 271 215 327
phone 0.0088 39 300 112 360
phone 0.0087 224 253 295 315
phone 0.0087 72 178 108 236
phone 0.0087 43 208 76 267
phone 0.0087 26 129 93 193
phone 0.0086 74 100 137 160
phone 0.0086 163 255 202 314
phone 0.0086 206 148 282 205
phone 0.0086 37 268 113 331
phone 0.0085 14 179 76 296
phone 0.0085 54 317 127 374
phone 0.0085 179 148 216 205
phone 0.0085 166 182 176 194
phone 0.0085 73 271 107 328
phone 0.0085 196 226 230 280
phone 0.0085 111 251 194 378
phone 0.0084 179 182 209 209
phone 0.0084 189 213 199 225
phone 0.0083 43 178 75 236
phone 0.0083 162 298 234 363
phone 0.0082 160 175 205 239
phone 0.0082 24 285 96 344
phone 0.0082 227 193 261 252
phone 0.0082 104 133 137 189
phone 0.0082 196 214 262 293
phone 0.0082 90 0 180 162
phone 0.0082 147 315 219 376
phone 0.0081 87 179 124 236
phone 0.0081 53 282 128 348
phone 0.0081 28 223 60 283
phone 0.0080 196 271 230 327
phone 0.0080 197 85 229 145
phone 0.0080 227 163 261 220
phone 0.0080 100 316 173 376
phone 0.0079 212 283 276 346
phone 0.0079 162 125 180 159
phone 0.0078 182 182 191 194
phone 0.0078 222 222 297 285
phone 0.0077 79 257 163 311
phone 0.0077 261 163 319 221
phone 0.0077 10 273 79 326
phone 0.0077 242 204 308 271
phone 0.0077 188 219 271 349
phone 0.0077 185 178 203 213
phone 0.0077 112 155 319 360
phone 0.0077 230 59 289 109
phone 0.0076 196 195 230 250
phone 0.0076 43 131 76 190
phone 0.0076 227 24 292 144
phone 0.0076 119 271 153 328
phone 0.0076 72 148 108 205
phone 0.0076 170 125 188 159
phone 0.0076 196 299 261 361
phone 0.0076 247 128 303 194
phone 0.0075 69 144 142 209
phone 0.0075 228 94 291 167
phone 0.0075 212 232 276 305
phone 0.0074 104 302 138 358
phone 0.0074 159 205 206 271
phone 0.0074 57 147 92 206
phone 0.0074 255 206 319 331
phone 0.0074 198 54 229 113
phone 0.0074 244 55 275 113
phone 0.0073 242 255 276 313
phone 0.0073 258 147 292 206
phone 0.0073 242 237 308 300
phone 0.0073 28 255 60 313
phone 0.0073 58 301 91 359
phone 0.0073 58 256 91 312
phone 0.0073 44 301 75 360
phone 0.0073 206 116 282 175
phone 0.0072 0 215 61 261
phone 0.0072 24 251 95 317
phone 0.0072 196 132 230 190
phone 0.0072 211 191 246 253
phone 0.0072 88 271 123 328
phone 0.0072 72 117 107 174
phone 0.0072 74 317 107 374
phone 0.0072 124 225 141 258
phone 0.0072 211 161 246 223
phone 0.0071 228 55 260 113
phone 0.0071 150 317 184 374
phone 0.0071 227 224 261 283
phone 0.0071 57 177 92 237
phone 0.0071 0 43 19 166
phone 0.0071 227 86 261 144
phone 0.0070 181 317 214 374
phone 0.0070 210 260 240 285
phone 0.0070 196 163 230 221
phone 0.0069 166 317 199 374
phone 0.0069 275 239 306 298
phone 0.0069 94 205 124 232
phone 0.0069 261 226 319 281
phone 0.0069 0 0 1 99
phone 0.0069 274 178 306 236
phone 0.0069 137 334 198 387
phone 0.0069 13 223 44 283
phone 0.0069 29 305 90 399
phone 0.0068 14 273 75 386
phone 0.0068 90 334 152 387
phone 0.0068 197 247 261 321
phone 0.0068 43 270 76 328
phone 0.0068 166 136 176 148
phone 0.0068 212 116 245 175
phone 0.0068 143 274 153 286
phone 0.0068 0 166 60 279
phone 0.0067 258 178 292 236
phone 0.0067 182 166 191 179
phone 0.0067 119 317 153 374
phone 0.0067 14 306 75 354
phone 0.0067 220 192 299 253
phone 0.0066 117 136 148 163
phone 0.0066 45 331 75 391
phone 0.0066 227 270 261 328
phone 0.0066 0 245 60 292
phone 0.0066 258 209 292 267
phone 0.0066 216 256 234 289
phone 0.0066 29 300 59 360
phone 0.0066 174 136 184 148
phone 0.0066 13 197 76 248
phone 0.0066 57 225 92 282
phone 0.0065 13 106 76 154
phone 0.0065 185 337 242 385
phone 0.0065 242 101 276 159
phone 0.0065 60 51 121 178
phone 0.0065 213 54 245 113
phone 0.0065 165 287 199 343
phone 0.0065 263 258 318 310
phone 0.0065 61 87 119 143
phone 0.0065 275 148 306 205
phone 0.0065 14 193 44 252
phone 0.0065 28 91 91 139
phone 0.0064 101 201 118 236
phone 0.0064 120 128 130 140
phone 0.0064 228 304 291 399
phone 0.0064 189 190 199 202
phone 0.0064 276 291 319 338
phone 0.0064 159 143 168 156
phone 0.0064 128 235 137 248
phone 0.0064 42 240 76 298
phone 0.0064 229 30 290 77
phone 0.0064 242 225 276 282
phone 0.0064 122 89 182 141
phone 0.0063 274 258 319 371
phone 0.0063 227 133 260 189
phone 0.0063 212 85 245 144
phone 0.0063 211 223 246 283
phone 0.0063 14 118 75 233
phone 0.0063 29 192 60 253
phone 0.0063 291 367 319 399
phone 0.0063 306 367 319 399
phone 0.0063 29 368 90 399
phone 0.0063 211 270 246 328
phone 0.0063 0 292 60 338
phone 0.0062 135 317 168 374
phone 0.0062 0 184 60 231
phone 0.0062 305 332 319 399
phone 0.0062 244 0 306 109
phone 0.0062 261 307 319 354
phone 0.0062 134 285 169 344
phone 0.0062 29 101 59 159
phone 0.0062 245 322 305 369
phone 0.0062 147 125 165 159
phone 0.0061 244 331 275 390
phone 0.0061 260 193 319 252
phone 0.0061 229 300 259 360
phone 0.0061 44 362 75 399
phone 0.0061 14 285 44 345
phone 0.0061 276 91 319 139
phone 0.0061 214 315 244 376
phone 0.0061 0 101 17 231
phone 0.0061 260 30 319 77
phone 0.0061 198 316 229 375
phone 0.0061 45 85 75 144
phone 0.0061 272 77 319 200
phone 0.0061 106 331 137 391
phone 0.0061 13 152 75 201
phone 0.0061 276 137 319 185
phone 0.0061 59 0 122 95
phone 0.0061 245 23 275 82
phone 0.0061 259 116 291 175
phone 0.0061 242 132 276 190
phone 0.0061 12 333 77 399
phone 0.0060 182 174 191 186
phone 0.0060 120 0 184 95
phone 0.0060 29 130 60 191
phone 0.0060 260 337 319 385
phone 0.0060 63 326 136 399
phone 0.0060 13 254 44 314
phone 0.0060 181 300 246 399
phone 0.0060 91 330 121 391
phone 0.0060 197 332 261 399
phone 0.0060 259 289 319 399
phone 0.0060 260 23 290 82
phone 0.0060 91 45 151 93
phone 0.0060 275 301 306 359
phone 0.0060 166 332 231 399
phone 0.0060 214 353 274 399
phone 0.0060 276 45 319 92
phone 0.0060 14 162 44 221
phone 0.0060 117 159 148 186
phone 0.0059 0 338 59 385
phone 0.0059 260 316 290 375
phone 0.0059 29 362 60 399
phone 0.0059 29 161 60 222
phone 0.0059 246 273 304 325
phone 0.0059 104 257 138 311
phone 0.0059 0 230 28 277
phone 0.0059 260 55 291 113
phone 0.0059 194 175 225 201
phone 0.0059 274 11 319 125
phone 0.0059 88 148 123 204
phone 0.0059 76 29 136 77
phone 0.0059 0 122 60 169
phone 0.0059 0 116 0 236
phone 0.0059 179 221 209 247
phone 0.0059 243 332 307 399
phone 0.0058 88 302 122 358
phone 0.0058 245 45 305 92
phone 0.0058 0 196 29 310
phone 0.0058 28 0 92 95
phone 0.0058 0 270 0 390
phone 0.0058 0 199 28 246
phone 0.0058 43 333 107 399
phone 0.0058 0 193 0 313
phone 0.0058 59 85 91 144
phone 0.0058 275 23 306 82
phone 0.0058 220 266 230 279
phone 0.0058 95 251 124 278
phone 0.0058 118 121 148 147
phone 0.0058 0 168 28 216
phone 0.0058 0 322 28 369
phone 0.0058 273 158 319 287
phone 0.0058 75 11 137 125
phone 0.0058 0 367 29 399
phone 0.0058 275 331 306 390
phone 0.0057 229 347 260 399
phone 0.0057 167 70 198 128
phone 0.0057 107 29 166 77
phone 0.0057 0 332 30 399
phone 0.0057 59 362 91 399
phone 0.0057 275 322 319 369
phone 0.0057 291 60 319 108
phone 0.0057 44 75 106 123
phone 0.0057 275 353 319 399
phone 0.0057 290 304 319 399
phone 0.0057 246 73 303 126
phone 0.0057 210 90 240 117
phone 0.0057 216 321 272 370
phone 0.0057 14 331 44 390
phone 0.0057 0 135 30 248
phone 0.0057 291 254 319 313
phone 0.0057 0 273 29 387
phone 0.0057 29 331 59 391
phone 0.0057 0 164 16 291
phone 0.0057 0 214 13 262
phone 0.0056 13 57 75 171
phone 0.0056 102 274 132 302
phone 0.0056 291 101 319 159
phone 0.0056 0 9 1 128
phone 0.0056 107 60 167 108
phone 0.0056 0 337 13 385
phone 0.0056 156 136 186 163
phone 0.0056 14 30 74 77
phone 0.0056 107 39 136 98
phone 0.0056 0 153 13 200
phone 0.0056 0 137 28 185
phone 0.0056 292 183 319 231
phone 0.0056 0 260 28 308
phone 0.0056 291 0 319 30
phone 0.0056 0 245 13 292
phone 0.0056 0 227 45 340
phone 0.0056 291 23 319 82
phone 0.0056 0 184 13 231
phone 0.0056 0 363 14 399
phone 0.0056 76 60 136 108
phone 0.0056 91 23 121 83
phone 0.0056 45 29 105 77
phone 0.0056 14 116 44 175
phone 0.0056 0 307 43 354
phone 0.0056 122 0 181 31
phone 0.0055 185 217 203 251
phone 0.0055 292 230 319 277
phone 0.0055 245 300 275 360
phone 0.0055 0 212 14 325
phone 0.0055 14 76 74 123
phone 0.0055 122 39 152 98
phone 0.0055 306 0 319 64
phone 0.0055 189 182 199 194
phone 0.0055 0 89 45 201
phone 0.0055 0 289 14 399
phone 0.0055 76 23 105 83
phone 0.0055 182 189 191 202
phone 0.0055 0 307 13 354
phone 0.0055 274 209 306 267
phone 0.0055 168 60 228 108
phone 0.0055 306 239 319 298
phone 0.0055 257 40 319 158
phone 0.0055 183 367 244 399
phone 0.0055 307 0 319 30
phone 0.0055 0 107 44 154
phone 0.0055 306 54 319 113
phone 0.0055 0 91 59 139
phone 0.0055 124 155 141 190
phone 0.0055 187 282 217 309
phone 0.0055 275 0 319 64
phone 0.0055 260 270 290 329
phone 0.0055 136 75 198 124
phone 0.0055 289 196 319 310
phone 0.0055 306 177 319 236
phone 0.0055 245 14 305 62
phone 0.0055 0 276 44 323
phone 0.0054 137 29 198 77
phone 0.0054 288 134 319 249
phone 0.0054 229 367 290 399
phone 0.0054 0 70 1 190
phone 0.0054 136 0 198 64
phone 0.0054 242 164 276 220
phone 0.0054 306 270 319 328
phone 0.0054 88 118 122 174
phone 0.0054 0 0 61 94
phone 0.0054 121 85 152 144
phone 0.0054 0 153 44 200
phone 0.0054 105 213 114 225
phone 0.0054 0 276 13 323
phone 0.0054 212 0 276 94
phone 0.0054 30 60 90 108
phone 0.0054 306 85 319 144
phone 0.0054 89 53 154 176
phone 0.0054 259 363 291 399
phone 0.0054 29 24 59 82
phone 0.0054 101 248 118 282
phone 0.0054 242 195 276 250
phone 0.0054 13 11 76 125
phone 0.0053 0 30 44 77
phone 0.0053 291 153 319 200
phone 0.0053 44 11 106 125
phone 0.0053 60 23 90 82
phone 0.0053 128 143 137 156
phone 0.0053 137 23 167 83
phone 0.0053 151 136 160 148
phone 0.0053 91 54 121 113
phone 0.0053 148 106 179 132
phone 0.0053 137 54 167 113
phone 0.0053 275 70 306 128
phone 0.0053 306 316 319 375
phone 0.0053 92 14 151 62
phone 0.0053 45 0 105 46
phone 0.0053 0 30 13 77
phone 0.0053 106 0 167 46
phone 0.0053 0 122 13 169
phone 0.0053 91 89 151 141
phone 0.0053 201 171 218 205
phone 0.0053 306 116 319 175
phone 0.0053 45 23 75 82
phone 0.0053 182 54 214 113
phone 0.0053 30 70 59 129
phone 0.0053 276 269 305 329
phone 0.0053 133 159 163 186
phone 0.0053 0 60 59 108
phone 0.0052 76 54 105 113
phone 0.0052 136 11 198 126
phone 0.0052 137 0 167 37
phone 0.0052 199 30 259 77
phone 0.0052 108 271 126 305
phone 0.0052 0 0 14 109
phone 0.0052 216 86 234 120
phone 0.0052 152 70 183 128
phone 0.0052 14 85 44 144
phone 0.0052 76 0 136 46
phone 0.0052 0 76 28 123
phone 0.0052 0 45 28 92
phone 0.0052 147 271 164 305
phone 0.0052 245 0 305 30
phone 0.0052 60 368 120 399
phone 0.0052 0 61 13 108
phone 0.0052 75 362 106 399
phone 0.0052 75 0 106 51
phone 0.0052 60 54 90 113
phone 0.0052 182 363 214 399
phone 0.0052 166 0 230 95
phone 0.0052 179 166 209 194
phone 0.0052 121 0 152 51
phone 0.0052 60 0 90 51
phone 0.0052 153 23 182 82
phone 0.0052 13 363 45 399
phone 0.0052 244 363 276 399
phone 0.0052 306 30 319 77
phone 0.0052 197 362 230 399
phone 0.0052 0 20 12 198
phone 0.0052 306 147 319 205
phone 0.0051 0 42 45 156
phone 0.0051 0 12 30 125
phone 0.0051 61 0 120 31
phone 0.0051 0 91 13 138
phone 0.0051 276 0 305 37
phone 0.0051 215 0 274 30
phone 0.0051 214 346 244 399
phone 0.0051 45 54 75 113
phone 0.0051 91 0 121 51
phone 0.0051 153 368 213 399
phone 0.0051 229 0 290 64
phone 0.0051 121 363 152 399
phone 0.0051 140 314 171 339
phone 0.0051 136 363 168 399
phone 0.0051 171 60 202 85
phone 0.0051 125 314 156 339
phone 0.0051 167 363 199 399
phone 0.0051 229 24 260 82
phone 0.0051 151 363 183 399
phone 0.0051 106 0 136 51
phone 0.0051 107 368 166 399
phone 0.0050 117 221 148 247
phone 0.0050 105 363 137 399
phone 0.0050 214 24 244 82
phone 0.0050 193 278 211 313
phone 0.0050 0 0 12 30
phone 0.0050 90 363 121 399
phone 0.0050 14 54 44 113
