phone 0.7926 113 289 167 373
phone 0.0968 84 276 169 399
phone 0.0597 110 295 197 399
phone 0.0521 0 245 111 399
phone 0.0514 106 295 145 365
phone 0.0505 104 213 177 386
phone 0.0482 50 178 154 351
phone 0.0412 20 136 131 273
phone 0.0406 116 281 195 349
phone 0.0361 136 301 175 360
phone 0.0342 107 191 224 343
phone 0.0327 0 137 107 327
phone 0.0310 121 261 266 386
phone 0.0276 111 252 170 347
phone 0.0248 81 147 193 265
phone 0.0246 19 118 186 343
phone 0.0227 46 48 167 230
phone 0.0218 96 114 238 294
phone 0.0186 67 144 265 377
phone 0.0171 121 96 214 246
phone 0.0165 0 95 90 249
phone 0.0163 141 309 248 399
phone 0.0153 149 134 248 269
phone 0.0146 53 260 167 369
phone 0.0137 132 163 263 310
phone 0.0133 9 315 88 399
phone 0.0125 26 63 120 218
phone 0.0125 27 197 101 340
phone 0.0124 33 229 125 370
phone 0.0122 159 216 245 352
phone 0.0120 206 274 266 370
phone 0.0120 5 215 208 399
phone 0.0120 62 313 157 399
phone 0.0118 33 326 126 399
phone 0.0116 73 270 146 329
phone 0.0114 120 326 162 396
phone 0.0106 0 135 59 274
phone 0.0106 33 231 95 306
phone 0.0105 124 306 218 356
phone 0.0101 43 282 116 348
phone 0.0100 123 254 158 314
phone 0.0100 0 196 61 340
phone 0.0098 169 344 236 399
phone 0.0098 11 38 256 299
phone 0.0097 124 360 188 399
phone 0.0096 168 251 237 317
phone 0.0096 158 299 216 392
phone 0.0094 93 272 127 327
phone 0.0093 68 124 153 259
phone 0.0092 14 300 84 361
phone 0.0092 200 326 266 399
phone 0.0092 43 360 115 399
phone 0.0092 13 164 84 280
phone 0.0091 168 297 237 363
phone 0.0091 47 239 81 298
phone 0.0091 122 188 191 257
phone 0.0091 64 307 156 353
phone 0.0090 32 347 64 399
phone 0.0090 30 171 98 243
phone 0.0088 14 270 84 329
phone 0.0088 121 251 191 317
phone 0.0088 153 219 221 288
phone 0.0088 212 202 266 321
phone 0.0086 15 359 82 399
phone 0.0086 76 360 144 399
phone 0.0086 96 248 155 320
phone 0.0085 131 331 212 392
phone 0.0084 105 223 177 283
phone 0.0084 44 206 115 269
phone 0.0082 45 247 113 321
phone 0.0081 32 316 64 375
phone 0.0081 71 193 149 252
phone 0.0081 48 154 111 229
phone 0.0080 185 332 219 390
phone 0.0080 152 321 183 347
phone 0.0080 111 159 171 224
phone 0.0080 185 255 219 313
phone 0.0079 62 287 96 343
phone 0.0078 187 361 248 399
phone 0.0078 32 285 64 344
phone 0.0078 139 348 173 399
phone 0.0078 156 274 218 355
phone 0.0077 184 268 251 331
phone 0.0077 2 230 65 276
phone 0.0077 139 194 173 251
phone 0.0077 88 174 162 240
phone 0.0076 154 303 188 357
phone 0.0076 133 268 210 331
phone 0.0076 15 196 83 249
phone 0.0075 133 238 210 299
phone 0.0075 185 286 219 344
phone 0.0075 93 348 126 399
phone 0.0075 47 162 81 221
phone 0.0075 62 223 128 284
phone 0.0074 18 224 49 283
phone 0.0074 185 225 219 281
phone 0.0074 159 192 215 253
phone 0.0074 47 193 80 252
phone 0.0074 137 202 206 274
phone 0.0074 189 240 246 297
phone 0.0074 92 342 159 399
phone 0.0074 190 109 266 230
phone 0.0073 32 254 64 313
phone 0.0073 169 225 204 282
phone 0.0072 62 363 96 399
phone 0.0072 76 158 144 225
phone 0.0072 88 208 163 268
phone 0.0072 183 314 253 377
phone 0.0072 159 317 177 351
phone 0.0071 154 333 188 389
phone 0.0071 47 286 80 344
phone 0.0070 47 348 80 399
phone 0.0070 201 256 234 312
phone 0.0070 62 209 96 267
phone 0.0070 122 313 152 339
phone 0.0070 32 177 64 237
phone 0.0069 93 303 126 358
phone 0.0069 137 271 174 328
phone 0.0069 62 163 96 220
phone 0.0069 0 338 49 384
phone 0.0068 123 178 157 236
phone 0.0067 128 310 146 343
phone 0.0067 169 314 205 377
phone 0.0067 170 255 204 313
phone 0.0067 144 173 199 241
phone 0.0067 0 265 57 395
phone 0.0066 56 174 133 240
phone 0.0065 154 256 188 312
phone 0.0065 139 240 173 297
phone 0.0065 78 209 111 266
phone 0.0065 174 210 231 266
phone 0.0065 93 194 126 250
phone 0.0065 77 348 111 399
phone 0.0065 0 245 49 292
phone 0.0065 62 317 96 374
phone 0.0065 185 190 251 316
phone 0.0064 0 215 48 261
phone 0.0064 2 223 33 282
phone 0.0064 140 163 172 220
phone 0.0063 61 240 96 298
phone 0.0063 163 328 172 340
phone 0.0063 188 0 247 30
phone 0.0063 108 179 142 235
phone 0.0063 46 316 81 375
phone 0.0063 0 367 18 399
phone 0.0063 0 332 19 399
phone 0.0063 2 152 64 200
phone 0.0062 33 223 64 283
phone 0.0062 2 184 65 231
phone 0.0062 124 209 157 267
phone 0.0062 204 229 262 277
phone 0.0062 0 332 4 399
phone 0.0062 202 224 233 282
phone 0.0062 0 367 2 399
phone 0.0062 172 0 233 64
phone 0.0062 202 0 264 64
phone 0.0062 157 0 217 30
phone 0.0061 17 330 49 391
phone 0.0061 169 284 204 345
phone 0.0061 92 163 127 220
phone 0.0061 218 332 248 390
phone 0.0061 96 0 155 30
phone 0.0061 2 261 65 307
phone 0.0061 2 321 65 370
phone 0.0061 154 209 188 266
phone 0.0061 200 287 234 343
phone 0.0060 203 0 232 37
phone 0.0060 127 0 186 30
phone 0.0060 141 0 202 64
phone 0.0060 0 367 48 399
phone 0.0060 122 329 152 355
phone 0.0060 200 317 234 374
phone 0.0060 110 0 171 64
phone 0.0060 18 192 48 252
phone 0.0060 77 287 111 342
phone 0.0060 0 292 49 338
phone 0.0060 219 260 266 308
phone 0.0060 264 367 266 399
phone 0.0060 80 239 140 298
phone 0.0060 263 332 266 399
phone 0.0060 79 0 141 64
phone 0.0060 108 209 142 266
phone 0.0060 49 136 110 185
phone 0.0060 188 0 217 37
phone 0.0060 219 0 266 30
phone 0.0059 2 316 33 375
phone 0.0059 17 254 49 314
phone 0.0059 65 0 124 30
phone 0.0059 0 0 32 30
phone 0.0059 218 224 248 282
phone 0.0059 18 147 48 205
phone 0.0059 173 0 202 37
phone 0.0059 2 254 33 313
phone 0.0059 128 326 146 357
phone 0.0059 169 361 204 399
phone 0.0058 0 0 1 30
phone 0.0058 63 101 126 220
phone 0.0058 250 0 266 30
phone 0.0058 111 0 140 37
phone 0.0058 157 0 186 37
phone 0.0058 218 270 249 328
phone 0.0058 0 122 32 169
phone 0.0058 0 0 2 64
phone 0.0058 126 0 156 37
phone 0.0058 77 256 112 312
phone 0.0058 142 0 171 37
phone 0.0058 248 0 266 64
phone 0.0058 0 199 33 246
phone 0.0058 96 0 125 37
phone 0.0058 218 214 266 262
phone 0.0058 0 337 2 385
phone 0.0058 18 300 49 360
phone 0.0058 0 0 18 64
phone 0.0058 0 137 48 185
phone 0.0058 0 0 48 64
phone 0.0058 159 60 235 223
phone 0.0057 0 208 18 267
phone 0.0057 0 88 34 202
phone 0.0057 48 0 110 64
phone 0.0057 265 0 266 30
phone 0.0057 3 0 63 30
phone 0.0057 34 0 93 30
phone 0.0057 0 166 34 278
phone 0.0057 264 0 266 64
phone 0.0057 77 163 112 220
phone 0.0057 80 0 109 37
phone 0.0057 0 322 17 369
phone 0.0057 64 131 94 190
phone 0.0056 65 60 125 108
phone 0.0056 0 106 48 154
phone 0.0056 0 168 33 215
phone 0.0056 18 0 79 64
phone 0.0056 35 147 93 205
phone 0.0056 132 320 142 332
phone 0.0056 265 337 266 385
phone 0.0056 0 137 17 185
phone 0.0056 34 76 94 123
phone 0.0056 0 183 17 231
phone 0.0056 80 132 110 190
phone 0.0056 95 60 156 108
phone 0.0056 3 91 63 139
phone 0.0056 63 26 126 141
phone 0.0056 80 76 140 123
phone 0.0056 80 136 140 186
phone 0.0056 217 165 266 279
phone 0.0055 249 230 266 277
phone 0.0055 65 0 94 37
phone 0.0055 0 134 19 248
phone 0.0055 33 42 95 156
phone 0.0055 218 122 266 170
phone 0.0055 94 26 157 141
phone 0.0055 111 75 171 123
phone 0.0055 249 153 266 200
phone 0.0055 2 57 64 172
phone 0.0055 0 137 2 185
phone 0.0055 0 306 2 354
phone 0.0055 0 273 19 387
phone 0.0055 265 245 266 292
phone 0.0055 0 291 17 339
phone 0.0055 18 137 79 185
phone 0.0055 79 42 141 156
phone 0.0055 249 199 266 246
phone 0.0055 142 75 202 123
phone 0.0055 264 214 266 262
phone 0.0055 0 106 17 154
phone 0.0055 163 336 172 348
phone 0.0055 49 131 79 190
phone 0.0055 18 60 79 108
phone 0.0055 217 88 266 202
phone 0.0055 248 196 266 309
phone 0.0055 110 42 172 156
phone 0.0055 265 183 266 231
phone 0.0055 19 0 48 37
phone 0.0055 172 91 232 139
phone 0.0055 49 0 79 37
phone 0.0055 203 106 263 154
phone 0.0055 0 168 2 216
phone 0.0055 0 103 3 218
phone 0.0055 234 137 266 185
phone 0.0055 248 119 266 233
phone 0.0055 0 273 3 387
phone 0.0054 140 42 203 156
phone 0.0054 34 0 63 37
phone 0.0054 263 212 266 325
phone 0.0054 219 367 266 399
phone 0.0054 0 276 2 323
phone 0.0054 17 26 80 141
phone 0.0054 0 72 18 187
phone 0.0054 187 72 249 187
phone 0.0054 263 165 266 279
phone 0.0054 126 60 186 108
phone 0.0054 132 328 142 340
phone 0.0054 34 29 94 77
phone 0.0054 218 152 266 200
phone 0.0054 249 337 266 385
phone 0.0054 49 45 109 93
phone 0.0054 0 106 2 154
phone 0.0054 265 153 266 200
phone 0.0054 218 183 266 231
phone 0.0054 19 116 48 175
phone 0.0054 0 199 2 246
phone 0.0054 265 276 266 323
phone 0.0054 234 192 263 252
phone 0.0054 0 245 2 293
phone 0.0054 234 223 264 282
phone 0.0054 0 245 17 292
phone 0.0054 249 260 266 308
phone 0.0054 142 152 201 201
phone 0.0054 0 150 3 264
phone 0.0054 80 54 110 113
phone 0.0054 65 122 125 170
phone 0.0054 65 29 125 77
phone 0.0054 0 75 48 123
phone 0.0054 95 54 125 113
phone 0.0054 125 26 188 141
phone 0.0054 19 106 78 154
phone 0.0054 80 45 140 93
phone 0.0054 3 29 63 77
phone 0.0053 33 0 95 110
phone 0.0053 65 54 94 113
phone 0.0053 34 122 94 170
phone 0.0053 2 347 33 399
phone 0.0053 265 307 266 354
phone 0.0053 0 227 3 341
phone 0.0053 160 314 191 339
phone 0.0053 49 70 79 129
phone 0.0053 263 119 266 233
phone 0.0053 126 91 186 139
phone 0.0053 111 54 140 113
phone 0.0053 18 85 48 144
phone 0.0053 49 91 109 139
phone 0.0053 34 70 64 129
phone 0.0053 17 73 80 187
phone 0.0053 0 212 19 325
phone 0.0053 249 122 266 170
phone 0.0053 188 122 247 170
phone 0.0053 2 0 65 110
phone 0.0053 234 168 266 216
phone 0.0053 203 199 263 246
phone 0.0053 264 223 266 282
phone 0.0053 125 147 157 205
phone 0.0053 95 132 125 190
phone 0.0053 96 91 155 139
phone 0.0053 126 69 156 129
phone 0.0053 263 273 266 387
phone 0.0053 3 85 33 144
phone 0.0053 48 57 111 172
phone 0.0053 171 42 234 156
phone 0.0052 96 122 155 170
phone 0.0052 249 367 266 399
phone 0.0052 0 42 34 156
phone 0.0052 156 162 187 221
phone 0.0052 95 29 155 77
phone 0.0052 142 69 171 129
phone 0.0052 264 193 266 252
phone 0.0052 0 29 2 77
phone 0.0052 0 57 3 172
phone 0.0052 0 75 2 123
phone 0.0052 232 134 266 248
phone 0.0052 157 69 187 129
phone 0.0052 0 0 34 95
phone 0.0052 111 45 171 93
phone 0.0052 34 131 63 190
phone 0.0052 232 304 266 399
phone 0.0052 265 122 266 170
phone 0.0052 203 100 233 159
phone 0.0052 188 85 217 144
phone 0.0052 248 289 266 399
phone 0.0052 0 60 32 108
phone 0.0052 157 106 217 154
phone 0.0052 157 60 217 108
phone 0.0052 0 75 17 123
phone 0.0052 218 100 248 159
phone 0.0052 0 45 48 93
phone 0.0052 172 178 202 236
phone 0.0052 0 29 17 77
phone 0.0052 265 29 266 77
phone 0.0052 137 343 167 371
phone 0.0052 202 57 264 172
phone 0.0052 172 70 202 129
phone 0.0052 94 88 157 203
phone 0.0052 173 183 232 231
phone 0.0051 248 242 266 356
phone 0.0051 234 100 263 159
phone 0.0051 156 26 218 141
phone 0.0051 218 91 266 139
phone 0.0051 163 320 172 333
phone 0.0051 188 75 248 123
phone 0.0051 49 23 79 82
phone 0.0051 249 307 266 354
phone 0.0051 126 29 186 77
phone 0.0051 34 23 64 82
phone 0.0051 65 23 94 82
phone 0.0051 219 131 248 190
phone 0.0051 264 254 266 313
phone 0.0051 105 328 146 393
phone 0.0051 18 54 48 113
phone 0.0051 263 0 266 110
phone 0.0051 34 100 63 160
phone 0.0051 0 11 3 126
phone 0.0051 111 106 170 154
phone 0.0051 80 23 110 82
phone 0.0051 18 23 48 82
phone 0.0051 111 137 171 185
phone 0.0051 142 45 202 93
phone 0.0051 0 26 18 141
phone 0.0051 65 85 94 144
phone 0.0051 248 73 266 187
phone 0.0050 249 29 266 77
phone 0.0050 263 73 266 187
phone 0.0050 142 122 201 170
phone 0.0050 264 316 266 375
phone 0.0050 125 73 187 187
phone 0.0050 80 106 140 154
phone 0.0050 265 91 266 139
phone 0.0050 95 23 125 82
phone 0.0050 111 85 140 144
phone 0.0050 80 85 110 144
phone 0.0050 219 193 248 252
phone 0.0050 95 85 125 144
phone 0.0050 157 29 217 77
phone 0.0050 265 60 266 108
phone 0.0050 234 276 266 323
