phone 0.9454 218 148 291 296
phone 0.1199 228 115 308 268
phone 0.0985 198 102 284 255
phone 0.0774 166 106 352 336
phone 0.0741 226 175 310 330
phone 0.0591 226 84 350 202
phone 0.0567 200 63 324 228
phone 0.0539 153 157 253 302
phone 0.0473 125 175 227 330
phone 0.0473 276 114 399 293
phone 0.0473 60 63 221 277
phone 0.0461 198 179 279 265
phone 0.0426 305 51 399 232
phone 0.0370 227 151 280 231
phone 0.0361 189 20 393 256
phone 0.0328 240 180 399 329
phone 0.0315 190 230 284 336
phone 0.0298 239 197 299 278
phone 0.0294 147 109 254 240
phone 0.0288 36 123 180 279
phone 0.0254 294 223 399 336
phone 0.0254 78 4 203 216
phone 0.0250 74 112 262 336
phone 0.0249 152 227 245 336
phone 0.0230 338 0 399 169
phone 0.0228 210 175 355 268
phone 0.0226 184 39 293 185
phone 0.0220 77 220 202 336
phone 0.0220 217 172 259 241
phone 0.0214 227 221 352 336
phone 0.0206 221 0 360 167
phone 0.0204 45 55 170 227
phone 0.0201 138 231 214 306
phone 0.0193 274 103 357 248
phone 0.0186 167 201 247 274
phone 0.0184 274 260 378 336
phone 0.0180 100 40 300 296
phone 0.0174 252 47 391 177
phone 0.0157 130 252 212 336
phone 0.0155 152 42 251 181
phone 0.0154 155 137 228 215
phone 0.0151 228 214 279 291
phone 0.0149 136 197 217 278
phone 0.0148 131 73 222 216
phone 0.0145 343 104 399 247
phone 0.0145 169 170 245 243
phone 0.0142 344 266 399 336
phone 0.0138 173 82 273 207
phone 0.0136 206 131 271 220
phone 0.0135 274 0 377 130
phone 0.0135 59 158 156 300
phone 0.0133 123 27 200 170
phone 0.0131 107 64 186 194
phone 0.0130 283 105 347 185
phone 0.0129 295 248 366 319
phone 0.0129 287 182 342 293
phone 0.0128 261 80 338 148
phone 0.0127 188 291 258 336
phone 0.0126 298 158 363 255
phone 0.0126 233 291 305 336
phone 0.0125 220 256 300 336
phone 0.0124 280 292 351 336
phone 0.0124 139 152 214 231
phone 0.0123 204 91 272 168
phone 0.0121 298 121 362 199
phone 0.0120 312 292 380 336
phone 0.0120 141 123 212 198
phone 0.0120 235 228 302 308
phone 0.0119 93 113 169 238
phone 0.0116 189 75 257 153
phone 0.0116 157 238 195 298
phone 0.0116 296 210 364 295
phone 0.0113 0 17 57 131
phone 0.0112 193 330 252 336
phone 0.0112 301 330 360 336
phone 0.0111 148 4 235 131
phone 0.0111 217 203 259 271
phone 0.0111 143 0 327 217
phone 0.0111 86 189 175 315
phone 0.0111 237 152 330 232
phone 0.0110 238 330 299 336
phone 0.0110 361 312 399 336
phone 0.0110 159 292 225 336
phone 0.0109 101 269 176 336
phone 0.0109 138 266 265 336
phone 0.0109 269 330 330 336
phone 0.0108 113 133 209 279
phone 0.0108 345 1 399 73
phone 0.0108 129 60 193 137
phone 0.0108 188 208 226 266
phone 0.0107 338 184 399 320
phone 0.0107 332 330 390 336
phone 0.0105 277 63 352 135
phone 0.0103 253 211 346 264
phone 0.0103 356 126 399 195
phone 0.0102 168 130 246 191
phone 0.0100 304 116 387 174
phone 0.0099 219 105 287 185
phone 0.0099 262 129 337 192
phone 0.0099 212 81 295 147
phone 0.0099 183 149 262 203
phone 0.0098 163 331 221 336
phone 0.0098 345 90 399 169
phone 0.0098 152 72 232 126
phone 0.0097 0 298 41 336
phone 0.0097 343 64 399 133
phone 0.0096 175 317 240 336
phone 0.0096 113 81 179 147
phone 0.0096 185 114 261 176
phone 0.0095 313 254 347 312
phone 0.0095 0 0 39 36
phone 0.0095 298 317 363 336
phone 0.0094 316 0 396 115
phone 0.0094 297 115 332 175
phone 0.0094 235 317 303 336
phone 0.0093 294 98 367 161
phone 0.0093 172 147 211 205
phone 0.0093 341 37 399 99
phone 0.0093 266 317 333 336
phone 0.0092 358 47 399 119
phone 0.0092 282 86 317 142
phone 0.0092 97 131 164 190
phone 0.0091 313 116 347 174
phone 0.0091 176 330 208 336
phone 0.0091 261 46 338 121
phone 0.0091 191 0 278 130
phone 0.0091 188 163 225 220
phone 0.0091 263 237 337 299
phone 0.0091 95 254 166 313
phone 0.0091 129 100 162 158
phone 0.0090 329 317 393 336
phone 0.0090 159 270 193 327
phone 0.0089 181 181 264 232
phone 0.0089 155 110 228 180
phone 0.0089 144 69 178 128
phone 0.0089 123 216 198 289
phone 0.0089 96 187 165 257
phone 0.0089 142 94 211 165
phone 0.0089 220 100 255 159
phone 0.0089 169 97 245 162
phone 0.0088 249 177 349 236
phone 0.0088 148 334 206 336
phone 0.0088 95 220 166 285
phone 0.0088 354 157 399 226
phone 0.0087 205 100 240 159
phone 0.0087 175 61 240 137
phone 0.0087 314 8 378 67
phone 0.0087 288 197 318 223
phone 0.0087 219 145 257 206
phone 0.0086 306 85 386 143
phone 0.0086 181 257 264 310
phone 0.0086 201 60 275 137
phone 0.0086 191 315 223 336
phone 0.0086 113 162 147 220
phone 0.0085 250 238 287 298
phone 0.0085 0 0 36 0
phone 0.0085 157 146 195 205
phone 0.0084 296 144 333 207
phone 0.0084 205 316 272 336
phone 0.0084 161 330 192 336
phone 0.0084 219 259 250 284
phone 0.0084 177 32 237 104
phone 0.0084 226 244 258 269
phone 0.0084 360 0 393 51
phone 0.0083 109 202 182 272
phone 0.0083 207 315 238 336
phone 0.0083 314 315 346 336
phone 0.0083 174 270 209 327
phone 0.0083 233 240 250 272
phone 0.0082 180 228 265 278
phone 0.0082 157 40 227 96
phone 0.0082 330 0 392 30
phone 0.0082 170 222 213 283
phone 0.0082 66 30 150 186
phone 0.0082 253 315 285 336
phone 0.0082 353 235 399 301
phone 0.0081 319 251 399 316
phone 0.0081 107 237 185 299
phone 0.0081 81 209 149 265
phone 0.0081 330 315 361 336
phone 0.0081 190 286 224 336
phone 0.0081 362 0 399 2
phone 0.0081 0 0 22 6
phone 0.0081 124 110 198 180
phone 0.0081 309 52 382 115
phone 0.0081 283 315 315 336
phone 0.0081 142 52 211 115
phone 0.0080 175 71 208 126
phone 0.0080 0 335 36 336
phone 0.0080 82 179 148 234
phone 0.0080 188 240 225 296
phone 0.0080 283 240 316 296
phone 0.0080 297 86 332 142
phone 0.0079 283 117 316 173
phone 0.0079 268 315 300 336
phone 0.0079 345 315 377 336
phone 0.0079 299 315 331 336
phone 0.0079 345 0 377 35
phone 0.0079 0 74 54 198
phone 0.0079 295 193 312 227
phone 0.0079 328 117 362 172
phone 0.0078 226 255 243 288
phone 0.0078 206 148 239 204
phone 0.0078 242 65 326 133
phone 0.0078 282 210 316 264
phone 0.0078 310 136 381 216
phone 0.0077 81 242 149 294
phone 0.0077 226 99 311 161
phone 0.0077 189 132 224 188
phone 0.0077 374 300 399 336
phone 0.0077 127 302 196 336
phone 0.0077 282 17 348 88
phone 0.0077 295 204 334 270
phone 0.0077 247 269 321 329
phone 0.0077 352 204 399 271
phone 0.0076 191 38 223 97
phone 0.0076 156 207 196 267
phone 0.0076 158 116 194 173
phone 0.0076 237 250 247 263
phone 0.0076 129 285 162 336
phone 0.0075 374 117 399 173
phone 0.0075 114 115 146 174
phone 0.0075 205 286 239 336
phone 0.0075 113 239 147 297
phone 0.0075 124 139 198 212
phone 0.0075 99 192 131 251
phone 0.0074 236 101 271 158
phone 0.0074 296 174 334 238
phone 0.0074 176 315 207 336
phone 0.0074 359 84 394 144
phone 0.0073 113 193 147 251
phone 0.0073 190 69 224 128
phone 0.0073 144 240 178 296
phone 0.0073 311 145 349 206
phone 0.0073 374 148 399 204
phone 0.0073 287 193 305 227
phone 0.0072 281 190 311 216
phone 0.0072 374 39 399 97
phone 0.0072 299 0 362 81
phone 0.0072 311 222 349 283
phone 0.0072 0 331 24 336
phone 0.0072 110 170 181 243
phone 0.0072 85 87 145 202
phone 0.0071 263 209 304 265
phone 0.0071 281 205 311 231
phone 0.0071 329 24 362 81
phone 0.0071 124 183 198 261
phone 0.0071 359 23 393 81
phone 0.0071 229 266 239 278
phone 0.0071 69 211 130 324
phone 0.0071 83 121 147 168
phone 0.0071 374 271 399 327
phone 0.0070 114 269 146 328
phone 0.0070 99 223 131 282
phone 0.0070 328 87 362 142
phone 0.0070 205 179 239 234
phone 0.0070 193 12 253 62
phone 0.0070 313 285 347 336
phone 0.0069 221 237 255 298
phone 0.0069 68 260 131 306
phone 0.0069 205 256 239 311
phone 0.0069 310 175 350 238
phone 0.0069 69 149 130 263
phone 0.0069 329 55 362 111
phone 0.0069 68 198 131 245
phone 0.0069 68 229 131 276
phone 0.0069 84 274 146 323
phone 0.0069 299 204 308 216
phone 0.0068 313 71 347 126
phone 0.0068 238 12 300 62
phone 0.0068 315 0 346 50
phone 0.0067 328 256 362 311
phone 0.0067 129 68 162 128
phone 0.0067 100 41 161 156
phone 0.0067 222 0 285 95
phone 0.0067 84 238 115 298
phone 0.0067 129 224 162 281
phone 0.0067 160 300 193 336
phone 0.0067 359 286 393 336
phone 0.0067 100 115 130 174
phone 0.0067 282 147 316 204
phone 0.0067 100 268 130 329
phone 0.0067 189 101 224 158
phone 0.0067 207 7 238 66
phone 0.0067 99 89 162 139
phone 0.0066 171 176 212 237
phone 0.0066 145 300 177 336
phone 0.0066 99 161 130 221
phone 0.0066 290 40 370 96
phone 0.0066 84 192 115 251
phone 0.0066 159 55 193 112
phone 0.0066 157 177 196 236
phone 0.0066 146 319 207 336
phone 0.0066 83 301 147 336
phone 0.0066 359 256 393 311
phone 0.0065 174 117 209 173
phone 0.0065 285 0 345 46
phone 0.0065 377 0 399 7
phone 0.0065 253 8 284 66
phone 0.0065 238 8 269 66
phone 0.0064 84 150 146 201
phone 0.0064 99 331 131 336
phone 0.0064 146 13 207 61
phone 0.0064 268 0 331 80
phone 0.0064 205 225 239 280
phone 0.0064 159 86 193 142
phone 0.0064 298 8 332 66
phone 0.0064 297 56 332 111
phone 0.0064 115 83 146 144
phone 0.0064 288 213 318 239
phone 0.0064 144 116 178 173
phone 0.0064 330 0 362 51
phone 0.0064 68 167 131 215
phone 0.0064 208 28 267 108
phone 0.0063 291 204 300 216
phone 0.0063 282 270 316 327
phone 0.0063 84 331 115 336
phone 0.0063 374 9 399 66
phone 0.0063 100 299 130 336
phone 0.0063 236 300 270 336
phone 0.0063 54 0 114 46
phone 0.0063 335 171 399 242
phone 0.0063 133 37 190 99
phone 0.0063 242 116 327 174
phone 0.0063 267 87 301 141
phone 0.0063 175 23 208 81
phone 0.0063 267 270 301 327
phone 0.0063 299 212 308 224
phone 0.0062 374 70 399 127
phone 0.0062 7 0 70 64
phone 0.0062 146 331 177 336
phone 0.0062 253 0 315 46
phone 0.0062 114 0 178 64
phone 0.0062 320 215 399 291
phone 0.0062 115 331 146 336
phone 0.0062 24 0 83 46
phone 0.0062 306 180 385 264
phone 0.0062 53 300 116 336
phone 0.0062 54 335 115 336
phone 0.0062 68 0 131 79
phone 0.0062 285 0 315 51
phone 0.0062 192 8 223 66
phone 0.0062 38 0 100 79
phone 0.0061 99 60 162 107
phone 0.0061 161 8 192 66
phone 0.0061 343 100 378 159
phone 0.0061 85 0 145 46
phone 0.0061 265 258 295 285
phone 0.0061 297 252 333 314
phone 0.0061 374 241 399 295
phone 0.0061 374 329 399 336
phone 0.0061 128 193 163 250
phone 0.0061 85 269 115 328
phone 0.0061 251 270 286 327
phone 0.0060 268 7 300 66
phone 0.0060 69 331 100 336
phone 0.0060 85 161 115 220
phone 0.0060 70 0 99 51
phone 0.0060 300 0 361 30
phone 0.0060 131 0 192 46
phone 0.0060 128 147 162 204
phone 0.0059 85 0 115 51
phone 0.0059 38 335 99 336
phone 0.0059 8 75 68 123
phone 0.0059 22 300 85 336
phone 0.0059 54 0 84 51
phone 0.0059 100 13 161 61
phone 0.0059 251 0 318 127
phone 0.0059 223 8 253 66
phone 0.0059 236 253 271 313
phone 0.0059 221 301 255 336
phone 0.0059 39 0 68 51
phone 0.0059 144 270 177 327
phone 0.0059 6 41 70 155
phone 0.0059 287 178 305 212
phone 0.0058 328 286 362 336
phone 0.0058 100 0 130 51
phone 0.0058 115 54 146 112
phone 0.0058 238 223 330 283
phone 0.0058 23 0 53 51
phone 0.0058 237 242 247 255
phone 0.0058 131 0 161 51
phone 0.0058 130 331 161 336
phone 0.0058 281 55 318 112
phone 0.0058 343 256 378 311
phone 0.0058 295 209 312 243
phone 0.0058 272 255 289 289
phone 0.0058 53 331 85 336
phone 0.0058 374 179 399 234
phone 0.0058 116 0 145 51
phone 0.0058 7 335 69 336
phone 0.0058 38 331 69 336
phone 0.0058 204 69 240 129
phone 0.0057 131 23 161 81
phone 0.0057 236 25 301 111
phone 0.0057 219 70 256 128
phone 0.0057 251 87 286 141
phone 0.0057 208 0 268 46
phone 0.0057 281 23 317 82
phone 0.0057 143 147 178 204
phone 0.0057 54 321 115 336
phone 0.0057 146 0 176 51
phone 0.0057 160 0 224 63
phone 0.0057 374 210 399 264
phone 0.0057 313 24 347 80
phone 0.0057 270 0 330 31
phone 0.0057 39 0 99 31
phone 0.0056 70 0 129 31
phone 0.0056 24 29 83 77
phone 0.0056 101 0 160 31
phone 0.0056 22 331 54 336
phone 0.0056 99 0 162 109
phone 0.0056 281 220 311 246
phone 0.0056 0 132 57 261
phone 0.0056 8 198 68 246
phone 0.0056 344 286 378 336
phone 0.0056 85 29 145 76
phone 0.0056 68 273 131 336
phone 0.0056 38 272 100 336
phone 0.0056 70 299 99 336
phone 0.0056 23 0 84 109
phone 0.0056 8 229 68 276
phone 0.0055 23 183 84 230
phone 0.0055 221 269 255 328
phone 0.0055 265 235 295 262
phone 0.0055 23 213 84 261
phone 0.0055 375 0 399 36
phone 0.0055 291 196 300 209
phone 0.0055 8 167 68 215
phone 0.0055 115 299 146 336
phone 0.0055 0 238 41 336
phone 0.0055 220 38 255 97
phone 0.0055 23 69 53 128
phone 0.0055 7 164 69 278
phone 0.0055 54 29 114 77
phone 0.0055 234 130 273 191
phone 0.0055 23 244 84 292
phone 0.0055 8 0 38 5
phone 0.0055 287 208 305 243
phone 0.0055 23 321 84 336
phone 0.0055 22 149 85 263
phone 0.0055 291 212 300 224
phone 0.0055 53 0 115 109
phone 0.0055 22 195 85 309
phone 0.0054 54 275 114 322
phone 0.0054 218 255 235 289
phone 0.0054 8 106 68 153
phone 0.0054 147 0 207 31
phone 0.0054 8 259 68 307
phone 0.0054 39 259 99 307
phone 0.0054 211 317 227 336
phone 0.0054 23 275 84 323
phone 0.0054 7 210 69 325
phone 0.0054 7 272 69 336
phone 0.0054 192 0 253 32
phone 0.0054 100 84 130 143
phone 0.0054 100 322 161 336
phone 0.0054 116 23 145 82
phone 0.0054 24 0 53 6
phone 0.0054 23 152 84 200
phone 0.0054 315 0 376 15
phone 0.0054 85 315 115 336
phone 0.0054 0 177 41 297
phone 0.0054 143 209 179 265
phone 0.0053 39 22 68 82
phone 0.0053 116 9 176 126
phone 0.0053 53 226 116 336
phone 0.0053 39 229 99 276
phone 0.0053 8 44 68 92
phone 0.0053 39 167 99 215
phone 0.0053 100 23 130 82
phone 0.0053 344 22 378 82
phone 0.0053 211 266 241 293
phone 0.0053 69 136 130 184
phone 0.0053 85 23 115 82
phone 0.0053 8 136 68 184
phone 0.0053 39 198 99 246
phone 0.0053 177 0 207 51
phone 0.0053 23 192 53 251
phone 0.0053 238 0 300 32
phone 0.0053 0 0 22 20
phone 0.0053 54 22 84 82
phone 0.0053 327 147 364 204
phone 0.0053 0 0 35 15
phone 0.0053 216 42 290 125
phone 0.0053 54 315 84 336
phone 0.0053 39 176 69 236
phone 0.0053 39 207 69 266
phone 0.0053 23 223 53 282
phone 0.0053 70 23 99 82
phone 0.0053 38 134 100 248
phone 0.0053 331 0 361 20
phone 0.0053 69 103 131 217
phone 0.0052 23 23 53 82
phone 0.0052 69 269 99 328
phone 0.0052 54 244 115 292
phone 0.0052 0 275 36 323
phone 0.0052 54 284 84 336
phone 0.0052 23 161 53 220
phone 0.0052 7 103 69 217
phone 0.0052 116 0 176 15
phone 0.0052 193 0 222 5
phone 0.0052 251 117 286 173
phone 0.0052 39 238 69 297
phone 0.0052 39 315 69 336
phone 0.0052 37 180 100 294
phone 0.0052 331 0 361 6
phone 0.0052 208 0 238 5
phone 0.0052 39 44 99 92
phone 0.0052 0 321 36 336
phone 0.0052 145 23 177 81
phone 0.0052 347 0 376 5
phone 0.0052 70 44 130 92
phone 0.0052 85 75 146 123
phone 0.0052 0 244 36 292
phone 0.0052 54 253 84 313
phone 0.0052 205 38 239 98
phone 0.0052 272 232 289 266
phone 0.0052 316 0 345 6
phone 0.0052 269 0 300 36
phone 0.0052 23 315 53 336
phone 0.0052 23 253 53 312
phone 0.0052 177 0 207 5
phone 0.0052 300 0 331 35
phone 0.0051 54 0 114 15
phone 0.0051 39 269 69 328
phone 0.0051 131 0 161 6
phone 0.0051 23 59 83 107
phone 0.0051 147 0 176 6
phone 0.0051 285 0 314 6
phone 0.0051 362 0 391 5
phone 0.0051 0 214 53 261
phone 0.0051 54 183 115 230
phone 0.0051 177 0 237 46
phone 0.0051 207 0 238 36
phone 0.0051 301 0 330 6
phone 0.0051 285 0 345 15
phone 0.0051 85 0 145 15
phone 0.0051 0 284 23 336
phone 0.0051 299 196 308 209
phone 0.0051 131 0 161 20
phone 0.0051 53 165 116 278
phone 0.0051 54 213 115 261
phone 0.0051 39 146 68 205
phone 0.0051 270 0 299 6
phone 0.0051 224 0 253 5
phone 0.0051 315 0 346 20
phone 0.0051 54 176 84 236
phone 0.0051 54 223 84 282
phone 0.0051 146 0 176 20
phone 0.0051 0 335 53 336
phone 0.0051 162 0 191 5
phone 0.0051 116 0 145 6
phone 0.0051 161 0 192 36
phone 0.0051 0 0 41 82
phone 0.0051 23 284 53 336
phone 0.0051 23 100 53 159
phone 0.0051 39 136 99 184
phone 0.0051 85 130 115 189
phone 0.0051 23 90 84 138
phone 0.0051 346 0 399 15
phone 0.0051 115 0 146 20
phone 0.0051 291 189 300 201
phone 0.0051 23 0 84 15
phone 0.0051 0 253 23 313
phone 0.0051 69 238 99 297
phone 0.0050 39 0 68 6
phone 0.0050 54 0 84 20
phone 0.0050 0 315 22 336
phone 0.0050 257 326 273 336
phone 0.0050 54 0 84 6
phone 0.0050 69 0 100 20
phone 0.0050 54 121 114 169
phone 0.0050 254 0 314 15
phone 0.0050 70 0 99 6
phone 0.0050 239 0 268 6
phone 0.0050 254 0 284 6
phone 0.0050 101 0 130 6
phone 0.0050 299 219 308 232
phone 0.0050 284 0 315 20
phone 0.0050 85 0 114 6
phone 0.0050 162 0 222 15
phone 0.0050 84 0 115 20
phone 0.0050 23 130 53 189
phone 0.0050 235 71 271 127
phone 0.0050 288 326 303 336
phone 0.0050 100 0 130 20
phone 0.0050 54 152 114 200
phone 0.0050 181 89 211 116
