phone 0.9426 77 86 307 197
phone 0.0563 23 44 273 221
phone 0.0543 82 94 208 218
phone 0.0420 120 99 262 213
phone 0.0375 189 86 308 178
phone 0.0282 74 115 155 202
phone 0.0250 98 121 193 192
phone 0.0233 90 30 201 190
phone 0.0209 64 0 157 158
phone 0.0192 145 67 295 164
phone 0.0186 43 68 115 200
phone 0.0174 132 137 221 207
phone 0.0162 140 90 306 266
phone 0.0160 245 56 334 159
phone 0.0150 64 13 382 206
phone 0.0147 216 38 320 182
phone 0.0147 171 125 273 188
phone 0.0146 28 97 140 214
phone 0.0142 34 1 123 146
phone 0.0138 84 124 177 249
phone 0.0135 90 100 171 182
phone 0.0133 42 139 127 264
phone 0.0127 229 78 338 202
phone 0.0124 35 122 103 190
phone 0.0122 9 78 85 191
phone 0.0119 279 44 369 164
phone 0.0118 113 142 147 200
phone 0.0118 163 139 250 204
phone 0.0114 144 123 240 250
phone 0.0113 19 114 89 228
phone 0.0111 103 172 189 266
phone 0.0110 128 144 163 199
phone 0.0109 204 108 302 235
phone 0.0106 93 155 168 219
phone 0.0105 147 0 207 135
phone 0.0104 49 174 120 230
phone 0.0102 238 137 331 266
phone 0.0102 52 126 85 185
phone 0.0101 116 0 176 129
phone 0.0100 175 173 271 266
phone 0.0098 143 143 179 200
phone 0.0097 0 263 40 266
phone 0.0096 0 0 39 0
phone 0.0095 157 143 195 200
phone 0.0095 35 156 103 218
phone 0.0095 72 157 159 266
phone 0.0094 173 143 210 200
phone 0.0093 44 110 124 171
phone 0.0093 175 2 240 125
phone 0.0091 105 66 186 154
phone 0.0091 67 96 101 154
phone 0.0091 43 145 125 198
phone 0.0090 67 173 100 231
phone 0.0089 177 38 237 89
phone 0.0089 223 10 284 147
phone 0.0089 154 152 229 221
phone 0.0089 243 110 325 171
phone 0.0088 230 71 307 149
phone 0.0087 270 77 329 143
phone 0.0087 58 126 142 186
phone 0.0086 120 155 202 218
phone 0.0086 192 34 223 92
phone 0.0085 219 128 256 184
phone 0.0085 116 36 176 92
phone 0.0084 250 186 319 249
phone 0.0083 249 139 320 204
phone 0.0083 38 141 69 201
phone 0.0083 215 139 291 204
phone 0.0082 229 125 309 188
phone 0.0082 94 187 167 248
phone 0.0082 67 71 132 149
phone 0.0081 250 98 286 153
phone 0.0081 124 203 198 263
phone 0.0081 247 0 345 111
phone 0.0081 201 203 275 262
phone 0.0080 175 34 209 93
phone 0.0080 119 0 280 183
phone 0.0079 315 15 392 128
phone 0.0079 260 104 339 239
phone 0.0078 97 126 132 185
phone 0.0078 0 73 49 196
phone 0.0078 239 53 298 106
phone 0.0077 189 144 225 199
phone 0.0077 169 203 245 263
phone 0.0077 235 129 270 184
phone 0.0077 129 204 162 262
phone 0.0076 203 128 241 184
phone 0.0075 215 187 292 248
phone 0.0074 268 123 331 189
phone 0.0074 237 204 301 262
phone 0.0073 67 128 100 184
phone 0.0072 37 71 100 118
phone 0.0072 267 128 301 184
phone 0.0072 267 189 300 246
phone 0.0072 84 40 146 88
phone 0.0072 68 54 131 104
phone 0.0072 282 96 316 154
phone 0.0072 192 222 254 266
phone 0.0072 0 0 54 95
phone 0.0072 184 155 261 219
phone 0.0072 266 99 301 152
phone 0.0071 154 186 230 249
phone 0.0071 53 172 84 232
phone 0.0071 169 170 245 234
phone 0.0071 87 202 119 225
phone 0.0071 254 65 315 124
phone 0.0071 59 157 140 216
phone 0.0071 160 220 224 266
phone 0.0071 231 170 307 234
phone 0.0070 66 191 134 244
phone 0.0070 159 34 194 93
phone 0.0070 268 154 331 219
phone 0.0070 96 199 111 229
phone 0.0070 180 17 295 203
phone 0.0069 84 50 115 108
phone 0.0069 99 207 108 220
phone 0.0069 6 14 84 130
phone 0.0069 114 189 147 246
phone 0.0069 100 34 130 93
phone 0.0069 207 34 238 92
phone 0.0069 52 95 85 155
phone 0.0069 54 65 84 123
phone 0.0068 78 86 152 164
phone 0.0068 6 133 70 179
phone 0.0068 82 129 116 183
phone 0.0068 69 49 99 108
phone 0.0068 139 169 214 235
phone 0.0068 22 86 85 134
phone 0.0068 221 204 254 261
phone 0.0067 82 81 117 139
phone 0.0067 144 204 177 262
phone 0.0067 0 0 41 32
phone 0.0067 110 111 150 171
phone 0.0066 199 171 277 234
phone 0.0066 98 188 131 246
phone 0.0066 98 48 163 141
phone 0.0066 100 24 161 72
phone 0.0066 8 131 69 242
phone 0.0065 252 189 285 246
phone 0.0065 23 126 53 185
phone 0.0065 23 113 85 168
phone 0.0065 206 204 239 261
phone 0.0065 131 24 192 72
phone 0.0065 237 49 270 108
phone 0.0065 312 85 395 178
phone 0.0065 267 158 301 215
phone 0.0064 7 164 69 210
phone 0.0064 38 80 69 139
phone 0.0064 281 138 349 266
phone 0.0063 225 223 282 266
phone 0.0063 54 40 115 87
phone 0.0063 271 208 328 257
phone 0.0063 95 194 127 218
phone 0.0063 208 24 268 72
phone 0.0063 131 19 161 77
phone 0.0063 162 24 222 72
phone 0.0063 251 128 286 184
phone 0.0063 287 176 343 228
phone 0.0063 84 0 146 105
phone 0.0063 23 157 53 216
phone 0.0062 207 0 269 105
phone 0.0062 103 190 119 222
phone 0.0062 190 205 224 261
phone 0.0062 116 18 145 77
phone 0.0062 175 204 208 261
phone 0.0062 146 19 176 77
phone 0.0062 38 110 69 171
phone 0.0062 269 50 300 108
phone 0.0062 126 68 226 184
phone 0.0062 282 143 316 200
phone 0.0062 159 204 193 261
phone 0.0062 85 207 145 258
phone 0.0062 300 158 330 216
phone 0.0062 301 86 360 134
phone 0.0061 316 132 375 180
phone 0.0061 69 25 130 72
phone 0.0061 84 188 115 247
phone 0.0061 270 240 329 266
phone 0.0061 223 40 284 88
phone 0.0061 239 24 299 72
phone 0.0061 147 9 207 57
phone 0.0060 282 75 349 206
phone 0.0060 177 9 237 57
phone 0.0060 254 218 284 266
phone 0.0060 116 9 176 57
phone 0.0060 23 162 84 266
phone 0.0060 106 207 116 220
phone 0.0060 223 18 253 78
phone 0.0060 236 189 270 246
phone 0.0060 331 9 391 57
phone 0.0060 349 71 399 197
phone 0.0059 23 55 84 103
phone 0.0059 285 70 344 119
phone 0.0059 287 111 343 170
phone 0.0059 223 9 283 57
phone 0.0059 85 9 145 57
phone 0.0059 39 25 99 72
phone 0.0059 300 9 360 57
phone 0.0059 285 203 315 263
phone 0.0059 116 223 176 266
phone 0.0059 23 195 84 240
phone 0.0059 128 174 162 230
phone 0.0059 7 101 69 149
phone 0.0059 331 126 361 185
phone 0.0059 99 237 162 266
phone 0.0059 315 80 346 139
phone 0.0059 54 9 114 57
phone 0.0059 331 40 391 88
phone 0.0059 7 237 69 266
phone 0.0059 239 18 268 78
phone 0.0059 314 0 377 90
phone 0.0059 0 234 40 266
phone 0.0059 270 24 330 72
phone 0.0059 232 96 274 154
phone 0.0059 82 159 116 215
phone 0.0059 254 9 314 57
phone 0.0058 37 237 100 266
phone 0.0058 316 101 376 149
phone 0.0058 38 187 69 247
phone 0.0058 331 117 391 164
phone 0.0058 331 148 392 195
phone 0.0058 176 238 239 266
phone 0.0058 314 115 378 228
phone 0.0058 85 18 115 78
phone 0.0058 330 99 393 212
phone 0.0058 54 34 84 93
phone 0.0058 68 237 131 266
phone 0.0058 254 40 314 88
phone 0.0058 284 234 315 266
phone 0.0058 285 40 345 88
phone 0.0058 362 0 399 88
phone 0.0058 331 71 391 118
phone 0.0058 22 253 85 266
phone 0.0058 239 218 269 266
phone 0.0058 144 174 178 230
phone 0.0057 314 237 377 266
phone 0.0057 254 18 284 78
phone 0.0057 224 256 283 266
phone 0.0057 177 3 207 62
phone 0.0057 162 3 192 62
phone 0.0057 193 3 222 62
phone 0.0057 8 71 68 118
phone 0.0057 283 173 316 231
phone 0.0057 106 200 116 213
phone 0.0057 69 18 99 78
phone 0.0057 316 0 376 41
phone 0.0057 346 3 376 62
phone 0.0057 208 3 238 62
phone 0.0057 300 225 361 266
phone 0.0057 115 264 146 266
phone 0.0057 316 194 376 241
phone 0.0057 23 9 84 57
phone 0.0057 174 174 209 230
phone 0.0057 316 163 376 210
phone 0.0057 100 265 130 266
phone 0.0057 8 40 68 87
phone 0.0057 39 49 69 108
phone 0.0057 362 238 399 266
phone 0.0057 300 65 330 123
phone 0.0057 331 179 392 226
phone 0.0057 131 0 191 42
phone 0.0057 53 253 116 266
phone 0.0057 162 0 222 42
phone 0.0057 361 0 399 42
phone 0.0057 362 115 399 227
phone 0.0057 100 0 160 41
phone 0.0056 346 34 376 93
phone 0.0056 346 126 376 185
phone 0.0056 130 253 192 266
phone 0.0056 23 264 53 266
phone 0.0056 331 3 361 62
phone 0.0056 99 253 162 266
phone 0.0056 362 38 399 150
phone 0.0056 100 3 130 62
phone 0.0056 361 147 399 196
phone 0.0056 316 3 345 62
phone 0.0056 193 0 253 42
phone 0.0056 207 238 270 266
phone 0.0056 270 18 299 78
phone 0.0056 54 265 84 266
phone 0.0056 361 101 399 150
phone 0.0056 285 0 345 42
phone 0.0056 316 55 376 103
phone 0.0056 236 158 270 215
phone 0.0056 194 44 251 115
phone 0.0056 361 70 399 119
phone 0.0056 314 161 378 266
phone 0.0056 23 96 53 154
phone 0.0056 161 253 223 266
phone 0.0056 316 255 376 266
phone 0.0056 111 190 127 222
phone 0.0056 361 177 399 227
phone 0.0056 331 95 361 154
phone 0.0056 39 264 69 266
phone 0.0056 85 265 115 266
phone 0.0056 69 0 130 41
phone 0.0056 69 265 99 266
phone 0.0056 287 144 343 198
phone 0.0056 255 224 313 266
phone 0.0056 191 253 254 266
phone 0.0056 190 174 224 230
phone 0.0056 285 18 315 78
phone 0.0056 300 3 330 62
phone 0.0056 205 159 239 215
phone 0.0056 364 262 399 266
phone 0.0056 238 249 269 266
phone 0.0056 239 0 299 42
phone 0.0056 53 222 116 266
phone 0.0056 299 6 362 120
phone 0.0056 237 237 300 266
phone 0.0056 331 209 392 257
phone 0.0056 39 0 99 41
phone 0.0056 346 264 376 266
phone 0.0055 346 64 376 124
phone 0.0055 7 0 70 29
phone 0.0055 300 203 330 263
phone 0.0055 54 3 84 62
phone 0.0055 346 157 376 216
phone 0.0055 346 95 376 155
phone 0.0055 253 253 315 266
phone 0.0055 145 238 208 266
phone 0.0055 331 265 361 266
phone 0.0055 251 158 285 215
phone 0.0055 284 253 346 266
phone 0.0055 361 0 399 11
phone 0.0055 300 34 330 93
phone 0.0055 39 210 99 256
phone 0.0055 331 0 391 26
phone 0.0055 316 0 376 11
phone 0.0055 98 157 132 216
phone 0.0055 346 164 399 210
phone 0.0055 315 203 346 262
phone 0.0055 159 174 193 230
phone 0.0055 331 188 361 247
phone 0.0055 54 203 84 263
phone 0.0055 331 157 361 216
phone 0.0055 23 65 53 124
phone 0.0055 316 265 346 266
phone 0.0055 39 18 69 77
phone 0.0055 0 0 36 11
phone 0.0055 331 34 361 93
phone 0.0054 22 222 85 266
phone 0.0054 306 146 316 159
phone 0.0054 8 0 68 11
phone 0.0054 0 264 22 266
phone 0.0054 300 265 330 266
phone 0.0054 285 265 315 266
phone 0.0054 85 249 115 266
phone 0.0054 131 264 161 266
phone 0.0054 362 162 399 266
phone 0.0054 84 219 115 266
phone 0.0054 300 0 360 26
phone 0.0054 269 265 299 266
phone 0.0054 69 249 99 266
phone 0.0054 23 34 53 93
phone 0.0054 146 0 176 47
phone 0.0054 146 0 207 26
phone 0.0054 131 0 161 47
phone 0.0054 131 0 191 11
phone 0.0054 116 0 176 26
phone 0.0054 346 133 399 180
phone 0.0054 360 255 399 266
phone 0.0054 0 0 23 1
phone 0.0054 116 0 145 47
phone 0.0054 285 0 345 11
phone 0.0054 316 34 345 93
phone 0.0054 346 188 376 247
phone 0.0054 303 137 319 167
phone 0.0054 346 234 376 266
phone 0.0054 162 0 222 11
phone 0.0054 254 265 284 266
phone 0.0054 7 191 70 266
phone 0.0053 177 0 237 26
phone 0.0053 331 249 361 266
phone 0.0053 238 265 269 266
phone 0.0053 54 249 84 266
phone 0.0053 294 141 328 163
phone 0.0053 23 249 53 266
phone 0.0053 100 0 160 11
phone 0.0053 85 0 145 26
phone 0.0053 223 0 253 47
phone 0.0053 376 2 399 63
phone 0.0053 192 265 223 266
phone 0.0053 331 65 361 124
phone 0.0053 220 159 255 215
phone 0.0053 39 0 99 11
phone 0.0053 223 265 254 266
phone 0.0053 23 3 53 62
phone 0.0053 0 255 36 266
phone 0.0053 300 234 330 266
phone 0.0053 207 265 238 266
phone 0.0053 346 25 399 72
phone 0.0053 115 234 146 266
phone 0.0053 270 0 330 26
phone 0.0053 253 249 284 266
phone 0.0053 285 0 315 47
phone 0.0053 270 218 299 266
phone 0.0053 0 0 22 16
phone 0.0053 54 0 114 26
phone 0.0053 239 0 268 47
phone 0.0053 254 0 314 11
phone 0.0053 85 0 115 47
phone 0.0053 177 265 207 266
phone 0.0053 361 157 392 216
phone 0.0053 193 0 253 11
phone 0.0053 208 0 268 26
phone 0.0053 254 0 284 47
phone 0.0053 270 55 329 103
phone 0.0053 270 0 299 47
phone 0.0053 315 249 346 266
phone 0.0053 331 219 361 266
phone 0.0053 70 0 130 11
phone 0.0053 70 0 99 47
phone 0.0053 223 0 284 11
phone 0.0053 39 249 69 266
phone 0.0053 315 172 346 231
phone 0.0052 346 0 376 16
phone 0.0052 146 265 177 266
phone 0.0052 360 208 399 257
phone 0.0052 161 265 192 266
phone 0.0052 100 249 130 266
phone 0.0052 346 56 399 103
phone 0.0052 376 264 399 266
phone 0.0052 331 0 361 16
phone 0.0052 283 21 347 136
phone 0.0052 346 86 399 133
phone 0.0052 39 0 68 47
phone 0.0052 114 200 123 213
phone 0.0052 223 249 253 266
phone 0.0052 23 218 53 266
phone 0.0052 300 127 330 185
phone 0.0052 376 141 399 201
phone 0.0052 221 49 255 108
phone 0.0052 141 64 173 87
phone 0.0052 376 95 399 155
phone 0.0052 361 126 392 185
phone 0.0052 0 249 23 266
phone 0.0052 0 251 64 266
phone 0.0052 376 33 399 94
phone 0.0052 376 64 399 124
phone 0.0052 269 250 300 266
phone 0.0052 23 0 53 16
phone 0.0052 0 0 22 47
phone 0.0052 346 194 399 241
phone 0.0052 376 171 399 232
phone 0.0051 316 0 345 16
phone 0.0051 122 109 169 172
phone 0.0051 97 65 132 123
phone 0.0051 299 95 331 154
phone 0.0051 376 0 399 17
phone 0.0051 0 9 36 57
phone 0.0051 149 60 165 91
phone 0.0051 8 265 38 266
phone 0.0051 146 0 176 16
phone 0.0051 162 0 192 16
phone 0.0051 300 0 330 16
phone 0.0051 131 0 161 16
phone 0.0051 141 60 158 91
phone 0.0051 177 0 207 16
phone 0.0051 23 188 53 247
phone 0.0051 39 0 68 16
phone 0.0051 116 0 145 16
phone 0.0051 285 0 315 16
phone 0.0051 193 0 222 16
phone 0.0051 54 0 84 16
phone 0.0050 100 0 130 16
phone 0.0050 270 0 299 16
phone 0.0050 362 49 392 108
phone 0.0050 145 69 154 82
phone 0.0050 208 0 238 16
phone 0.0050 362 80 392 139
phone 0.0050 70 0 99 16
phone 0.0050 85 0 115 16
phone 0.0050 254 0 284 16
phone 0.0050 362 264 392 266
phone 0.0050 223 0 253 16
phone 0.0050 239 0 268 16
