phone 0.9038 70 172 152 328
phone 0.0997 91 210 151 297
phone 0.0952 77 194 136 282
phone 0.0604 28 146 181 369
phone 0.0429 67 152 235 318
phone 0.0425 43 198 140 308
phone 0.0363 123 118 260 296
phone 0.0306 32 142 115 275
phone 0.0270 82 230 130 307
phone 0.0264 90 213 220 355
phone 0.0255 141 163 224 313
phone 0.0224 57 110 148 249
phone 0.0216 3 158 76 300
phone 0.0210 141 255 237 384
phone 0.0209 30 208 119 361
phone 0.0203 102 109 225 247
phone 0.0200 55 242 151 384
phone 0.0198 149 183 216 262
phone 0.0196 71 205 110 270
phone 0.0195 85 192 186 286
phone 0.0190 177 190 249 255
phone 0.0182 29 62 113 222
phone 0.0182 172 160 319 305
phone 0.0177 132 41 257 247
phone 0.0172 134 196 200 280
phone 0.0166 165 62 283 219
phone 0.0163 89 231 183 307
phone 0.0162 208 143 302 258
phone 0.0159 0 106 81 238
phone 0.0150 135 167 200 248
phone 0.0140 162 170 234 245
phone 0.0140 151 211 214 295
phone 0.0140 99 225 204 282
phone 0.0137 76 20 189 200
phone 0.0136 40 75 283 267
phone 0.0134 209 204 299 318
phone 0.0133 0 145 51 257
phone 0.0133 195 194 231 251
phone 0.0131 137 224 197 313
phone 0.0131 122 192 311 329
phone 0.0126 117 161 187 223
phone 0.0125 63 306 137 399
phone 0.0125 90 317 165 399
phone 0.0125 164 192 201 253
phone 0.0123 171 274 264 371
phone 0.0123 161 199 235 278
phone 0.0117 162 325 234 399
phone 0.0114 117 294 206 399
phone 0.0113 2 215 77 361
phone 0.0113 42 165 108 219
phone 0.0112 164 218 262 350
phone 0.0111 0 50 204 289
phone 0.0110 16 297 103 399
phone 0.0107 149 222 185 284
phone 0.0107 94 186 148 259
phone 0.0104 100 251 142 317
phone 0.0103 140 244 171 270
phone 0.0101 140 229 171 254
phone 0.0100 59 162 91 221
phone 0.0099 57 35 145 185
phone 0.0099 0 330 0 399
phone 0.0099 163 300 233 360
phone 0.0098 164 223 201 284
phone 0.0098 135 163 168 221
phone 0.0098 187 111 271 242
phone 0.0097 111 257 192 311
phone 0.0096 149 176 185 238
phone 0.0095 212 191 277 254
phone 0.0094 193 223 264 284
phone 0.0094 169 363 227 399
phone 0.0094 147 240 164 274
phone 0.0094 87 261 155 338
phone 0.0093 86 360 156 399
phone 0.0093 0 226 62 281
phone 0.0091 85 266 187 394
phone 0.0090 178 159 248 225
phone 0.0090 147 225 165 259
phone 0.0090 71 167 102 193
phone 0.0090 179 178 216 237
phone 0.0089 77 143 134 240
phone 0.0089 115 349 189 399
phone 0.0089 15 172 73 242
phone 0.0089 150 154 215 229
phone 0.0088 114 287 190 342
phone 0.0086 134 242 168 295
phone 0.0086 177 269 250 330
phone 0.0086 153 353 212 399
phone 0.0086 106 147 166 207
phone 0.0085 152 308 213 383
phone 0.0084 78 163 95 197
phone 0.0084 0 197 49 325
phone 0.0084 178 319 259 386
phone 0.0083 212 225 245 281
phone 0.0083 0 87 45 192
phone 0.0083 151 251 160 263
phone 0.0083 181 302 214 359
phone 0.0082 0 140 11 262
phone 0.0082 27 235 92 302
phone 0.0082 19 186 100 320
phone 0.0081 41 205 71 232
phone 0.0080 151 235 160 248
phone 0.0080 85 297 157 363
phone 0.0080 10 302 79 358
phone 0.0080 42 360 108 399
phone 0.0080 12 208 45 267
phone 0.0079 0 195 60 250
phone 0.0079 40 269 110 330
phone 0.0079 195 252 263 316
phone 0.0078 183 347 213 399
phone 0.0078 165 331 200 391
phone 0.0078 44 114 107 238
phone 0.0078 54 345 127 399
phone 0.0078 132 91 203 230
phone 0.0078 162 88 234 233
phone 0.0078 190 180 267 235
phone 0.0077 15 364 74 399
phone 0.0077 113 318 191 373
phone 0.0077 115 239 157 298
phone 0.0077 151 245 215 323
phone 0.0077 135 348 168 399
phone 0.0077 47 202 64 235
phone 0.0076 135 271 168 327
phone 0.0076 15 201 74 275
phone 0.0076 179 208 217 268
phone 0.0076 227 209 261 267
phone 0.0076 196 147 261 205
phone 0.0076 48 314 79 339
phone 0.0075 228 178 260 236
phone 0.0075 174 241 253 296
phone 0.0075 0 80 14 195
phone 0.0075 0 205 9 320
phone 0.0075 0 270 62 389
phone 0.0074 104 363 138 399
phone 0.0073 185 129 242 194
phone 0.0073 82 174 91 186
phone 0.0073 185 36 266 186
phone 0.0073 0 256 63 312
phone 0.0073 64 206 94 231
phone 0.0073 26 281 93 348
phone 0.0073 12 239 45 298
phone 0.0073 43 332 76 390
phone 0.0073 150 69 216 191
phone 0.0073 153 105 212 156
phone 0.0073 141 259 171 286
phone 0.0073 38 224 112 282
phone 0.0072 138 125 197 196
phone 0.0072 151 277 215 352
phone 0.0072 55 310 72 343
phone 0.0072 151 347 184 399
phone 0.0072 8 269 80 330
phone 0.0072 179 211 319 372
phone 0.0072 38 195 112 251
phone 0.0072 42 255 76 313
phone 0.0071 196 271 230 327
phone 0.0071 0 38 88 183
phone 0.0071 151 243 160 256
phone 0.0071 148 221 179 247
phone 0.0071 38 329 112 392
phone 0.0071 119 363 153 399
phone 0.0070 28 301 60 359
phone 0.0070 196 163 230 220
phone 0.0070 55 281 126 349
phone 0.0070 167 101 198 159
phone 0.0070 0 338 60 384
phone 0.0069 73 161 107 222
phone 0.0069 212 256 245 312
phone 0.0069 213 132 245 189
phone 0.0069 13 331 44 391
phone 0.0069 165 162 200 221
phone 0.0069 104 286 138 343
phone 0.0068 0 0 1 98
phone 0.0068 135 302 168 358
phone 0.0068 0 367 44 399
phone 0.0068 0 288 61 341
phone 0.0068 41 295 109 365
phone 0.0067 62 147 119 206
phone 0.0067 58 347 91 399
phone 0.0067 31 150 88 203
phone 0.0067 149 253 185 315
phone 0.0067 150 147 184 206
phone 0.0067 216 231 273 306
phone 0.0067 89 363 122 399
phone 0.0067 58 285 92 344
phone 0.0067 41 190 71 217
phone 0.0067 214 163 274 221
phone 0.0067 198 116 229 174
phone 0.0066 59 328 68 340
phone 0.0066 43 163 76 220
phone 0.0066 0 322 44 369
phone 0.0066 147 255 165 290
phone 0.0066 151 100 183 159
phone 0.0066 199 91 259 139
phone 0.0065 70 202 88 236
phone 0.0065 0 184 45 231
phone 0.0065 184 75 243 123
phone 0.0065 155 217 172 251
phone 0.0065 51 213 61 225
phone 0.0065 165 254 199 313
phone 0.0065 42 286 76 344
phone 0.0065 183 101 214 159
phone 0.0065 73 347 107 399
phone 0.0064 0 332 30 399
phone 0.0064 168 91 228 139
phone 0.0064 151 228 160 240
phone 0.0064 200 289 258 340
phone 0.0064 73 239 107 298
phone 0.0064 55 322 87 346
phone 0.0064 104 333 138 389
phone 0.0064 214 106 274 154
phone 0.0064 25 329 56 354
phone 0.0064 53 254 128 314
phone 0.0064 59 320 68 333
phone 0.0064 213 57 275 172
phone 0.0064 63 318 79 350
phone 0.0063 167 42 229 156
phone 0.0063 86 161 125 222
phone 0.0063 213 289 276 399
phone 0.0063 58 225 91 282
phone 0.0063 97 272 176 328
phone 0.0063 209 284 241 307
phone 0.0063 229 73 291 187
phone 0.0063 0 192 29 252
phone 0.0063 215 322 274 369
phone 0.0063 132 210 171 266
phone 0.0063 0 137 60 185
phone 0.0063 0 362 14 399
phone 0.0063 301 69 319 92
phone 0.0063 137 91 198 139
phone 0.0062 133 359 163 386
phone 0.0062 261 199 319 247
phone 0.0062 12 270 45 329
phone 0.0062 27 162 61 221
phone 0.0062 58 194 91 251
phone 0.0062 27 271 61 328
phone 0.0062 257 164 319 280
phone 0.0062 214 85 244 144
phone 0.0062 168 60 228 108
phone 0.0062 45 132 75 189
phone 0.0062 230 137 290 185
phone 0.0062 165 131 199 190
phone 0.0062 217 280 233 311
phone 0.0062 153 76 213 123
phone 0.0062 47 186 64 221
phone 0.0062 199 69 228 129
phone 0.0062 312 74 319 86
phone 0.0062 32 326 49 358
phone 0.0061 212 179 245 235
phone 0.0061 196 241 230 296
phone 0.0061 105 0 168 95
phone 0.0061 13 300 44 360
phone 0.0061 306 367 319 399
phone 0.0061 122 29 182 77
phone 0.0061 74 0 138 95
phone 0.0061 199 121 258 170
phone 0.0061 230 85 259 144
phone 0.0061 150 316 184 374
phone 0.0061 165 285 199 344
phone 0.0061 27 239 61 298
phone 0.0061 309 66 319 95
phone 0.0061 183 70 213 129
phone 0.0061 28 331 60 391
phone 0.0061 275 193 306 251
phone 0.0061 229 316 260 375
phone 0.0061 305 332 319 399
phone 0.0061 152 27 214 141
phone 0.0061 141 367 171 394
phone 0.0060 245 100 275 159
phone 0.0060 136 0 199 110
phone 0.0060 214 75 274 123
phone 0.0060 291 367 319 399
phone 0.0060 73 286 107 343
phone 0.0060 230 91 290 139
phone 0.0060 245 291 305 338
phone 0.0060 153 45 213 93
phone 0.0060 199 60 259 108
phone 0.0060 58 255 91 312
phone 0.0060 137 60 197 108
phone 0.0060 60 29 120 77
phone 0.0060 91 29 151 77
phone 0.0060 220 289 230 302
phone 0.0060 181 132 215 190
phone 0.0060 232 173 287 241
phone 0.0060 0 122 44 170
phone 0.0059 180 240 215 297
phone 0.0059 261 229 319 277
phone 0.0059 183 45 243 93
phone 0.0059 214 285 244 344
phone 0.0059 183 106 243 154
phone 0.0059 150 285 184 345
phone 0.0059 88 269 123 330
phone 0.0059 0 300 29 360
phone 0.0059 14 131 44 190
phone 0.0059 230 155 291 290
phone 0.0059 0 152 45 200
phone 0.0059 245 131 275 190
phone 0.0059 151 259 160 271
phone 0.0059 243 258 307 371
phone 0.0059 229 367 290 399
phone 0.0059 168 70 198 128
phone 0.0059 245 122 305 169
phone 0.0059 230 307 290 354
phone 0.0059 168 29 228 77
phone 0.0059 182 11 245 126
phone 0.0059 66 328 76 341
phone 0.0058 199 331 229 390
phone 0.0058 181 271 215 328
phone 0.0058 0 60 59 108
phone 0.0058 121 56 183 173
phone 0.0058 246 260 303 308
phone 0.0058 136 41 199 157
phone 0.0058 0 106 59 154
phone 0.0058 0 131 29 190
phone 0.0058 137 23 167 83
phone 0.0058 30 29 90 77
phone 0.0058 44 0 106 110
phone 0.0058 121 75 182 123
phone 0.0058 261 168 319 216
phone 0.0058 153 23 182 83
phone 0.0058 14 45 74 93
phone 0.0058 258 212 319 325
phone 0.0058 275 337 319 385
phone 0.0058 0 0 12 30
phone 0.0058 0 0 30 95
phone 0.0058 244 88 306 202
phone 0.0058 227 115 293 237
phone 0.0058 74 212 84 225
phone 0.0058 0 26 60 141
phone 0.0058 214 316 244 375
phone 0.0058 73 317 107 374
phone 0.0058 260 285 290 344
phone 0.0058 276 0 319 30
phone 0.0058 260 254 290 313
phone 0.0058 13 0 76 110
phone 0.0058 0 0 13 64
phone 0.0058 0 75 43 123
phone 0.0057 275 223 306 282
phone 0.0057 14 76 74 123
phone 0.0057 91 23 121 83
phone 0.0057 119 333 153 389
phone 0.0057 244 363 275 399
phone 0.0057 122 23 152 83
phone 0.0057 244 300 275 359
phone 0.0057 0 29 59 77
phone 0.0057 243 332 307 399
phone 0.0057 76 23 105 82
phone 0.0057 0 227 29 340
phone 0.0057 0 261 30 307
phone 0.0057 168 39 198 98
phone 0.0057 0 45 43 93
phone 0.0057 214 54 244 113
phone 0.0057 107 23 136 83
phone 0.0057 139 355 157 390
phone 0.0057 0 162 29 221
phone 0.0057 183 39 213 98
phone 0.0057 290 304 319 399
phone 0.0057 151 266 160 279
phone 0.0057 159 228 168 240
phone 0.0057 153 54 182 113
phone 0.0057 0 101 0 220
phone 0.0057 275 153 319 200
phone 0.0057 63 221 94 247
phone 0.0057 58 317 92 374
phone 0.0056 260 137 319 185
phone 0.0056 14 122 74 170
phone 0.0056 45 45 105 93
phone 0.0056 199 39 228 98
phone 0.0056 199 29 259 77
phone 0.0056 260 0 319 64
phone 0.0056 0 9 0 128
phone 0.0056 60 23 90 82
phone 0.0056 275 122 319 169
phone 0.0056 260 116 290 175
phone 0.0056 214 45 274 93
phone 0.0056 274 119 319 233
phone 0.0056 137 85 167 144
phone 0.0056 30 60 90 108
phone 0.0056 91 136 151 186
phone 0.0056 229 338 290 385
phone 0.0056 88 332 122 389
phone 0.0056 229 60 290 108
phone 0.0056 275 162 306 221
phone 0.0056 14 54 44 113
phone 0.0056 75 132 106 189
phone 0.0056 106 91 168 139
phone 0.0055 14 100 44 159
phone 0.0055 45 23 75 82
phone 0.0055 147 363 164 397
phone 0.0055 0 255 1 374
phone 0.0055 118 282 148 309
phone 0.0055 29 23 59 82
phone 0.0055 0 91 28 139
phone 0.0055 213 11 276 126
phone 0.0055 291 245 319 292
phone 0.0055 30 54 59 113
phone 0.0055 0 55 0 174
phone 0.0055 28 26 91 141
phone 0.0055 230 29 290 77
phone 0.0055 110 206 161 270
phone 0.0055 291 214 319 262
phone 0.0055 90 101 153 220
phone 0.0055 0 331 13 390
phone 0.0055 291 60 319 108
phone 0.0055 0 147 0 267
phone 0.0055 30 91 89 139
phone 0.0055 259 363 291 399
phone 0.0055 228 26 291 141
phone 0.0055 0 254 13 313
phone 0.0055 0 42 29 156
phone 0.0055 291 107 319 154
phone 0.0055 0 146 13 206
phone 0.0055 0 268 9 377
phone 0.0055 105 42 168 156
phone 0.0055 275 91 319 139
phone 0.0055 291 184 319 231
phone 0.0055 245 0 305 30
phone 0.0055 290 196 319 309
phone 0.0055 306 0 319 64
phone 0.0055 90 11 152 126
phone 0.0055 120 131 152 190
phone 0.0055 274 73 319 187
phone 0.0055 245 45 305 93
phone 0.0055 107 60 167 108
phone 0.0055 138 14 197 62
phone 0.0055 45 106 105 154
phone 0.0055 230 54 259 113
phone 0.0055 136 115 168 175
phone 0.0055 14 23 44 82
phone 0.0054 137 54 167 113
phone 0.0054 36 336 45 348
phone 0.0054 275 254 306 313
phone 0.0054 290 27 319 141
phone 0.0054 90 0 152 64
phone 0.0054 199 367 259 399
phone 0.0054 307 0 319 30
phone 0.0054 107 0 166 30
phone 0.0054 0 30 13 77
phone 0.0054 290 150 319 263
phone 0.0054 216 271 272 328
phone 0.0054 30 100 59 160
phone 0.0054 184 0 243 30
phone 0.0054 260 276 319 323
phone 0.0054 106 132 137 190
phone 0.0054 244 0 306 110
phone 0.0054 291 131 319 190
phone 0.0054 141 282 171 309
phone 0.0054 260 29 319 77
phone 0.0054 245 76 305 123
phone 0.0054 121 0 183 64
phone 0.0054 76 0 135 30
phone 0.0054 245 70 275 129
phone 0.0054 244 331 275 390
phone 0.0054 48 228 78 255
phone 0.0054 276 45 319 93
phone 0.0054 0 60 13 108
phone 0.0054 214 23 244 82
phone 0.0054 275 363 306 399
phone 0.0054 276 131 306 190
phone 0.0053 60 60 120 108
phone 0.0053 228 363 260 399
phone 0.0053 229 131 260 190
phone 0.0053 90 57 152 172
phone 0.0053 213 363 245 399
phone 0.0053 45 14 105 62
phone 0.0053 91 75 151 123
phone 0.0053 122 103 182 157
phone 0.0053 244 42 306 156
phone 0.0053 306 223 319 283
phone 0.0053 45 54 75 113
phone 0.0053 274 0 319 110
phone 0.0053 198 0 260 64
phone 0.0053 185 352 242 399
phone 0.0053 45 75 105 123
phone 0.0053 260 331 290 390
phone 0.0053 0 12 14 125
phone 0.0053 260 322 319 369
phone 0.0053 0 106 13 154
phone 0.0053 306 162 319 221
phone 0.0053 26 180 93 234
phone 0.0053 275 291 319 338
phone 0.0053 82 182 91 194
phone 0.0053 0 55 22 224
phone 0.0053 306 116 319 175
phone 0.0053 138 0 197 30
phone 0.0053 167 0 229 64
phone 0.0053 0 0 43 30
phone 0.0053 122 69 152 129
phone 0.0053 306 54 319 113
phone 0.0053 260 85 290 144
phone 0.0053 229 23 259 82
phone 0.0053 306 193 319 252
phone 0.0053 289 243 319 356
phone 0.0053 245 39 275 98
phone 0.0053 184 14 243 62
phone 0.0053 306 85 319 144
phone 0.0053 151 274 160 286
phone 0.0053 215 0 274 30
phone 0.0053 45 85 75 144
phone 0.0052 44 42 106 156
phone 0.0052 14 14 74 62
phone 0.0052 259 289 319 399
phone 0.0052 261 0 290 37
phone 0.0052 15 0 74 30
phone 0.0052 61 91 120 139
phone 0.0052 0 0 60 64
phone 0.0052 124 279 141 312
phone 0.0052 306 254 319 313
phone 0.0052 229 0 290 64
phone 0.0052 306 316 319 375
phone 0.0052 119 302 153 358
phone 0.0052 59 0 121 64
phone 0.0052 29 131 59 190
phone 0.0052 71 229 102 255
phone 0.0052 44 137 106 185
phone 0.0052 260 23 290 82
phone 0.0052 0 230 29 277
phone 0.0052 199 0 228 37
phone 0.0052 90 106 152 154
phone 0.0052 70 217 87 251
phone 0.0052 260 54 290 113
phone 0.0052 122 0 151 37
phone 0.0052 60 54 90 113
phone 0.0052 107 0 136 37
phone 0.0052 0 183 13 231
phone 0.0052 276 100 305 159
phone 0.0051 232 241 288 296
phone 0.0051 51 197 61 209
phone 0.0051 107 85 136 144
phone 0.0051 0 209 1 328
phone 0.0051 137 0 167 37
phone 0.0051 276 23 305 82
phone 0.0051 91 0 121 37
phone 0.0051 29 0 90 64
phone 0.0051 214 0 244 37
phone 0.0051 245 14 305 62
phone 0.0051 260 353 319 399
phone 0.0051 45 0 105 30
phone 0.0051 60 85 90 144
phone 0.0051 76 54 105 113
phone 0.0051 148 205 178 232
phone 0.0051 184 0 213 37
phone 0.0051 121 100 152 159
phone 0.0051 107 54 136 113
phone 0.0051 95 162 178 253
phone 0.0051 117 146 148 169
phone 0.0051 276 54 305 113
phone 0.0051 245 254 275 314
phone 0.0051 214 14 274 62
phone 0.0051 91 54 121 113
phone 0.0051 275 316 306 375
phone 0.0051 66 320 76 333
phone 0.0050 245 0 274 37
phone 0.0050 88 301 123 359
phone 0.0050 148 190 178 216
phone 0.0050 153 0 182 37
phone 0.0050 119 271 153 327
phone 0.0050 306 285 319 344
phone 0.0050 230 0 259 37
phone 0.0050 214 353 275 399
phone 0.0050 124 142 141 172
phone 0.0050 78 225 95 258
phone 0.0050 168 0 198 37
phone 0.0050 40 154 71 176
