phone 0.8808 142 138 200 248
phone 0.1589 149 134 223 220
phone 0.1494 43 140 163 249
phone 0.0808 109 123 206 229
phone 0.0680 147 123 196 199
phone 0.0645 0 66 226 268
phone 0.0586 42 73 163 215
phone 0.0536 76 208 186 399
phone 0.0474 135 169 239 275
phone 0.0461 159 73 266 214
phone 0.0453 18 144 245 399
phone 0.0423 123 171 266 345
phone 0.0418 4 188 144 393
phone 0.0399 70 177 199 269
phone 0.0396 163 158 210 225
phone 0.0360 137 51 207 241
phone 0.0348 45 226 174 342
phone 0.0347 74 39 192 186
phone 0.0299 185 156 266 320
phone 0.0293 139 220 248 399
phone 0.0286 66 256 136 382
phone 0.0270 28 143 130 302
phone 0.0269 102 38 266 243
phone 0.0265 162 129 266 260
phone 0.0255 114 139 201 304
phone 0.0248 144 199 176 223
phone 0.0245 152 196 168 226
phone 0.0237 0 128 67 268
phone 0.0236 155 205 165 217
phone 0.0229 0 88 115 250
phone 0.0215 124 260 198 378
phone 0.0209 63 249 156 320
phone 0.0206 105 229 236 340
phone 0.0203 41 262 102 379
phone 0.0197 173 213 266 362
phone 0.0192 37 251 121 317
phone 0.0192 0 186 94 330
phone 0.0178 0 126 180 333
phone 0.0178 157 262 228 376
phone 0.0175 0 63 60 221
phone 0.0173 188 0 266 165
phone 0.0170 140 252 233 317
phone 0.0167 26 41 133 189
phone 0.0161 152 19 248 145
phone 0.0158 55 137 134 217
phone 0.0156 199 91 266 170
phone 0.0156 12 227 116 341
phone 0.0155 188 162 248 253
phone 0.0154 81 267 169 332
phone 0.0151 173 249 261 319
phone 0.0149 181 80 254 150
phone 0.0146 120 50 215 178
phone 0.0141 204 139 262 245
phone 0.0138 158 231 246 307
phone 0.0135 58 1 155 159
phone 0.0133 136 141 177 212
phone 0.0125 165 130 208 192
phone 0.0124 148 152 226 323
phone 0.0123 128 268 214 332
phone 0.0122 182 137 253 216
phone 0.0119 97 0 171 120
phone 0.0118 182 107 253 184
phone 0.0118 61 256 97 313
phone 0.0115 159 195 176 226
phone 0.0112 146 166 258 218
phone 0.0111 155 212 165 225
phone 0.0111 23 0 244 210
phone 0.0109 199 176 236 238
phone 0.0107 122 105 190 186
phone 0.0107 200 86 235 144
phone 0.0106 163 205 172 217
phone 0.0105 0 110 66 182
phone 0.0105 161 68 243 131
phone 0.0105 54 88 135 173
phone 0.0105 74 162 114 222
phone 0.0105 210 190 266 256
phone 0.0105 41 180 118 266
phone 0.0104 75 255 114 313
phone 0.0104 215 100 251 160
phone 0.0103 129 0 202 120
phone 0.0102 226 85 266 196
phone 0.0101 92 271 127 328
phone 0.0101 211 129 266 193
phone 0.0101 191 198 221 224
phone 0.0100 206 220 266 287
phone 0.0100 0 157 52 227
phone 0.0099 42 152 116 232
phone 0.0099 0 195 37 311
phone 0.0099 16 77 81 153
phone 0.0099 195 62 266 137
phone 0.0098 104 285 178 345
phone 0.0098 0 220 52 286
phone 0.0097 83 158 167 226
phone 0.0097 24 269 104 329
phone 0.0096 237 299 266 323
phone 0.0096 107 271 143 328
phone 0.0096 73 285 147 344
phone 0.0095 0 189 52 256
phone 0.0095 213 269 266 330
phone 0.0095 244 296 261 326
phone 0.0094 165 190 240 256
phone 0.0093 187 263 256 376
phone 0.0093 144 195 161 227
phone 0.0092 217 0 266 110
phone 0.0091 168 256 205 312
phone 0.0091 10 236 87 301
phone 0.0091 123 272 158 327
phone 0.0090 197 194 215 228
phone 0.0090 163 100 241 160
phone 0.0090 0 255 71 313
phone 0.0090 235 174 266 286
phone 0.0090 47 256 80 312
phone 0.0090 150 104 223 187
phone 0.0089 183 256 221 312
phone 0.0089 191 183 221 208
phone 0.0088 16 116 50 175
phone 0.0088 245 144 266 270
phone 0.0088 227 256 266 313
phone 0.0087 64 0 125 114
phone 0.0087 246 67 266 193
phone 0.0087 142 88 201 173
phone 0.0087 138 272 173 327
phone 0.0086 250 193 266 252
phone 0.0086 151 285 223 344
phone 0.0086 247 305 257 317
phone 0.0086 69 119 150 204
phone 0.0086 31 58 96 141
phone 0.0085 213 175 253 239
phone 0.0085 147 205 157 217
phone 0.0084 250 85 266 144
phone 0.0084 250 223 266 284
phone 0.0084 198 256 236 313
phone 0.0084 159 180 176 211
phone 0.0084 3 0 84 178
phone 0.0084 250 162 266 221
phone 0.0084 152 183 183 208
phone 0.0083 152 256 190 312
phone 0.0083 0 180 17 294
phone 0.0083 31 85 65 144
phone 0.0083 97 135 184 187
phone 0.0083 24 112 103 179
phone 0.0083 0 133 35 250
phone 0.0083 250 116 266 175
phone 0.0082 224 73 266 126
phone 0.0082 0 199 18 246
phone 0.0081 183 286 252 344
phone 0.0081 44 286 114 343
phone 0.0081 176 197 206 224
phone 0.0081 265 89 266 141
phone 0.0081 265 165 266 218
phone 0.0080 231 117 265 174
phone 0.0080 262 145 266 269
phone 0.0080 265 150 266 203
phone 0.0080 265 104 266 157
phone 0.0080 1 208 34 267
phone 0.0080 262 53 266 176
phone 0.0080 32 270 65 328
phone 0.0080 39 76 119 154
phone 0.0080 201 205 211 217
phone 0.0080 263 194 266 251
phone 0.0080 152 167 183 193
phone 0.0080 160 304 175 334
phone 0.0080 199 115 235 176
phone 0.0080 159 164 176 196
phone 0.0080 0 237 69 361
phone 0.0079 245 205 266 332
phone 0.0079 0 230 19 277
phone 0.0079 1 240 34 297
phone 0.0079 152 304 168 334
phone 0.0079 265 119 266 172
phone 0.0079 167 304 183 334
phone 0.0079 262 99 266 223
phone 0.0079 197 179 215 213
phone 0.0079 264 163 266 220
phone 0.0079 185 72 219 127
phone 0.0079 173 0 233 128
phone 0.0079 152 307 184 331
phone 0.0079 199 146 236 207
phone 0.0078 0 208 2 268
phone 0.0078 242 20 266 133
phone 0.0078 264 101 266 159
phone 0.0078 79 24 111 82
phone 0.0078 191 167 221 193
phone 0.0077 263 224 266 282
phone 0.0077 9 129 87 194
phone 0.0077 144 303 160 334
phone 0.0077 148 85 226 145
phone 0.0077 184 194 219 250
phone 0.0077 131 68 212 131
phone 0.0077 264 132 266 190
phone 0.0077 136 307 168 331
phone 0.0076 230 179 266 235
phone 0.0076 168 144 198 170
phone 0.0076 136 303 153 334
phone 0.0076 148 50 226 119
phone 0.0076 224 234 266 364
phone 0.0076 182 194 199 228
phone 0.0076 222 150 266 203
phone 0.0076 265 74 266 125
phone 0.0076 180 43 254 125
phone 0.0075 0 177 2 237
phone 0.0075 1 131 34 190
phone 0.0075 155 286 188 343
phone 0.0075 98 303 114 334
phone 0.0075 106 303 122 334
phone 0.0075 113 303 130 334
phone 0.0075 232 24 265 82
phone 0.0075 263 190 266 316
phone 0.0075 27 213 100 294
phone 0.0075 98 306 130 331
phone 0.0074 233 285 264 345
phone 0.0074 163 312 172 325
phone 0.0074 48 29 111 78
phone 0.0074 170 312 180 325
phone 0.0074 129 303 145 334
phone 0.0074 156 195 218 281
phone 0.0074 11 204 86 272
phone 0.0074 41 122 117 200
phone 0.0074 121 303 137 334
phone 0.0074 9 161 88 223
phone 0.0074 121 306 153 331
phone 0.0074 26 171 101 243
phone 0.0074 163 189 172 202
phone 0.0073 155 312 165 325
phone 0.0073 163 182 172 194
phone 0.0073 0 174 70 240
phone 0.0073 155 0 219 96
phone 0.0073 201 197 211 210
phone 0.0073 259 59 266 224
phone 0.0073 90 303 106 334
phone 0.0072 214 256 251 312
phone 0.0072 0 168 18 215
phone 0.0072 83 307 114 331
phone 0.0072 152 152 183 178
phone 0.0071 170 286 203 344
phone 0.0071 118 82 195 147
phone 0.0071 147 312 157 325
phone 0.0071 159 148 176 181
phone 0.0071 137 116 175 175
phone 0.0071 94 70 186 130
phone 0.0071 64 24 95 82
phone 0.0071 185 102 219 158
phone 0.0071 264 70 266 128
phone 0.0071 174 140 192 174
phone 0.0071 31 241 65 297
phone 0.0070 205 22 261 85
phone 0.0070 217 285 249 344
phone 0.0070 175 304 191 334
phone 0.0070 187 14 248 62
phone 0.0070 140 312 149 325
phone 0.0070 249 285 266 345
phone 0.0070 230 210 266 266
phone 0.0070 265 60 266 108
phone 0.0069 201 189 211 202
phone 0.0069 163 174 172 186
phone 0.0069 251 255 266 313
phone 0.0069 93 24 127 82
phone 0.0069 167 307 199 331
phone 0.0069 63 285 95 344
phone 0.0069 17 84 49 145
phone 0.0069 137 214 168 239
phone 0.0069 175 195 192 226
phone 0.0069 101 312 111 325
phone 0.0069 109 312 119 325
phone 0.0068 117 312 126 325
phone 0.0068 48 40 111 128
phone 0.0068 0 238 2 298
phone 0.0068 197 163 215 197
phone 0.0068 132 312 142 325
phone 0.0068 248 40 266 97
phone 0.0068 96 102 185 158
phone 0.0068 153 100 189 160
phone 0.0068 124 312 134 325
phone 0.0067 246 241 266 296
phone 0.0067 33 42 95 95
phone 0.0067 24 143 103 210
phone 0.0067 183 166 220 218
phone 0.0067 246 253 266 376
phone 0.0067 153 244 182 270
phone 0.0067 265 259 266 309
phone 0.0067 94 312 103 325
phone 0.0066 178 312 188 325
phone 0.0066 141 14 202 62
phone 0.0066 201 182 211 194
phone 0.0066 261 223 266 345
phone 0.0066 186 9 218 67
phone 0.0066 45 70 82 128
phone 0.0065 0 105 49 155
phone 0.0065 247 72 266 127
phone 0.0065 0 244 33 354
phone 0.0065 202 8 234 67
phone 0.0065 183 304 198 334
phone 0.0065 163 166 173 179
phone 0.0065 48 285 79 345
phone 0.0065 53 205 135 302
phone 0.0065 0 119 18 233
phone 0.0065 48 39 80 98
phone 0.0065 81 112 169 180
phone 0.0064 0 276 32 322
phone 0.0064 171 9 203 67
phone 0.0064 112 24 170 83
phone 0.0064 31 117 65 174
phone 0.0064 144 210 161 243
phone 0.0064 163 197 172 209
phone 0.0064 18 269 48 329
phone 0.0064 212 207 254 268
phone 0.0064 264 255 266 313
phone 0.0064 137 244 167 270
phone 0.0064 186 205 196 217
phone 0.0064 247 103 266 157
phone 0.0064 56 57 133 143
phone 0.0064 0 269 17 329
phone 0.0063 95 14 156 62
phone 0.0063 156 8 187 67
phone 0.0063 170 72 203 127
phone 0.0063 191 304 206 334
phone 0.0063 122 197 152 225
phone 0.0063 0 73 33 187
phone 0.0062 83 303 99 334
phone 0.0062 89 162 130 221
phone 0.0062 18 57 79 111
phone 0.0062 186 312 196 325
phone 0.0062 141 8 172 67
phone 0.0062 59 177 99 237
phone 0.0062 229 296 245 326
phone 0.0062 0 75 49 123
phone 0.0062 182 307 215 330
phone 0.0062 265 275 266 324
phone 0.0062 264 367 266 399
phone 0.0062 263 332 266 399
phone 0.0062 123 134 157 188
phone 0.0062 0 147 2 205
phone 0.0062 111 306 170 354
phone 0.0062 64 14 125 62
phone 0.0061 106 164 143 220
phone 0.0061 159 240 176 274
phone 0.0061 149 186 194 259
phone 0.0061 221 299 253 323
phone 0.0061 163 159 173 171
phone 0.0061 0 137 18 185
phone 0.0061 0 42 49 156
phone 0.0061 125 8 157 67
phone 0.0061 34 39 64 98
phone 0.0061 46 118 81 173
phone 0.0061 116 49 196 119
phone 0.0061 246 134 266 188
phone 0.0060 16 240 50 297
phone 0.0060 110 8 141 67
phone 0.0060 18 29 79 77
phone 0.0060 0 76 17 123
phone 0.0060 217 8 249 67
phone 0.0060 194 312 203 325
phone 0.0060 0 100 18 159
phone 0.0060 0 332 19 399
phone 0.0060 218 367 266 399
phone 0.0060 0 367 18 399
phone 0.0060 198 304 214 334
phone 0.0060 18 289 79 340
phone 0.0060 202 332 265 399
phone 0.0060 201 174 211 186
phone 0.0060 0 332 3 399
phone 0.0059 0 367 2 399
phone 0.0059 264 285 266 345
phone 0.0059 0 26 18 141
phone 0.0059 178 151 188 163
phone 0.0059 0 75 2 123
phone 0.0059 178 205 188 217
phone 0.0059 191 144 221 170
phone 0.0059 232 305 242 317
phone 0.0059 142 306 201 354
phone 0.0059 249 367 266 399
phone 0.0059 96 322 154 369
phone 0.0059 0 60 32 108
phone 0.0059 95 287 156 399
phone 0.0059 144 240 161 274
phone 0.0059 187 367 248 399
phone 0.0059 3 45 64 93
phone 0.0059 163 151 172 163
phone 0.0059 151 240 169 274
phone 0.0058 265 307 266 354
phone 0.0058 0 91 33 139
phone 0.0058 147 220 157 233
phone 0.0058 0 42 3 156
phone 0.0058 18 54 48 113
phone 0.0058 0 332 50 399
phone 0.0058 81 306 139 355
phone 0.0058 16 148 50 205
phone 0.0058 0 116 2 175
phone 0.0058 122 182 152 209
phone 0.0058 171 332 234 399
phone 0.0058 111 316 140 375
phone 0.0058 31 194 65 250
phone 0.0058 0 45 17 93
phone 0.0058 154 72 188 127
phone 0.0058 16 178 50 236
phone 0.0058 128 194 146 228
phone 0.0058 126 316 156 375
phone 0.0058 0 45 2 93
phone 0.0058 31 148 65 204
phone 0.0058 0 29 32 77
phone 0.0058 86 312 95 325
phone 0.0058 201 312 211 325
phone 0.0058 263 274 266 386
phone 0.0058 265 291 266 339
phone 0.0058 0 11 34 126
phone 0.0058 156 367 218 399
phone 0.0058 147 212 157 225
phone 0.0058 3 367 64 399
phone 0.0057 204 306 262 354
phone 0.0057 66 322 123 369
phone 0.0057 34 14 94 62
phone 0.0057 140 332 204 399
phone 0.0057 0 292 48 338
phone 0.0057 95 316 125 375
phone 0.0057 127 322 185 369
phone 0.0057 17 332 80 399
phone 0.0057 80 316 110 375
phone 0.0057 126 367 187 399
phone 0.0057 0 337 2 385
phone 0.0057 0 0 3 95
phone 0.0057 237 296 252 326
phone 0.0057 202 363 233 399
phone 0.0057 168 190 198 216
phone 0.0057 110 332 173 399
phone 0.0057 152 136 183 163
phone 0.0057 169 102 204 159
phone 0.0057 33 367 95 399
phone 0.0057 2 363 34 399
phone 0.0057 0 88 3 203
phone 0.0057 19 0 78 30
phone 0.0057 141 316 171 375
phone 0.0057 48 332 111 399
phone 0.0056 95 367 156 399
phone 0.0056 187 363 218 399
phone 0.0056 79 332 142 399
phone 0.0056 64 367 125 399
phone 0.0056 0 0 47 30
phone 0.0056 0 0 50 95
phone 0.0056 139 87 173 143
phone 0.0056 168 244 198 270
phone 0.0056 0 303 34 399
phone 0.0056 171 363 203 399
phone 0.0056 16 209 50 266
phone 0.0056 17 363 49 399
phone 0.0056 18 23 48 82
phone 0.0056 156 363 187 399
phone 0.0056 247 297 257 309
phone 0.0056 50 0 109 30
phone 0.0056 33 363 64 399
phone 0.0056 141 363 172 399
phone 0.0056 0 0 1 30
phone 0.0055 206 304 221 334
phone 0.0055 172 0 233 46
phone 0.0055 251 56 266 112
phone 0.0055 178 143 188 155
phone 0.0055 240 305 249 317
phone 0.0055 0 322 17 370
phone 0.0055 125 363 157 399
phone 0.0055 46 179 81 235
phone 0.0055 48 363 80 399
phone 0.0055 0 306 2 354
phone 0.0055 64 363 95 399
phone 0.0055 110 363 141 399
phone 0.0055 183 98 214 124
phone 0.0055 79 363 110 399
phone 0.0055 168 208 205 267
phone 0.0055 198 307 230 330
phone 0.0055 203 0 263 46
phone 0.0055 94 363 126 399
phone 0.0055 157 316 187 375
phone 0.0055 74 131 115 191
phone 0.0054 34 0 63 37
phone 0.0054 0 273 3 387
phone 0.0054 126 0 186 46
phone 0.0054 159 133 176 166
phone 0.0054 144 175 176 201
phone 0.0054 265 337 266 385
phone 0.0054 49 0 79 37
phone 0.0054 3 14 63 62
phone 0.0054 48 8 80 67
phone 0.0054 0 0 17 30
phone 0.0054 61 148 97 205
phone 0.0054 133 171 179 243
phone 0.0054 64 316 94 375
phone 0.0054 190 95 207 127
phone 0.0054 79 0 141 64
phone 0.0054 264 0 266 64
phone 0.0054 209 312 219 325
phone 0.0054 265 0 266 30
phone 0.0054 128 178 146 213
phone 0.0054 249 322 266 369
phone 0.0053 188 0 247 30
phone 0.0053 80 80 171 151
phone 0.0053 75 304 91 334
phone 0.0053 34 331 64 390
phone 0.0053 265 30 266 191
phone 0.0053 233 353 266 399
phone 0.0053 80 28 140 109
phone 0.0053 65 0 94 37
phone 0.0053 156 304 219 399
phone 0.0053 233 0 264 51
phone 0.0053 250 0 266 30
phone 0.0053 110 0 172 64
phone 0.0053 96 0 155 30
phone 0.0053 121 198 191 278
phone 0.0053 218 346 248 399
phone 0.0053 188 337 247 385
phone 0.0053 67 307 99 331
phone 0.0053 34 337 94 385
phone 0.0053 248 0 266 64
phone 0.0053 114 244 144 270
phone 0.0052 173 306 231 354
phone 0.0052 201 212 211 225
phone 0.0052 172 316 202 375
phone 0.0052 157 0 217 30
phone 0.0052 0 276 2 323
phone 0.0052 0 165 3 279
phone 0.0052 163 251 173 263
phone 0.0052 80 0 109 37
phone 0.0052 60 102 98 158
phone 0.0052 167 240 184 274
phone 0.0052 174 240 192 274
phone 0.0052 0 14 1 62
phone 0.0052 197 140 215 174
phone 0.0052 152 171 168 204
phone 0.0052 33 8 64 67
phone 0.0052 74 101 115 160
phone 0.0052 153 40 189 97
phone 0.0052 265 45 266 93
phone 0.0052 264 316 266 374
phone 0.0051 168 39 205 97
phone 0.0051 102 194 179 252
phone 0.0051 96 0 125 37
phone 0.0051 60 54 98 113
phone 0.0051 0 211 3 325
phone 0.0051 0 14 17 62
phone 0.0051 46 149 81 204
phone 0.0051 49 331 79 390
phone 0.0051 202 331 233 390
phone 0.0051 34 300 64 360
phone 0.0051 203 0 233 37
phone 0.0051 214 304 229 334
phone 0.0051 262 11 266 126
phone 0.0051 45 209 82 267
phone 0.0050 111 0 140 37
phone 0.0050 187 331 218 390
phone 0.0050 123 103 158 157
phone 0.0050 175 298 206 323
phone 0.0050 78 312 88 325
phone 0.0050 206 299 237 323
