phone 0.7010 70 177 182 236
phone 0.2052 32 164 162 244
phone 0.1912 119 172 164 242
phone 0.1271 95 156 188 288
phone 0.0843 6 149 113 253
phone 0.0748 72 120 176 243
phone 0.0731 98 186 256 393
phone 0.0727 93 164 253 242
phone 0.0630 0 110 278 294
phone 0.0481 93 177 129 237
phone 0.0458 57 211 178 399
phone 0.0323 111 146 299 261
phone 0.0310 0 202 119 390
phone 0.0305 38 220 137 367
phone 0.0286 106 253 189 385
phone 0.0260 138 257 214 379
phone 0.0259 22 259 94 383
phone 0.0256 12 155 226 399
phone 0.0244 0 168 75 288
phone 0.0243 111 121 239 235
phone 0.0238 0 97 73 249
phone 0.0228 154 227 259 351
phone 0.0212 119 151 226 325
phone 0.0185 99 68 197 226
phone 0.0177 183 112 299 232
phone 0.0175 180 173 299 289
phone 0.0159 66 192 157 254
phone 0.0155 41 67 142 225
phone 0.0153 105 188 148 257
phone 0.0152 112 241 232 358
phone 0.0140 97 268 186 332
phone 0.0137 135 177 179 238
phone 0.0134 0 142 36 257
phone 0.0133 13 74 104 216
phone 0.0133 0 51 164 287
phone 0.0131 86 189 197 348
phone 0.0131 102 160 150 224
phone 0.0128 175 203 299 384
phone 0.0125 0 227 67 359
phone 0.0117 54 268 137 331
phone 0.0114 0 207 29 318
phone 0.0114 201 42 288 172
phone 0.0112 25 252 104 317
phone 0.0111 201 235 278 347
phone 0.0110 79 180 112 234
phone 0.0109 153 113 253 270
phone 0.0107 84 284 168 346
phone 0.0106 24 160 136 285
phone 0.0106 0 46 69 183
phone 0.0106 142 250 233 319
phone 0.0105 16 181 159 340
phone 0.0103 230 75 299 201
phone 0.0102 0 157 47 311
phone 0.0100 56 307 119 397
phone 0.0099 0 143 53 209
phone 0.0098 0 252 70 316
phone 0.0097 128 227 217 311
phone 0.0096 184 269 254 330
phone 0.0096 0 107 0 232
phone 0.0095 173 265 241 375
phone 0.0095 40 284 120 346
phone 0.0094 0 176 54 238
phone 0.0094 13 233 86 305
phone 0.0092 150 284 226 346
phone 0.0092 161 78 246 213
phone 0.0092 3 81 65 148
phone 0.0091 13 286 87 343
phone 0.0089 105 300 179 360
phone 0.0089 231 143 299 254
phone 0.0089 13 139 86 214
phone 0.0088 85 307 149 397
phone 0.0086 74 300 149 360
phone 0.0086 0 45 1 168
phone 0.0085 0 209 54 267
phone 0.0084 46 114 76 139
phone 0.0083 63 272 97 327
phone 0.0083 52 111 70 142
phone 0.0083 123 272 160 327
phone 0.0082 0 242 54 295
phone 0.0082 48 271 81 327
phone 0.0082 0 78 35 199
phone 0.0081 13 188 86 257
phone 0.0081 17 255 50 313
phone 0.0081 108 272 144 327
phone 0.0080 17 101 51 159
phone 0.0080 202 271 235 328
phone 0.0080 78 272 113 327
phone 0.0079 122 57 299 234
phone 0.0079 33 256 66 312
phone 0.0079 32 164 66 220
phone 0.0079 30 303 100 358
phone 0.0079 187 286 220 343
phone 0.0079 0 122 34 170
phone 0.0078 139 301 207 359
phone 0.0078 94 287 128 343
phone 0.0077 181 159 256 225
phone 0.0077 0 115 19 175
phone 0.0077 138 272 175 327
phone 0.0077 18 69 51 129
phone 0.0076 33 285 66 344
phone 0.0076 122 319 138 349
phone 0.0074 114 322 146 346
phone 0.0074 167 127 239 195
phone 0.0074 201 209 267 266
phone 0.0074 0 60 50 108
phone 0.0074 0 184 20 230
phone 0.0074 0 26 50 141
phone 0.0074 154 272 190 327
phone 0.0073 0 153 20 200
phone 0.0073 125 301 158 359
phone 0.0073 177 238 260 300
phone 0.0073 0 275 51 324
phone 0.0073 97 320 156 371
phone 0.0073 251 137 299 185
phone 0.0072 171 287 205 343
phone 0.0072 56 120 66 133
phone 0.0072 3 69 35 129
phone 0.0072 130 319 146 349
phone 0.0072 0 177 3 237
phone 0.0072 115 319 131 350
phone 0.0072 0 166 19 278
phone 0.0072 3 224 34 283
phone 0.0071 175 305 232 355
phone 0.0071 146 1 225 156
phone 0.0071 32 93 97 168
phone 0.0071 65 320 126 371
phone 0.0071 0 147 3 206
phone 0.0071 66 9 180 213
phone 0.0071 3 254 34 314
phone 0.0071 110 302 143 359
phone 0.0070 126 328 135 340
phone 0.0070 79 301 112 359
phone 0.0070 64 301 97 359
phone 0.0070 83 247 169 322
phone 0.0069 115 0 195 161
phone 0.0069 19 285 50 345
phone 0.0069 176 7 258 151
phone 0.0069 111 30 173 77
phone 0.0069 27 215 102 292
phone 0.0069 0 85 19 144
phone 0.0068 0 17 5 133
phone 0.0068 96 91 157 139
phone 0.0068 95 57 159 172
phone 0.0068 45 112 62 141
phone 0.0068 204 255 265 313
phone 0.0068 219 270 249 328
phone 0.0068 161 198 191 224
phone 0.0068 49 301 81 360
phone 0.0068 265 116 296 174
phone 0.0068 47 180 82 235
phone 0.0068 45 106 115 185
phone 0.0067 133 328 143 341
phone 0.0067 138 319 153 349
phone 0.0067 111 85 142 144
phone 0.0067 95 0 158 110
phone 0.0066 118 328 127 340
phone 0.0066 127 45 187 92
phone 0.0066 55 0 134 164
phone 0.0066 0 238 19 298
phone 0.0066 0 87 17 256
phone 0.0066 177 190 260 255
phone 0.0066 49 120 58 133
phone 0.0066 250 106 299 154
phone 0.0066 143 61 202 108
phone 0.0066 0 116 3 175
phone 0.0066 96 315 126 376
phone 0.0066 18 23 82 144
phone 0.0065 111 61 172 107
phone 0.0065 130 322 162 346
phone 0.0065 0 215 19 261
phone 0.0065 127 24 157 82
phone 0.0065 202 179 266 235
phone 0.0065 95 45 158 92
phone 0.0065 16 104 83 187
phone 0.0065 0 275 49 385
phone 0.0065 63 180 97 234
phone 0.0065 20 59 79 110
phone 0.0064 192 303 207 334
phone 0.0064 146 319 161 349
phone 0.0064 112 23 142 82
phone 0.0064 34 45 96 92
phone 0.0064 0 25 9 191
phone 0.0064 0 166 36 217
phone 0.0064 35 71 95 128
phone 0.0064 183 307 216 331
phone 0.0064 32 194 66 251
phone 0.0064 0 269 19 329
phone 0.0064 296 367 299 399
phone 0.0064 142 91 203 139
phone 0.0064 128 321 186 370
phone 0.0064 176 311 192 342
phone 0.0064 0 307 49 353
phone 0.0063 83 102 139 159
phone 0.0063 141 57 205 172
phone 0.0063 295 332 299 399
phone 0.0063 142 39 173 98
phone 0.0063 184 116 253 175
phone 0.0063 0 0 18 30
phone 0.0063 158 54 188 113
phone 0.0063 0 208 3 267
phone 0.0063 168 315 200 338
phone 0.0063 265 146 296 206
phone 0.0063 127 54 157 113
phone 0.0063 133 188 212 288
phone 0.0063 168 194 185 228
phone 0.0063 157 76 219 123
phone 0.0063 34 55 66 113
phone 0.0063 17 163 51 220
phone 0.0063 4 300 34 360
phone 0.0063 141 328 150 341
phone 0.0062 280 332 299 399
phone 0.0062 16 131 51 190
phone 0.0062 281 367 299 399
phone 0.0062 143 30 203 77
phone 0.0062 0 0 48 30
phone 0.0062 154 110 221 181
phone 0.0062 201 148 236 204
phone 0.0062 107 318 123 350
phone 0.0062 4 30 65 77
phone 0.0062 217 226 251 281
phone 0.0062 48 86 82 144
phone 0.0062 188 45 250 92
phone 0.0061 157 86 188 143
phone 0.0061 0 0 2 30
phone 0.0061 195 312 204 325
phone 0.0061 203 288 266 399
phone 0.0061 0 0 34 64
phone 0.0061 217 195 250 250
phone 0.0061 250 76 299 123
phone 0.0061 0 332 35 399
phone 0.0061 99 322 131 346
phone 0.0061 50 39 80 97
phone 0.0061 3 0 66 110
phone 0.0061 204 300 234 360
phone 0.0061 0 367 19 399
phone 0.0061 0 0 3 64
phone 0.0061 198 80 271 210
phone 0.0061 149 328 158 341
phone 0.0061 66 45 126 93
phone 0.0061 33 332 97 399
phone 0.0060 81 30 142 77
phone 0.0060 0 198 36 247
phone 0.0060 205 322 264 369
phone 0.0060 4 323 64 368
phone 0.0060 249 42 299 156
phone 0.0060 179 320 189 333
phone 0.0060 153 319 169 349
phone 0.0060 126 85 157 144
phone 0.0060 159 322 217 369
phone 0.0060 161 319 176 349
phone 0.0060 169 257 206 312
phone 0.0060 206 292 239 315
phone 0.0060 19 316 49 375
phone 0.0060 250 168 299 215
phone 0.0060 111 54 142 113
phone 0.0060 174 337 233 385
phone 0.0060 215 288 230 318
phone 0.0060 265 85 296 144
phone 0.0060 128 76 187 123
phone 0.0059 158 24 188 82
phone 0.0059 173 70 203 128
phone 0.0059 0 367 49 399
phone 0.0059 186 132 220 189
phone 0.0059 153 323 185 346
phone 0.0059 17 224 51 282
phone 0.0059 206 290 262 340
phone 0.0059 0 363 4 399
phone 0.0059 33 0 97 110
phone 0.0059 20 0 79 30
phone 0.0059 172 0 235 95
phone 0.0059 96 14 157 62
phone 0.0059 4 39 34 98
phone 0.0059 158 45 218 92
phone 0.0059 221 207 254 230
phone 0.0059 41 229 119 309
phone 0.0059 50 331 80 391
phone 0.0059 19 23 49 82
phone 0.0059 20 0 49 37
phone 0.0059 19 367 80 399
phone 0.0059 42 204 118 272
phone 0.0059 187 332 251 399
phone 0.0059 76 190 107 216
phone 0.0058 204 39 234 98
phone 0.0058 32 224 67 282
phone 0.0058 220 306 279 354
phone 0.0058 204 367 265 399
phone 0.0058 173 367 234 399
phone 0.0058 81 39 111 98
phone 0.0058 218 332 282 399
phone 0.0058 164 328 174 340
phone 0.0058 234 367 296 399
phone 0.0058 119 5 246 215
phone 0.0058 218 297 227 310
phone 0.0058 249 332 299 399
phone 0.0058 127 14 187 62
phone 0.0058 0 337 18 385
phone 0.0058 142 86 173 143
phone 0.0058 143 315 172 376
phone 0.0058 173 23 203 82
phone 0.0058 233 212 243 225
phone 0.0058 96 24 126 82
phone 0.0058 97 0 156 30
phone 0.0058 266 60 299 108
phone 0.0058 221 223 254 245
phone 0.0058 266 0 299 30
phone 0.0057 219 316 249 375
phone 0.0057 185 257 221 311
phone 0.0057 230 204 246 234
phone 0.0057 157 332 220 399
phone 0.0057 156 328 166 341
phone 0.0057 188 70 219 128
phone 0.0057 172 60 235 108
phone 0.0057 17 193 51 251
phone 0.0057 0 60 19 108
phone 0.0057 83 187 100 220
phone 0.0057 110 328 120 340
phone 0.0057 34 362 65 399
phone 0.0057 14 107 47 130
phone 0.0057 203 363 235 399
phone 0.0057 236 214 294 262
phone 0.0057 188 363 219 399
phone 0.0057 188 331 219 390
phone 0.0057 219 363 250 399
phone 0.0057 22 103 38 134
phone 0.0057 49 362 81 399
phone 0.0057 233 220 243 233
phone 0.0057 35 0 64 37
phone 0.0057 80 0 142 64
phone 0.0057 148 139 227 215
phone 0.0057 230 219 246 249
phone 0.0057 234 363 265 399
phone 0.0056 235 291 295 338
phone 0.0056 249 363 281 399
phone 0.0056 249 0 299 64
phone 0.0056 250 29 299 77
phone 0.0056 265 363 296 399
phone 0.0056 281 76 299 123
phone 0.0056 266 260 299 308
phone 0.0056 221 274 278 324
phone 0.0056 66 0 125 30
phone 0.0056 233 228 243 240
phone 0.0056 50 367 111 399
phone 0.0056 35 14 95 62
phone 0.0056 189 23 219 83
phone 0.0056 0 0 20 95
phone 0.0056 204 331 234 390
phone 0.0056 96 85 127 143
phone 0.0056 111 0 173 64
phone 0.0056 174 315 203 376
phone 0.0056 266 199 299 246
phone 0.0056 77 236 107 263
phone 0.0056 265 11 299 125
phone 0.0056 204 129 264 192
phone 0.0056 172 363 204 399
phone 0.0056 0 288 19 399
phone 0.0056 35 24 65 82
phone 0.0056 281 116 299 175
phone 0.0056 266 229 299 277
phone 0.0056 280 0 299 64
phone 0.0056 235 300 265 359
phone 0.0056 234 258 296 371
phone 0.0056 281 153 299 200
phone 0.0056 184 311 199 341
phone 0.0056 265 227 299 341
phone 0.0056 280 42 299 156
phone 0.0056 46 241 83 297
phone 0.0055 50 0 111 64
phone 0.0055 281 45 299 93
phone 0.0055 204 30 265 77
phone 0.0055 265 165 299 279
phone 0.0055 221 253 254 276
phone 0.0055 200 304 215 334
phone 0.0055 0 85 3 144
phone 0.0055 112 0 141 37
phone 0.0055 207 296 223 326
phone 0.0055 66 14 126 62
phone 0.0055 199 299 231 323
phone 0.0055 0 331 3 390
phone 0.0055 158 14 218 62
phone 0.0055 236 183 294 231
phone 0.0055 281 183 299 231
phone 0.0055 202 312 212 325
phone 0.0055 187 320 197 333
phone 0.0055 250 276 299 323
phone 0.0055 0 239 3 298
phone 0.0055 142 367 203 399
phone 0.0055 296 0 299 64
phone 0.0055 97 0 126 37
phone 0.0055 280 119 299 233
phone 0.0055 51 0 80 37
phone 0.0055 64 86 96 143
phone 0.0055 230 250 246 280
phone 0.0055 0 306 18 354
phone 0.0055 113 337 171 384
phone 0.0055 142 8 173 67
phone 0.0055 128 0 187 30
phone 0.0055 203 0 266 110
phone 0.0055 25 112 35 125
phone 0.0055 297 0 299 30
phone 0.0054 250 193 280 251
phone 0.0054 281 245 299 293
phone 0.0054 281 276 299 323
phone 0.0054 0 54 3 113
phone 0.0054 232 195 298 311
phone 0.0054 75 69 108 92
phone 0.0054 84 65 99 95
phone 0.0054 19 305 80 399
phone 0.0054 281 214 299 262
phone 0.0054 250 306 299 354
phone 0.0054 158 0 218 30
phone 0.0054 128 0 157 37
phone 0.0054 40 136 120 217
phone 0.0054 100 151 130 178
phone 0.0054 126 332 189 399
phone 0.0054 82 337 140 384
phone 0.0054 87 74 97 87
phone 0.0054 235 322 295 369
phone 0.0054 296 69 299 129
phone 0.0054 222 197 277 248
phone 0.0054 0 30 3 77
phone 0.0054 174 99 233 162
phone 0.0054 235 269 265 329
phone 0.0054 81 0 111 37
phone 0.0054 280 211 299 325
phone 0.0054 236 245 294 293
phone 0.0054 82 76 141 123
phone 0.0054 158 315 188 376
phone 0.0054 66 0 95 37
phone 0.0054 64 362 96 399
phone 0.0054 265 303 299 399
phone 0.0054 250 285 280 344
phone 0.0054 50 30 111 77
phone 0.0053 157 363 189 399
phone 0.0053 210 305 220 317
phone 0.0053 281 306 299 354
phone 0.0053 233 259 243 271
phone 0.0053 172 205 181 217
phone 0.0053 235 331 265 390
phone 0.0053 97 353 156 399
phone 0.0053 280 257 299 372
phone 0.0053 296 146 299 206
phone 0.0053 235 193 265 252
phone 0.0053 201 242 236 296
phone 0.0053 296 116 299 175
phone 0.0053 127 331 157 391
phone 0.0053 35 331 65 391
phone 0.0053 296 39 299 98
phone 0.0053 0 203 12 386
phone 0.0053 235 45 295 93
phone 0.0053 78 42 144 156
phone 0.0053 50 8 81 67
phone 0.0053 31 101 67 159
phone 0.0053 250 224 280 282
phone 0.0053 19 346 50 399
phone 0.0053 233 266 243 279
phone 0.0053 142 0 203 64
phone 0.0053 233 0 297 110
phone 0.0053 250 54 280 113
phone 0.0053 296 177 299 236
phone 0.0053 112 331 141 391
phone 0.0053 207 38 238 61
phone 0.0053 219 24 250 82
phone 0.0053 221 227 277 279
phone 0.0052 80 8 111 67
phone 0.0052 0 300 3 360
phone 0.0052 296 254 299 313
phone 0.0052 233 235 243 248
phone 0.0052 170 117 205 174
phone 0.0052 143 0 172 37
phone 0.0052 108 244 137 270
phone 0.0052 266 285 296 344
phone 0.0052 51 338 109 384
phone 0.0052 296 337 299 385
phone 0.0052 160 194 178 228
phone 0.0052 296 208 299 267
phone 0.0052 158 216 248 291
phone 0.0052 174 0 203 37
phone 0.0052 214 284 247 307
phone 0.0052 169 319 184 349
phone 0.0052 172 328 181 341
phone 0.0052 296 285 299 344
phone 0.0052 233 205 243 217
phone 0.0052 189 14 249 62
phone 0.0052 0 269 3 329
phone 0.0051 83 232 101 267
phone 0.0051 65 8 96 67
phone 0.0051 250 316 280 374
phone 0.0051 184 167 215 193
phone 0.0051 214 176 247 199
phone 0.0051 81 367 142 399
phone 0.0051 218 43 227 56
phone 0.0051 111 367 172 399
phone 0.0051 223 281 238 311
phone 0.0051 0 289 4 399
phone 0.0051 225 289 235 302
phone 0.0051 113 103 171 158
phone 0.0051 142 363 173 399
phone 0.0051 250 254 280 313
phone 0.0051 158 0 187 37
phone 0.0051 106 148 124 182
phone 0.0051 96 54 127 113
phone 0.0051 46 69 76 92
phone 0.0051 223 173 238 203
phone 0.0051 0 105 4 216
phone 0.0051 0 58 4 171
phone 0.0051 205 102 263 159
phone 0.0050 188 0 219 51
phone 0.0050 66 331 95 391
phone 0.0050 80 362 112 399
phone 0.0050 68 96 124 165
phone 0.0050 251 0 280 37
phone 0.0050 295 43 299 156
phone 0.0050 96 346 127 399
phone 0.0050 295 242 299 356
