phone 0.9142 181 76 242 190
phone 0.1298 190 60 254 162
phone 0.0793 127 77 233 192
phone 0.0481 80 31 199 181
phone 0.0462 197 121 317 257
phone 0.0439 188 102 257 212
phone 0.0421 69 96 161 246
phone 0.0418 108 8 236 149
phone 0.0355 100 24 306 240
phone 0.0350 180 0 265 190
phone 0.0348 176 54 330 212
phone 0.0300 128 3 392 207
phone 0.0300 110 122 227 257
phone 0.0262 95 84 195 228
phone 0.0256 226 37 351 182
phone 0.0244 94 116 166 197
phone 0.0234 98 158 193 266
phone 0.0224 151 78 233 142
phone 0.0211 124 184 198 251
phone 0.0209 107 59 184 131
phone 0.0202 220 88 354 237
phone 0.0199 78 132 151 211
phone 0.0197 189 151 273 266
phone 0.0196 41 0 237 210
phone 0.0187 263 130 381 262
phone 0.0178 125 73 196 148
phone 0.0171 203 13 326 147
phone 0.0171 186 84 289 168
phone 0.0166 83 0 177 138
phone 0.0163 198 121 246 191
phone 0.0159 142 106 267 264
phone 0.0158 173 92 211 158
phone 0.0155 94 71 166 149
phone 0.0153 248 160 335 266
phone 0.0146 27 63 136 207
phone 0.0144 143 189 178 246
phone 0.0140 124 106 197 176
phone 0.0140 59 27 141 161
phone 0.0139 145 170 238 266
phone 0.0139 122 45 199 113
phone 0.0138 128 189 163 247
phone 0.0136 195 113 212 145
phone 0.0136 359 183 399 266
phone 0.0136 187 116 219 142
phone 0.0134 140 65 213 124
phone 0.0133 93 184 168 251
phone 0.0133 226 252 242 266
phone 0.0132 93 44 168 115
phone 0.0132 218 256 250 266
phone 0.0131 238 91 299 191
phone 0.0131 110 126 150 187
phone 0.0128 125 135 197 208
phone 0.0128 234 117 265 142
phone 0.0127 130 0 219 102
phone 0.0126 112 173 148 231
phone 0.0126 80 101 150 180
phone 0.0125 195 129 211 160
phone 0.0125 229 261 239 266
phone 0.0124 77 169 153 235
phone 0.0123 187 132 219 157
phone 0.0123 108 84 183 167
phone 0.0123 198 123 208 135
phone 0.0123 127 65 164 124
phone 0.0119 96 157 133 217
phone 0.0118 109 144 182 230
phone 0.0118 202 132 274 211
phone 0.0117 215 117 292 196
phone 0.0117 159 190 193 245
phone 0.0117 226 247 257 266
phone 0.0116 198 138 208 151
phone 0.0115 241 113 258 146
phone 0.0113 195 98 212 130
phone 0.0113 206 184 300 266
phone 0.0113 0 72 63 209
phone 0.0113 187 101 219 126
phone 0.0112 112 65 148 124
phone 0.0111 142 80 179 140
phone 0.0111 312 155 399 266
phone 0.0110 233 243 250 266
phone 0.0110 349 117 399 257
phone 0.0110 39 171 129 266
phone 0.0106 9 89 98 222
phone 0.0105 219 252 234 266
phone 0.0105 159 66 193 123
phone 0.0104 247 92 321 159
phone 0.0103 245 123 254 135
phone 0.0103 198 115 208 128
phone 0.0103 96 126 134 186
phone 0.0103 302 97 399 237
phone 0.0102 182 0 281 110
phone 0.0102 12 141 95 262
phone 0.0101 82 25 147 103
phone 0.0101 198 108 208 120
phone 0.0101 35 93 103 157
phone 0.0100 222 261 231 266
phone 0.0100 53 73 116 147
phone 0.0099 67 45 132 113
phone 0.0099 248 61 387 210
phone 0.0099 248 123 320 189
phone 0.0099 34 5 123 142
phone 0.0099 270 14 360 144
phone 0.0098 0 0 39 0
phone 0.0097 237 254 247 266
phone 0.0097 230 173 308 231
phone 0.0097 0 263 40 266
phone 0.0096 237 261 247 266
phone 0.0096 291 45 371 174
phone 0.0095 358 56 399 194
phone 0.0095 107 29 184 99
phone 0.0095 211 247 242 266
phone 0.0095 143 127 179 185
phone 0.0095 215 61 292 129
phone 0.0094 215 155 292 218
phone 0.0094 82 65 116 123
phone 0.0093 157 131 188 158
phone 0.0093 157 92 188 119
phone 0.0092 79 58 151 131
phone 0.0092 195 247 227 266
phone 0.0092 68 116 131 196
phone 0.0091 142 154 211 219
phone 0.0091 376 217 399 266
phone 0.0091 212 85 241 112
phone 0.0091 0 107 55 174
phone 0.0090 174 205 208 261
phone 0.0090 203 244 219 266
phone 0.0090 246 0 323 119
phone 0.0090 188 85 219 111
phone 0.0089 142 51 179 108
phone 0.0089 202 218 274 266
phone 0.0089 188 155 219 180
phone 0.0088 125 216 197 266
phone 0.0088 358 150 399 223
phone 0.0088 248 61 320 128
phone 0.0087 210 244 227 266
phone 0.0087 234 132 265 157
phone 0.0087 52 96 85 154
phone 0.0086 67 80 101 139
phone 0.0086 195 151 212 184
phone 0.0086 33 188 105 247
phone 0.0086 164 128 181 161
phone 0.0086 164 89 181 123
phone 0.0086 171 186 244 249
phone 0.0086 63 152 136 222
phone 0.0086 245 130 254 143
phone 0.0086 203 256 235 266
phone 0.0085 126 126 165 186
phone 0.0085 111 95 149 155
phone 0.0085 126 229 142 260
phone 0.0085 342 123 399 189
phone 0.0085 195 82 212 115
phone 0.0085 157 216 227 266
phone 0.0085 155 46 229 113
phone 0.0085 218 81 235 115
phone 0.0084 295 201 366 264
phone 0.0084 248 154 320 220
phone 0.0084 232 135 306 208
phone 0.0084 118 233 150 257
phone 0.0084 298 77 362 142
phone 0.0084 20 108 87 173
phone 0.0083 281 94 350 157
phone 0.0082 18 174 89 231
phone 0.0082 187 30 258 97
phone 0.0082 277 65 353 124
phone 0.0082 33 125 105 187
phone 0.0082 214 261 224 266
phone 0.0082 97 34 132 93
phone 0.0082 249 113 266 146
phone 0.0081 277 158 353 215
phone 0.0081 219 142 256 201
phone 0.0081 233 112 272 170
phone 0.0081 47 139 121 204
phone 0.0081 178 30 236 128
phone 0.0081 326 203 397 262
phone 0.0081 206 254 216 266
phone 0.0080 79 219 151 266
phone 0.0080 241 128 258 161
phone 0.0080 61 204 138 262
phone 0.0079 97 5 163 92
phone 0.0079 252 174 285 230
phone 0.0079 199 46 276 112
phone 0.0079 129 238 139 251
phone 0.0079 374 189 399 247
phone 0.0079 3 157 73 216
phone 0.0078 199 146 208 158
phone 0.0078 0 8 59 133
phone 0.0078 267 128 301 184
phone 0.0078 199 161 208 174
phone 0.0078 190 204 224 261
phone 0.0078 265 217 335 266
phone 0.0077 214 254 224 266
phone 0.0077 374 95 399 155
phone 0.0077 295 139 366 204
phone 0.0077 340 169 399 235
phone 0.0077 18 139 89 204
phone 0.0077 175 173 208 231
phone 0.0077 236 41 301 117
phone 0.0077 216 31 290 96
phone 0.0077 50 106 118 175
phone 0.0076 347 223 399 266
phone 0.0076 279 125 351 187
phone 0.0076 261 141 338 202
phone 0.0076 65 89 134 161
phone 0.0076 325 139 397 204
phone 0.0076 249 109 288 172
phone 0.0076 221 204 254 262
phone 0.0076 266 96 301 154
phone 0.0076 33 155 105 218
phone 0.0075 282 183 348 252
phone 0.0075 198 131 208 143
phone 0.0075 235 142 271 200
phone 0.0075 157 108 188 135
phone 0.0075 258 82 341 138
phone 0.0075 267 188 301 246
phone 0.0075 314 66 347 123
phone 0.0075 159 158 193 215
phone 0.0074 97 96 132 154
phone 0.0074 168 138 177 151
phone 0.0074 293 171 368 234
phone 0.0074 115 236 177 266
phone 0.0074 100 0 160 45
phone 0.0073 199 92 208 104
phone 0.0073 346 93 399 158
phone 0.0073 296 107 365 174
phone 0.0073 236 12 301 85
phone 0.0073 144 219 178 266
phone 0.0073 258 112 341 170
phone 0.0073 82 126 117 185
phone 0.0073 205 188 240 247
phone 0.0073 206 261 216 266
phone 0.0073 180 170 211 196
phone 0.0073 245 138 254 151
phone 0.0073 168 100 178 112
phone 0.0073 86 3 145 62
phone 0.0073 0 141 56 202
phone 0.0072 256 4 312 62
phone 0.0072 252 123 262 135
phone 0.0072 20 56 197 266
phone 0.0072 236 205 270 261
phone 0.0072 83 33 116 93
phone 0.0072 67 204 101 262
phone 0.0072 36 112 70 169
phone 0.0072 311 123 381 189
phone 0.0072 298 96 331 154
phone 0.0072 68 48 100 109
phone 0.0071 235 215 303 266
phone 0.0071 38 55 100 103
phone 0.0071 191 0 254 69
phone 0.0071 222 92 231 104
phone 0.0071 6 127 39 185
phone 0.0071 139 98 214 153
phone 0.0071 261 48 338 111
phone 0.0071 159 0 225 69
phone 0.0071 313 204 347 262
phone 0.0071 241 244 258 266
phone 0.0070 313 96 347 154
phone 0.0070 374 127 399 185
phone 0.0070 314 150 378 224
phone 0.0070 327 107 396 174
phone 0.0070 161 0 223 26
phone 0.0070 53 222 116 266
phone 0.0070 224 0 283 68
phone 0.0070 115 0 176 73
phone 0.0069 159 220 193 266
phone 0.0069 267 158 301 215
phone 0.0069 37 173 69 231
phone 0.0069 282 189 316 246
phone 0.0069 51 127 85 184
phone 0.0069 164 104 181 138
phone 0.0069 174 153 241 221
phone 0.0069 219 139 249 166
phone 0.0069 130 0 192 26
phone 0.0069 220 173 255 231
phone 0.0069 5 45 89 161
phone 0.0069 344 204 377 262
phone 0.0069 125 95 165 155
phone 0.0069 145 235 208 266
phone 0.0069 271 17 328 80
phone 0.0069 187 151 204 184
phone 0.0068 267 66 301 123
phone 0.0068 252 204 285 261
phone 0.0068 97 66 132 123
phone 0.0068 82 158 116 215
phone 0.0068 236 174 270 230
phone 0.0068 67 143 101 200
phone 0.0068 236 50 270 108
phone 0.0068 2 123 74 189
phone 0.0068 245 115 254 128
phone 0.0068 50 139 80 165
phone 0.0068 241 248 273 266
phone 0.0068 298 158 331 215
phone 0.0068 363 77 399 142
phone 0.0068 98 189 131 246
phone 0.0068 298 66 331 122
phone 0.0068 187 166 204 200
phone 0.0067 283 219 316 266
phone 0.0067 125 157 165 216
phone 0.0067 54 50 84 108
phone 0.0067 0 0 41 32
phone 0.0067 249 244 265 266
phone 0.0067 129 219 162 266
phone 0.0067 331 70 391 120
phone 0.0067 239 0 298 43
phone 0.0067 113 204 147 262
phone 0.0067 177 0 207 31
phone 0.0067 315 89 376 161
phone 0.0067 159 36 193 91
phone 0.0067 161 0 192 31
phone 0.0066 285 32 344 96
phone 0.0066 53 203 84 262
phone 0.0066 180 248 211 266
phone 0.0066 174 50 209 107
phone 0.0066 192 0 253 26
phone 0.0066 313 158 347 215
phone 0.0066 53 24 116 72
phone 0.0066 146 0 176 31
phone 0.0066 328 34 394 154
phone 0.0066 317 40 375 88
phone 0.0066 188 244 204 266
phone 0.0066 234 101 265 127
phone 0.0066 82 204 116 261
phone 0.0066 205 157 239 216
phone 0.0066 301 48 359 110
phone 0.0065 302 239 359 266
phone 0.0065 359 112 393 169
phone 0.0065 205 35 239 92
phone 0.0065 190 233 255 266
phone 0.0065 67 112 101 169
phone 0.0065 313 127 347 185
phone 0.0065 192 0 223 31
phone 0.0065 298 188 332 246
phone 0.0065 282 158 316 215
phone 0.0065 298 127 332 184
phone 0.0065 172 11 242 85
phone 0.0065 225 135 243 169
phone 0.0065 267 35 301 92
phone 0.0065 313 4 379 122
phone 0.0064 36 143 70 200
phone 0.0064 112 35 148 93
phone 0.0064 147 0 207 11
phone 0.0064 344 143 378 200
phone 0.0064 131 0 161 31
phone 0.0064 177 0 237 11
phone 0.0064 346 65 377 123
phone 0.0064 245 253 254 266
phone 0.0064 242 124 273 150
phone 0.0064 190 34 224 93
phone 0.0064 69 0 131 42
phone 0.0064 23 40 84 87
phone 0.0064 221 36 255 91
phone 0.0064 145 0 208 43
phone 0.0063 190 173 224 231
phone 0.0063 300 19 331 77
phone 0.0063 127 36 163 92
phone 0.0063 176 0 238 43
phone 0.0063 242 108 272 134
phone 0.0063 0 172 27 194
phone 0.0063 298 219 331 266
phone 0.0063 6 177 16 189
phone 0.0063 23 193 84 266
phone 0.0063 51 158 85 215
phone 0.0063 328 142 362 200
phone 0.0063 208 0 268 11
phone 0.0063 116 0 176 11
phone 0.0063 208 0 238 31
phone 0.0063 56 135 74 169
phone 0.0063 331 34 361 93
phone 0.0063 200 63 244 127
phone 0.0063 22 6 85 120
phone 0.0062 207 0 269 43
phone 0.0062 82 96 116 154
phone 0.0062 69 19 99 77
phone 0.0062 250 79 287 141
phone 0.0062 191 161 200 174
phone 0.0062 3 168 19 198
phone 0.0062 118 229 134 260
phone 0.0062 254 235 315 266
phone 0.0062 23 70 84 119
phone 0.0062 67 173 101 231
phone 0.0062 251 19 286 77
phone 0.0062 252 253 262 266
phone 0.0062 205 4 240 61
phone 0.0062 223 0 284 26
phone 0.0062 6 169 16 182
phone 0.0062 221 234 286 266
phone 0.0062 214 111 260 171
phone 0.0062 221 4 255 62
phone 0.0062 84 0 146 26
phone 0.0061 362 7 399 119
phone 0.0061 38 218 69 266
phone 0.0061 330 65 362 123
phone 0.0061 316 9 376 57
phone 0.0061 360 39 399 88
phone 0.0061 239 0 299 11
phone 0.0061 116 0 145 31
phone 0.0061 223 0 253 31
phone 0.0061 236 20 270 77
phone 0.0060 251 49 286 109
phone 0.0060 156 140 228 203
phone 0.0060 85 0 115 47
phone 0.0060 316 233 345 266
phone 0.0060 39 34 69 93
phone 0.0060 269 0 300 46
phone 0.0060 331 24 391 72
phone 0.0060 191 177 200 189
phone 0.0060 8 55 68 103
phone 0.0060 344 112 378 169
phone 0.0060 315 222 376 266
phone 0.0060 282 35 317 92
phone 0.0060 174 4 209 61
phone 0.0060 329 96 362 154
phone 0.0060 191 253 200 266
phone 0.0060 8 25 68 72
phone 0.0060 0 234 40 266
phone 0.0060 362 239 399 266
phone 0.0060 7 237 69 266
phone 0.0059 38 65 69 123
phone 0.0059 23 34 53 93
phone 0.0059 85 0 145 11
phone 0.0059 329 204 362 261
phone 0.0059 315 34 346 93
phone 0.0059 239 0 268 16
phone 0.0059 250 142 286 200
phone 0.0059 301 0 360 42
phone 0.0059 190 4 224 61
phone 0.0059 301 24 360 73
phone 0.0059 270 0 329 26
phone 0.0059 210 81 227 115
phone 0.0059 361 255 399 266
phone 0.0059 100 0 130 31
phone 0.0058 22 253 85 266
phone 0.0058 0 0 40 77
phone 0.0058 361 8 399 58
phone 0.0058 23 9 84 57
phone 0.0058 168 115 177 127
phone 0.0058 282 128 316 184
phone 0.0058 195 244 212 266
phone 0.0058 282 82 316 137
phone 0.0058 270 0 330 11
phone 0.0058 241 97 259 131
phone 0.0058 6 96 39 154
phone 0.0058 331 3 361 62
phone 0.0058 39 241 99 266
phone 0.0058 54 233 84 266
phone 0.0058 254 0 284 16
phone 0.0058 347 3 376 62
phone 0.0058 285 9 345 57
phone 0.0058 122 238 131 251
phone 0.0058 39 264 69 266
phone 0.0057 196 201 226 227
phone 0.0057 0 188 41 266
phone 0.0057 0 82 51 138
phone 0.0057 23 264 53 266
phone 0.0057 331 0 391 42
phone 0.0057 234 81 272 139
phone 0.0057 233 256 266 266
phone 0.0057 346 34 376 93
phone 0.0057 54 18 84 77
phone 0.0057 270 0 299 16
phone 0.0056 22 65 54 123
phone 0.0056 37 0 100 90
phone 0.0056 21 127 55 184
phone 0.0056 361 0 399 11
phone 0.0056 0 0 36 11
phone 0.0056 328 173 362 231
phone 0.0056 53 253 116 266
phone 0.0056 361 0 399 27
phone 0.0056 376 33 399 94
phone 0.0056 7 210 69 256
phone 0.0056 285 0 315 31
phone 0.0056 8 0 68 42
phone 0.0056 316 0 345 47
phone 0.0056 6 184 16 197
phone 0.0056 159 97 193 154
phone 0.0056 158 4 194 61
phone 0.0055 316 0 376 26
phone 0.0055 300 0 360 11
phone 0.0055 245 261 254 266
phone 0.0055 39 3 68 62
phone 0.0055 346 55 399 103
phone 0.0055 0 122 43 251
phone 0.0055 168 131 177 143
phone 0.0055 0 264 22 266
phone 0.0055 331 0 391 11
phone 0.0055 23 203 53 262
phone 0.0055 70 0 99 47
phone 0.0055 134 229 150 260
phone 0.0055 300 0 330 31
phone 0.0055 39 0 99 42
phone 0.0055 364 262 399 266
phone 0.0055 54 0 114 26
phone 0.0055 0 9 53 57
phone 0.0055 0 0 22 16
phone 0.0055 54 0 114 11
phone 0.0055 23 249 53 266
phone 0.0055 54 264 84 266
phone 0.0055 198 100 208 112
phone 0.0054 0 255 36 266
phone 0.0054 332 256 391 266
phone 0.0054 361 65 392 123
phone 0.0054 23 3 53 62
phone 0.0054 229 146 239 158
phone 0.0054 0 0 22 47
phone 0.0054 0 0 23 1
phone 0.0054 0 42 43 177
phone 0.0054 85 0 115 16
phone 0.0054 376 249 399 266
phone 0.0054 376 264 399 266
phone 0.0054 346 249 376 266
phone 0.0054 376 2 399 63
phone 0.0054 60 146 70 158
phone 0.0054 100 233 130 266
phone 0.0054 0 156 27 179
phone 0.0054 0 40 53 87
phone 0.0053 8 0 68 11
phone 0.0053 6 161 16 174
phone 0.0053 161 0 192 1
phone 0.0053 146 0 177 1
phone 0.0053 345 0 399 89
phone 0.0053 177 0 208 1
phone 0.0053 252 131 262 143
phone 0.0053 192 0 223 1
phone 0.0053 156 89 174 123
phone 0.0053 0 249 23 266
phone 0.0053 376 64 399 124
phone 0.0053 70 256 129 266
phone 0.0053 130 0 161 1
phone 0.0053 207 0 238 1
phone 0.0053 346 0 376 16
phone 0.0053 23 172 53 232
phone 0.0053 85 249 115 266
phone 0.0053 316 0 345 16
phone 0.0053 330 237 393 266
phone 0.0053 202 197 220 231
phone 0.0053 223 0 254 1
phone 0.0052 10 92 66 158
phone 0.0052 331 0 361 16
phone 0.0052 3 152 19 183
phone 0.0052 23 0 83 26
phone 0.0052 115 0 146 1
phone 0.0052 54 0 84 47
phone 0.0052 376 0 399 17
phone 0.0052 216 81 259 139
phone 0.0052 8 265 38 266
phone 0.0052 238 0 269 1
phone 0.0052 7 65 39 123
phone 0.0052 70 0 99 16
phone 0.0052 199 254 208 266
phone 0.0052 168 123 177 135
phone 0.0052 362 18 392 78
phone 0.0052 253 0 284 1
phone 0.0052 0 133 27 156
phone 0.0052 39 249 69 266
phone 0.0051 0 203 23 262
phone 0.0051 6 138 16 151
phone 0.0051 100 0 131 1
phone 0.0051 269 0 300 1
phone 0.0051 8 34 38 93
phone 0.0051 145 254 208 266
phone 0.0051 252 115 262 128
phone 0.0051 315 265 346 266
phone 0.0051 84 254 146 266
phone 0.0051 222 254 285 266
phone 0.0051 24 0 53 31
phone 0.0051 300 265 330 266
phone 0.0051 0 160 37 214
phone 0.0051 245 107 254 120
phone 0.0051 54 0 84 16
phone 0.0051 284 0 315 1
phone 0.0050 84 0 115 1
phone 0.0050 187 113 204 146
phone 0.0050 3 129 19 160
phone 0.0050 253 254 316 266
phone 0.0050 137 238 147 251
