phone 0.8854 60 130 213 284
phone 0.0568 94 162 206 254
phone 0.0382 83 78 187 274
phone 0.0359 30 154 152 292
phone 0.0278 124 120 270 283
phone 0.0258 49 190 180 309
phone 0.0255 4 93 104 255
phone 0.0243 73 171 269 332
phone 0.0229 73 181 166 265
phone 0.0229 0 122 68 281
phone 0.0212 2 165 113 279
phone 0.0208 38 185 109 260
phone 0.0199 37 104 140 249
phone 0.0198 157 174 235 241
phone 0.0192 40 34 127 189
phone 0.0190 173 97 285 252
phone 0.0180 7 37 98 183
phone 0.0177 140 189 221 256
phone 0.0173 49 77 285 271
phone 0.0159 163 13 253 144
phone 0.0153 0 189 61 324
phone 0.0151 164 156 285 301
phone 0.0146 18 175 98 239
phone 0.0141 155 92 237 230
phone 0.0141 115 176 216 299
phone 0.0141 78 137 160 247
phone 0.0141 136 17 219 139
phone 0.0137 0 121 191 330
phone 0.0135 55 193 91 252
phone 0.0135 104 98 225 255
phone 0.0134 195 231 270 350
phone 0.0133 0 52 76 231
phone 0.0132 178 179 214 235
phone 0.0131 51 163 126 251
phone 0.0131 71 10 159 147
phone 0.0131 35 154 112 230
phone 0.0125 63 227 161 343
phone 0.0122 122 171 178 243
phone 0.0121 0 250 71 379
phone 0.0119 99 206 201 331
phone 0.0119 177 187 246 258
phone 0.0118 162 194 199 251
phone 0.0118 178 143 245 210
phone 0.0117 146 194 185 251
phone 0.0116 105 208 195 268
phone 0.0115 190 45 283 173
phone 0.0114 50 139 126 214
phone 0.0114 149 186 243 319
phone 0.0113 103 62 167 229
phone 0.0111 41 195 75 250
phone 0.0111 19 207 97 269
phone 0.0110 130 154 231 230
phone 0.0110 111 190 158 256
phone 0.0108 0 204 46 272
phone 0.0107 29 188 119 318
phone 0.0107 216 210 285 310
phone 0.0106 0 169 60 245
phone 0.0103 99 322 171 399
phone 0.0102 24 136 92 216
phone 0.0102 0 144 29 258
phone 0.0101 39 122 108 200
phone 0.0101 153 252 240 377
phone 0.0101 164 129 229 193
phone 0.0101 9 152 76 232
phone 0.0100 102 14 190 141
phone 0.0100 51 219 126 287
phone 0.0100 131 63 201 228
phone 0.0100 14 283 103 399
phone 0.0099 0 194 85 251
phone 0.0098 123 281 208 399
phone 0.0098 0 12 171 265
phone 0.0096 80 221 159 285
phone 0.0095 194 178 229 236
phone 0.0095 160 206 233 269
phone 0.0095 40 267 137 393
phone 0.0095 0 284 63 346
phone 0.0094 86 268 184 392
phone 0.0093 25 237 122 361
phone 0.0093 194 147 228 206
phone 0.0092 218 84 285 195
phone 0.0090 193 172 261 243
phone 0.0089 68 123 140 199
phone 0.0089 196 200 259 275
phone 0.0088 105 361 165 399
phone 0.0088 0 205 27 316
phone 0.0087 178 148 214 205
phone 0.0086 175 269 248 330
phone 0.0086 10 178 44 236
phone 0.0086 130 219 201 287
phone 0.0086 161 284 231 345
phone 0.0085 4 224 81 283
phone 0.0085 116 235 215 363
phone 0.0084 111 240 190 297
phone 0.0084 0 240 47 298
phone 0.0084 197 36 257 101
phone 0.0083 159 253 233 315
phone 0.0083 132 314 200 377
phone 0.0083 209 192 276 253
phone 0.0082 0 252 63 316
phone 0.0082 183 22 241 85
phone 0.0081 70 208 107 268
phone 0.0081 107 106 163 185
phone 0.0080 22 315 94 376
phone 0.0079 40 131 75 190
phone 0.0078 132 210 167 265
phone 0.0078 6 299 79 361
phone 0.0078 179 209 213 267
phone 0.0077 54 163 92 221
phone 0.0077 24 163 60 221
phone 0.0077 0 149 57 204
phone 0.0076 43 90 104 140
phone 0.0076 164 0 229 99
phone 0.0076 100 209 138 267
phone 0.0075 88 348 151 399
phone 0.0075 120 104 180 157
phone 0.0075 196 8 228 67
phone 0.0075 0 271 46 328
phone 0.0075 210 208 244 267
phone 0.0075 119 346 182 399
phone 0.0074 11 301 43 359
phone 0.0074 58 109 119 183
phone 0.0074 66 237 142 301
phone 0.0074 25 195 59 250
phone 0.0074 37 235 110 302
phone 0.0074 26 130 59 191
phone 0.0073 52 314 125 377
phone 0.0073 113 299 188 362
phone 0.0073 87 225 121 281
phone 0.0073 51 252 127 316
phone 0.0073 225 209 259 266
phone 0.0073 58 85 89 144
phone 0.0073 69 330 139 392
phone 0.0073 180 286 213 343
phone 0.0073 0 320 58 371
phone 0.0072 83 314 157 377
phone 0.0072 36 268 111 331
phone 0.0072 148 225 182 282
phone 0.0072 55 116 91 175
phone 0.0072 0 165 42 219
phone 0.0072 152 114 210 178
phone 0.0072 148 300 214 360
phone 0.0072 0 274 27 386
phone 0.0072 198 14 257 62
phone 0.0072 172 222 251 284
phone 0.0072 149 317 182 374
phone 0.0071 51 284 127 346
phone 0.0071 180 8 213 67
phone 0.0071 195 271 228 328
phone 0.0071 180 116 213 174
phone 0.0071 36 299 110 362
phone 0.0071 82 284 157 346
phone 0.0071 98 253 172 316
phone 0.0071 0 307 28 353
phone 0.0071 113 267 187 332
phone 0.0071 195 210 228 266
phone 0.0071 0 306 42 399
phone 0.0070 209 178 244 236
phone 0.0070 135 0 197 80
phone 0.0070 67 299 142 362
phone 0.0070 69 148 107 205
phone 0.0070 117 225 152 281
phone 0.0070 150 101 181 158
phone 0.0070 94 174 144 241
phone 0.0069 211 24 243 82
phone 0.0069 102 116 137 175
phone 0.0069 25 225 59 281
phone 0.0069 199 131 255 191
phone 0.0069 213 53 272 114
phone 0.0069 20 252 96 316
phone 0.0069 0 300 12 360
phone 0.0069 67 267 141 332
phone 0.0069 150 0 181 52
phone 0.0069 133 241 167 297
phone 0.0069 68 177 109 237
phone 0.0068 56 224 90 282
phone 0.0068 0 269 12 329
phone 0.0068 182 76 242 122
phone 0.0068 41 225 75 282
phone 0.0068 0 162 12 221
phone 0.0068 11 107 74 154
phone 0.0068 197 69 227 129
phone 0.0068 143 267 219 332
phone 0.0068 179 256 213 312
phone 0.0067 182 121 242 171
phone 0.0067 210 146 244 206
phone 0.0067 75 363 133 399
phone 0.0067 41 317 74 374
phone 0.0067 39 163 76 221
phone 0.0067 0 182 28 232
phone 0.0066 0 367 27 399
phone 0.0066 43 85 73 144
phone 0.0066 214 28 272 79
phone 0.0066 73 66 136 194
phone 0.0066 0 122 58 169
phone 0.0066 195 39 228 98
phone 0.0066 0 260 28 308
phone 0.0066 210 255 244 313
phone 0.0066 0 238 12 299
phone 0.0066 12 131 43 190
phone 0.0066 72 101 106 159
phone 0.0066 27 100 58 159
phone 0.0066 10 224 44 282
phone 0.0065 0 208 12 268
phone 0.0065 0 228 29 279
phone 0.0065 129 250 203 318
phone 0.0065 220 19 285 132
phone 0.0065 0 362 12 399
phone 0.0065 119 101 151 159
phone 0.0065 225 179 259 235
phone 0.0065 26 316 58 375
phone 0.0065 0 104 43 218
phone 0.0064 200 160 231 185
phone 0.0064 224 157 285 287
phone 0.0064 41 332 106 389
phone 0.0064 28 76 88 123
phone 0.0064 133 332 167 389
phone 0.0064 227 24 258 82
phone 0.0064 196 116 228 174
phone 0.0064 0 153 27 200
phone 0.0064 195 86 260 205
phone 0.0064 149 230 214 307
phone 0.0063 71 240 105 297
phone 0.0063 167 0 225 31
phone 0.0063 151 13 211 63
phone 0.0063 166 101 197 159
phone 0.0063 153 332 209 389
phone 0.0063 137 359 195 399
phone 0.0063 163 223 198 283
phone 0.0063 82 192 125 253
phone 0.0063 164 286 198 343
phone 0.0063 118 332 151 389
phone 0.0062 211 289 274 399
phone 0.0062 226 239 259 298
phone 0.0062 198 322 256 369
phone 0.0062 165 8 197 67
phone 0.0062 212 116 243 174
phone 0.0062 56 317 90 374
phone 0.0062 102 332 136 390
phone 0.0062 229 136 285 186
phone 0.0062 85 133 122 189
phone 0.0061 87 332 121 390
phone 0.0061 167 61 226 107
phone 0.0061 259 168 285 216
phone 0.0061 273 332 285 399
phone 0.0061 199 290 255 340
phone 0.0061 274 367 285 399
phone 0.0061 0 337 11 385
phone 0.0061 72 317 105 374
phone 0.0061 119 0 181 46
phone 0.0061 211 159 273 224
phone 0.0061 244 152 285 201
phone 0.0060 12 60 73 108
phone 0.0060 0 29 26 77
phone 0.0060 212 316 242 375
phone 0.0060 106 156 163 228
phone 0.0060 257 134 285 248
phone 0.0060 88 101 121 159
phone 0.0060 207 156 224 189
phone 0.0060 228 306 285 354
phone 0.0060 181 54 212 114
phone 0.0060 0 0 28 110
phone 0.0060 0 0 13 96
phone 0.0060 166 106 227 154
phone 0.0060 11 27 74 141
phone 0.0059 13 30 73 77
phone 0.0059 215 274 270 325
phone 0.0059 0 60 42 108
phone 0.0059 133 302 167 358
phone 0.0059 259 75 285 124
phone 0.0059 102 240 136 297
phone 0.0059 135 0 166 52
phone 0.0059 25 271 59 328
phone 0.0059 56 256 90 312
phone 0.0059 243 131 274 190
phone 0.0059 182 0 212 37
phone 0.0059 59 76 119 123
phone 0.0059 0 45 58 92
phone 0.0059 242 194 274 251
phone 0.0059 0 27 43 141
phone 0.0059 243 24 273 82
phone 0.0059 228 316 258 375
phone 0.0059 0 338 26 385
phone 0.0059 26 0 90 95
phone 0.0058 56 286 90 343
phone 0.0058 136 76 195 123
phone 0.0058 118 302 151 358
phone 0.0058 0 29 11 77
phone 0.0058 256 41 285 157
phone 0.0058 71 271 105 328
phone 0.0058 0 131 12 190
phone 0.0058 242 0 285 95
phone 0.0058 274 162 285 221
phone 0.0058 0 84 26 195
phone 0.0058 228 337 285 385
phone 0.0058 133 271 167 328
phone 0.0058 117 256 151 312
phone 0.0058 259 107 285 154
phone 0.0058 41 286 74 343
phone 0.0058 102 302 136 358
phone 0.0058 43 60 104 108
phone 0.0057 150 45 212 92
phone 0.0057 257 332 285 399
phone 0.0057 87 302 121 359
phone 0.0057 194 241 228 296
phone 0.0057 0 76 26 123
phone 0.0057 0 60 11 108
phone 0.0057 0 106 11 154
phone 0.0057 151 91 211 139
phone 0.0057 28 54 58 113
phone 0.0057 11 362 43 399
phone 0.0057 88 0 151 95
phone 0.0057 148 287 182 343
phone 0.0057 243 300 273 359
phone 0.0057 199 30 232 53
phone 0.0057 242 304 285 399
phone 0.0057 43 29 103 77
phone 0.0057 243 367 285 399
phone 0.0057 121 60 180 108
phone 0.0057 166 39 196 98
phone 0.0057 0 106 26 154
phone 0.0057 228 269 258 329
phone 0.0057 57 0 121 95
phone 0.0057 28 23 58 82
phone 0.0057 259 245 285 292
phone 0.0057 259 214 285 262
phone 0.0057 74 60 134 108
phone 0.0057 0 26 12 141
phone 0.0057 166 347 197 399
phone 0.0057 70 267 100 293
phone 0.0057 265 74 274 86
phone 0.0056 259 137 285 185
phone 0.0056 102 271 136 328
phone 0.0056 229 43 285 95
phone 0.0056 212 85 242 144
phone 0.0056 213 285 242 345
phone 0.0056 211 36 220 48
phone 0.0056 12 23 42 82
phone 0.0056 274 70 285 129
phone 0.0056 150 57 213 172
phone 0.0056 74 91 134 139
phone 0.0056 74 70 104 128
phone 0.0056 256 180 285 295
phone 0.0056 87 271 121 328
phone 0.0056 90 76 150 123
phone 0.0056 198 92 257 138
phone 0.0056 42 11 105 125
phone 0.0056 41 256 75 312
phone 0.0056 245 69 278 92
phone 0.0056 230 243 285 294
phone 0.0056 146 121 177 147
phone 0.0056 12 100 43 159
phone 0.0056 151 69 181 129
phone 0.0056 273 0 285 64
phone 0.0056 259 29 285 77
phone 0.0056 184 306 240 355
phone 0.0056 213 122 272 170
phone 0.0055 43 54 73 113
phone 0.0055 74 29 134 77
phone 0.0055 244 291 285 338
phone 0.0055 0 76 58 123
phone 0.0055 241 103 285 218
phone 0.0055 43 23 73 82
phone 0.0055 85 275 115 301
phone 0.0055 274 230 285 277
phone 0.0055 274 137 285 185
phone 0.0055 243 331 273 390
phone 0.0055 0 0 11 30
phone 0.0055 207 26 224 57
phone 0.0055 274 100 285 159
phone 0.0055 90 104 149 157
phone 0.0055 166 69 196 129
phone 0.0055 105 29 165 77
phone 0.0055 181 59 243 170
phone 0.0055 257 74 266 87
phone 0.0055 0 13 1 136
phone 0.0055 273 104 285 218
phone 0.0055 258 0 285 64
phone 0.0055 58 54 89 113
phone 0.0055 182 85 212 144
phone 0.0054 241 243 285 356
phone 0.0054 229 14 285 62
phone 0.0054 273 196 285 309
phone 0.0054 136 54 165 114
phone 0.0054 59 23 88 83
phone 0.0054 275 0 285 30
phone 0.0054 254 65 270 96
phone 0.0054 0 91 42 138
phone 0.0054 89 70 119 129
phone 0.0054 274 199 285 246
phone 0.0054 166 0 197 38
phone 0.0054 153 4 170 33
phone 0.0054 196 331 260 399
phone 0.0054 146 7 177 31
phone 0.0054 74 39 104 98
phone 0.0054 148 256 182 312
phone 0.0053 243 239 273 298
phone 0.0053 261 65 277 95
phone 0.0053 11 333 75 399
phone 0.0053 192 130 224 153
phone 0.0053 12 368 73 399
phone 0.0053 258 270 285 329
phone 0.0053 120 54 150 113
phone 0.0053 105 54 135 113
phone 0.0053 244 59 285 109
phone 0.0053 136 0 195 33
phone 0.0053 227 116 258 175
phone 0.0053 274 23 285 83
phone 0.0053 27 362 58 399
phone 0.0053 89 23 119 83
phone 0.0053 76 263 94 297
phone 0.0053 198 366 257 399
phone 0.0053 244 0 285 31
phone 0.0053 12 70 42 128
phone 0.0052 105 23 135 83
phone 0.0052 120 23 150 83
phone 0.0052 211 166 220 179
phone 0.0052 53 150 70 180
phone 0.0052 120 0 150 51
phone 0.0052 100 144 131 170
phone 0.0052 192 23 224 45
phone 0.0052 164 255 198 313
phone 0.0052 150 24 181 83
phone 0.0052 92 271 109 305
phone 0.0052 182 337 241 385
phone 0.0052 274 322 285 369
phone 0.0052 203 28 213 40
phone 0.0052 0 14 57 62
phone 0.0052 180 0 243 64
phone 0.0052 197 300 227 360
phone 0.0052 104 0 135 52
phone 0.0052 46 153 78 177
phone 0.0052 253 77 285 99
phone 0.0051 238 169 270 192
phone 0.0051 274 260 285 308
phone 0.0051 74 0 134 46
phone 0.0051 199 126 216 157
phone 0.0051 179 302 245 399
phone 0.0051 274 291 285 339
phone 0.0051 226 147 259 205
phone 0.0051 227 363 258 399
phone 0.0051 228 85 258 144
phone 0.0051 243 0 273 51
phone 0.0051 203 136 212 148
phone 0.0051 153 117 171 151
phone 0.0051 244 122 285 169
phone 0.0051 230 54 262 76
phone 0.0051 123 114 154 139
phone 0.0051 188 128 197 140
phone 0.0051 197 0 227 37
phone 0.0051 258 301 285 359
phone 0.0051 176 123 209 145
phone 0.0051 265 82 274 94
phone 0.0051 242 59 251 71
phone 0.0051 12 0 73 46
phone 0.0051 273 258 285 371
phone 0.0051 211 136 220 148
phone 0.0050 246 84 278 107
phone 0.0050 246 165 262 196
phone 0.0050 196 332 227 389
phone 0.0050 272 82 282 94
phone 0.0050 157 12 166 25
phone 0.0050 42 362 74 399
phone 0.0050 254 80 270 111
phone 0.0050 89 0 119 51
phone 0.0050 229 74 285 125
phone 0.0050 226 43 236 56
phone 0.0050 43 0 104 46
phone 0.0050 169 320 224 371
phone 0.0050 68 263 86 297
phone 0.0050 207 38 239 61
phone 0.0050 119 57 182 172
phone 0.0050 135 23 166 83
phone 0.0050 58 362 89 399
phone 0.0050 200 19 216 49
