phone 0.9750 143 28 258 259
phone 0.0454 163 110 281 264
phone 0.0449 23 56 140 262
phone 0.0403 129 81 225 231
phone 0.0385 64 28 218 240
phone 0.0366 129 29 223 125
phone 0.0339 163 38 340 228
phone 0.0326 144 165 256 266
phone 0.0300 144 0 239 160
phone 0.0282 89 21 190 122
phone 0.0272 168 10 277 179
phone 0.0269 238 47 399 219
phone 0.0264 65 99 164 244
phone 0.0246 195 63 310 187
phone 0.0241 90 91 201 221
phone 0.0196 238 126 343 258
phone 0.0192 115 53 208 198
phone 0.0187 220 92 318 219
phone 0.0171 58 10 158 134
phone 0.0166 185 11 326 142
phone 0.0165 151 109 233 204
phone 0.0162 88 144 203 260
phone 0.0160 125 133 197 210
phone 0.0158 77 151 152 223
phone 0.0155 203 160 317 266
phone 0.0151 1 17 98 126
phone 0.0145 211 91 296 160
phone 0.0140 162 141 252 233
phone 0.0139 193 149 282 226
phone 0.0136 104 125 187 188
phone 0.0133 155 48 228 141
phone 0.0132 125 99 197 182
phone 0.0132 231 123 306 190
phone 0.0131 102 0 182 82
phone 0.0130 144 159 209 246
phone 0.0129 89 136 171 207
phone 0.0128 254 126 314 216
phone 0.0125 265 0 386 158
phone 0.0123 76 116 154 196
phone 0.0120 107 94 184 157
phone 0.0120 209 143 297 200
phone 0.0120 78 42 181 178
phone 0.0118 246 48 323 202
phone 0.0117 127 57 195 132
phone 0.0116 62 137 136 206
phone 0.0116 55 172 145 266
phone 0.0114 4 59 93 203
phone 0.0114 101 161 190 213
phone 0.0108 62 104 137 178
phone 0.0107 233 77 304 143
phone 0.0105 143 158 178 216
phone 0.0104 31 0 124 104
phone 0.0104 90 103 170 179
phone 0.0104 135 0 211 77
phone 0.0104 97 158 133 216
phone 0.0103 215 62 292 127
phone 0.0103 199 39 276 120
phone 0.0103 84 186 177 266
phone 0.0102 230 0 308 127
phone 0.0102 259 181 340 266
phone 0.0101 105 67 186 122
phone 0.0100 153 202 231 264
phone 0.0100 175 189 208 246
phone 0.0100 235 49 302 109
phone 0.0098 26 127 112 246
phone 0.0098 177 84 268 199
phone 0.0098 0 0 39 0
phone 0.0097 89 172 171 232
phone 0.0096 128 144 162 199
phone 0.0096 264 137 335 206
phone 0.0096 142 126 180 186
phone 0.0096 251 127 286 185
phone 0.0095 262 106 367 237
phone 0.0095 0 263 41 266
phone 0.0095 0 0 55 103
phone 0.0094 144 35 178 93
phone 0.0093 186 197 259 266
phone 0.0093 244 0 346 99
phone 0.0092 127 113 163 168
phone 0.0091 76 86 153 165
phone 0.0090 27 26 111 162
phone 0.0090 215 220 291 266
phone 0.0089 143 65 178 124
phone 0.0089 174 97 399 266
phone 0.0088 233 155 305 218
phone 0.0088 310 114 393 216
phone 0.0088 251 96 286 154
phone 0.0088 285 40 344 88
phone 0.0087 282 5 348 122
phone 0.0087 128 82 162 137
phone 0.0087 82 143 116 200
phone 0.0086 158 171 195 233
phone 0.0085 112 159 148 215
phone 0.0085 234 97 272 154
phone 0.0085 49 0 297 175
phone 0.0085 130 0 194 116
phone 0.0085 300 34 330 92
phone 0.0084 79 219 151 266
phone 0.0084 37 43 101 115
phone 0.0083 264 104 335 178
phone 0.0083 91 77 169 143
phone 0.0083 235 144 271 199
phone 0.0082 252 65 285 124
phone 0.0082 48 121 121 191
phone 0.0081 255 52 313 137
phone 0.0081 108 219 183 266
phone 0.0081 128 175 162 229
phone 0.0081 282 204 316 262
phone 0.0080 48 189 121 246
phone 0.0080 203 234 273 266
phone 0.0079 159 18 194 78
phone 0.0079 253 35 285 93
phone 0.0078 272 50 328 108
phone 0.0078 78 57 152 132
phone 0.0078 165 244 230 266
phone 0.0078 32 140 105 202
phone 0.0078 34 175 104 229
phone 0.0077 63 72 136 148
phone 0.0077 155 124 198 188
phone 0.0077 278 170 352 234
phone 0.0077 288 72 372 209
phone 0.0076 129 35 162 92
phone 0.0076 99 237 162 266
phone 0.0076 257 28 311 99
phone 0.0076 97 31 163 97
phone 0.0076 186 173 227 232
phone 0.0076 157 48 196 110
phone 0.0075 68 26 131 102
phone 0.0075 235 184 303 251
phone 0.0075 267 72 332 148
phone 0.0075 83 204 116 262
phone 0.0075 57 79 89 102
phone 0.0074 236 220 270 266
phone 0.0074 252 158 285 215
phone 0.0074 172 49 211 109
phone 0.0074 282 142 316 200
phone 0.0074 162 0 243 79
phone 0.0073 68 84 77 97
phone 0.0073 49 72 81 94
phone 0.0073 64 75 81 106
phone 0.0073 70 7 129 59
phone 0.0073 185 0 260 127
phone 0.0073 23 161 84 266
phone 0.0073 126 182 197 253
phone 0.0073 198 184 278 251
phone 0.0072 81 112 117 169
phone 0.0072 235 66 271 123
phone 0.0072 60 77 69 89
phone 0.0072 19 111 88 170
phone 0.0072 52 50 85 108
phone 0.0072 222 20 285 77
phone 0.0072 57 68 73 98
phone 0.0072 47 154 121 219
phone 0.0072 83 174 116 231
phone 0.0072 84 0 147 93
phone 0.0072 205 205 240 261
phone 0.0072 273 40 357 179
phone 0.0071 255 151 391 266
phone 0.0071 67 34 101 93
phone 0.0071 68 77 77 89
phone 0.0071 128 205 162 261
phone 0.0071 250 178 280 204
phone 0.0071 23 194 84 241
phone 0.0071 0 36 51 170
phone 0.0070 278 93 351 158
phone 0.0070 282 173 316 231
phone 0.0070 171 156 213 218
phone 0.0070 38 193 99 266
phone 0.0070 95 127 134 185
phone 0.0070 40 19 98 77
phone 0.0070 217 158 258 216
phone 0.0070 84 3 115 62
phone 0.0070 100 8 160 58
phone 0.0070 142 234 211 266
phone 0.0070 49 88 119 163
phone 0.0070 53 187 84 248
phone 0.0070 113 19 147 77
phone 0.0069 38 188 69 247
phone 0.0069 253 210 316 266
phone 0.0069 284 34 315 93
phone 0.0069 254 8 314 58
phone 0.0068 0 0 41 32
phone 0.0068 99 3 131 62
phone 0.0068 250 101 280 127
phone 0.0068 54 218 84 266
phone 0.0068 175 220 208 266
phone 0.0068 68 188 100 246
phone 0.0068 285 9 345 57
phone 0.0068 113 189 147 246
phone 0.0068 252 189 285 246
phone 0.0067 111 127 149 185
phone 0.0067 265 109 303 172
phone 0.0067 297 122 364 190
phone 0.0067 60 69 69 82
phone 0.0067 210 177 296 228
phone 0.0067 23 8 84 58
phone 0.0067 300 25 360 72
phone 0.0067 115 233 146 266
phone 0.0067 69 3 100 62
phone 0.0067 201 172 244 233
phone 0.0067 20 78 87 141
phone 0.0067 302 207 359 259
phone 0.0066 269 3 300 62
phone 0.0066 53 3 84 62
phone 0.0066 41 56 73 79
phone 0.0066 98 189 132 246
phone 0.0066 53 77 62 89
phone 0.0066 310 87 343 110
phone 0.0066 52 158 85 215
phone 0.0065 190 205 224 261
phone 0.0065 295 170 366 266
phone 0.0065 49 68 65 98
phone 0.0065 130 4 161 61
phone 0.0065 82 35 117 93
phone 0.0065 49 52 65 83
phone 0.0065 53 61 62 74
phone 0.0065 301 55 360 103
phone 0.0065 318 83 335 114
phone 0.0065 67 127 101 184
phone 0.0065 191 248 262 266
phone 0.0065 270 24 329 73
phone 0.0065 145 3 177 62
phone 0.0064 300 3 330 62
phone 0.0064 7 131 69 242
phone 0.0064 322 92 331 105
phone 0.0064 54 0 115 42
phone 0.0064 24 35 83 93
phone 0.0064 256 174 274 208
phone 0.0064 298 189 332 246
phone 0.0064 315 0 377 105
phone 0.0064 38 3 69 62
phone 0.0064 316 18 345 77
phone 0.0063 303 79 335 102
phone 0.0063 23 3 54 62
phone 0.0063 316 40 376 88
phone 0.0063 7 164 69 210
phone 0.0063 362 161 399 212
phone 0.0062 111 97 148 153
phone 0.0062 85 0 145 42
phone 0.0062 7 0 69 42
phone 0.0062 23 157 53 216
phone 0.0062 315 203 346 262
phone 0.0062 177 0 238 42
phone 0.0062 310 75 327 106
phone 0.0062 315 50 346 108
phone 0.0062 146 0 207 42
phone 0.0062 144 189 178 246
phone 0.0062 331 55 391 103
phone 0.0062 175 3 209 62
phone 0.0062 220 220 255 266
phone 0.0062 37 96 70 154
phone 0.0062 250 116 280 142
phone 0.0062 316 9 376 57
phone 0.0061 331 18 361 77
phone 0.0061 271 238 328 266
phone 0.0061 316 71 375 119
phone 0.0061 50 57 118 132
phone 0.0061 54 241 114 266
phone 0.0061 331 25 391 72
phone 0.0061 329 22 393 136
phone 0.0061 282 65 316 124
phone 0.0061 331 86 391 134
phone 0.0061 191 235 223 266
phone 0.0061 314 84 323 97
phone 0.0061 256 97 274 131
phone 0.0061 363 130 399 242
phone 0.0061 317 145 374 198
phone 0.0061 0 9 53 57
phone 0.0061 313 36 379 152
phone 0.0061 69 234 99 266
phone 0.0061 266 63 302 126
phone 0.0060 60 84 69 97
phone 0.0060 362 97 399 153
phone 0.0060 112 67 147 122
phone 0.0060 72 75 89 106
phone 0.0060 130 234 162 266
phone 0.0060 57 64 89 87
phone 0.0060 363 65 399 185
phone 0.0060 68 92 77 105
phone 0.0060 210 6 266 61
phone 0.0060 252 220 285 266
phone 0.0060 346 34 376 93
phone 0.0060 266 171 302 233
phone 0.0060 64 60 81 91
phone 0.0059 333 125 366 148
phone 0.0059 285 3 315 62
phone 0.0059 8 209 68 257
phone 0.0059 218 50 257 108
phone 0.0059 270 0 330 41
phone 0.0059 356 141 389 164
phone 0.0059 341 122 358 152
phone 0.0059 368 146 377 159
phone 0.0059 331 65 361 123
phone 0.0059 41 33 73 56
phone 0.0059 331 225 391 266
phone 0.0059 362 239 399 266
phone 0.0059 346 80 377 139
phone 0.0059 345 131 354 143
phone 0.0059 67 158 101 215
phone 0.0059 281 112 317 170
phone 0.0059 192 0 223 46
phone 0.0059 162 0 192 46
phone 0.0059 224 254 282 266
phone 0.0058 0 100 46 229
phone 0.0058 76 84 85 97
phone 0.0058 297 159 332 215
phone 0.0058 0 117 54 164
phone 0.0058 364 137 381 167
phone 0.0058 328 64 394 185
phone 0.0058 362 23 399 134
phone 0.0058 331 157 361 216
phone 0.0058 49 29 66 60
phone 0.0058 68 69 77 82
phone 0.0058 115 0 176 42
phone 0.0058 361 55 399 104
phone 0.0058 361 8 399 58
phone 0.0058 313 137 379 266
phone 0.0058 155 78 197 142
phone 0.0058 7 4 38 62
phone 0.0058 37 127 69 185
phone 0.0058 23 225 84 266
phone 0.0058 206 265 271 266
phone 0.0058 38 156 69 217
phone 0.0058 159 220 193 266
phone 0.0058 8 240 68 266
phone 0.0057 300 0 360 42
phone 0.0057 236 232 302 266
phone 0.0057 0 157 41 266
phone 0.0057 69 0 130 26
phone 0.0057 64 71 96 95
phone 0.0057 0 234 41 266
phone 0.0057 346 218 376 266
phone 0.0057 0 252 67 266
phone 0.0057 23 203 53 262
phone 0.0057 23 255 83 266
phone 0.0057 53 69 62 82
phone 0.0057 346 3 376 62
phone 0.0057 39 0 99 26
phone 0.0057 0 0 36 11
phone 0.0057 8 131 68 181
phone 0.0057 7 96 38 154
phone 0.0057 361 0 399 11
phone 0.0057 57 52 73 83
phone 0.0057 297 97 332 153
phone 0.0056 8 0 68 11
phone 0.0056 361 0 399 27
phone 0.0056 53 38 62 51
phone 0.0056 318 95 350 117
phone 0.0056 313 128 347 184
phone 0.0056 318 176 373 228
phone 0.0056 38 218 69 266
phone 0.0056 329 100 339 112
phone 0.0056 266 202 301 263
phone 0.0056 57 95 89 118
phone 0.0056 52 127 85 185
phone 0.0056 285 233 315 266
phone 0.0056 96 97 133 154
phone 0.0056 144 220 178 266
phone 0.0056 208 0 238 46
phone 0.0056 254 0 314 26
phone 0.0056 54 0 114 11
phone 0.0056 362 192 399 266
phone 0.0056 331 0 391 42
phone 0.0056 222 265 286 266
phone 0.0056 85 0 145 11
phone 0.0056 0 0 23 47
phone 0.0056 326 91 342 121
phone 0.0056 64 91 81 121
phone 0.0056 33 64 66 87
phone 0.0055 60 61 69 74
phone 0.0055 22 125 54 186
phone 0.0055 100 0 160 26
phone 0.0055 8 23 68 73
phone 0.0055 162 0 222 26
phone 0.0055 41 60 58 91
phone 0.0055 37 65 70 124
phone 0.0055 100 233 130 266
phone 0.0055 260 184 270 197
phone 0.0055 45 69 54 82
phone 0.0055 0 0 22 16
phone 0.0055 364 262 399 266
phone 0.0055 302 80 358 139
phone 0.0055 328 176 394 266
phone 0.0055 131 0 191 26
phone 0.0055 7 126 38 185
phone 0.0055 0 0 23 1
phone 0.0055 346 71 399 118
phone 0.0055 256 112 274 146
phone 0.0055 115 0 146 46
phone 0.0055 85 249 115 266
phone 0.0055 333 141 366 164
phone 0.0055 96 66 133 123
phone 0.0055 23 264 53 266
phone 0.0055 39 249 69 266
phone 0.0055 70 256 129 266
phone 0.0055 346 40 399 87
phone 0.0055 23 0 53 31
phone 0.0055 76 77 85 89
phone 0.0055 39 264 69 266
phone 0.0055 345 146 354 159
phone 0.0055 316 0 345 47
phone 0.0055 116 0 176 11
phone 0.0054 87 0 104 29
phone 0.0054 68 100 77 112
phone 0.0054 81 81 117 138
phone 0.0054 193 0 253 11
phone 0.0054 193 0 253 26
phone 0.0054 54 264 84 266
phone 0.0054 322 100 331 112
phone 0.0054 103 18 135 41
phone 0.0054 223 0 283 11
phone 0.0054 67 96 101 154
phone 0.0054 360 255 399 266
phone 0.0054 69 0 99 31
phone 0.0054 118 10 150 33
phone 0.0054 162 0 222 11
phone 0.0054 54 0 84 31
phone 0.0054 313 97 347 154
phone 0.0054 345 0 399 104
phone 0.0054 114 8 123 20
phone 0.0054 53 54 62 66
phone 0.0054 285 0 345 26
phone 0.0054 346 188 377 247
phone 0.0054 23 249 53 266
phone 0.0054 375 110 399 171
phone 0.0054 39 0 69 31
phone 0.0054 91 8 100 20
phone 0.0054 322 84 331 97
phone 0.0054 0 86 53 133
phone 0.0054 377 2 399 63
phone 0.0054 254 0 314 11
phone 0.0054 341 137 358 168
phone 0.0054 331 0 391 11
phone 0.0054 255 255 313 266
phone 0.0054 330 253 392 266
phone 0.0054 222 0 285 44
phone 0.0053 331 0 361 47
phone 0.0053 83 0 93 12
phone 0.0053 52 96 85 154
phone 0.0053 376 48 399 109
phone 0.0053 100 0 130 31
phone 0.0053 236 35 270 92
phone 0.0053 0 148 53 194
phone 0.0053 111 14 127 45
phone 0.0053 270 0 299 31
phone 0.0053 72 0 104 17
phone 0.0053 376 264 399 266
phone 0.0053 239 248 268 266
phone 0.0053 295 72 327 94
phone 0.0053 85 0 115 16
phone 0.0053 0 194 53 241
phone 0.0053 223 248 253 266
phone 0.0053 361 65 392 124
phone 0.0053 95 0 112 29
phone 0.0053 316 0 376 26
phone 0.0053 299 237 362 266
phone 0.0053 377 0 399 17
phone 0.0053 362 34 392 93
phone 0.0053 260 108 270 120
phone 0.0053 299 65 331 123
phone 0.0053 54 249 84 266
phone 0.0053 41 79 73 102
phone 0.0053 188 55 219 80
phone 0.0053 99 8 108 20
phone 0.0052 177 0 207 31
phone 0.0052 220 190 255 245
phone 0.0052 376 79 399 140
phone 0.0052 116 0 145 16
phone 0.0052 80 0 96 21
phone 0.0052 53 85 62 97
phone 0.0052 146 0 176 31
phone 0.0052 360 146 369 159
phone 0.0052 131 0 161 31
phone 0.0052 69 264 100 266
phone 0.0052 285 0 315 31
phone 0.0052 306 77 316 89
phone 0.0052 285 0 345 11
phone 0.0052 8 53 68 105
phone 0.0052 49 87 81 110
phone 0.0052 236 175 270 229
phone 0.0052 303 68 319 98
phone 0.0052 357 137 373 167
phone 0.0052 254 0 284 31
phone 0.0052 330 92 339 105
phone 0.0052 178 254 237 266
phone 0.0052 126 6 143 37
phone 0.0052 114 23 123 36
phone 0.0052 0 178 36 227
phone 0.0052 287 64 320 87
phone 0.0052 250 193 280 219
phone 0.0052 60 92 69 105
phone 0.0052 130 15 139 28
phone 0.0052 250 154 280 181
phone 0.0052 208 0 238 16
phone 0.0052 223 0 253 16
phone 0.0052 195 51 212 84
phone 0.0052 76 8 85 20
phone 0.0052 299 69 308 82
phone 0.0052 318 187 350 210
phone 0.0052 300 265 330 266
phone 0.0051 260 115 270 128
phone 0.0051 0 264 23 266
phone 0.0051 239 0 268 16
phone 0.0051 376 218 399 266
phone 0.0051 193 0 222 16
phone 0.0051 22 49 54 109
phone 0.0051 300 234 330 266
phone 0.0051 314 174 346 231
phone 0.0051 376 172 399 232
phone 0.0051 162 0 192 16
phone 0.0051 347 0 376 16
phone 0.0051 300 0 330 31
phone 0.0051 285 221 345 266
phone 0.0051 345 154 354 166
phone 0.0051 57 83 73 114
phone 0.0051 254 249 284 266
phone 0.0051 345 123 354 135
phone 0.0051 329 192 339 205
phone 0.0051 91 0 100 12
phone 0.0051 331 249 361 266
phone 0.0051 7 157 38 216
phone 0.0051 346 210 399 256
phone 0.0051 7 188 38 247
phone 0.0051 0 255 36 266
phone 0.0051 41 29 58 60
phone 0.0051 301 255 360 266
phone 0.0051 34 60 50 91
phone 0.0051 295 60 311 91
phone 0.0051 37 69 46 82
phone 0.0051 0 209 36 257
phone 0.0051 376 0 399 1
phone 0.0051 326 183 342 214
phone 0.0051 346 265 376 266
phone 0.0050 118 6 135 37
phone 0.0050 238 0 269 46
phone 0.0050 187 51 204 84
phone 0.0050 45 38 54 51
phone 0.0050 330 96 362 154
phone 0.0050 346 249 377 266
phone 0.0050 33 41 66 64
phone 0.0050 331 188 361 247
phone 0.0050 208 248 238 266
