phone 0.9283 82 137 196 331
phone 0.1013 48 147 151 320
phone 0.0996 90 95 206 264
phone 0.0926 111 165 228 343
phone 0.0740 78 80 269 327
phone 0.0695 74 200 178 368
phone 0.0423 112 85 240 201
phone 0.0422 95 51 206 181
phone 0.0409 40 113 139 238
phone 0.0394 13 105 180 350
phone 0.0391 32 195 128 342
phone 0.0367 68 13 174 150
phone 0.0327 158 186 249 321
phone 0.0292 50 0 136 104
phone 0.0292 130 139 245 275
phone 0.0281 75 80 177 206
phone 0.0270 88 148 166 267
phone 0.0266 172 146 265 298
phone 0.0257 37 36 142 184
phone 0.0257 147 104 271 237
phone 0.0243 185 207 291 372
phone 0.0243 24 0 95 111
phone 0.0240 21 166 109 310
phone 0.0233 135 257 224 369
phone 0.0224 99 263 195 361
phone 0.0210 0 0 66 108
phone 0.0209 32 223 97 315
phone 0.0207 62 23 239 254
phone 0.0204 98 217 186 321
phone 0.0199 13 61 107 217
phone 0.0199 151 210 224 297
phone 0.0198 0 102 94 299
phone 0.0196 44 196 117 281
phone 0.0196 73 218 149 320
phone 0.0193 43 249 117 320
phone 0.0190 134 253 211 316
phone 0.0184 168 231 238 306
phone 0.0178 59 183 132 263
phone 0.0175 43 238 148 361
phone 0.0174 109 181 175 265
phone 0.0171 46 175 247 393
phone 0.0167 145 182 230 263
phone 0.0165 0 184 75 336
phone 0.0163 76 276 146 354
phone 0.0159 0 128 44 273
phone 0.0158 8 0 172 237
phone 0.0157 171 153 236 231
phone 0.0156 123 36 299 184
phone 0.0156 181 202 256 274
phone 0.0155 46 166 114 248
phone 0.0150 57 212 135 295
phone 0.0146 0 24 72 191
phone 0.0146 132 13 234 150
phone 0.0137 155 256 190 312
phone 0.0136 56 264 135 335
phone 0.0132 99 216 154 291
phone 0.0132 0 48 41 166
phone 0.0132 82 0 219 104
phone 0.0129 180 74 299 204
phone 0.0127 32 267 129 393
phone 0.0126 62 255 98 313
phone 0.0125 0 254 62 375
phone 0.0125 185 171 253 244
phone 0.0124 0 223 44 344
phone 0.0123 93 46 160 123
phone 0.0123 12 236 87 301
phone 0.0123 30 182 99 263
phone 0.0122 82 23 141 114
phone 0.0121 183 222 223 284
phone 0.0121 60 158 132 226
phone 0.0120 0 95 61 227
phone 0.0120 217 154 299 291
phone 0.0119 150 144 226 209
phone 0.0117 41 285 119 345
phone 0.0117 78 282 175 399
phone 0.0115 159 264 248 396
phone 0.0114 45 222 84 285
phone 0.0113 188 122 281 261
phone 0.0113 170 269 206 330
phone 0.0112 109 287 144 343
phone 0.0110 201 225 236 282
phone 0.0108 43 0 258 156
phone 0.0107 88 299 165 362
phone 0.0106 18 127 112 256
phone 0.0106 93 285 129 345
phone 0.0106 73 143 149 210
phone 0.0106 11 206 88 270
phone 0.0106 185 162 221 222
phone 0.0105 168 222 208 284
phone 0.0104 76 193 115 252
phone 0.0104 0 54 54 115
phone 0.0103 117 96 197 165
phone 0.0102 60 207 100 269
phone 0.0100 215 252 284 316
phone 0.0100 186 255 220 313
phone 0.0100 139 124 299 337
phone 0.0100 29 263 101 336
phone 0.0100 0 220 37 287
phone 0.0099 0 253 39 315
phone 0.0099 93 18 160 89
phone 0.0099 32 241 66 297
phone 0.0098 90 80 162 150
phone 0.0098 168 283 239 347
phone 0.0098 181 253 257 316
phone 0.0097 0 287 56 342
phone 0.0097 115 298 200 399
phone 0.0096 40 9 120 67
phone 0.0096 169 129 237 193
phone 0.0095 0 129 53 193
phone 0.0094 61 177 99 237
phone 0.0094 63 287 97 343
phone 0.0094 45 142 116 211
phone 0.0093 200 193 237 252
phone 0.0093 77 271 113 328
phone 0.0093 0 105 1 235
phone 0.0092 0 174 37 240
phone 0.0092 95 326 158 399
phone 0.0092 0 9 55 67
phone 0.0091 30 318 100 373
phone 0.0090 0 100 55 160
phone 0.0090 219 115 299 223
phone 0.0090 108 55 144 113
phone 0.0089 185 146 253 207
phone 0.0089 227 223 299 284
phone 0.0088 237 115 270 138
phone 0.0088 245 111 261 142
phone 0.0088 13 5 86 71
phone 0.0088 40 42 121 95
phone 0.0088 113 365 171 399
phone 0.0087 201 163 235 221
phone 0.0087 228 191 299 254
phone 0.0087 78 163 113 220
phone 0.0086 230 61 262 84
phone 0.0086 164 100 243 161
phone 0.0086 93 38 129 99
phone 0.0085 170 148 205 204
phone 0.0085 28 158 101 226
phone 0.0085 89 252 133 316
phone 0.0085 0 239 20 298
phone 0.0085 195 46 274 183
phone 0.0085 155 286 189 343
phone 0.0084 248 120 258 133
phone 0.0084 122 46 192 123
phone 0.0084 0 270 72 329
phone 0.0084 232 255 266 313
phone 0.0084 0 133 0 270
phone 0.0084 186 286 220 343
phone 0.0084 45 253 84 315
phone 0.0083 32 210 66 266
phone 0.0083 0 161 0 303
phone 0.0083 237 57 254 88
phone 0.0083 74 314 148 378
phone 0.0083 199 22 231 46
phone 0.0083 79 25 112 81
phone 0.0082 0 303 69 357
phone 0.0082 111 362 142 399
phone 0.0082 107 105 176 187
phone 0.0082 0 226 76 281
phone 0.0082 183 191 223 254
phone 0.0081 241 66 250 79
phone 0.0081 167 66 240 133
phone 0.0081 105 34 178 104
phone 0.0081 186 132 220 190
phone 0.0081 0 147 37 206
phone 0.0080 46 193 83 252
phone 0.0080 133 79 212 151
phone 0.0080 2 116 35 175
phone 0.0080 59 50 132 118
phone 0.0080 0 208 20 267
phone 0.0080 201 256 235 312
phone 0.0080 2 71 35 128
phone 0.0080 29 53 101 116
phone 0.0080 147 114 229 177
phone 0.0079 9 177 90 237
phone 0.0079 43 69 118 130
phone 0.0079 199 158 270 225
phone 0.0079 57 131 134 191
phone 0.0079 167 192 209 253
phone 0.0079 230 46 262 69
phone 0.0079 75 224 116 283
phone 0.0079 58 297 133 364
phone 0.0079 201 96 268 164
phone 0.0079 170 314 237 377
phone 0.0079 142 362 173 399
phone 0.0079 100 171 153 243
phone 0.0078 109 86 143 143
phone 0.0078 206 18 223 50
phone 0.0078 49 316 81 375
phone 0.0078 241 51 250 63
phone 0.0078 226 244 299 339
phone 0.0078 82 366 140 399
phone 0.0078 214 203 285 273
phone 0.0077 137 313 208 378
phone 0.0077 238 42 254 72
phone 0.0077 93 148 128 204
phone 0.0077 152 224 193 283
phone 0.0077 200 129 268 193
phone 0.0077 202 281 267 349
phone 0.0077 186 295 251 365
phone 0.0077 179 117 258 175
phone 0.0076 128 7 187 69
phone 0.0076 16 282 83 399
phone 0.0076 64 317 97 374
phone 0.0076 96 362 127 399
phone 0.0076 235 160 295 223
phone 0.0076 63 10 97 66
phone 0.0076 0 162 20 221
phone 0.0076 139 272 174 327
phone 0.0076 0 188 54 258
phone 0.0076 0 0 31 101
phone 0.0076 0 104 18 217
phone 0.0075 210 28 220 40
phone 0.0075 197 217 271 289
phone 0.0075 0 115 72 176
phone 0.0075 199 18 216 50
phone 0.0075 0 270 19 328
phone 0.0075 108 24 144 82
phone 0.0075 150 0 217 74
phone 0.0075 49 335 112 387
phone 0.0074 105 60 178 139
phone 0.0074 105 313 179 378
phone 0.0074 110 332 143 390
phone 0.0074 94 8 128 67
phone 0.0074 79 0 143 60
phone 0.0073 184 342 200 372
phone 0.0073 0 138 20 184
phone 0.0073 176 345 208 369
phone 0.0073 0 87 75 143
phone 0.0073 63 148 97 205
phone 0.0073 45 111 116 180
phone 0.0072 230 42 246 73
phone 0.0072 248 241 281 297
phone 0.0072 124 287 159 342
phone 0.0072 0 131 3 191
phone 0.0072 222 30 254 53
phone 0.0072 140 332 174 390
phone 0.0072 33 252 88 379
phone 0.0071 2 0 35 52
phone 0.0071 248 179 282 236
phone 0.0071 63 56 97 112
phone 0.0071 222 305 277 355
phone 0.0071 2 40 35 97
phone 0.0071 32 9 66 66
phone 0.0071 18 301 50 360
phone 0.0071 94 332 127 390
phone 0.0071 78 0 112 50
phone 0.0071 139 102 175 158
phone 0.0071 76 62 146 137
phone 0.0070 233 51 243 64
phone 0.0070 236 274 294 325
phone 0.0070 128 351 186 399
phone 0.0070 71 116 151 175
phone 0.0070 187 351 197 364
phone 0.0070 140 302 174 359
phone 0.0070 197 185 271 260
phone 0.0070 115 141 199 244
phone 0.0069 233 36 243 48
phone 0.0069 31 79 99 151
phone 0.0069 13 66 86 133
phone 0.0069 216 267 283 393
phone 0.0069 94 117 159 205
phone 0.0069 17 271 51 328
phone 0.0068 230 26 246 57
phone 0.0068 140 34 205 104
phone 0.0068 202 132 235 189
phone 0.0068 202 28 212 40
phone 0.0068 48 164 82 220
phone 0.0068 29 126 101 196
phone 0.0068 268 100 299 122
phone 0.0068 32 0 98 49
phone 0.0068 78 56 112 112
phone 0.0068 125 332 158 390
phone 0.0068 33 301 66 359
phone 0.0068 249 148 281 205
phone 0.0068 201 286 235 343
phone 0.0068 217 101 251 159
phone 0.0068 55 101 136 160
phone 0.0068 279 105 289 117
phone 0.0068 180 83 257 147
phone 0.0068 248 127 299 256
phone 0.0067 93 0 160 43
phone 0.0067 13 97 86 163
phone 0.0067 32 271 66 328
phone 0.0067 235 300 265 360
phone 0.0067 247 210 282 266
phone 0.0067 117 235 167 303
phone 0.0067 217 132 251 189
phone 0.0067 17 241 51 296
phone 0.0066 0 159 71 224
phone 0.0066 235 337 295 385
phone 0.0066 217 285 251 344
phone 0.0066 186 102 220 158
phone 0.0066 0 85 19 144
phone 0.0066 124 101 159 159
phone 0.0066 276 96 292 126
phone 0.0066 217 163 251 220
phone 0.0065 48 55 82 113
phone 0.0065 48 286 82 343
phone 0.0065 250 300 280 360
phone 0.0065 155 103 190 157
phone 0.0065 155 317 189 374
phone 0.0065 0 11 19 125
phone 0.0065 128 0 186 37
phone 0.0065 0 45 20 92
phone 0.0065 4 300 34 361
phone 0.0065 206 67 263 131
phone 0.0065 250 270 280 328
phone 0.0064 157 333 219 389
phone 0.0064 268 96 285 126
phone 0.0064 272 105 281 117
phone 0.0064 90 177 131 237
phone 0.0064 47 10 82 66
phone 0.0064 0 0 69 46
phone 0.0064 32 39 66 98
phone 0.0064 10 145 89 208
phone 0.0064 172 9 204 67
phone 0.0064 190 336 247 386
phone 0.0064 78 302 112 358
phone 0.0064 253 100 285 122
phone 0.0064 80 331 112 390
phone 0.0063 184 22 215 47
phone 0.0063 265 163 296 220
phone 0.0063 157 363 188 399
phone 0.0063 281 367 299 399
phone 0.0063 280 332 299 399
phone 0.0063 252 261 285 284
phone 0.0063 143 367 202 399
phone 0.0063 185 71 220 128
phone 0.0063 139 40 174 97
phone 0.0063 59 0 132 42
phone 0.0063 250 331 280 390
phone 0.0063 261 258 276 287
phone 0.0063 0 0 4 99
phone 0.0063 189 330 219 391
phone 0.0062 17 117 51 174
phone 0.0062 2 333 67 399
phone 0.0062 119 121 195 202
phone 0.0062 32 180 66 235
phone 0.0062 78 133 112 189
phone 0.0062 0 269 3 330
phone 0.0062 170 103 205 158
phone 0.0062 296 362 299 399
phone 0.0062 135 239 178 299
phone 0.0062 184 15 255 152
phone 0.0062 4 368 65 399
phone 0.0062 124 25 159 82
phone 0.0061 261 96 277 126
phone 0.0061 17 24 51 82
phone 0.0061 229 76 262 99
phone 0.0061 264 105 273 117
phone 0.0061 221 45 299 165
phone 0.0061 249 273 299 387
phone 0.0061 264 266 274 279
phone 0.0061 171 301 205 359
phone 0.0061 295 332 299 399
phone 0.0061 0 367 19 399
phone 0.0061 0 332 20 399
phone 0.0061 220 30 279 77
phone 0.0061 142 0 173 51
phone 0.0061 206 320 262 371
phone 0.0061 63 86 97 143
phone 0.0061 0 15 19 61
phone 0.0060 250 45 299 92
phone 0.0060 232 147 266 206
phone 0.0060 220 353 280 399
phone 0.0060 250 322 299 369
phone 0.0060 253 258 299 309
phone 0.0060 245 277 277 299
phone 0.0060 218 0 282 110
phone 0.0060 0 275 19 385
phone 0.0060 0 223 4 283
phone 0.0060 191 18 208 51
phone 0.0060 17 210 51 266
phone 0.0060 0 122 22 284
phone 0.0060 232 209 267 267
phone 0.0060 253 273 269 303
phone 0.0060 249 11 299 125
phone 0.0060 153 14 185 39
phone 0.0060 266 60 299 108
phone 0.0060 18 362 50 399
phone 0.0059 250 367 299 399
phone 0.0059 34 362 65 399
phone 0.0059 0 307 19 353
phone 0.0059 0 363 4 399
phone 0.0059 241 187 299 319
phone 0.0059 238 72 254 104
phone 0.0059 265 300 295 359
phone 0.0059 17 87 51 143
phone 0.0059 80 362 111 399
phone 0.0059 109 116 143 175
phone 0.0059 35 368 95 399
phone 0.0058 48 86 82 144
phone 0.0058 266 0 299 30
phone 0.0058 256 282 266 294
phone 0.0058 174 14 233 62
phone 0.0058 155 40 189 97
phone 0.0058 49 362 81 399
phone 0.0058 251 290 299 339
phone 0.0058 0 300 3 360
phone 0.0058 170 0 237 97
phone 0.0058 155 46 221 122
phone 0.0058 217 240 251 297
phone 0.0058 204 331 234 391
phone 0.0058 266 107 299 154
phone 0.0058 235 24 265 82
phone 0.0058 3 362 35 399
phone 0.0058 130 174 183 241
phone 0.0058 17 0 51 51
phone 0.0058 235 347 265 399
phone 0.0058 265 42 299 156
phone 0.0058 241 82 250 94
phone 0.0058 32 71 66 128
phone 0.0058 63 117 97 174
phone 0.0058 219 24 250 82
phone 0.0058 281 76 299 123
phone 0.0058 250 23 280 82
phone 0.0058 117 158 167 226
phone 0.0057 266 29 299 77
phone 0.0057 265 353 299 399
phone 0.0057 169 221 199 247
phone 0.0057 0 54 3 114
phone 0.0057 0 100 3 160
phone 0.0057 203 332 267 399
phone 0.0057 250 0 299 64
phone 0.0057 265 240 296 298
phone 0.0057 0 0 18 32
phone 0.0057 281 137 299 185
phone 0.0057 251 91 299 139
phone 0.0057 109 0 143 36
phone 0.0057 280 27 299 141
phone 0.0057 221 85 278 145
phone 0.0057 92 29 123 55
phone 0.0056 220 315 249 376
phone 0.0056 32 102 66 159
phone 0.0056 260 246 293 269
phone 0.0056 281 45 299 93
phone 0.0056 266 269 295 329
phone 0.0056 19 331 49 391
phone 0.0056 280 104 299 217
phone 0.0056 264 89 299 202
phone 0.0056 236 76 294 124
phone 0.0056 280 0 299 64
phone 0.0056 174 367 233 399
phone 0.0056 93 70 128 128
phone 0.0056 94 118 128 173
phone 0.0056 65 362 96 399
phone 0.0056 0 337 3 385
phone 0.0056 93 0 128 36
phone 0.0056 230 57 246 89
phone 0.0056 160 10 177 43
phone 0.0056 187 9 219 66
phone 0.0056 125 0 158 51
phone 0.0056 0 215 4 261
phone 0.0056 0 161 4 222
phone 0.0056 263 194 297 251
phone 0.0056 0 192 4 252
phone 0.0055 203 9 235 67
phone 0.0055 281 100 299 159
phone 0.0055 269 242 284 272
phone 0.0055 220 60 279 109
phone 0.0055 190 28 248 79
phone 0.0055 296 69 299 129
phone 0.0055 172 363 204 399
phone 0.0055 201 102 235 158
phone 0.0055 190 52 248 116
phone 0.0055 296 0 299 64
phone 0.0055 171 39 205 98
phone 0.0055 0 246 4 292
phone 0.0055 204 14 264 62
phone 0.0055 296 131 299 190
phone 0.0055 297 0 299 30
phone 0.0055 176 342 192 373
phone 0.0055 187 363 219 399
phone 0.0054 47 133 82 189
phone 0.0054 201 71 236 127
phone 0.0054 272 251 281 264
phone 0.0054 250 70 281 128
phone 0.0054 296 100 299 160
phone 0.0054 282 183 299 231
phone 0.0054 296 39 299 98
phone 0.0054 234 55 265 113
phone 0.0054 99 25 116 58
phone 0.0054 17 179 51 235
phone 0.0054 281 322 299 369
phone 0.0054 278 149 299 264
phone 0.0054 237 92 269 115
phone 0.0053 281 260 299 308
phone 0.0053 195 28 204 40
phone 0.0053 296 168 299 216
phone 0.0053 138 71 176 128
phone 0.0053 221 112 278 178
phone 0.0053 17 148 51 205
phone 0.0053 281 285 299 344
phone 0.0053 203 363 235 399
phone 0.0053 78 87 112 143
phone 0.0053 0 31 14 188
phone 0.0053 31 0 67 36
phone 0.0053 150 178 194 237
phone 0.0053 264 242 299 356
phone 0.0053 295 119 299 233
phone 0.0053 233 66 243 79
phone 0.0053 280 227 299 340
phone 0.0053 251 0 280 37
phone 0.0053 0 289 4 399
phone 0.0053 220 0 279 30
phone 0.0052 123 56 160 112
phone 0.0052 0 0 2 31
phone 0.0052 159 0 217 30
phone 0.0052 179 351 189 364
phone 0.0052 0 30 3 77
phone 0.0052 296 193 299 252
phone 0.0052 233 101 266 159
phone 0.0052 295 73 299 186
phone 0.0052 100 167 130 193
phone 0.0052 88 206 134 270
phone 0.0052 0 105 4 216
phone 0.0052 296 316 299 375
phone 0.0051 296 254 299 313
phone 0.0051 219 346 250 399
phone 0.0051 200 334 215 364
phone 0.0051 251 137 299 185
phone 0.0051 46 0 83 36
phone 0.0051 164 20 173 33
phone 0.0051 268 211 299 265
phone 0.0051 175 217 193 251
phone 0.0051 191 338 224 361
phone 0.0051 263 158 299 287
phone 0.0051 245 88 262 119
phone 0.0051 295 27 299 140
phone 0.0051 202 343 212 356
phone 0.0051 216 210 252 266
phone 0.0051 32 148 66 204
phone 0.0051 146 305 176 332
phone 0.0051 282 229 299 278
phone 0.0050 219 55 250 113
phone 0.0050 0 337 33 385
phone 0.0050 0 179 20 350
phone 0.0050 235 0 264 37
phone 0.0050 174 0 203 37
