phone 0.9371 48 64 359 188
phone 0.1548 121 10 383 196
phone 0.1274 121 101 331 198
phone 0.0642 64 84 229 176
phone 0.0573 240 114 336 198
phone 0.0442 92 46 229 204
phone 0.0415 62 62 168 187
phone 0.0373 10 12 280 193
phone 0.0356 188 78 317 202
phone 0.0307 263 98 366 213
phone 0.0276 276 123 353 188
phone 0.0257 135 68 278 212
phone 0.0229 281 126 318 185
phone 0.0214 303 103 399 220
phone 0.0207 88 103 172 178
phone 0.0189 124 106 229 236
phone 0.0178 34 51 129 159
phone 0.0177 61 91 138 158
phone 0.0171 296 127 333 184
phone 0.0169 86 113 190 260
phone 0.0167 34 59 255 261
phone 0.0161 105 118 186 193
phone 0.0159 213 47 350 171
phone 0.0159 186 10 324 156
phone 0.0147 285 131 362 240
phone 0.0139 251 20 391 190
phone 0.0137 8 9 90 136
phone 0.0137 265 127 302 184
phone 0.0135 211 121 295 190
phone 0.0130 341 72 399 199
phone 0.0130 59 12 162 144
phone 0.0128 96 95 134 155
phone 0.0128 151 136 232 207
phone 0.0125 224 100 313 181
phone 0.0124 83 108 310 255
phone 0.0122 82 96 116 154
phone 0.0119 155 121 259 251
phone 0.0118 122 136 200 206
phone 0.0118 219 124 318 247
phone 0.0115 0 68 62 194
phone 0.0113 139 0 245 144
phone 0.0111 347 118 399 254
phone 0.0110 227 142 311 200
phone 0.0107 362 184 399 250
phone 0.0107 173 170 272 265
phone 0.0107 111 110 149 170
phone 0.0106 183 109 293 232
phone 0.0106 130 173 224 265
phone 0.0104 93 0 168 117
phone 0.0103 274 3 371 145
phone 0.0101 250 127 287 184
phone 0.0100 19 90 118 220
phone 0.0099 0 124 86 248
phone 0.0099 0 263 40 265
phone 0.0098 254 153 346 265
phone 0.0097 50 141 149 261
phone 0.0097 0 0 39 0
phone 0.0097 78 122 152 189
phone 0.0097 312 141 399 262
phone 0.0096 307 60 385 189
phone 0.0095 139 150 214 223
phone 0.0091 6 58 70 130
phone 0.0091 357 151 399 221
phone 0.0091 291 110 370 171
phone 0.0090 154 167 229 237
phone 0.0090 171 99 274 182
phone 0.0090 109 171 182 265
phone 0.0090 126 126 164 185
phone 0.0090 313 143 347 199
phone 0.0089 93 136 167 206
phone 0.0088 168 153 246 220
phone 0.0087 126 0 197 106
phone 0.0087 180 140 265 202
phone 0.0086 108 153 184 220
phone 0.0084 316 96 376 153
phone 0.0084 341 170 399 233
phone 0.0084 125 204 197 260
phone 0.0084 235 127 271 184
phone 0.0083 123 169 199 235
phone 0.0081 245 157 323 216
phone 0.0081 93 188 168 246
phone 0.0080 298 157 332 215
phone 0.0080 21 65 55 123
phone 0.0080 295 186 366 248
phone 0.0079 115 60 206 160
phone 0.0079 233 201 305 264
phone 0.0079 3 172 74 231
phone 0.0079 311 136 381 206
phone 0.0079 143 143 179 199
phone 0.0078 249 185 319 249
phone 0.0078 188 218 258 265
phone 0.0078 0 26 47 161
phone 0.0078 215 156 292 216
phone 0.0078 98 127 131 184
phone 0.0077 76 171 154 232
phone 0.0077 32 172 106 232
phone 0.0077 173 142 210 199
phone 0.0077 233 171 305 232
phone 0.0076 36 65 70 122
phone 0.0076 111 9 180 86
phone 0.0076 67 81 101 137
phone 0.0076 158 142 195 200
phone 0.0076 282 157 316 215
phone 0.0076 329 112 362 168
phone 0.0075 82 23 148 104
phone 0.0075 189 143 224 199
phone 0.0074 31 140 106 202
phone 0.0074 101 3 159 62
phone 0.0074 361 119 399 192
phone 0.0074 1 139 75 203
phone 0.0074 329 188 394 246
phone 0.0073 15 156 92 217
phone 0.0073 113 19 147 77
phone 0.0073 130 202 161 262
phone 0.0073 146 222 208 265
phone 0.0073 333 110 389 170
phone 0.0073 217 185 290 249
phone 0.0073 45 110 124 171
phone 0.0072 46 155 122 218
phone 0.0072 36 0 121 117
phone 0.0072 52 190 116 244
phone 0.0072 266 202 333 263
phone 0.0072 16 124 91 188
phone 0.0072 6 64 39 123
phone 0.0072 2 107 74 173
phone 0.0072 100 207 161 258
phone 0.0071 374 173 399 231
phone 0.0071 253 0 317 94
phone 0.0071 23 38 84 88
phone 0.0071 145 203 177 262
phone 0.0071 53 23 115 72
phone 0.0071 342 0 399 149
phone 0.0070 276 89 353 161
phone 0.0070 14 94 92 155
phone 0.0070 294 78 366 141
phone 0.0070 68 8 131 56
phone 0.0070 198 171 278 232
phone 0.0070 252 158 285 215
phone 0.0069 176 0 239 80
phone 0.0069 116 0 176 44
phone 0.0069 64 137 135 205
phone 0.0069 23 191 84 242
phone 0.0069 146 0 207 26
phone 0.0069 28 78 110 140
phone 0.0069 174 174 209 230
phone 0.0069 0 0 41 32
phone 0.0069 317 207 374 257
phone 0.0069 254 221 314 265
phone 0.0069 193 0 252 43
phone 0.0068 160 204 193 261
phone 0.0068 268 3 300 61
phone 0.0068 145 0 208 60
phone 0.0068 113 142 147 199
phone 0.0068 0 0 56 109
phone 0.0068 267 158 301 215
phone 0.0068 38 34 69 92
phone 0.0068 312 112 347 168
phone 0.0067 313 188 347 246
phone 0.0067 114 188 147 246
phone 0.0067 69 18 100 77
phone 0.0067 219 128 256 184
phone 0.0067 267 188 301 246
phone 0.0067 54 187 84 247
phone 0.0067 252 204 285 261
phone 0.0067 223 0 284 42
phone 0.0067 220 218 287 265
phone 0.0067 128 158 162 214
phone 0.0067 301 23 360 73
phone 0.0066 85 3 115 61
phone 0.0066 0 156 45 217
phone 0.0066 175 204 208 261
phone 0.0066 206 0 270 77
phone 0.0066 328 142 363 199
phone 0.0066 161 0 192 30
phone 0.0065 111 161 141 188
phone 0.0065 146 0 176 30
phone 0.0065 205 204 239 260
phone 0.0065 84 0 146 41
phone 0.0065 99 188 131 246
phone 0.0065 270 8 329 57
phone 0.0065 314 34 346 92
phone 0.0065 159 173 193 230
phone 0.0065 0 192 52 242
phone 0.0065 144 173 178 230
phone 0.0065 190 0 256 111
phone 0.0065 362 222 399 265
phone 0.0064 299 18 331 76
phone 0.0064 282 188 316 246
phone 0.0064 190 204 224 261
phone 0.0064 298 188 331 246
phone 0.0064 330 80 361 138
phone 0.0064 0 154 56 265
phone 0.0063 162 0 222 10
phone 0.0063 238 0 269 46
phone 0.0063 208 0 268 26
phone 0.0063 223 0 254 46
phone 0.0063 69 187 100 247
phone 0.0063 53 33 85 92
phone 0.0063 21 158 54 215
phone 0.0063 193 0 253 10
phone 0.0063 278 44 351 113
phone 0.0063 0 125 45 186
phone 0.0063 363 0 399 88
phone 0.0063 161 0 223 43
phone 0.0063 221 204 255 260
phone 0.0063 331 202 361 263
phone 0.0063 236 158 270 214
phone 0.0063 0 93 45 156
phone 0.0062 296 131 326 157
phone 0.0062 236 204 270 261
phone 0.0062 131 0 191 10
phone 0.0062 23 34 53 92
phone 0.0062 284 221 347 265
phone 0.0062 205 144 239 198
phone 0.0062 284 3 315 61
phone 0.0062 100 0 161 26
phone 0.0062 128 19 163 76
phone 0.0062 100 0 130 46
phone 0.0062 347 202 376 263
phone 0.0062 177 0 207 30
phone 0.0062 254 0 284 46
phone 0.0062 39 186 69 248
phone 0.0062 269 217 299 265
phone 0.0062 239 0 299 26
phone 0.0062 331 39 391 87
phone 0.0062 224 0 283 10
phone 0.0061 83 187 115 247
phone 0.0061 189 174 224 230
phone 0.0061 363 51 399 106
phone 0.0061 270 255 329 265
phone 0.0061 238 0 300 58
phone 0.0061 131 0 161 31
phone 0.0061 177 0 237 26
phone 0.0061 52 158 85 214
phone 0.0061 97 34 132 92
phone 0.0060 331 8 391 56
phone 0.0060 98 158 132 214
phone 0.0060 118 158 135 192
phone 0.0060 254 0 314 41
phone 0.0060 193 0 222 16
phone 0.0060 208 0 238 16
phone 0.0060 270 0 329 26
phone 0.0060 51 127 85 183
phone 0.0060 100 0 160 10
phone 0.0060 285 217 315 265
phone 0.0060 347 208 399 256
phone 0.0060 21 127 55 184
phone 0.0060 39 42 99 116
phone 0.0060 223 0 285 106
phone 0.0060 301 0 360 41
phone 0.0060 135 169 164 196
phone 0.0060 254 0 314 10
phone 0.0059 314 0 378 106
phone 0.0059 36 158 70 214
phone 0.0059 361 0 399 42
phone 0.0059 39 8 99 56
phone 0.0059 8 186 38 248
phone 0.0059 223 0 253 16
phone 0.0059 23 186 53 248
phone 0.0059 67 112 101 168
phone 0.0059 237 237 301 265
phone 0.0059 116 0 145 31
phone 0.0059 346 34 377 92
phone 0.0059 314 237 377 265
phone 0.0059 284 0 346 74
phone 0.0059 82 127 116 184
phone 0.0059 70 0 130 10
phone 0.0059 8 24 68 72
phone 0.0059 239 0 268 16
phone 0.0059 54 0 114 41
phone 0.0059 328 173 362 230
phone 0.0059 346 24 399 72
phone 0.0059 67 158 101 214
phone 0.0058 70 0 130 26
phone 0.0058 7 0 70 28
phone 0.0058 284 249 315 265
phone 0.0058 374 142 399 199
phone 0.0058 270 0 299 31
phone 0.0058 114 237 177 265
phone 0.0058 6 207 16 220
phone 0.0058 39 0 99 10
phone 0.0058 0 234 40 265
phone 0.0058 5 142 39 200
phone 0.0058 0 202 27 224
phone 0.0058 347 2 376 62
phone 0.0058 36 127 70 184
phone 0.0058 254 0 284 16
phone 0.0058 39 0 99 26
phone 0.0058 330 34 361 92
phone 0.0058 302 127 320 161
phone 0.0058 376 201 399 263
phone 0.0058 96 154 126 180
phone 0.0058 84 237 147 265
phone 0.0058 377 2 399 62
phone 0.0058 285 0 345 10
phone 0.0057 375 110 399 170
phone 0.0057 209 239 267 265
phone 0.0057 8 0 68 10
phone 0.0057 3 198 19 228
phone 0.0057 53 236 116 265
phone 0.0057 285 0 315 31
phone 0.0057 316 0 376 26
phone 0.0057 344 126 378 185
phone 0.0057 80 85 111 111
phone 0.0057 51 65 86 122
phone 0.0057 331 2 361 62
phone 0.0057 330 233 361 265
phone 0.0057 331 264 361 265
phone 0.0057 82 158 116 214
phone 0.0057 5 111 39 169
phone 0.0057 316 0 345 46
phone 0.0057 205 174 239 229
phone 0.0057 22 0 85 43
phone 0.0057 300 0 330 46
phone 0.0057 313 81 347 137
phone 0.0056 316 0 376 10
phone 0.0056 54 2 84 62
phone 0.0056 21 96 55 153
phone 0.0056 131 264 161 265
phone 0.0056 84 253 146 265
phone 0.0056 100 0 130 15
phone 0.0056 138 109 184 171
phone 0.0056 346 264 376 265
phone 0.0056 22 236 85 265
phone 0.0056 300 255 360 265
phone 0.0056 268 237 331 265
phone 0.0056 361 0 399 11
phone 0.0056 36 97 70 153
phone 0.0056 66 49 102 108
phone 0.0056 70 0 99 46
phone 0.0056 0 0 36 11
phone 0.0056 115 264 146 265
phone 0.0056 85 0 115 15
phone 0.0056 315 264 346 265
phone 0.0056 376 33 399 93
phone 0.0056 114 253 177 265
phone 0.0056 362 83 399 135
phone 0.0056 53 252 116 265
phone 0.0056 221 158 255 214
phone 0.0055 69 0 99 15
phone 0.0055 100 264 130 265
phone 0.0055 0 52 36 106
phone 0.0055 0 173 24 230
phone 0.0055 54 0 84 15
phone 0.0055 85 264 115 265
phone 0.0055 22 252 85 265
phone 0.0055 69 264 99 265
phone 0.0055 0 0 23 1
phone 0.0055 146 233 176 265
phone 0.0055 146 264 176 265
phone 0.0055 68 221 131 265
phone 0.0055 87 81 104 114
phone 0.0055 330 253 393 265
phone 0.0055 300 249 331 265
phone 0.0055 52 97 85 152
phone 0.0055 301 217 330 265
phone 0.0055 145 253 208 265
phone 0.0055 54 264 84 265
phone 0.0055 300 0 330 15
phone 0.0055 141 165 158 200
phone 0.0055 84 191 145 265
phone 0.0055 23 0 53 16
phone 0.0055 194 255 252 265
phone 0.0055 364 261 399 265
phone 0.0054 39 0 68 15
phone 0.0054 0 0 22 16
phone 0.0054 0 81 24 138
phone 0.0054 192 249 222 265
phone 0.0054 37 221 100 265
phone 0.0054 300 264 330 265
phone 0.0054 100 218 130 265
phone 0.0054 316 0 345 15
phone 0.0054 208 249 238 265
phone 0.0054 346 233 377 265
phone 0.0054 173 184 203 211
phone 0.0054 39 0 68 46
phone 0.0054 39 264 69 265
phone 0.0054 361 254 399 265
phone 0.0054 315 233 346 265
phone 0.0054 331 0 361 15
phone 0.0054 24 0 53 46
phone 0.0054 100 249 130 265
phone 0.0054 346 0 376 16
phone 0.0054 238 253 300 265
phone 0.0054 0 264 23 265
phone 0.0053 330 222 393 265
phone 0.0053 269 249 300 265
phone 0.0053 23 264 53 265
phone 0.0053 85 249 115 265
phone 0.0053 7 221 69 265
phone 0.0053 284 264 315 265
phone 0.0053 161 0 192 0
phone 0.0053 238 264 269 265
phone 0.0053 177 0 208 0
phone 0.0053 102 150 120 184
phone 0.0053 153 21 230 106
phone 0.0053 376 63 399 124
phone 0.0053 223 249 253 265
phone 0.0052 69 249 99 265
phone 0.0052 146 0 177 0
phone 0.0052 192 0 223 0
phone 0.0052 150 177 180 203
phone 0.0052 253 264 284 265
phone 0.0052 54 249 84 265
phone 0.0052 130 0 161 0
phone 0.0052 115 249 146 265
phone 0.0052 207 0 238 0
phone 0.0052 344 158 378 215
phone 0.0052 0 39 54 87
phone 0.0052 223 264 254 265
phone 0.0052 223 0 254 0
phone 0.0052 376 0 399 16
phone 0.0052 269 264 300 265
phone 0.0052 0 254 36 265
phone 0.0052 238 0 269 0
phone 0.0052 115 0 146 0
phone 0.0052 39 249 69 265
phone 0.0052 150 84 180 111
phone 0.0052 253 0 285 0
phone 0.0051 346 0 399 25
phone 0.0051 161 264 192 265
phone 0.0051 346 240 399 265
phone 0.0051 376 263 399 265
phone 0.0051 0 0 22 46
phone 0.0051 0 33 23 92
phone 0.0051 100 0 131 0
phone 0.0051 0 9 53 56
phone 0.0051 122 169 131 181
phone 0.0051 269 0 300 0
phone 0.0051 207 264 238 265
phone 0.0051 23 249 53 265
phone 0.0051 257 72 342 147
phone 0.0051 176 238 239 265
phone 0.0051 84 0 115 0
phone 0.0051 255 233 284 265
phone 0.0051 133 165 151 199
phone 0.0050 284 0 315 0
phone 0.0050 0 248 23 265
phone 0.0050 69 0 100 0
phone 0.0050 211 200 241 227
phone 0.0050 125 158 143 192
phone 0.0050 84 218 115 265
phone 0.0050 53 0 84 0
