phone 0.7737 19 129 233 353
phone 0.7692 32 53 255 203
phone 0.0733 6 76 212 259
phone 0.0637 58 6 225 173
phone 0.0613 80 107 236 209
phone 0.0472 110 269 215 360
phone 0.0427 35 140 182 281
phone 0.0376 4 188 158 334
phone 0.0347 83 48 198 212
phone 0.0325 131 93 242 229
phone 0.0273 15 99 128 245
phone 0.0269 126 129 252 335
phone 0.0267 62 71 158 220
phone 0.0260 0 138 92 270
phone 0.0252 47 45 142 185
phone 0.0248 54 234 165 365
phone 0.0221 0 160 61 298
phone 0.0217 165 129 266 271
phone 0.0217 82 186 222 340
phone 0.0213 166 187 266 336
phone 0.0204 30 220 128 348
phone 0.0201 154 79 266 199
phone 0.0199 0 93 60 246
phone 0.0192 99 0 182 149
phone 0.0191 57 280 132 350
phone 0.0180 97 122 216 284
phone 0.0175 42 264 116 335
phone 0.0174 40 81 118 149
phone 0.0174 25 249 102 319
phone 0.0169 145 124 229 198
phone 0.0168 31 25 121 137
phone 0.0168 0 31 87 187
phone 0.0160 61 86 128 174
phone 0.0151 120 223 261 355
phone 0.0149 9 236 88 302
phone 0.0144 69 263 151 336
phone 0.0144 73 271 178 389
phone 0.0143 133 24 240 175
phone 0.0143 176 261 266 377
phone 0.0142 54 30 165 142
phone 0.0135 25 214 102 293
phone 0.0134 72 297 147 363
phone 0.0131 97 266 183 334
phone 0.0128 73 103 147 188
phone 0.0127 77 286 112 344
phone 0.0127 181 126 254 196
phone 0.0126 147 87 226 174
phone 0.0125 113 69 198 161
phone 0.0122 0 237 63 361
phone 0.0122 0 206 84 331
phone 0.0121 55 243 134 325
phone 0.0120 144 269 229 330
phone 0.0119 129 301 200 388
phone 0.0119 92 286 127 343
phone 0.0118 46 255 81 313
phone 0.0117 61 270 97 328
phone 0.0116 83 285 167 345
phone 0.0115 4 269 93 391
phone 0.0115 194 105 266 229
phone 0.0115 61 86 97 143
phone 0.0114 38 314 121 399
phone 0.0112 93 28 158 109
phone 0.0111 49 209 139 299
phone 0.0111 85 121 165 201
phone 0.0110 81 325 169 399
phone 0.0109 12 201 85 275
phone 0.0106 206 155 266 289
phone 0.0106 20 103 107 157
phone 0.0106 139 267 235 393
phone 0.0105 31 240 65 297
phone 0.0105 181 9 266 150
phone 0.0105 84 64 167 166
phone 0.0104 128 143 214 210
phone 0.0104 24 68 103 131
phone 0.0103 138 271 174 328
phone 0.0103 15 47 82 121
phone 0.0103 39 114 119 177
phone 0.0103 81 244 169 324
phone 0.0102 153 272 189 327
phone 0.0101 101 140 180 213
phone 0.0101 161 324 244 399
phone 0.0100 0 109 66 182
phone 0.0100 0 147 39 267
phone 0.0099 0 190 40 316
phone 0.0099 0 155 51 229
phone 0.0098 169 149 204 204
phone 0.0098 1 78 66 152
phone 0.0098 205 240 266 344
phone 0.0097 158 146 246 207
phone 0.0097 164 78 240 152
phone 0.0096 0 269 54 330
phone 0.0096 75 100 113 161
phone 0.0095 146 163 228 221
phone 0.0095 169 279 235 351
phone 0.0095 0 222 72 285
phone 0.0094 194 321 266 399
phone 0.0093 161 254 243 314
phone 0.0092 12 300 85 360
phone 0.0091 0 207 55 269
phone 0.0091 72 136 147 217
phone 0.0091 200 133 235 189
phone 0.0090 216 204 266 271
phone 0.0090 204 48 266 181
phone 0.0090 0 176 21 282
phone 0.0089 0 285 70 345
phone 0.0089 180 95 255 166
phone 0.0089 127 244 215 325
phone 0.0088 0 89 33 202
phone 0.0087 0 122 34 169
phone 0.0086 0 255 38 313
phone 0.0086 47 360 111 399
phone 0.0086 91 360 160 399
phone 0.0086 31 55 65 113
phone 0.0086 183 157 253 227
phone 0.0086 181 268 254 331
phone 0.0085 59 345 131 399
phone 0.0085 42 298 117 362
phone 0.0085 148 227 226 311
phone 0.0084 71 0 139 84
phone 0.0084 0 116 18 175
phone 0.0084 26 283 102 347
phone 0.0084 103 298 179 362
phone 0.0084 28 332 100 390
phone 0.0083 16 116 50 175
phone 0.0083 108 287 142 342
phone 0.0083 138 359 205 399
phone 0.0083 62 118 96 173
phone 0.0082 214 175 266 239
phone 0.0082 0 55 52 173
phone 0.0082 169 360 235 399
phone 0.0082 16 85 50 144
phone 0.0082 47 87 80 142
phone 0.0081 188 28 248 79
phone 0.0081 1 147 34 205
phone 0.0081 169 272 204 327
phone 0.0081 185 286 219 344
phone 0.0080 0 0 163 215
phone 0.0080 171 0 235 114
phone 0.0080 198 297 266 363
phone 0.0080 154 302 188 358
phone 0.0080 47 0 112 99
phone 0.0080 150 298 224 362
phone 0.0080 26 144 101 209
phone 0.0079 12 128 85 194
phone 0.0079 123 287 158 343
phone 0.0079 181 313 254 378
phone 0.0079 11 157 86 226
phone 0.0079 112 22 169 85
phone 0.0079 63 347 95 399
phone 0.0078 0 92 34 138
phone 0.0078 108 317 142 374
phone 0.0078 202 24 234 82
phone 0.0077 183 133 220 189
phone 0.0077 106 39 144 98
phone 0.0077 203 358 263 399
phone 0.0077 162 178 242 236
phone 0.0077 32 301 65 359
phone 0.0077 198 221 266 286
phone 0.0077 218 234 266 303
phone 0.0076 231 224 265 282
phone 0.0076 114 121 198 202
phone 0.0076 163 208 241 268
phone 0.0076 116 156 196 228
phone 0.0076 186 24 218 82
phone 0.0076 216 148 250 205
phone 0.0076 44 224 83 283
phone 0.0076 231 194 265 251
phone 0.0076 148 191 225 254
phone 0.0076 122 39 159 98
phone 0.0075 0 178 34 236
phone 0.0075 0 85 18 144
phone 0.0075 30 209 66 266
phone 0.0075 214 115 266 176
phone 0.0074 47 316 80 374
phone 0.0074 31 101 65 159
phone 0.0074 16 225 50 281
phone 0.0074 195 83 266 146
phone 0.0074 122 343 190 399
phone 0.0073 1 224 34 282
phone 0.0073 180 192 256 253
phone 0.0072 58 148 130 236
phone 0.0072 0 239 18 298
phone 0.0072 218 24 249 82
phone 0.0072 0 134 18 249
phone 0.0072 200 163 234 220
phone 0.0072 148 61 225 138
phone 0.0072 108 348 142 399
phone 0.0072 200 271 234 328
phone 0.0071 0 183 19 231
phone 0.0071 2 285 33 344
phone 0.0071 90 115 129 176
phone 0.0071 78 347 111 399
phone 0.0071 123 31 189 107
phone 0.0071 180 67 255 132
phone 0.0071 92 317 127 374
phone 0.0071 17 0 80 95
phone 0.0070 2 29 65 77
phone 0.0070 131 210 211 297
phone 0.0069 185 257 219 312
phone 0.0069 216 317 250 374
phone 0.0069 201 347 234 399
phone 0.0069 0 72 49 127
phone 0.0069 139 301 173 359
phone 0.0069 48 346 79 399
phone 0.0069 17 301 49 360
phone 0.0069 216 0 266 112
phone 0.0069 0 177 2 237
phone 0.0069 177 240 258 297
phone 0.0069 46 118 80 173
phone 0.0068 62 302 96 359
phone 0.0068 154 332 188 390
phone 0.0068 18 366 79 399
phone 0.0068 33 13 95 63
phone 0.0068 139 0 205 96
phone 0.0068 0 45 49 92
phone 0.0068 167 86 206 144
phone 0.0067 31 271 65 328
phone 0.0067 47 286 80 343
phone 0.0067 185 164 219 219
phone 0.0067 216 347 249 399
phone 0.0067 93 348 126 399
phone 0.0067 170 302 203 358
phone 0.0067 15 194 50 251
phone 0.0067 185 347 219 399
phone 0.0067 75 70 114 129
phone 0.0066 33 362 64 399
phone 0.0066 216 194 250 251
phone 0.0066 18 24 48 82
phone 0.0066 3 305 63 399
phone 0.0066 0 153 18 200
phone 0.0066 233 24 264 82
phone 0.0066 216 270 250 328
phone 0.0066 0 28 23 195
phone 0.0066 205 38 261 99
phone 0.0066 25 168 102 247
phone 0.0066 75 131 113 191
phone 0.0066 153 148 189 204
phone 0.0066 16 54 49 114
phone 0.0065 216 224 250 282
phone 0.0065 171 24 203 82
phone 0.0065 16 256 50 312
phone 0.0065 0 259 17 370
phone 0.0065 200 317 234 374
phone 0.0065 0 60 33 108
phone 0.0065 170 347 203 399
phone 0.0065 175 137 206 162
phone 0.0065 123 332 157 389
phone 0.0064 132 173 210 241
phone 0.0064 0 368 48 399
phone 0.0064 0 292 18 338
phone 0.0064 0 27 34 141
phone 0.0064 77 317 111 374
phone 0.0064 33 23 64 82
phone 0.0064 231 163 265 220
phone 0.0064 231 133 265 189
phone 0.0064 18 331 48 391
phone 0.0064 126 13 186 63
phone 0.0064 232 327 266 399
phone 0.0063 248 0 266 95
phone 0.0063 157 14 217 62
phone 0.0063 0 0 49 109
phone 0.0063 31 132 65 189
phone 0.0063 54 174 135 272
phone 0.0063 203 14 263 62
phone 0.0063 0 147 2 206
phone 0.0063 48 8 80 67
phone 0.0063 122 148 159 205
phone 0.0063 74 254 114 314
phone 0.0063 0 285 2 345
phone 0.0063 46 148 81 204
phone 0.0063 0 332 19 399
phone 0.0063 0 367 18 399
phone 0.0063 46 39 82 98
phone 0.0062 16 147 50 205
phone 0.0062 199 102 235 159
phone 0.0062 33 330 64 391
phone 0.0062 183 86 221 143
phone 0.0062 156 9 188 66
phone 0.0062 96 12 155 64
phone 0.0062 185 194 219 250
phone 0.0062 231 254 265 313
phone 0.0062 231 102 265 159
phone 0.0062 0 54 18 113
phone 0.0062 226 126 266 257
phone 0.0062 0 332 3 399
phone 0.0062 200 209 234 266
phone 0.0062 0 367 2 399
phone 0.0062 249 29 266 77
phone 0.0061 250 337 266 385
phone 0.0061 139 332 173 390
phone 0.0061 3 24 33 82
phone 0.0061 59 239 99 299
phone 0.0061 215 102 250 158
phone 0.0061 138 149 174 204
phone 0.0061 247 303 266 399
phone 0.0060 0 115 2 175
phone 0.0060 216 71 250 128
phone 0.0060 105 132 145 190
phone 0.0060 169 179 204 235
phone 0.0060 135 43 208 126
phone 0.0060 263 0 266 95
phone 0.0059 63 8 96 67
phone 0.0059 165 115 208 176
phone 0.0059 265 29 266 77
phone 0.0059 227 189 266 317
phone 0.0059 140 9 172 66
phone 0.0059 0 54 2 113
phone 0.0059 231 71 265 128
phone 0.0059 0 323 48 368
phone 0.0059 0 30 17 77
phone 0.0059 0 0 3 96
phone 0.0059 182 133 199 166
phone 0.0059 150 85 192 145
phone 0.0059 0 337 2 385
phone 0.0059 264 331 266 390
phone 0.0059 3 315 33 376
phone 0.0058 30 163 66 220
phone 0.0058 0 213 18 263
phone 0.0058 65 12 124 65
phone 0.0058 0 85 2 144
phone 0.0058 0 253 2 314
phone 0.0057 263 332 266 399
phone 0.0057 264 367 266 399
phone 0.0057 250 306 266 354
phone 0.0057 0 207 2 268
phone 0.0057 247 179 266 235
phone 0.0057 0 29 2 77
phone 0.0057 234 0 266 46
phone 0.0056 185 317 219 374
phone 0.0056 0 14 48 62
phone 0.0056 200 71 235 128
phone 0.0056 229 34 266 164
phone 0.0056 0 353 33 399
phone 0.0056 49 0 110 46
phone 0.0056 250 0 266 30
phone 0.0056 187 0 248 46
phone 0.0056 157 33 216 105
phone 0.0056 124 9 157 66
phone 0.0056 90 147 129 205
phone 0.0056 0 26 3 141
phone 0.0055 264 8 266 67
phone 0.0055 249 366 266 399
phone 0.0055 184 225 219 281
phone 0.0055 218 0 248 51
phone 0.0055 200 241 234 296
phone 0.0055 264 301 266 359
phone 0.0055 0 0 19 95
phone 0.0054 265 322 266 369
phone 0.0054 264 39 266 98
phone 0.0054 190 133 207 166
phone 0.0054 248 92 266 187
phone 0.0054 202 0 233 51
phone 0.0054 0 322 17 369
phone 0.0054 136 369 168 392
phone 0.0054 184 55 220 113
phone 0.0054 144 365 160 396
phone 0.0054 110 0 171 46
phone 0.0054 0 73 3 187
phone 0.0054 183 129 213 155
phone 0.0054 79 0 110 51
phone 0.0054 250 60 266 109
phone 0.0054 137 75 167 101
phone 0.0054 103 99 147 161
phone 0.0054 265 229 266 277
phone 0.0054 0 273 3 387
phone 0.0054 229 235 266 363
phone 0.0054 265 0 266 30
phone 0.0053 0 0 1 31
phone 0.0053 246 24 266 143
phone 0.0053 265 14 266 62
phone 0.0053 95 0 126 51
phone 0.0053 248 240 266 298
phone 0.0053 265 260 266 308
phone 0.0053 138 39 174 98
phone 0.0053 141 0 202 46
phone 0.0053 33 0 64 51
phone 0.0053 187 0 218 51
phone 0.0053 92 24 127 82
phone 0.0053 262 196 266 310
phone 0.0053 0 229 3 277
phone 0.0053 110 0 141 51
phone 0.0053 265 214 266 262
phone 0.0053 265 276 266 323
phone 0.0053 0 119 3 233
phone 0.0053 3 0 63 46
phone 0.0052 265 245 266 293
phone 0.0052 219 283 266 347
phone 0.0052 61 147 97 205
phone 0.0052 168 210 205 266
phone 0.0052 265 353 266 399
phone 0.0052 263 273 266 387
phone 0.0052 0 61 106 335
phone 0.0052 65 0 124 31
phone 0.0052 219 0 266 31
phone 0.0052 265 291 266 339
phone 0.0052 250 275 266 324
phone 0.0052 264 0 266 46
phone 0.0052 77 24 112 82
phone 0.0051 148 374 157 387
phone 0.0051 186 143 195 156
phone 0.0051 18 0 48 51
phone 0.0051 118 68 163 131
phone 0.0051 172 0 202 51
phone 0.0051 89 255 130 314
phone 0.0051 106 336 137 363
phone 0.0051 265 60 266 108
phone 0.0051 60 56 97 113
phone 0.0051 19 0 78 31
phone 0.0051 264 270 266 328
phone 0.0050 2 0 33 51
phone 0.0050 248 209 266 267
phone 0.0050 263 27 266 141
phone 0.0050 248 148 266 205
