phone 0.6674 115 62 324 224
phone 0.0470 126 135 276 231
phone 0.0451 119 78 233 234
phone 0.0285 190 84 315 197
phone 0.0267 101 148 185 230
phone 0.0218 149 40 265 210
phone 0.0205 207 107 299 175
phone 0.0194 177 114 298 229
phone 0.0186 65 0 284 222
phone 0.0186 87 69 198 210
phone 0.0178 31 89 129 240
phone 0.0149 133 131 220 213
phone 0.0148 125 18 227 171
phone 0.0147 225 62 352 209
phone 0.0139 193 141 282 202
phone 0.0132 12 59 95 191
phone 0.0132 167 152 247 222
phone 0.0132 65 135 154 245
phone 0.0124 60 26 160 188
phone 0.0123 0 74 66 207
phone 0.0123 160 3 254 155
phone 0.0122 142 140 242 264
phone 0.0119 159 112 255 201
phone 0.0118 47 171 152 266
phone 0.0117 174 170 271 266
phone 0.0115 226 105 312 237
phone 0.0114 231 124 306 188
phone 0.0113 340 43 399 177
phone 0.0113 121 171 201 233
phone 0.0112 225 97 312 154
phone 0.0112 189 7 287 181
phone 0.0110 13 173 94 266
phone 0.0110 254 137 345 266
phone 0.0109 136 93 217 189
phone 0.0109 217 24 320 165
phone 0.0107 92 137 168 206
phone 0.0106 234 112 272 169
phone 0.0106 19 90 88 161
phone 0.0105 113 187 210 266
phone 0.0105 128 158 163 215
phone 0.0104 269 108 361 235
phone 0.0103 225 170 313 266
phone 0.0101 257 43 343 176
phone 0.0100 91 90 170 161
phone 0.0100 103 0 189 158
phone 0.0099 0 0 39 1
phone 0.0098 220 153 287 221
phone 0.0098 250 107 319 175
phone 0.0096 356 73 399 207
phone 0.0096 0 107 57 175
phone 0.0095 198 174 278 231
phone 0.0095 0 263 41 266
phone 0.0094 283 76 378 204
phone 0.0093 153 169 230 236
phone 0.0092 361 106 399 175
phone 0.0092 251 128 285 184
phone 0.0091 143 158 179 215
phone 0.0091 217 126 258 186
phone 0.0091 77 121 152 191
phone 0.0090 36 96 70 154
phone 0.0089 8 110 100 232
phone 0.0089 119 209 149 234
phone 0.0089 266 186 334 249
phone 0.0088 187 219 258 266
phone 0.0088 107 73 184 147
phone 0.0086 50 73 119 147
phone 0.0086 61 220 138 266
phone 0.0085 359 80 393 139
phone 0.0085 236 144 270 199
phone 0.0085 67 57 132 132
phone 0.0085 74 190 156 245
phone 0.0084 0 127 49 262
phone 0.0084 282 155 348 219
phone 0.0084 189 158 225 215
phone 0.0084 244 83 325 137
phone 0.0083 33 218 105 266
phone 0.0083 126 205 143 238
phone 0.0083 158 159 194 215
phone 0.0083 267 112 301 169
phone 0.0083 312 40 380 179
phone 0.0082 106 101 185 181
phone 0.0082 175 16 239 81
phone 0.0082 113 159 147 215
phone 0.0082 265 63 335 125
phone 0.0081 295 124 365 188
phone 0.0081 250 202 319 264
phone 0.0080 199 203 277 263
phone 0.0080 202 142 242 201
phone 0.0079 72 159 158 215
phone 0.0079 53 237 116 266
phone 0.0079 221 174 254 230
phone 0.0078 139 218 214 266
phone 0.0078 178 35 399 235
phone 0.0078 109 217 182 266
phone 0.0078 251 98 286 152
phone 0.0078 21 96 55 154
phone 0.0077 139 56 214 133
phone 0.0077 8 159 69 214
phone 0.0077 0 35 54 171
phone 0.0077 0 141 59 201
phone 0.0076 282 189 316 246
phone 0.0075 37 188 69 247
phone 0.0075 36 165 102 239
phone 0.0074 309 109 382 172
phone 0.0074 239 23 298 74
phone 0.0074 146 8 207 58
phone 0.0074 172 43 242 116
phone 0.0074 263 140 336 203
phone 0.0074 38 55 100 103
phone 0.0074 248 170 321 234
phone 0.0074 237 0 301 108
phone 0.0074 99 23 161 73
phone 0.0074 98 39 162 120
phone 0.0073 7 70 69 119
phone 0.0073 38 21 100 137
phone 0.0073 129 215 139 228
phone 0.0073 316 77 375 143
phone 0.0073 69 39 131 88
phone 0.0072 267 89 332 161
phone 0.0072 14 126 93 186
phone 0.0072 221 218 286 266
phone 0.0072 52 188 85 246
phone 0.0072 82 65 117 123
phone 0.0072 62 107 137 175
phone 0.0072 61 139 138 204
phone 0.0072 175 174 209 230
phone 0.0072 51 81 86 139
phone 0.0072 296 90 365 160
phone 0.0071 205 205 239 261
phone 0.0071 144 24 209 104
phone 0.0071 282 81 316 139
phone 0.0071 23 35 85 153
phone 0.0071 282 8 371 135
phone 0.0071 67 81 101 138
phone 0.0071 128 234 194 266
phone 0.0071 253 19 284 77
phone 0.0071 82 220 116 266
phone 0.0071 325 91 397 159
phone 0.0071 96 198 165 266
phone 0.0070 53 6 115 121
phone 0.0070 130 0 192 91
phone 0.0070 344 80 378 139
phone 0.0070 298 143 331 200
phone 0.0070 23 65 54 123
phone 0.0070 161 4 192 62
phone 0.0070 177 237 238 266
phone 0.0070 165 73 249 179
phone 0.0070 115 19 146 77
phone 0.0070 52 219 85 266
phone 0.0070 267 204 300 262
phone 0.0070 54 50 84 108
phone 0.0070 249 46 319 112
phone 0.0070 69 233 100 266
phone 0.0070 192 0 253 42
phone 0.0070 348 67 399 123
phone 0.0069 82 235 148 266
phone 0.0069 84 0 146 106
phone 0.0069 22 157 54 217
phone 0.0069 230 60 307 129
phone 0.0069 84 34 115 92
phone 0.0069 98 190 131 245
phone 0.0069 374 96 399 154
phone 0.0069 313 127 347 185
phone 0.0069 332 130 390 182
phone 0.0069 236 173 270 231
phone 0.0068 97 128 132 184
phone 0.0068 38 65 69 123
phone 0.0068 269 32 331 95
phone 0.0068 162 0 223 94
phone 0.0068 213 69 293 151
phone 0.0068 133 205 151 238
phone 0.0068 34 138 104 205
phone 0.0068 224 8 283 58
phone 0.0068 50 151 118 223
phone 0.0068 68 49 100 108
phone 0.0068 48 123 121 189
phone 0.0068 6 96 39 154
phone 0.0068 129 188 162 247
phone 0.0067 146 3 176 62
phone 0.0067 0 0 41 32
phone 0.0067 21 51 195 266
phone 0.0067 144 189 178 246
phone 0.0067 271 224 328 266
phone 0.0067 98 220 131 266
phone 0.0067 193 0 254 97
phone 0.0066 144 220 178 266
phone 0.0066 31 108 107 173
phone 0.0066 113 188 147 246
phone 0.0066 100 19 130 77
phone 0.0066 267 82 301 138
phone 0.0066 115 9 177 57
phone 0.0066 208 0 238 46
phone 0.0066 221 205 255 261
phone 0.0066 286 72 344 147
phone 0.0065 112 97 148 153
phone 0.0065 282 50 316 107
phone 0.0065 192 0 222 46
phone 0.0065 161 0 223 42
phone 0.0065 209 238 267 266
phone 0.0065 238 3 269 62
phone 0.0065 112 128 148 184
phone 0.0065 142 217 173 242
phone 0.0065 79 72 151 148
phone 0.0065 159 220 193 266
phone 0.0065 176 3 208 62
phone 0.0065 205 174 239 230
phone 0.0065 129 220 162 266
phone 0.0064 118 205 135 238
phone 0.0064 0 178 52 226
phone 0.0064 208 28 268 99
phone 0.0064 316 0 376 41
phone 0.0064 254 9 315 57
phone 0.0064 208 233 238 266
phone 0.0064 331 9 391 57
phone 0.0064 279 106 351 175
phone 0.0064 130 19 162 77
phone 0.0064 175 220 208 266
phone 0.0064 330 55 392 103
phone 0.0064 251 157 286 216
phone 0.0064 362 146 399 197
phone 0.0063 54 24 115 72
phone 0.0063 346 126 376 186
phone 0.0063 150 94 366 266
phone 0.0063 299 0 361 74
phone 0.0063 159 189 193 246
phone 0.0063 6 21 70 136
phone 0.0063 82 190 116 245
phone 0.0063 298 65 331 124
phone 0.0063 7 157 38 217
phone 0.0063 192 233 223 266
phone 0.0063 330 66 362 123
phone 0.0063 270 0 330 42
phone 0.0063 330 21 393 136
phone 0.0063 282 111 316 170
phone 0.0062 269 19 300 77
phone 0.0062 149 212 166 246
phone 0.0062 316 25 375 72
phone 0.0062 287 207 343 258
phone 0.0062 85 9 145 57
phone 0.0062 208 0 268 26
phone 0.0062 284 9 346 57
phone 0.0062 177 0 237 26
phone 0.0062 67 205 101 261
phone 0.0062 23 40 84 88
phone 0.0062 131 0 191 42
phone 0.0062 329 112 362 169
phone 0.0062 313 0 379 106
phone 0.0062 223 0 283 11
phone 0.0062 239 0 299 41
phone 0.0062 346 3 376 62
phone 0.0062 285 218 315 266
phone 0.0061 252 189 285 246
phone 0.0061 313 81 347 139
phone 0.0061 237 237 301 266
phone 0.0061 112 50 148 108
phone 0.0061 318 146 374 197
phone 0.0061 267 174 301 231
phone 0.0061 282 143 316 200
phone 0.0061 222 3 254 62
phone 0.0061 5 127 39 184
phone 0.0061 52 157 85 216
phone 0.0061 362 0 399 88
phone 0.0061 125 38 196 120
phone 0.0061 254 0 314 26
phone 0.0061 331 179 391 226
phone 0.0061 300 0 360 26
phone 0.0061 37 142 70 200
phone 0.0061 331 0 361 47
phone 0.0061 346 49 376 108
phone 0.0061 316 0 345 47
phone 0.0061 301 240 360 266
phone 0.0061 113 219 147 266
phone 0.0061 37 219 69 266
phone 0.0060 254 0 314 11
phone 0.0060 70 18 99 78
phone 0.0060 331 0 391 26
phone 0.0060 8 192 68 243
phone 0.0060 193 0 253 11
phone 0.0060 126 97 164 154
phone 0.0060 270 0 299 47
phone 0.0060 329 146 393 258
phone 0.0060 285 3 315 62
phone 0.0060 98 159 131 214
phone 0.0060 361 0 399 42
phone 0.0060 236 204 270 262
phone 0.0060 156 212 173 246
phone 0.0060 190 189 224 246
phone 0.0060 242 78 273 103
phone 0.0060 24 9 83 57
phone 0.0060 331 19 361 77
phone 0.0060 154 125 199 187
phone 0.0060 187 49 258 140
phone 0.0059 137 215 147 228
phone 0.0059 300 0 330 47
phone 0.0059 346 172 376 231
phone 0.0059 223 233 253 266
phone 0.0059 362 52 399 106
phone 0.0059 223 0 253 31
phone 0.0059 312 108 380 234
phone 0.0059 39 34 69 93
phone 0.0059 300 203 330 263
phone 0.0059 0 112 24 169
phone 0.0059 254 0 284 47
phone 0.0059 239 0 269 16
phone 0.0059 54 18 84 78
phone 0.0058 316 0 376 11
phone 0.0058 22 187 54 247
phone 0.0058 254 0 284 16
phone 0.0058 239 233 269 266
phone 0.0058 8 24 68 72
phone 0.0058 315 234 346 266
phone 0.0058 147 0 207 26
phone 0.0058 21 128 55 184
phone 0.0058 285 0 345 11
phone 0.0058 267 142 301 201
phone 0.0058 267 51 301 107
phone 0.0058 0 0 40 77
phone 0.0058 100 0 160 42
phone 0.0058 270 256 330 266
phone 0.0058 265 124 295 150
phone 0.0058 82 128 116 184
phone 0.0058 269 0 299 16
phone 0.0058 101 242 174 266
phone 0.0057 331 141 361 201
phone 0.0057 97 97 132 154
phone 0.0057 375 64 399 124
phone 0.0057 158 35 194 92
phone 0.0057 177 0 207 31
phone 0.0057 364 262 399 266
phone 0.0057 362 238 399 266
phone 0.0057 162 0 222 11
phone 0.0057 316 209 375 257
phone 0.0057 208 0 238 16
phone 0.0057 8 0 68 42
phone 0.0057 249 74 266 107
phone 0.0057 238 265 269 266
phone 0.0057 85 3 115 62
phone 0.0057 143 34 178 93
phone 0.0057 0 143 24 200
phone 0.0057 285 0 315 31
phone 0.0057 52 127 85 184
phone 0.0057 39 3 68 62
phone 0.0057 131 0 161 47
phone 0.0057 205 35 239 92
phone 0.0057 67 173 101 231
phone 0.0056 361 0 399 11
phone 0.0056 141 212 158 246
phone 0.0056 0 234 41 266
phone 0.0056 82 159 116 215
phone 0.0056 0 0 36 11
phone 0.0056 376 125 399 187
phone 0.0056 174 35 209 92
phone 0.0056 70 0 130 42
phone 0.0056 122 215 131 228
phone 0.0056 24 3 53 62
phone 0.0056 24 256 83 266
phone 0.0056 0 210 53 256
phone 0.0056 315 253 377 266
phone 0.0056 38 249 69 266
phone 0.0056 67 142 101 200
phone 0.0056 193 0 222 16
phone 0.0056 376 2 399 63
phone 0.0056 0 172 27 194
phone 0.0056 190 35 224 92
phone 0.0056 331 0 361 16
phone 0.0056 39 0 99 42
phone 0.0056 330 237 393 266
phone 0.0056 361 254 399 266
phone 0.0055 284 249 315 266
phone 0.0055 346 0 376 16
phone 0.0055 116 0 176 26
phone 0.0055 316 0 345 16
phone 0.0055 162 0 192 31
phone 0.0055 300 0 330 16
phone 0.0055 0 84 52 136
phone 0.0055 131 0 191 11
phone 0.0055 254 233 284 266
phone 0.0055 23 34 53 93
phone 0.0055 116 0 145 47
phone 0.0055 331 203 361 262
phone 0.0055 297 96 332 154
phone 0.0055 0 0 22 16
phone 0.0055 253 265 284 266
phone 0.0055 153 223 162 235
phone 0.0055 0 0 23 1
phone 0.0055 0 9 53 57
phone 0.0054 3 168 19 198
phone 0.0054 0 0 22 47
phone 0.0054 269 249 300 266
phone 0.0054 8 241 68 266
phone 0.0054 7 203 38 262
phone 0.0054 97 50 132 108
phone 0.0054 6 177 16 189
phone 0.0054 100 0 130 47
phone 0.0054 8 0 68 11
phone 0.0054 303 176 358 228
phone 0.0054 315 19 346 77
phone 0.0054 362 192 399 266
phone 0.0054 100 0 160 11
phone 0.0054 346 264 376 266
phone 0.0054 300 265 330 266
phone 0.0054 284 265 315 266
phone 0.0054 23 233 53 266
phone 0.0054 146 0 176 31
phone 0.0054 85 0 145 26
phone 0.0054 346 25 399 72
phone 0.0053 331 265 361 266
phone 0.0053 315 265 346 266
phone 0.0053 126 217 157 242
phone 0.0053 269 265 300 266
phone 0.0053 116 27 175 101
phone 0.0053 297 138 364 266
phone 0.0053 347 164 399 210
phone 0.0053 145 254 208 266
phone 0.0053 238 254 300 266
phone 0.0053 218 64 250 87
phone 0.0053 376 33 399 94
phone 0.0053 23 0 83 26
phone 0.0053 376 264 399 266
phone 0.0053 0 40 52 88
phone 0.0053 70 0 130 11
phone 0.0053 54 0 84 47
phone 0.0053 70 0 99 47
phone 0.0053 39 0 99 11
phone 0.0053 54 0 114 26
phone 0.0053 160 223 170 235
phone 0.0052 361 157 392 216
phone 0.0052 376 0 399 17
phone 0.0052 157 216 188 242
phone 0.0052 316 172 345 232
phone 0.0052 300 250 330 266
phone 0.0052 272 120 289 154
phone 0.0052 67 112 101 169
phone 0.0052 222 39 284 119
phone 0.0052 80 245 96 266
phone 0.0052 131 0 161 16
phone 0.0052 360 178 399 226
phone 0.0052 331 234 361 266
phone 0.0052 115 265 146 266
phone 0.0052 376 248 399 266
phone 0.0052 346 249 376 266
phone 0.0052 223 265 253 266
phone 0.0051 238 0 269 0
phone 0.0051 72 248 104 266
phone 0.0051 298 173 331 231
phone 0.0051 253 0 284 1
phone 0.0051 23 0 53 16
phone 0.0051 116 0 145 16
phone 0.0051 316 203 346 262
phone 0.0051 223 0 254 0
phone 0.0051 176 254 239 266
phone 0.0051 269 0 300 1
phone 0.0051 287 45 343 112
phone 0.0051 100 265 130 266
phone 0.0051 299 19 331 77
phone 0.0051 82 97 116 153
phone 0.0051 346 219 376 266
phone 0.0051 207 0 238 0
phone 0.0051 207 254 270 266
phone 0.0051 100 0 130 16
phone 0.0051 362 264 392 266
phone 0.0051 8 34 38 92
phone 0.0051 134 208 165 235
phone 0.0051 170 142 213 201
phone 0.0050 131 265 161 266
phone 0.0050 192 0 223 0
phone 0.0050 284 0 315 1
phone 0.0050 253 85 262 97
phone 0.0050 85 0 115 16
phone 0.0050 250 66 286 123
phone 0.0050 331 172 361 231
phone 0.0050 83 254 93 266
phone 0.0050 177 0 208 0
phone 0.0050 54 0 84 16
