phone 0.7989 67 22 251 321
phone 0.1248 51 169 214 351
phone 0.0543 112 261 205 373
phone 0.0496 143 71 284 265
phone 0.0488 76 44 196 237
phone 0.0434 124 188 245 334
phone 0.0407 58 165 157 306
phone 0.0398 47 52 155 221
phone 0.0398 29 80 186 322
phone 0.0395 23 73 112 261
phone 0.0364 119 110 245 288
phone 0.0341 52 252 151 385
phone 0.0330 0 111 84 284
phone 0.0311 101 46 218 181
phone 0.0269 24 215 119 369
phone 0.0249 29 161 105 302
phone 0.0244 89 139 183 305
phone 0.0241 74 200 168 337
phone 0.0236 140 76 225 215
phone 0.0234 125 299 195 394
phone 0.0226 176 225 263 352
phone 0.0219 211 97 297 240
phone 0.0209 209 162 300 299
phone 0.0207 184 129 319 277
phone 0.0205 104 76 168 154
phone 0.0202 175 62 252 198
phone 0.0200 35 292 109 399
phone 0.0198 163 161 272 304
phone 0.0192 163 144 194 170
phone 0.0191 118 92 186 168
phone 0.0186 0 183 76 335
phone 0.0182 170 141 187 173
phone 0.0179 134 78 200 151
phone 0.0178 109 129 140 154
phone 0.0178 183 112 244 179
phone 0.0174 202 113 232 139
phone 0.0169 116 126 133 158
phone 0.0169 237 78 319 196
phone 0.0166 209 110 226 143
phone 0.0165 132 247 202 321
phone 0.0164 89 95 153 166
phone 0.0163 149 97 216 163
phone 0.0163 174 151 184 163
phone 0.0159 106 105 167 186
phone 0.0159 150 128 215 194
phone 0.0156 96 235 177 302
phone 0.0154 0 63 88 212
phone 0.0154 121 63 182 136
phone 0.0152 135 107 200 185
phone 0.0152 133 237 231 361
phone 0.0151 120 136 130 148
phone 0.0148 118 125 185 197
phone 0.0147 212 120 222 132
phone 0.0147 121 17 204 144
phone 0.0139 154 9 234 151
phone 0.0138 118 84 154 145
phone 0.0138 189 194 319 330
phone 0.0137 102 152 132 178
phone 0.0137 85 214 157 293
phone 0.0133 196 100 230 160
phone 0.0133 90 69 152 131
phone 0.0133 45 89 105 172
phone 0.0132 66 302 175 399
phone 0.0131 92 122 151 200
phone 0.0129 133 85 170 145
phone 0.0129 235 181 319 278
phone 0.0128 109 148 126 181
phone 0.0128 186 152 217 177
phone 0.0128 166 80 230 149
phone 0.0125 165 116 200 175
phone 0.0125 104 100 138 160
phone 0.0124 149 85 185 144
phone 0.0123 46 143 135 271
phone 0.0122 0 154 157 399
phone 0.0121 193 149 210 181
phone 0.0120 203 66 286 194
phone 0.0120 140 298 171 324
phone 0.0119 165 144 231 208
phone 0.0118 77 191 135 285
phone 0.0117 133 167 163 193
phone 0.0117 156 175 186 201
phone 0.0116 72 82 139 148
phone 0.0116 48 324 133 399
phone 0.0116 215 231 288 352
phone 0.0115 68 33 143 165
phone 0.0115 3 250 86 379
phone 0.0114 154 266 243 394
phone 0.0114 149 255 185 313
phone 0.0114 112 159 122 171
phone 0.0113 147 295 164 327
phone 0.0113 196 131 230 191
phone 0.0113 134 116 169 175
phone 0.0112 145 235 220 302
phone 0.0111 118 115 154 176
phone 0.0111 139 164 157 197
phone 0.0111 84 235 188 363
phone 0.0110 117 106 148 132
phone 0.0110 162 171 180 204
phone 0.0109 145 271 220 328
phone 0.0109 197 159 207 171
phone 0.0109 83 8 295 214
phone 0.0108 140 106 171 132
phone 0.0108 0 220 63 287
phone 0.0108 108 55 165 113
phone 0.0108 56 190 125 255
phone 0.0108 83 250 159 318
phone 0.0107 100 180 172 266
phone 0.0107 217 321 248 347
phone 0.0106 66 300 146 360
phone 0.0105 165 86 200 144
phone 0.0105 149 115 185 176
phone 0.0104 134 256 169 312
phone 0.0103 161 286 235 344
phone 0.0103 184 276 243 354
phone 0.0102 194 144 225 170
phone 0.0102 40 126 110 196
phone 0.0102 124 102 141 135
phone 0.0102 175 207 252 269
phone 0.0102 67 109 145 243
phone 0.0101 198 187 260 258
phone 0.0101 23 175 96 239
phone 0.0101 164 305 194 332
phone 0.0101 144 201 220 275
phone 0.0100 120 128 130 140
phone 0.0100 163 174 233 241
phone 0.0100 57 100 92 160
phone 0.0100 147 102 164 135
phone 0.0100 10 114 78 178
phone 0.0100 151 305 160 317
phone 0.0100 224 317 241 351
phone 0.0099 137 363 197 399
phone 0.0099 87 282 117 309
phone 0.0099 133 139 201 213
phone 0.0099 165 256 200 312
phone 0.0098 0 143 62 210
phone 0.0098 212 87 276 142
phone 0.0098 143 174 153 186
phone 0.0097 190 261 268 399
phone 0.0097 139 55 195 113
phone 0.0097 0 330 1 399
phone 0.0097 103 240 138 298
phone 0.0097 197 151 207 163
phone 0.0097 118 240 154 297
phone 0.0097 149 328 216 399
phone 0.0096 166 182 176 194
phone 0.0096 201 140 218 174
phone 0.0096 0 134 49 249
phone 0.0096 37 241 113 297
phone 0.0095 156 75 186 101
phone 0.0094 104 136 169 217
phone 0.0094 189 3 260 153
phone 0.0094 110 216 193 291
phone 0.0094 119 157 319 362
phone 0.0093 170 302 187 335
phone 0.0093 102 175 133 201
phone 0.0093 93 279 110 312
phone 0.0093 10 283 79 346
phone 0.0093 68 348 143 399
phone 0.0093 54 115 126 177
phone 0.0092 73 194 107 251
phone 0.0092 0 254 64 313
phone 0.0092 173 125 253 257
phone 0.0092 230 94 289 166
phone 0.0092 0 190 63 255
phone 0.0091 54 163 126 221
phone 0.0091 211 114 277 177
phone 0.0090 212 178 245 236
phone 0.0090 80 334 162 388
phone 0.0090 148 156 217 228
phone 0.0089 109 171 126 204
phone 0.0089 128 113 137 125
phone 0.0089 162 71 180 105
phone 0.0088 151 112 160 125
phone 0.0088 74 142 137 211
phone 0.0088 12 239 45 298
phone 0.0088 181 287 214 343
phone 0.0088 27 117 61 174
phone 0.0087 28 82 91 148
phone 0.0087 10 201 78 275
phone 0.0087 179 183 209 209
phone 0.0087 90 159 152 256
phone 0.0087 228 328 237 340
phone 0.0087 201 110 218 143
phone 0.0087 181 250 246 318
phone 0.0086 21 270 98 329
phone 0.0086 70 262 141 337
phone 0.0086 151 66 214 133
phone 0.0085 87 207 124 269
phone 0.0085 9 235 80 302
phone 0.0085 58 217 123 289
phone 0.0085 24 140 95 213
phone 0.0085 133 144 163 170
phone 0.0084 12 208 45 267
phone 0.0084 42 101 76 159
phone 0.0084 194 148 263 205
phone 0.0084 196 284 230 345
phone 0.0084 0 258 44 371
phone 0.0084 79 284 162 346
phone 0.0083 196 210 230 266
phone 0.0083 97 267 175 332
phone 0.0083 227 101 260 159
phone 0.0083 205 151 214 163
phone 0.0083 0 307 45 353
phone 0.0082 73 226 138 311
phone 0.0082 159 224 237 283
phone 0.0082 10 155 78 228
phone 0.0082 197 297 260 363
phone 0.0081 58 256 92 312
phone 0.0081 77 57 134 111
phone 0.0081 209 269 279 330
phone 0.0081 151 347 183 399
phone 0.0081 30 0 110 160
phone 0.0081 209 238 279 299
phone 0.0081 0 119 29 233
phone 0.0081 228 335 237 348
phone 0.0081 215 171 274 243
phone 0.0080 198 214 259 292
phone 0.0080 97 289 107 302
phone 0.0080 182 159 245 224
phone 0.0080 23 316 97 375
phone 0.0080 88 177 123 237
phone 0.0080 174 313 184 325
phone 0.0080 0 166 47 218
phone 0.0080 62 66 119 133
phone 0.0080 0 285 29 344
phone 0.0080 185 179 203 212
phone 0.0079 88 302 122 358
phone 0.0079 211 208 246 268
phone 0.0079 88 101 123 159
phone 0.0079 0 48 18 162
phone 0.0079 0 153 30 200
phone 0.0079 43 354 107 399
phone 0.0079 12 132 45 190
phone 0.0079 42 179 76 235
phone 0.0079 219 7 292 144
phone 0.0079 129 182 206 264
phone 0.0078 21 224 98 283
phone 0.0078 110 282 140 309
phone 0.0078 139 140 157 174
phone 0.0078 205 159 214 171
phone 0.0078 112 182 122 194
phone 0.0078 63 275 94 301
phone 0.0078 89 147 122 206
phone 0.0077 205 120 214 133
phone 0.0077 166 82 176 94
phone 0.0077 143 166 153 179
phone 0.0077 134 286 169 343
phone 0.0077 0 276 44 323
phone 0.0077 181 256 214 312
phone 0.0076 89 348 122 399
phone 0.0076 196 255 230 313
phone 0.0076 0 146 13 206
phone 0.0076 145 302 220 359
phone 0.0076 133 147 170 206
phone 0.0076 0 184 29 230
phone 0.0076 73 224 107 282
phone 0.0076 180 179 215 235
phone 0.0075 0 316 29 375
phone 0.0075 170 345 203 369
phone 0.0075 0 78 13 195
phone 0.0075 179 342 194 373
phone 0.0075 104 356 169 399
phone 0.0074 166 189 176 202
phone 0.0074 227 131 260 190
phone 0.0074 0 338 45 384
phone 0.0074 227 285 292 399
phone 0.0074 104 333 137 388
phone 0.0073 12 324 77 399
phone 0.0073 12 178 45 236
phone 0.0073 233 136 263 162
phone 0.0073 116 287 133 320
phone 0.0073 0 177 13 237
phone 0.0073 112 166 122 179
phone 0.0073 227 286 260 343
phone 0.0073 57 132 92 190
phone 0.0073 149 286 184 344
phone 0.0073 27 270 61 329
phone 0.0072 212 286 245 344
phone 0.0072 73 117 107 174
phone 0.0072 0 253 29 314
phone 0.0072 182 351 191 364
phone 0.0072 70 271 87 305
phone 0.0072 214 138 275 214
phone 0.0072 73 347 107 399
phone 0.0072 0 166 29 278
phone 0.0072 165 312 231 379
phone 0.0072 149 147 185 205
phone 0.0072 240 319 255 349
phone 0.0072 228 70 260 128
phone 0.0072 102 121 132 147
phone 0.0072 98 298 175 362
phone 0.0071 232 323 264 345
phone 0.0071 243 328 253 341
phone 0.0071 78 271 95 305
phone 0.0071 165 317 199 374
phone 0.0071 118 147 154 206
phone 0.0071 42 271 76 328
phone 0.0071 231 320 288 371
phone 0.0071 56 276 124 354
phone 0.0071 230 208 289 268
phone 0.0070 230 120 289 201
phone 0.0070 0 86 44 204
phone 0.0070 186 321 217 347
phone 0.0070 27 301 60 359
phone 0.0070 135 347 168 399
phone 0.0070 104 363 138 399
phone 0.0070 227 255 261 313
phone 0.0070 189 189 199 202
phone 0.0070 0 214 29 261
phone 0.0070 27 178 61 236
phone 0.0069 27 240 61 297
phone 0.0069 200 67 258 132
phone 0.0069 128 105 137 117
phone 0.0068 34 212 116 264
phone 0.0068 101 207 140 268
phone 0.0068 169 55 227 113
phone 0.0068 0 120 45 171
phone 0.0068 143 151 153 163
phone 0.0068 189 197 199 209
phone 0.0068 0 0 1 98
phone 0.0068 43 362 76 399
phone 0.0068 116 149 187 234
phone 0.0068 26 209 61 267
phone 0.0068 212 101 245 159
phone 0.0068 43 317 76 374
phone 0.0067 165 287 199 343
phone 0.0067 73 149 107 204
phone 0.0067 276 106 319 154
phone 0.0067 0 76 60 123
phone 0.0067 42 210 76 266
phone 0.0067 103 272 138 327
phone 0.0067 0 208 13 267
phone 0.0067 239 132 257 166
phone 0.0067 164 163 200 220
phone 0.0067 0 41 60 157
phone 0.0066 119 332 153 390
phone 0.0066 155 102 172 136
phone 0.0066 273 57 319 172
phone 0.0066 232 318 248 350
phone 0.0066 276 76 319 123
phone 0.0066 193 318 210 351
phone 0.0065 186 312 255 389
phone 0.0065 13 60 75 108
phone 0.0065 243 240 276 297
phone 0.0065 247 166 303 217
phone 0.0065 196 178 230 236
phone 0.0065 164 209 201 267
phone 0.0065 245 315 275 375
phone 0.0065 73 317 107 374
phone 0.0065 117 90 148 117
phone 0.0065 0 269 13 329
phone 0.0065 13 285 44 345
phone 0.0065 108 117 126 151
phone 0.0065 217 326 233 358
phone 0.0064 179 82 209 109
phone 0.0064 209 330 241 354
phone 0.0064 180 225 215 281
phone 0.0064 227 225 261 282
phone 0.0064 120 297 130 310
phone 0.0064 212 132 245 190
phone 0.0064 241 128 310 255
phone 0.0064 276 260 319 308
phone 0.0064 171 341 187 373
phone 0.0064 17 164 33 196
phone 0.0064 9 168 41 192
phone 0.0064 58 347 91 399
phone 0.0064 168 346 198 399
phone 0.0064 181 317 214 374
phone 0.0064 171 113 202 140
phone 0.0064 42 147 77 205
phone 0.0064 0 366 58 399
phone 0.0064 274 227 319 341
phone 0.0063 14 70 44 128
phone 0.0063 291 85 319 144
phone 0.0063 0 301 60 399
phone 0.0063 60 241 121 327
phone 0.0063 0 239 13 298
phone 0.0063 260 322 319 369
phone 0.0063 12 100 45 160
phone 0.0063 119 272 153 327
phone 0.0063 291 367 319 399
phone 0.0063 261 90 319 140
phone 0.0063 74 282 84 294
phone 0.0063 135 316 169 375
phone 0.0063 120 289 130 302
phone 0.0063 117 178 155 237
phone 0.0063 245 337 305 385
phone 0.0063 246 110 304 181
phone 0.0063 0 109 9 228
phone 0.0063 245 45 305 92
phone 0.0063 58 69 92 129
phone 0.0063 0 91 45 139
phone 0.0063 259 289 319 399
phone 0.0062 229 251 290 317
phone 0.0062 155 71 172 105
phone 0.0062 102 161 139 223
phone 0.0062 29 55 59 113
phone 0.0062 0 100 29 159
phone 0.0062 227 161 261 222
phone 0.0062 120 143 130 156
phone 0.0062 260 162 290 221
phone 0.0062 82 282 91 294
phone 0.0061 306 362 319 399
phone 0.0061 30 0 89 30
phone 0.0061 110 351 140 378
phone 0.0061 275 85 306 144
phone 0.0061 87 270 123 329
phone 0.0061 42 241 76 296
phone 0.0061 258 131 291 190
phone 0.0061 13 11 76 125
phone 0.0061 196 70 230 129
phone 0.0061 185 79 203 112
phone 0.0061 0 362 14 399
phone 0.0061 0 60 44 108
phone 0.0061 276 230 319 277
phone 0.0060 104 303 138 357
phone 0.0060 274 332 319 399
phone 0.0060 291 239 319 298
phone 0.0060 174 351 183 364
phone 0.0060 44 0 106 64
phone 0.0060 147 353 180 376
phone 0.0060 260 331 290 390
phone 0.0060 0 300 13 360
phone 0.0060 0 45 59 92
phone 0.0060 260 54 290 113
phone 0.0060 28 361 60 399
phone 0.0060 275 300 306 359
phone 0.0060 61 0 120 30
phone 0.0060 14 0 75 64
phone 0.0060 230 315 259 376
phone 0.0060 242 146 276 206
phone 0.0060 235 328 245 340
phone 0.0060 199 44 259 94
phone 0.0060 14 29 74 77
phone 0.0060 0 24 0 143
phone 0.0060 243 194 276 251
phone 0.0060 178 109 195 143
phone 0.0060 45 29 105 77
phone 0.0059 58 316 92 374
phone 0.0059 262 151 318 201
phone 0.0059 58 226 91 281
phone 0.0059 156 350 171 380
phone 0.0059 182 0 245 95
phone 0.0059 0 331 13 390
phone 0.0059 178 140 195 174
phone 0.0059 150 317 184 374
phone 0.0059 97 0 165 102
phone 0.0059 124 86 141 120
phone 0.0059 45 0 74 37
phone 0.0059 151 0 215 95
phone 0.0059 197 328 207 340
phone 0.0059 151 297 160 309
phone 0.0059 213 0 276 95
phone 0.0059 20 174 30 187
phone 0.0059 291 270 319 329
phone 0.0058 132 164 149 197
phone 0.0058 220 335 230 348
phone 0.0058 0 27 29 141
phone 0.0058 8 0 190 221
phone 0.0058 61 0 90 37
phone 0.0058 275 363 306 399
phone 0.0058 291 54 319 113
phone 0.0058 261 60 319 108
phone 0.0058 243 143 253 156
phone 0.0058 0 224 0 343
phone 0.0058 75 0 136 64
phone 0.0058 159 359 168 371
phone 0.0058 0 0 12 30
phone 0.0058 276 45 319 93
phone 0.0058 0 70 0 190
phone 0.0058 71 237 102 262
phone 0.0058 276 291 319 339
phone 0.0058 166 174 176 186
phone 0.0058 30 0 59 37
phone 0.0058 87 238 124 299
phone 0.0058 291 337 319 385
phone 0.0058 0 0 58 30
phone 0.0058 117 290 148 317
phone 0.0058 227 193 261 252
phone 0.0058 29 45 90 93
phone 0.0058 232 283 287 346
phone 0.0058 231 132 249 167
phone 0.0057 258 26 319 141
phone 0.0057 0 106 13 154
phone 0.0057 58 286 92 343
phone 0.0057 76 0 105 37
phone 0.0057 0 0 13 64
phone 0.0057 276 0 319 30
phone 0.0057 0 203 8 317
phone 0.0057 0 132 0 251
phone 0.0057 230 353 290 399
phone 0.0057 0 69 13 129
phone 0.0057 213 39 245 97
phone 0.0057 0 178 0 297
phone 0.0057 92 0 151 30
phone 0.0057 14 39 44 98
phone 0.0057 243 0 307 110
phone 0.0057 125 352 156 377
phone 0.0057 57 180 92 234
phone 0.0057 183 367 243 399
phone 0.0057 216 336 273 385
phone 0.0057 162 140 180 174
phone 0.0057 147 140 164 174
phone 0.0057 148 225 186 282
phone 0.0057 244 367 306 399
phone 0.0057 43 69 76 129
phone 0.0057 260 29 319 77
phone 0.0057 60 23 90 82
phone 0.0057 0 270 0 390
phone 0.0057 119 302 153 358
phone 0.0057 276 146 305 206
phone 0.0057 163 350 179 380
phone 0.0057 138 14 197 62
phone 0.0056 29 23 59 82
phone 0.0056 0 29 28 77
phone 0.0056 166 359 176 371
phone 0.0056 45 23 75 82
phone 0.0056 248 223 302 283
phone 0.0056 159 113 168 125
phone 0.0056 59 0 122 95
phone 0.0056 91 0 121 37
phone 0.0056 306 69 319 129
phone 0.0056 155 345 187 369
phone 0.0056 112 128 122 140
phone 0.0056 122 0 182 30
phone 0.0056 116 348 134 382
phone 0.0056 224 330 256 353
phone 0.0056 274 0 319 110
phone 0.0056 74 54 107 113
phone 0.0056 110 113 140 140
phone 0.0056 168 14 228 62
phone 0.0056 290 0 319 64
phone 0.0056 199 14 259 62
phone 0.0056 215 58 273 111
phone 0.0056 0 0 45 110
phone 0.0056 275 54 306 113
phone 0.0055 306 331 319 390
phone 0.0055 199 0 258 30
phone 0.0055 259 363 291 399
phone 0.0055 116 208 156 268
phone 0.0055 14 0 44 37
phone 0.0055 13 315 44 376
phone 0.0055 30 14 90 62
phone 0.0055 112 174 122 186
phone 0.0055 260 24 290 82
phone 0.0055 0 45 13 92
phone 0.0055 244 201 307 336
phone 0.0055 245 347 275 399
phone 0.0055 235 335 245 348
phone 0.0055 307 0 319 30
phone 0.0055 73 286 107 344
phone 0.0055 230 29 290 77
phone 0.0055 132 225 171 282
phone 0.0055 107 0 136 37
phone 0.0055 187 190 217 217
phone 0.0055 292 137 319 185
phone 0.0054 245 0 305 30
phone 0.0054 197 363 230 399
phone 0.0054 124 286 141 320
phone 0.0054 0 12 14 125
phone 0.0054 116 101 134 136
phone 0.0054 159 82 168 94
phone 0.0054 143 143 153 156
phone 0.0054 244 70 275 128
phone 0.0054 274 181 319 294
phone 0.0054 276 23 306 82
phone 0.0054 217 175 248 201
phone 0.0054 198 24 229 82
phone 0.0054 197 316 230 375
phone 0.0054 153 0 212 30
phone 0.0054 289 104 319 217
phone 0.0054 169 352 227 399
phone 0.0054 122 0 151 37
phone 0.0054 262 117 319 174
phone 0.0054 152 8 183 67
phone 0.0054 121 43 182 94
phone 0.0054 137 0 167 37
phone 0.0053 121 0 183 78
phone 0.0053 259 85 291 144
phone 0.0053 229 0 290 64
phone 0.0053 0 14 59 62
phone 0.0053 132 348 149 381
phone 0.0053 0 353 29 399
phone 0.0053 306 100 319 159
phone 0.0053 229 24 259 82
phone 0.0053 214 0 244 37
phone 0.0053 167 8 198 67
phone 0.0053 229 347 259 399
phone 0.0053 245 14 305 62
phone 0.0053 78 233 95 266
phone 0.0053 230 0 259 37
phone 0.0053 183 24 213 82
phone 0.0053 97 297 107 309
phone 0.0053 121 39 152 97
phone 0.0053 153 0 182 37
phone 0.0053 107 14 167 62
phone 0.0053 306 131 319 190
phone 0.0053 212 128 222 140
phone 0.0053 0 0 28 37
phone 0.0053 306 23 319 83
phone 0.0052 291 208 319 267
phone 0.0052 213 8 245 67
phone 0.0052 136 8 168 67
phone 0.0052 75 8 106 67
phone 0.0052 72 254 108 314
phone 0.0052 291 306 319 354
phone 0.0052 182 363 214 399
phone 0.0052 189 89 199 102
phone 0.0052 261 0 290 37
phone 0.0052 135 174 145 187
phone 0.0052 291 168 319 215
phone 0.0052 201 318 218 350
phone 0.0052 13 346 44 399
phone 0.0052 245 0 274 37
phone 0.0052 125 159 155 186
phone 0.0052 136 40 168 97
phone 0.0052 199 0 228 37
phone 0.0052 246 73 304 126
phone 0.0052 245 24 275 82
phone 0.0051 74 274 84 286
phone 0.0051 32 288 49 319
phone 0.0051 182 120 191 132
phone 0.0051 306 291 319 339
phone 0.0051 168 0 198 37
phone 0.0051 24 292 56 315
phone 0.0051 193 178 211 213
phone 0.0051 133 290 163 317
phone 0.0051 262 275 319 324
phone 0.0051 183 0 213 51
phone 0.0051 189 82 199 94
phone 0.0051 13 8 44 67
phone 0.0051 305 258 319 371
phone 0.0051 276 199 319 246
phone 0.0050 128 97 137 109
phone 0.0050 306 223 319 282
phone 0.0050 90 8 121 67
phone 0.0050 90 29 152 77
phone 0.0050 121 8 152 67
phone 0.0050 306 254 319 313
phone 0.0050 36 297 45 310
phone 0.0050 306 162 319 221
phone 0.0050 166 351 176 364
