phone 0.8235 78 67 180 154
phone 0.2286 102 83 159 168
phone 0.1134 66 12 165 178
phone 0.1006 25 50 148 167
phone 0.1004 82 35 240 176
phone 0.0821 67 42 328 224
phone 0.0615 0 5 228 204
phone 0.0564 93 63 169 218
phone 0.0480 104 88 289 266
phone 0.0452 228 38 356 174
phone 0.0384 105 0 286 156
phone 0.0337 25 108 125 266
phone 0.0321 159 62 366 199
phone 0.0310 147 0 236 124
phone 0.0303 0 69 101 188
phone 0.0274 65 118 206 266
phone 0.0256 42 83 157 138
phone 0.0251 120 91 171 160
phone 0.0250 273 64 363 197
phone 0.0249 0 57 180 266
phone 0.0216 0 145 106 260
phone 0.0214 128 158 204 266
phone 0.0205 58 99 162 206
phone 0.0198 107 75 215 206
phone 0.0188 140 79 243 233
phone 0.0177 96 154 175 266
phone 0.0173 209 0 298 141
phone 0.0170 12 171 94 234
phone 0.0165 86 0 193 122
phone 0.0164 191 0 276 78
phone 0.0163 64 146 142 266
phone 0.0161 178 131 275 251
phone 0.0160 206 99 314 221
phone 0.0156 219 68 361 250
phone 0.0154 24 0 113 160
phone 0.0148 145 0 208 78
phone 0.0142 0 7 82 151
phone 0.0142 41 92 127 159
phone 0.0142 185 41 291 179
phone 0.0135 102 169 188 236
phone 0.0131 26 187 111 248
phone 0.0130 2 150 74 224
phone 0.0124 162 162 232 266
phone 0.0121 349 55 399 195
phone 0.0120 298 92 393 219
phone 0.0118 0 97 62 228
phone 0.0115 203 26 273 102
phone 0.0114 172 0 242 68
phone 0.0113 36 174 70 230
phone 0.0109 80 81 119 138
phone 0.0109 280 28 380 161
phone 0.0109 172 18 211 78
phone 0.0107 19 29 87 98
phone 0.0106 71 187 158 248
phone 0.0105 40 169 128 236
phone 0.0104 120 103 202 179
phone 0.0102 216 89 291 161
phone 0.0101 111 0 180 66
phone 0.0101 62 0 137 101
phone 0.0099 0 263 40 266
phone 0.0099 0 44 57 175
phone 0.0098 358 105 399 176
phone 0.0098 224 131 294 253
phone 0.0097 3 42 73 116
phone 0.0097 254 108 345 234
phone 0.0096 0 0 39 1
phone 0.0096 134 186 218 250
phone 0.0095 28 20 109 77
phone 0.0094 21 173 55 231
phone 0.0094 201 55 275 134
phone 0.0094 68 222 131 266
phone 0.0093 98 222 162 266
phone 0.0093 45 202 123 263
phone 0.0093 50 175 87 230
phone 0.0093 72 63 104 88
phone 0.0091 130 222 193 266
phone 0.0091 0 170 66 266
phone 0.0090 243 0 350 124
phone 0.0089 134 86 219 165
phone 0.0089 190 0 224 46
phone 0.0089 309 127 383 185
phone 0.0089 80 59 96 91
phone 0.0089 156 97 228 185
phone 0.0088 257 163 288 188
phone 0.0088 106 202 185 264
phone 0.0088 166 119 248 193
phone 0.0087 362 142 399 200
phone 0.0087 144 5 178 61
phone 0.0087 186 188 260 247
phone 0.0086 36 35 70 92
phone 0.0086 16 203 91 262
phone 0.0086 35 40 103 119
phone 0.0086 167 54 247 135
phone 0.0086 67 190 101 245
phone 0.0086 0 0 57 104
phone 0.0085 173 204 242 262
phone 0.0085 264 159 281 192
phone 0.0085 174 0 209 47
phone 0.0085 195 110 280 172
phone 0.0084 133 149 220 225
phone 0.0084 159 0 193 47
phone 0.0084 65 97 102 154
phone 0.0084 182 42 262 117
phone 0.0084 290 80 371 140
phone 0.0083 128 4 162 61
phone 0.0083 84 218 115 266
phone 0.0083 358 74 399 145
phone 0.0082 280 167 296 199
phone 0.0082 272 171 304 195
phone 0.0082 99 218 130 266
phone 0.0082 215 124 291 188
phone 0.0081 233 156 305 218
phone 0.0081 7 0 89 76
phone 0.0081 115 218 146 266
phone 0.0081 272 159 289 192
phone 0.0081 130 218 161 266
phone 0.0081 293 110 368 172
phone 0.0081 229 110 309 171
phone 0.0080 128 190 163 245
phone 0.0080 229 75 309 145
phone 0.0080 38 222 100 266
phone 0.0080 146 218 177 266
phone 0.0080 82 0 147 68
phone 0.0080 303 98 389 153
phone 0.0080 83 69 93 82
phone 0.0080 207 0 239 46
phone 0.0079 162 223 222 266
phone 0.0079 219 172 288 232
phone 0.0079 143 190 178 245
phone 0.0079 374 97 399 154
phone 0.0078 219 35 256 93
phone 0.0078 69 218 100 266
phone 0.0078 21 35 55 92
phone 0.0078 264 139 335 203
phone 0.0078 164 155 250 219
phone 0.0077 82 3 116 62
phone 0.0077 283 177 293 189
phone 0.0077 51 35 86 92
phone 0.0077 180 75 264 145
phone 0.0077 48 28 120 99
phone 0.0077 161 218 192 266
phone 0.0076 163 0 221 30
phone 0.0076 151 131 233 212
phone 0.0076 277 92 352 159
phone 0.0076 276 177 285 189
phone 0.0075 344 109 399 233
phone 0.0075 278 60 351 129
phone 0.0075 277 124 353 188
phone 0.0075 82 190 116 245
phone 0.0075 329 128 362 184
phone 0.0075 268 169 277 182
phone 0.0074 113 190 147 245
phone 0.0074 198 140 278 203
phone 0.0074 97 190 132 245
phone 0.0073 204 19 241 77
phone 0.0073 324 25 399 164
phone 0.0072 235 34 271 93
phone 0.0072 276 169 285 182
phone 0.0072 0 62 44 127
phone 0.0072 6 158 39 215
phone 0.0072 89 59 141 130
phone 0.0071 54 218 84 266
phone 0.0071 206 189 239 246
phone 0.0071 177 218 207 266
phone 0.0071 37 204 70 262
phone 0.0071 375 126 399 186
phone 0.0071 210 208 266 257
phone 0.0071 311 61 380 128
phone 0.0070 235 97 271 154
phone 0.0070 193 218 222 266
phone 0.0070 7 0 69 27
phone 0.0069 349 148 381 171
phone 0.0069 5 3 39 62
phone 0.0069 223 14 284 83
phone 0.0069 247 124 322 188
phone 0.0069 20 4 55 62
phone 0.0069 98 4 132 62
phone 0.0069 243 94 325 157
phone 0.0069 44 56 124 133
phone 0.0069 261 109 338 173
phone 0.0069 0 125 45 187
phone 0.0069 167 86 247 165
phone 0.0068 188 20 225 77
phone 0.0068 0 0 41 32
phone 0.0068 252 158 285 215
phone 0.0068 5 50 39 108
phone 0.0068 357 144 373 175
phone 0.0068 222 188 254 247
phone 0.0068 159 190 193 245
phone 0.0068 0 94 45 157
phone 0.0068 255 176 313 228
phone 0.0068 67 20 101 76
phone 0.0068 374 66 399 123
phone 0.0067 65 54 95 81
phone 0.0067 14 130 93 214
phone 0.0067 332 146 390 197
phone 0.0067 19 142 56 201
phone 0.0067 267 158 300 216
phone 0.0067 111 124 142 150
phone 0.0067 221 3 255 62
phone 0.0066 297 141 364 201
phone 0.0066 205 171 270 266
phone 0.0066 360 153 370 166
phone 0.0066 118 121 135 152
phone 0.0066 248 40 320 118
phone 0.0066 21 204 54 262
phone 0.0066 236 24 301 103
phone 0.0066 38 0 69 31
phone 0.0066 23 0 53 31
phone 0.0066 260 76 339 144
phone 0.0066 87 59 104 91
phone 0.0066 142 112 179 169
phone 0.0066 39 0 99 27
phone 0.0065 282 143 316 200
phone 0.0065 8 223 68 266
phone 0.0065 0 203 41 262
phone 0.0065 37 0 101 61
phone 0.0065 19 65 56 124
phone 0.0065 236 128 270 184
phone 0.0065 344 112 378 169
phone 0.0065 251 140 318 264
phone 0.0064 313 97 347 153
phone 0.0064 5 81 40 139
phone 0.0064 157 229 173 260
phone 0.0064 239 7 298 59
phone 0.0064 193 0 253 27
phone 0.0064 149 229 165 260
phone 0.0064 194 224 251 266
phone 0.0064 356 140 389 164
phone 0.0064 8 0 69 11
phone 0.0064 142 8 172 34
phone 0.0063 142 229 157 260
phone 0.0063 285 23 345 74
phone 0.0063 251 98 285 153
phone 0.0063 5 111 40 170
phone 0.0063 114 112 177 200
phone 0.0063 363 0 399 89
phone 0.0063 313 67 347 122
phone 0.0063 134 229 150 260
phone 0.0063 149 233 181 256
phone 0.0063 365 137 380 168
phone 0.0063 190 190 224 245
phone 0.0063 328 98 362 153
phone 0.0063 330 265 393 266
phone 0.0063 174 190 209 245
phone 0.0062 220 129 255 183
phone 0.0062 165 229 180 260
phone 0.0062 219 66 256 123
phone 0.0062 22 0 85 44
phone 0.0062 53 0 84 31
phone 0.0062 239 187 269 248
phone 0.0062 39 0 99 11
phone 0.0062 133 233 166 256
phone 0.0062 119 229 134 260
phone 0.0062 130 0 193 29
phone 0.0062 285 160 345 213
phone 0.0062 95 229 111 260
phone 0.0062 85 0 145 11
phone 0.0062 126 229 142 260
phone 0.0062 331 39 391 88
phone 0.0062 0 173 46 232
phone 0.0062 146 0 207 11
phone 0.0062 239 0 299 26
phone 0.0062 346 141 376 202
phone 0.0062 237 4 270 61
phone 0.0061 349 50 399 109
phone 0.0061 111 229 127 260
phone 0.0061 72 50 89 85
phone 0.0061 68 0 132 29
phone 0.0061 103 229 119 260
phone 0.0061 297 82 332 138
phone 0.0061 316 9 376 57
phone 0.0061 251 128 285 184
phone 0.0061 53 0 116 44
phone 0.0061 285 172 315 232
phone 0.0061 69 0 100 31
phone 0.0061 234 18 265 41
phone 0.0061 284 19 316 77
phone 0.0061 110 233 143 257
phone 0.0061 19 96 57 155
phone 0.0061 0 234 41 266
phone 0.0061 160 238 170 251
phone 0.0061 270 0 330 41
phone 0.0061 99 0 162 29
phone 0.0061 254 0 314 11
phone 0.0061 87 233 119 257
phone 0.0061 224 0 283 11
phone 0.0060 208 218 238 266
phone 0.0060 300 19 331 77
phone 0.0060 240 193 297 241
phone 0.0060 368 146 377 159
phone 0.0060 300 0 360 41
phone 0.0060 288 167 304 199
phone 0.0060 152 238 162 251
phone 0.0060 236 158 270 215
phone 0.0060 227 146 257 173
phone 0.0060 298 128 331 184
phone 0.0060 250 154 280 181
phone 0.0060 222 0 285 43
phone 0.0060 361 0 399 42
phone 0.0060 328 66 362 123
phone 0.0060 299 0 363 127
phone 0.0060 6 189 39 246
phone 0.0060 88 229 104 260
phone 0.0060 168 238 177 251
phone 0.0059 145 238 154 251
phone 0.0059 22 265 85 266
phone 0.0059 177 0 237 11
phone 0.0059 285 0 345 11
phone 0.0059 149 5 166 38
phone 0.0059 285 0 345 26
phone 0.0059 377 156 399 217
phone 0.0059 161 0 192 15
phone 0.0059 137 238 147 251
phone 0.0059 53 265 116 266
phone 0.0059 115 0 176 11
phone 0.0059 100 0 130 16
phone 0.0059 95 109 127 134
phone 0.0059 84 265 147 266
phone 0.0059 302 36 359 91
phone 0.0059 85 0 115 16
phone 0.0059 346 34 377 92
phone 0.0059 254 0 284 31
phone 0.0059 115 265 178 266
phone 0.0059 331 0 391 42
phone 0.0058 122 131 131 143
phone 0.0058 268 176 331 266
phone 0.0058 145 265 208 266
phone 0.0058 331 3 361 62
phone 0.0058 177 0 207 15
phone 0.0058 103 105 119 137
phone 0.0058 269 4 300 61
phone 0.0058 80 229 96 260
phone 0.0058 315 265 378 266
phone 0.0058 176 265 239 266
phone 0.0058 157 111 195 170
phone 0.0058 267 0 332 91
phone 0.0058 122 238 131 251
phone 0.0058 316 0 376 26
phone 0.0058 207 265 270 266
phone 0.0058 377 2 399 63
phone 0.0058 270 0 299 16
phone 0.0058 239 0 269 16
phone 0.0058 91 69 100 82
phone 0.0058 330 34 361 92
phone 0.0058 99 238 108 251
phone 0.0058 238 265 301 266
phone 0.0058 241 13 258 45
phone 0.0058 285 0 315 47
phone 0.0058 344 65 378 124
phone 0.0058 129 238 139 251
phone 0.0058 268 265 331 266
phone 0.0058 285 0 315 16
phone 0.0057 115 0 146 16
phone 0.0057 316 0 376 11
phone 0.0057 315 19 346 77
phone 0.0057 300 0 330 47
phone 0.0057 218 0 235 30
phone 0.0057 347 3 376 62
phone 0.0057 364 262 399 266
phone 0.0057 299 161 362 266
phone 0.0057 114 238 123 251
phone 0.0057 316 0 345 47
phone 0.0057 106 238 116 251
phone 0.0057 330 0 392 105
phone 0.0057 146 0 176 16
phone 0.0057 256 159 273 192
phone 0.0057 72 233 104 256
phone 0.0057 223 0 253 16
phone 0.0057 362 238 399 266
phone 0.0057 208 240 268 266
phone 0.0057 173 229 188 260
phone 0.0057 192 0 223 16
phone 0.0057 267 127 301 184
phone 0.0057 361 0 399 11
phone 0.0056 300 0 330 16
phone 0.0056 131 0 161 16
phone 0.0056 254 187 284 248
phone 0.0056 0 35 24 92
phone 0.0056 301 194 360 241
phone 0.0056 0 0 36 11
phone 0.0056 300 156 330 217
phone 0.0056 219 97 256 153
phone 0.0056 0 112 24 169
phone 0.0056 164 233 197 256
phone 0.0056 210 210 243 233
phone 0.0056 360 146 370 159
phone 0.0056 291 177 300 189
phone 0.0056 91 238 100 251
phone 0.0056 376 33 399 93
phone 0.0056 245 23 254 36
phone 0.0056 0 218 22 266
phone 0.0055 219 206 234 236
phone 0.0055 124 128 198 215
phone 0.0055 361 254 399 266
phone 0.0055 233 143 251 177
phone 0.0055 316 0 345 16
phone 0.0055 361 178 399 226
phone 0.0055 0 0 23 1
phone 0.0055 147 240 206 266
phone 0.0055 0 249 22 266
phone 0.0055 204 114 240 168
phone 0.0055 0 255 35 266
phone 0.0055 346 24 399 72
phone 0.0055 72 229 88 260
phone 0.0055 362 162 399 266
phone 0.0055 223 218 253 266
phone 0.0055 224 224 283 266
phone 0.0055 176 238 185 251
phone 0.0055 0 143 24 200
phone 0.0055 331 0 361 16
phone 0.0055 222 215 231 228
phone 0.0055 204 67 241 122
phone 0.0054 83 238 93 251
phone 0.0054 0 264 23 266
phone 0.0054 346 0 376 16
phone 0.0054 282 112 316 169
phone 0.0054 22 253 85 266
phone 0.0054 222 8 231 20
phone 0.0054 0 0 22 16
phone 0.0054 255 209 314 256
phone 0.0054 208 0 238 16
phone 0.0054 330 237 393 266
phone 0.0054 315 188 346 247
phone 0.0054 220 159 255 214
phone 0.0054 161 0 192 1
phone 0.0054 114 0 147 47
phone 0.0054 188 128 226 184
phone 0.0054 96 93 127 119
phone 0.0053 126 122 143 152
phone 0.0053 53 253 116 266
phone 0.0053 361 208 399 257
phone 0.0053 189 160 224 214
phone 0.0053 106 115 116 128
phone 0.0053 330 145 393 259
phone 0.0053 176 0 208 1
phone 0.0053 76 61 85 74
phone 0.0053 252 19 286 77
phone 0.0053 234 65 272 124
phone 0.0053 84 253 146 266
phone 0.0053 331 255 391 266
phone 0.0053 102 90 120 122
phone 0.0053 103 147 134 173
phone 0.0053 316 156 345 217
phone 0.0053 284 203 315 262
phone 0.0053 202 218 235 240
phone 0.0053 376 264 399 266
phone 0.0053 114 253 177 266
phone 0.0053 238 218 269 266
phone 0.0053 146 0 177 1
phone 0.0052 376 0 399 17
phone 0.0052 268 177 277 189
phone 0.0052 283 169 293 182
phone 0.0052 346 0 399 26
phone 0.0052 332 179 390 226
phone 0.0052 211 214 226 244
phone 0.0052 145 253 208 266
phone 0.0052 346 264 376 266
phone 0.0052 269 203 300 262
phone 0.0052 84 0 115 1
phone 0.0052 192 0 223 1
phone 0.0052 69 0 100 1
phone 0.0052 210 0 228 31
phone 0.0052 42 46 72 73
phone 0.0052 99 0 131 1
phone 0.0052 238 237 300 266
phone 0.0052 176 253 239 266
phone 0.0052 152 15 162 28
phone 0.0052 254 219 284 266
phone 0.0052 207 0 238 1
phone 0.0052 223 0 254 1
phone 0.0052 145 205 207 266
phone 0.0052 214 223 224 236
phone 0.0052 295 167 311 199
phone 0.0052 316 225 376 266
phone 0.0052 53 0 85 1
phone 0.0052 269 0 300 1
phone 0.0052 249 150 266 185
phone 0.0052 280 124 311 149
phone 0.0051 130 0 162 1
phone 0.0051 76 238 85 251
phone 0.0051 218 202 250 225
phone 0.0051 267 98 301 153
phone 0.0051 287 171 319 195
phone 0.0051 253 0 285 1
phone 0.0051 376 248 399 266
phone 0.0051 267 35 301 92
phone 0.0051 268 237 331 266
phone 0.0051 115 0 146 1
phone 0.0051 222 253 285 266
phone 0.0051 346 172 376 231
phone 0.0051 284 0 315 1
phone 0.0051 287 120 304 153
phone 0.0051 23 265 53 266
phone 0.0051 226 199 242 229
phone 0.0051 23 0 54 1
phone 0.0051 178 240 236 266
phone 0.0051 300 240 361 266
phone 0.0051 22 237 85 266
phone 0.0051 238 0 269 1
phone 0.0051 253 253 316 266
phone 0.0051 285 209 345 257
phone 0.0051 346 249 376 266
phone 0.0051 172 111 211 170
phone 0.0051 212 139 241 166
phone 0.0051 300 255 360 266
phone 0.0050 300 188 330 247
phone 0.0050 331 209 391 257
phone 0.0050 53 238 116 266
phone 0.0050 223 265 253 266
phone 0.0050 300 0 331 1
phone 0.0050 347 163 399 210
phone 0.0050 376 187 399 247
phone 0.0050 362 264 392 266
phone 0.0050 38 0 69 1
phone 0.0050 83 238 147 266
phone 0.0050 317 163 374 210
phone 0.0050 229 207 239 220
phone 0.0050 331 265 361 266
phone 0.0050 239 265 269 266
