phone 0.9205 42 150 233 323
phone 0.0655 50 243 165 325
phone 0.0450 39 174 150 332
phone 0.0416 39 246 115 331
phone 0.0277 102 180 239 296
phone 0.0257 11 205 81 321
phone 0.0247 97 231 219 335
phone 0.0228 129 145 243 269
phone 0.0210 30 127 126 288
phone 0.0188 183 164 266 296
phone 0.0183 65 81 211 281
phone 0.0179 0 129 85 279
phone 0.0175 63 271 142 364
phone 0.0170 141 190 232 256
phone 0.0165 105 222 206 285
phone 0.0161 0 106 174 350
phone 0.0161 66 206 154 302
phone 0.0159 122 204 221 272
phone 0.0154 55 96 134 256
phone 0.0152 182 102 266 237
phone 0.0149 92 237 188 301
phone 0.0140 0 182 230 394
phone 0.0135 145 193 233 320
phone 0.0131 38 267 106 370
phone 0.0129 56 178 133 268
phone 0.0126 149 112 240 235
phone 0.0124 38 199 120 277
phone 0.0123 162 178 242 236
phone 0.0122 26 234 101 304
phone 0.0121 210 73 266 204
phone 0.0119 91 253 190 376
phone 0.0113 5 253 92 375
phone 0.0110 19 41 130 238
phone 0.0107 132 95 211 257
phone 0.0107 29 184 99 262
phone 0.0107 150 221 223 286
phone 0.0105 46 151 112 232
phone 0.0104 119 276 206 362
phone 0.0104 93 62 179 225
phone 0.0099 168 203 237 273
phone 0.0099 0 238 68 299
phone 0.0099 187 164 248 220
phone 0.0099 161 235 244 363
phone 0.0098 60 314 140 392
phone 0.0098 168 195 205 251
phone 0.0097 201 178 234 236
phone 0.0095 116 256 196 313
phone 0.0094 62 135 127 218
phone 0.0094 153 37 245 178
phone 0.0092 31 208 66 267
phone 0.0092 185 180 219 235
phone 0.0089 46 241 81 297
phone 0.0088 102 287 179 343
phone 0.0088 12 286 85 343
phone 0.0088 184 187 251 258
phone 0.0087 169 225 204 281
phone 0.0086 3 175 64 300
phone 0.0086 154 241 188 296
phone 0.0085 137 225 175 282
phone 0.0085 17 223 49 283
phone 0.0084 174 149 231 204
phone 0.0084 169 270 236 329
phone 0.0083 185 254 251 313
phone 0.0082 185 209 219 266
phone 0.0082 86 268 165 331
phone 0.0082 46 178 81 236
phone 0.0082 122 241 159 297
phone 0.0079 0 202 50 326
phone 0.0079 151 209 191 267
phone 0.0078 61 162 97 221
phone 0.0077 139 256 173 311
phone 0.0077 80 83 141 208
phone 0.0077 198 221 266 347
phone 0.0077 55 31 159 187
phone 0.0077 107 256 143 312
phone 0.0077 8 307 73 398
phone 0.0077 204 173 262 241
phone 0.0076 0 271 69 327
phone 0.0075 139 263 204 335
phone 0.0075 32 285 65 344
phone 0.0074 17 255 49 313
phone 0.0074 208 133 266 270
phone 0.0074 218 254 248 314
phone 0.0074 61 256 96 312
phone 0.0073 80 119 140 172
phone 0.0073 128 131 184 192
phone 0.0073 37 310 105 396
phone 0.0073 154 247 220 321
phone 0.0073 124 287 157 343
phone 0.0073 107 133 174 220
phone 0.0073 184 217 251 289
phone 0.0073 31 255 65 313
phone 0.0073 158 306 215 354
phone 0.0072 109 303 172 357
phone 0.0072 170 231 235 306
phone 0.0072 77 271 111 327
phone 0.0071 32 176 65 237
phone 0.0071 72 148 148 236
phone 0.0071 31 303 97 357
phone 0.0071 60 194 98 251
phone 0.0070 2 197 64 248
phone 0.0070 157 136 217 186
phone 0.0070 139 286 173 343
phone 0.0070 76 147 113 206
phone 0.0070 201 203 265 273
phone 0.0069 45 209 82 267
phone 0.0069 96 126 154 196
phone 0.0069 200 240 234 297
phone 0.0069 200 208 235 267
phone 0.0068 48 122 111 169
phone 0.0068 221 243 266 294
phone 0.0068 0 214 50 261
phone 0.0068 154 269 219 390
phone 0.0068 32 137 96 185
phone 0.0068 47 271 80 328
phone 0.0068 17 153 80 200
phone 0.0068 48 88 110 202
phone 0.0067 171 132 203 189
phone 0.0067 17 192 49 252
phone 0.0067 172 300 202 360
phone 0.0067 79 116 110 174
phone 0.0067 203 269 233 329
phone 0.0067 33 104 95 218
phone 0.0067 117 30 213 184
phone 0.0067 0 275 49 385
phone 0.0066 189 290 246 339
phone 0.0066 154 270 188 328
phone 0.0066 0 307 48 353
phone 0.0066 92 272 127 327
phone 0.0065 188 285 217 345
phone 0.0065 63 131 95 190
phone 0.0065 0 261 34 307
phone 0.0065 2 208 33 267
phone 0.0065 73 238 116 299
phone 0.0064 49 131 79 190
phone 0.0064 186 289 250 399
phone 0.0064 3 300 33 360
phone 0.0064 233 224 264 282
phone 0.0064 109 116 142 174
phone 0.0064 33 147 64 205
phone 0.0064 90 318 171 388
phone 0.0063 188 322 248 369
phone 0.0063 2 168 64 216
phone 0.0063 170 255 204 313
phone 0.0063 203 307 263 354
phone 0.0063 111 121 171 171
phone 0.0063 72 207 117 269
phone 0.0063 140 138 203 215
phone 0.0062 0 254 18 313
phone 0.0062 3 323 63 368
phone 0.0062 0 367 2 399
phone 0.0062 48 300 80 360
phone 0.0062 0 332 4 399
phone 0.0062 113 156 198 259
phone 0.0062 216 224 249 282
phone 0.0062 0 338 33 385
phone 0.0062 18 316 48 375
phone 0.0062 205 275 261 324
phone 0.0062 201 332 265 399
phone 0.0062 0 243 34 355
phone 0.0061 109 300 141 360
phone 0.0061 0 367 18 399
phone 0.0061 0 332 19 399
phone 0.0061 185 239 219 298
phone 0.0061 62 286 96 343
phone 0.0061 157 300 187 361
phone 0.0061 264 367 266 399
phone 0.0061 263 332 266 399
phone 0.0061 78 301 111 360
phone 0.0061 219 166 266 217
phone 0.0061 187 367 248 399
phone 0.0061 202 316 233 375
phone 0.0061 125 117 157 174
phone 0.0061 218 300 248 359
phone 0.0060 18 162 48 221
phone 0.0060 0 183 48 231
phone 0.0060 203 152 263 201
phone 0.0060 187 132 218 189
phone 0.0060 64 106 125 154
phone 0.0060 249 337 266 385
phone 0.0060 219 292 266 338
phone 0.0060 17 285 49 345
phone 0.0060 218 367 266 399
phone 0.0060 216 193 250 252
phone 0.0059 92 131 128 190
phone 0.0059 249 122 266 169
phone 0.0059 218 122 266 169
phone 0.0059 0 150 49 264
phone 0.0059 157 337 217 385
phone 0.0059 202 363 234 399
phone 0.0059 171 332 234 399
phone 0.0059 249 91 266 139
phone 0.0059 234 107 266 154
phone 0.0059 64 73 126 187
phone 0.0059 218 76 266 123
phone 0.0059 217 258 266 371
phone 0.0059 94 301 126 360
phone 0.0059 18 367 79 399
phone 0.0059 248 89 266 202
phone 0.0058 265 137 266 185
phone 0.0058 157 45 217 93
phone 0.0058 172 106 232 154
phone 0.0058 249 153 266 200
phone 0.0058 234 137 266 185
phone 0.0058 142 29 202 77
phone 0.0058 0 0 1 30
phone 0.0058 217 42 266 156
phone 0.0058 126 45 186 93
phone 0.0058 232 304 266 399
phone 0.0058 156 367 218 399
phone 0.0058 140 332 204 399
phone 0.0058 172 29 232 77
phone 0.0058 111 29 171 77
phone 0.0058 95 45 155 93
phone 0.0058 203 60 263 108
phone 0.0058 142 91 201 139
phone 0.0058 188 45 248 93
phone 0.0058 172 60 232 108
phone 0.0058 142 60 202 108
phone 0.0058 156 11 218 125
phone 0.0058 0 0 2 64
phone 0.0058 263 104 266 217
phone 0.0058 265 337 266 385
phone 0.0058 80 29 140 77
phone 0.0058 234 254 264 314
phone 0.0058 248 42 266 156
phone 0.0058 265 107 266 154
phone 0.0058 232 104 266 217
phone 0.0058 0 0 32 30
phone 0.0058 125 11 187 125
phone 0.0057 65 45 125 93
phone 0.0057 249 60 266 108
phone 0.0057 94 0 157 110
phone 0.0057 0 367 48 399
phone 0.0057 111 60 171 108
phone 0.0057 187 11 249 125
phone 0.0057 0 223 18 282
phone 0.0057 111 91 171 139
phone 0.0057 187 363 218 399
phone 0.0057 49 367 110 399
phone 0.0057 203 91 263 139
phone 0.0057 188 122 248 169
phone 0.0057 49 29 109 77
phone 0.0057 34 106 94 154
phone 0.0057 80 60 140 108
phone 0.0057 218 331 248 390
phone 0.0057 18 122 79 169
phone 0.0057 63 11 126 125
phone 0.0057 218 45 266 93
phone 0.0057 188 76 248 123
phone 0.0057 248 289 266 399
phone 0.0057 0 0 18 64
phone 0.0057 33 362 64 399
phone 0.0057 34 45 94 93
phone 0.0057 157 76 217 123
phone 0.0057 49 60 109 108
phone 0.0057 126 76 186 123
phone 0.0057 249 261 266 307
phone 0.0057 80 91 140 139
phone 0.0057 86 221 134 285
phone 0.0057 218 322 266 369
phone 0.0057 110 27 172 141
phone 0.0057 249 367 266 399
phone 0.0057 203 29 263 77
phone 0.0056 172 331 202 390
phone 0.0056 264 116 266 175
phone 0.0056 126 367 187 399
phone 0.0056 171 363 203 399
phone 0.0056 3 137 63 185
phone 0.0056 48 362 80 399
phone 0.0056 65 100 94 159
phone 0.0056 218 147 248 205
phone 0.0056 79 27 141 141
phone 0.0056 124 86 189 204
phone 0.0056 33 0 95 110
phone 0.0056 17 88 80 202
phone 0.0056 126 106 186 154
phone 0.0056 265 76 266 123
phone 0.0056 18 29 79 77
phone 0.0056 247 228 266 340
phone 0.0056 48 27 111 141
phone 0.0056 0 337 2 385
phone 0.0056 263 58 266 171
phone 0.0056 95 106 156 154
phone 0.0056 0 153 48 200
phone 0.0056 49 91 109 139
phone 0.0056 95 76 155 123
phone 0.0056 95 100 125 159
phone 0.0056 34 76 94 123
phone 0.0056 265 168 266 215
phone 0.0056 18 91 79 139
phone 0.0056 249 30 266 77
phone 0.0056 18 60 79 108
phone 0.0056 264 147 266 205
phone 0.0056 250 184 266 231
phone 0.0056 2 104 65 218
phone 0.0056 187 73 249 187
phone 0.0056 247 134 266 248
phone 0.0056 65 76 125 123
phone 0.0056 187 331 218 390
phone 0.0056 156 363 187 399
phone 0.0056 188 100 217 160
phone 0.0056 249 307 266 354
phone 0.0056 172 39 202 98
phone 0.0055 188 39 217 98
phone 0.0055 157 39 187 98
phone 0.0055 3 106 63 154
phone 0.0055 0 322 17 369
phone 0.0055 172 100 202 159
phone 0.0055 94 42 157 156
phone 0.0055 33 42 95 156
phone 0.0055 142 39 171 98
phone 0.0055 0 241 15 346
phone 0.0055 248 0 266 110
phone 0.0055 234 54 264 113
phone 0.0055 0 285 18 344
phone 0.0055 126 23 156 82
phone 0.0055 17 27 80 141
phone 0.0055 111 23 141 82
phone 0.0055 217 0 266 110
phone 0.0055 218 54 248 113
phone 0.0055 203 39 233 98
phone 0.0055 0 0 48 64
phone 0.0055 157 85 187 144
phone 0.0055 265 30 266 77
phone 0.0055 95 23 125 82
phone 0.0055 0 122 48 169
phone 0.0055 3 76 63 123
phone 0.0055 95 367 156 399
phone 0.0055 264 316 266 375
phone 0.0055 3 45 63 93
phone 0.0055 264 254 266 313
phone 0.0055 142 85 171 144
phone 0.0055 80 39 110 98
phone 0.0055 2 0 65 110
phone 0.0055 34 0 94 30
phone 0.0055 156 331 187 390
phone 0.0055 140 363 172 399
phone 0.0055 141 116 172 174
phone 0.0055 65 0 124 30
phone 0.0055 63 362 95 399
phone 0.0054 0 29 48 77
phone 0.0054 126 54 156 113
phone 0.0054 3 162 33 221
phone 0.0054 21 0 246 294
phone 0.0054 2 57 65 172
phone 0.0054 74 178 114 237
phone 0.0054 263 0 266 110
phone 0.0054 188 0 247 30
phone 0.0054 111 54 140 113
phone 0.0054 65 39 94 98
phone 0.0054 0 193 18 252
phone 0.0054 218 85 248 144
phone 0.0054 203 116 233 175
phone 0.0054 96 0 155 30
phone 0.0054 34 116 64 175
phone 0.0054 49 100 79 159
phone 0.0054 126 85 156 144
phone 0.0054 95 54 125 113
phone 0.0054 203 69 233 129
phone 0.0054 49 23 79 82
phone 0.0054 48 0 110 64
phone 0.0054 218 23 248 82
phone 0.0054 183 160 214 185
phone 0.0054 172 69 202 129
phone 0.0054 264 178 266 236
phone 0.0054 127 0 186 30
phone 0.0054 188 69 217 129
phone 0.0054 18 0 79 64
phone 0.0054 141 122 202 170
phone 0.0054 18 131 48 190
phone 0.0054 157 0 217 30
phone 0.0054 79 0 141 64
phone 0.0054 0 214 2 262
phone 0.0054 49 54 79 113
phone 0.0054 0 91 48 139
phone 0.0054 111 85 140 144
phone 0.0054 264 307 266 354
phone 0.0054 171 88 234 203
phone 0.0054 264 39 266 98
phone 0.0054 82 166 168 280
phone 0.0054 80 85 110 144
phone 0.0054 125 363 157 399
phone 0.0054 202 0 264 64
phone 0.0054 0 168 17 216
phone 0.0053 0 60 48 108
phone 0.0053 0 306 2 354
phone 0.0053 110 0 172 64
phone 0.0053 34 23 64 82
phone 0.0053 171 0 233 64
phone 0.0053 219 0 266 30
phone 0.0053 0 183 2 231
phone 0.0053 265 245 266 292
phone 0.0053 141 0 202 64
phone 0.0053 0 245 2 292
phone 0.0053 16 265 131 399
phone 0.0053 263 150 266 263
phone 0.0053 263 273 266 386
phone 0.0053 234 23 264 82
phone 0.0053 34 85 64 144
phone 0.0053 34 54 64 113
phone 0.0053 0 181 3 294
phone 0.0053 0 88 34 202
phone 0.0053 65 69 94 129
phone 0.0053 157 14 217 62
phone 0.0053 84 135 266 383
phone 0.0053 264 276 266 323
phone 0.0053 0 0 34 95
phone 0.0053 79 362 111 399
phone 0.0053 0 29 2 77
phone 0.0053 0 26 49 141
phone 0.0053 0 276 2 323
phone 0.0053 126 14 186 62
phone 0.0053 96 14 155 62
phone 0.0053 0 273 3 387
phone 0.0053 3 131 33 190
phone 0.0053 0 29 17 77
phone 0.0053 18 100 48 159
phone 0.0053 110 363 141 399
phone 0.0053 65 14 125 62
phone 0.0053 34 14 94 62
phone 0.0053 0 137 17 185
phone 0.0053 188 14 248 62
phone 0.0053 263 212 266 325
phone 0.0052 0 152 2 200
phone 0.0052 265 199 266 246
phone 0.0052 264 285 266 344
phone 0.0052 0 119 18 233
phone 0.0052 65 0 94 37
phone 0.0052 49 0 79 37
phone 0.0052 94 362 126 399
phone 0.0052 80 0 109 37
phone 0.0052 18 70 48 129
phone 0.0052 0 227 3 341
phone 0.0052 34 0 63 37
phone 0.0052 265 0 266 30
phone 0.0052 250 0 266 30
phone 0.0052 19 0 48 37
phone 0.0052 96 0 125 37
phone 0.0052 203 0 233 37
phone 0.0052 0 134 3 248
phone 0.0052 18 39 48 98
phone 0.0052 111 0 140 37
phone 0.0052 126 0 156 37
phone 0.0052 0 106 17 154
phone 0.0052 0 122 2 170
phone 0.0052 0 60 2 108
phone 0.0052 52 204 68 234
phone 0.0052 142 0 171 37
phone 0.0052 50 338 108 384
phone 0.0051 188 0 217 37
phone 0.0051 0 75 17 123
phone 0.0051 157 0 186 37
phone 0.0051 173 0 202 37
phone 0.0051 64 331 95 391
phone 0.0051 0 91 2 139
phone 0.0051 3 100 33 159
phone 0.0051 18 346 48 399
phone 0.0051 0 11 3 126
phone 0.0051 58 224 99 283
phone 0.0051 157 116 187 174
phone 0.0051 0 73 18 187
phone 0.0051 0 88 3 202
phone 0.0051 0 11 18 126
phone 0.0051 44 207 76 230
phone 0.0051 65 353 125 399
phone 0.0051 167 163 206 221
phone 0.0051 3 70 33 129
phone 0.0051 127 338 185 384
phone 0.0051 49 331 79 390
phone 0.0050 141 331 172 390
phone 0.0050 19 338 78 384
phone 0.0050 172 8 203 67
