phone 0.7492 115 214 215 260
phone 0.2515 140 203 182 273
phone 0.2357 104 206 187 270
phone 0.1716 109 162 212 276
phone 0.1583 124 67 220 227
phone 0.1301 50 190 176 271
phone 0.1090 127 204 165 272
phone 0.1025 111 91 272 255
phone 0.1010 145 56 316 225
phone 0.0984 129 200 246 266
phone 0.0879 85 81 209 265
phone 0.0859 86 29 198 200
phone 0.0719 23 19 130 202
phone 0.0612 65 71 160 216
phone 0.0526 142 81 211 180
phone 0.0507 194 32 283 197
phone 0.0478 33 132 194 276
phone 0.0454 155 113 228 210
phone 0.0442 46 0 180 171
phone 0.0373 2 0 97 174
phone 0.0364 123 100 199 192
phone 0.0363 26 99 142 222
phone 0.0359 158 43 255 186
phone 0.0338 202 0 314 167
phone 0.0338 58 126 141 196
phone 0.0337 0 177 103 276
phone 0.0323 15 11 203 262
phone 0.0294 0 146 65 261
phone 0.0293 94 119 166 203
phone 0.0283 206 89 301 233
phone 0.0282 156 73 227 157
phone 0.0270 145 129 305 268
phone 0.0269 92 0 311 187
phone 0.0260 171 208 212 268
phone 0.0244 123 222 271 276
phone 0.0243 219 57 288 143
phone 0.0233 168 135 246 218
phone 0.0232 203 118 273 205
phone 0.0227 77 141 152 212
phone 0.0218 73 29 103 54
phone 0.0218 108 92 183 169
phone 0.0213 169 90 245 171
phone 0.0207 183 106 262 186
phone 0.0205 80 26 96 58
phone 0.0193 153 126 200 196
phone 0.0191 7 0 91 81
phone 0.0189 0 78 117 265
phone 0.0189 278 79 369 198
phone 0.0188 0 64 63 216
phone 0.0188 181 11 264 157
phone 0.0186 83 36 93 48
phone 0.0181 136 257 247 276
phone 0.0181 139 239 316 276
phone 0.0179 20 179 56 236
phone 0.0178 156 83 197 147
phone 0.0174 94 74 167 157
phone 0.0173 80 131 119 191
phone 0.0171 169 113 214 179
phone 0.0169 172 65 242 134
phone 0.0168 143 268 241 276
phone 0.0168 82 56 148 143
phone 0.0166 38 0 130 124
phone 0.0163 130 11 222 157
phone 0.0162 183 160 262 224
phone 0.0162 229 65 351 210
phone 0.0160 111 130 180 223
phone 0.0160 0 0 63 110
phone 0.0159 173 177 273 276
phone 0.0158 10 212 145 276
phone 0.0154 94 130 135 192
phone 0.0151 73 118 157 265
phone 0.0150 139 113 183 179
phone 0.0149 171 84 212 146
phone 0.0148 123 187 338 276
phone 0.0148 110 130 150 192
phone 0.0146 45 107 123 185
phone 0.0144 189 211 225 265
phone 0.0144 221 28 285 109
phone 0.0143 114 210 146 266
phone 0.0143 205 41 271 128
phone 0.0142 95 0 195 100
phone 0.0139 47 52 121 116
phone 0.0138 175 266 270 276
phone 0.0137 218 138 288 215
phone 0.0137 123 63 199 136
phone 0.0134 186 130 228 192
phone 0.0133 66 268 164 276
phone 0.0132 218 127 319 256
phone 0.0131 274 6 377 145
phone 0.0131 59 158 141 276
phone 0.0130 233 20 335 147
phone 0.0130 181 251 340 276
phone 0.0127 233 68 273 131
phone 0.0127 38 237 118 276
phone 0.0126 125 115 166 176
phone 0.0122 48 255 151 276
phone 0.0121 203 131 242 191
phone 0.0121 218 130 258 192
phone 0.0120 34 33 103 104
phone 0.0119 33 64 104 135
phone 0.0119 6 179 39 235
phone 0.0119 232 50 305 118
phone 0.0118 141 84 181 145
phone 0.0118 228 81 309 149
phone 0.0117 218 265 290 276
phone 0.0116 49 18 119 89
phone 0.0116 11 254 96 276
phone 0.0116 189 70 225 129
phone 0.0115 40 146 128 207
phone 0.0115 65 72 134 158
phone 0.0113 35 194 71 251
phone 0.0113 72 25 89 58
phone 0.0113 29 127 108 195
phone 0.0113 28 193 110 252
phone 0.0112 187 100 227 160
phone 0.0112 157 51 227 118
phone 0.0112 37 266 131 276
phone 0.0112 82 71 117 128
phone 0.0112 110 100 150 161
phone 0.0110 204 164 240 220
phone 0.0110 65 132 103 190
phone 0.0109 151 189 202 256
phone 0.0109 209 187 298 276
phone 0.0108 152 219 200 276
phone 0.0104 186 219 259 276
phone 0.0104 218 68 258 131
phone 0.0104 241 157 327 276
phone 0.0103 189 36 256 101
phone 0.0103 67 240 150 276
phone 0.0102 0 238 68 276
phone 0.0102 91 255 201 276
phone 0.0102 250 71 286 128
phone 0.0101 93 48 167 121
phone 0.0101 208 273 311 276
phone 0.0101 126 86 164 144
phone 0.0101 96 69 134 130
phone 0.0100 66 56 101 112
phone 0.0100 76 36 85 48
phone 0.0098 205 210 239 266
phone 0.0097 220 162 256 222
phone 0.0097 235 39 272 99
phone 0.0096 51 10 86 66
phone 0.0096 68 0 155 89
phone 0.0096 208 15 268 91
phone 0.0096 156 5 399 206
phone 0.0095 286 109 344 182
phone 0.0094 0 205 58 276
phone 0.0094 165 168 249 247
phone 0.0094 82 193 117 252
phone 0.0093 0 0 39 6
phone 0.0093 204 170 272 245
phone 0.0092 230 163 308 221
phone 0.0092 20 77 87 152
phone 0.0092 205 55 240 113
phone 0.0092 33 92 104 169
phone 0.0092 216 97 260 163
phone 0.0091 202 100 242 161
phone 0.0091 235 146 271 206
phone 0.0090 119 113 149 140
phone 0.0090 72 213 158 263
phone 0.0090 51 55 86 113
phone 0.0089 173 105 203 132
phone 0.0089 228 131 309 191
phone 0.0088 243 72 325 127
phone 0.0088 66 25 101 82
phone 0.0088 5 262 72 276
phone 0.0088 64 31 135 106
phone 0.0088 19 49 88 119
phone 0.0088 0 266 41 276
phone 0.0088 200 104 384 232
phone 0.0087 125 146 166 207
phone 0.0087 111 70 149 129
phone 0.0086 244 148 324 205
phone 0.0086 36 10 70 66
phone 0.0086 51 195 85 250
phone 0.0085 271 45 328 123
phone 0.0085 88 98 118 124
phone 0.0085 93 99 136 162
phone 0.0085 13 153 93 231
phone 0.0085 250 191 319 254
phone 0.0085 286 78 344 152
phone 0.0085 46 176 122 239
phone 0.0085 162 0 251 98
phone 0.0084 40 0 98 54
phone 0.0084 260 110 341 242
phone 0.0084 48 203 120 273
phone 0.0083 221 24 255 83
phone 0.0083 125 109 143 143
phone 0.0083 179 102 197 136
phone 0.0082 174 55 209 113
phone 0.0082 261 49 340 181
phone 0.0082 21 106 86 186
phone 0.0081 190 40 224 97
phone 0.0081 0 116 61 175
phone 0.0080 238 23 299 84
phone 0.0080 221 237 286 276
phone 0.0080 240 104 328 157
phone 0.0079 0 84 60 145
phone 0.0079 123 263 199 276
phone 0.0079 0 271 60 276
phone 0.0079 233 115 274 176
phone 0.0079 250 0 319 116
phone 0.0079 82 163 116 220
phone 0.0078 95 94 112 128
phone 0.0078 298 100 332 160
phone 0.0078 362 0 399 3
phone 0.0077 96 164 165 251
phone 0.0077 67 195 101 250
phone 0.0077 15 268 92 276
phone 0.0076 51 133 86 189
phone 0.0076 172 102 189 136
phone 0.0075 268 156 331 227
phone 0.0075 66 86 102 144
phone 0.0075 267 124 332 197
phone 0.0075 251 40 286 97
phone 0.0074 158 55 194 113
phone 0.0074 0 127 42 195
phone 0.0074 252 209 285 267
phone 0.0074 251 164 285 220
phone 0.0074 188 175 218 201
phone 0.0073 5 0 39 51
phone 0.0073 302 120 358 171
phone 0.0073 267 194 300 251
phone 0.0073 220 223 255 276
phone 0.0072 236 225 270 276
phone 0.0072 141 34 212 104
phone 0.0072 36 70 70 129
phone 0.0072 283 38 316 98
phone 0.0072 0 190 45 255
phone 0.0072 0 100 44 160
phone 0.0072 36 101 70 160
phone 0.0071 205 24 239 82
phone 0.0071 129 120 139 132
phone 0.0071 271 26 328 81
phone 0.0071 267 149 301 204
phone 0.0071 183 113 193 125
phone 0.0071 0 54 45 114
phone 0.0071 100 0 161 48
phone 0.0070 97 162 133 222
phone 0.0070 98 210 131 266
phone 0.0070 315 116 346 175
phone 0.0070 51 86 86 144
phone 0.0070 267 56 300 112
phone 0.0069 181 159 211 186
phone 0.0069 236 178 270 236
phone 0.0069 298 131 332 191
phone 0.0069 131 0 191 48
phone 0.0069 142 159 172 186
phone 0.0069 21 0 55 51
phone 0.0068 36 40 70 97
phone 0.0068 146 0 208 82
phone 0.0068 99 105 108 117
phone 0.0068 361 44 399 93
phone 0.0068 0 252 42 276
phone 0.0068 170 244 244 276
phone 0.0068 195 171 212 205
phone 0.0068 363 12 399 125
phone 0.0067 282 162 316 221
phone 0.0067 221 193 255 252
phone 0.0067 162 0 222 49
phone 0.0067 251 133 286 189
phone 0.0067 0 22 45 84
phone 0.0066 141 242 212 276
phone 0.0066 119 221 149 247
phone 0.0066 21 101 55 159
phone 0.0066 176 113 185 125
phone 0.0066 301 87 359 143
phone 0.0066 282 132 316 190
phone 0.0066 267 88 301 142
phone 0.0066 237 268 302 276
phone 0.0066 173 272 210 276
phone 0.0066 118 109 135 143
phone 0.0065 81 24 117 83
phone 0.0065 52 271 85 276
phone 0.0065 282 69 317 130
phone 0.0065 5 71 39 128
phone 0.0065 78 100 120 161
phone 0.0064 67 272 101 276
phone 0.0064 5 225 39 276
phone 0.0064 178 6 236 70
phone 0.0064 282 100 317 160
phone 0.0064 21 25 55 82
phone 0.0064 362 103 399 157
phone 0.0064 316 75 375 124
phone 0.0064 127 56 163 112
phone 0.0064 165 175 195 201
phone 0.0064 158 272 194 276
phone 0.0063 134 218 150 250
phone 0.0063 360 13 399 62
phone 0.0063 312 39 379 159
phone 0.0063 271 229 328 276
phone 0.0063 21 70 55 128
phone 0.0063 330 271 393 276
phone 0.0063 187 155 204 190
phone 0.0063 226 8 281 68
phone 0.0063 148 155 166 190
phone 0.0063 0 0 36 17
phone 0.0062 173 90 203 117
phone 0.0062 360 183 399 232
phone 0.0062 363 151 399 263
phone 0.0062 181 136 211 163
phone 0.0062 5 40 39 97
phone 0.0062 183 120 193 132
phone 0.0062 267 118 301 173
phone 0.0062 377 38 399 99
phone 0.0062 142 136 172 163
phone 0.0062 208 0 268 16
phone 0.0061 301 214 360 262
phone 0.0061 36 271 70 276
phone 0.0061 331 70 361 128
phone 0.0061 285 223 315 276
phone 0.0061 51 225 86 276
phone 0.0061 126 217 143 251
phone 0.0061 207 0 269 49
phone 0.0061 92 223 169 276
phone 0.0061 301 45 360 93
phone 0.0061 331 91 392 139
phone 0.0061 224 271 282 276
phone 0.0060 316 183 375 231
phone 0.0060 192 0 253 31
phone 0.0060 270 260 329 276
phone 0.0060 298 70 332 129
phone 0.0060 312 100 379 221
phone 0.0060 0 117 24 174
phone 0.0060 82 272 117 276
phone 0.0060 239 0 299 16
phone 0.0060 178 0 237 16
phone 0.0060 317 137 374 185
phone 0.0060 188 228 218 255
phone 0.0060 172 171 189 205
phone 0.0060 361 213 399 262
phone 0.0059 238 0 300 49
phone 0.0059 363 55 399 173
phone 0.0059 299 271 362 276
phone 0.0059 66 164 101 219
phone 0.0059 314 150 378 264
phone 0.0059 331 131 361 190
phone 0.0059 285 245 345 276
phone 0.0059 113 240 147 276
phone 0.0059 315 258 377 276
phone 0.0059 220 272 255 276
phone 0.0059 196 152 226 178
phone 0.0059 287 53 343 115
phone 0.0059 286 142 344 211
phone 0.0059 223 0 253 21
phone 0.0059 223 0 284 31
phone 0.0058 239 0 269 21
phone 0.0058 361 74 399 125
phone 0.0058 270 223 299 276
phone 0.0058 250 102 287 158
phone 0.0058 377 7 399 68
phone 0.0058 70 0 129 49
phone 0.0058 208 0 238 21
phone 0.0058 82 224 116 276
phone 0.0058 346 85 376 144
phone 0.0058 331 0 391 47
phone 0.0058 285 254 315 276
phone 0.0058 315 39 346 97
phone 0.0058 315 208 346 267
phone 0.0058 7 0 70 34
phone 0.0058 146 0 207 31
phone 0.0058 330 242 393 276
phone 0.0058 97 240 132 276
phone 0.0058 21 255 55 276
phone 0.0057 199 182 208 194
phone 0.0057 0 86 24 143
phone 0.0057 361 0 399 32
phone 0.0057 360 152 399 201
phone 0.0057 0 178 24 236
phone 0.0057 137 228 147 240
phone 0.0057 331 168 391 216
phone 0.0057 283 196 347 276
phone 0.0057 376 84 399 145
phone 0.0057 270 0 330 16
phone 0.0057 362 243 399 276
phone 0.0057 254 0 284 21
phone 0.0057 316 14 375 62
phone 0.0057 193 0 222 21
phone 0.0057 179 86 197 120
phone 0.0057 36 224 70 276
phone 0.0057 377 177 399 237
phone 0.0057 187 132 205 167
phone 0.0057 7 0 69 2
phone 0.0057 177 0 207 36
phone 0.0057 331 177 361 236
phone 0.0057 111 105 141 132
phone 0.0057 360 275 399 276
phone 0.0057 0 0 36 1
phone 0.0057 300 239 330 276
phone 0.0057 143 56 178 112
phone 0.0057 87 25 104 58
phone 0.0057 268 0 331 49
phone 0.0057 99 113 108 125
phone 0.0056 316 0 376 31
phone 0.0056 51 256 86 276
phone 0.0056 346 60 399 108
phone 0.0056 330 135 393 248
phone 0.0056 50 164 86 220
phone 0.0056 331 270 361 276
phone 0.0056 301 0 360 47
phone 0.0056 315 71 346 128
phone 0.0056 122 120 131 133
phone 0.0056 252 0 316 33
phone 0.0056 116 0 176 31
phone 0.0056 54 0 115 32
phone 0.0056 36 256 70 276
phone 0.0056 364 267 399 276
phone 0.0056 331 0 391 16
phone 0.0056 316 270 346 276
phone 0.0056 300 0 360 16
phone 0.0056 346 269 376 276
phone 0.0056 148 132 166 167
phone 0.0056 347 0 376 52
phone 0.0056 300 0 361 2
phone 0.0056 314 227 377 276
phone 0.0056 269 0 299 21
phone 0.0055 285 0 345 31
phone 0.0055 315 0 377 110
phone 0.0055 159 8 194 67
phone 0.0055 143 271 179 276
phone 0.0055 346 147 376 206
phone 0.0055 0 270 23 276
phone 0.0055 300 39 331 97
phone 0.0055 332 29 391 77
phone 0.0055 300 270 330 276
phone 0.0055 88 175 118 201
phone 0.0055 162 0 192 36
phone 0.0055 189 272 225 276
phone 0.0055 377 207 399 268
phone 0.0055 300 208 330 267
phone 0.0055 331 0 361 52
phone 0.0055 268 271 332 276
phone 0.0055 208 0 268 1
phone 0.0055 69 0 130 3
phone 0.0055 9 0 68 1
phone 0.0054 0 209 24 267
phone 0.0054 285 0 315 21
phone 0.0054 330 0 392 2
phone 0.0054 115 0 177 3
phone 0.0054 97 272 132 276
phone 0.0054 237 255 269 276
phone 0.0054 23 0 53 20
phone 0.0054 0 0 53 0
phone 0.0054 98 8 132 67
phone 0.0054 129 228 139 240
phone 0.0054 195 224 212 259
phone 0.0054 315 254 346 276
phone 0.0054 178 0 237 1
phone 0.0054 269 0 330 2
phone 0.0054 38 0 100 3
phone 0.0054 204 272 240 276
phone 0.0054 362 54 392 113
phone 0.0054 147 0 176 36
phone 0.0054 131 0 191 16
phone 0.0054 376 115 399 176
phone 0.0054 101 0 160 16
phone 0.0054 191 166 201 179
phone 0.0054 110 160 150 223
phone 0.0054 152 166 162 179
phone 0.0054 346 0 376 21
phone 0.0054 83 0 147 34
phone 0.0054 21 225 55 276
phone 0.0054 251 266 338 276
phone 0.0054 331 254 361 276
phone 0.0054 316 0 345 52
phone 0.0054 150 105 180 132
phone 0.0054 284 0 346 79
phone 0.0054 112 244 179 276
phone 0.0053 146 0 207 3
phone 0.0053 300 0 330 21
phone 0.0053 239 0 299 1
phone 0.0053 331 0 361 21
phone 0.0053 241 258 296 276
phone 0.0053 285 270 315 276
phone 0.0053 97 39 133 98
phone 0.0053 331 23 361 83
phone 0.0053 254 239 284 276
phone 0.0053 316 0 345 21
phone 0.0053 69 0 100 36
phone 0.0053 131 0 161 36
phone 0.0053 303 150 358 202
phone 0.0053 99 97 108 109
phone 0.0053 285 8 315 67
phone 0.0053 360 0 399 1
phone 0.0053 26 245 57 270
phone 0.0053 23 0 84 16
phone 0.0053 331 208 361 267
phone 0.0053 0 240 24 276
phone 0.0053 345 0 399 95
phone 0.0053 346 54 376 113
phone 0.0053 238 0 300 2
phone 0.0053 255 13 314 63
phone 0.0053 376 146 399 206
phone 0.0053 202 148 220 182
phone 0.0053 331 199 391 246
phone 0.0053 347 23 376 83
phone 0.0052 270 0 330 0
phone 0.0052 346 254 376 276
phone 0.0052 361 85 392 144
phone 0.0052 58 28 87 55
phone 0.0052 301 0 360 0
phone 0.0052 187 179 227 236
phone 0.0052 220 256 255 276
phone 0.0052 70 0 129 16
phone 0.0052 376 0 399 22
phone 0.0052 346 177 376 236
phone 0.0052 176 0 238 2
phone 0.0052 147 0 206 1
phone 0.0052 116 0 145 36
phone 0.0052 39 0 98 1
phone 0.0052 34 21 65 47
phone 0.0052 207 0 269 2
phone 0.0052 0 147 25 206
phone 0.0052 255 275 313 276
phone 0.0052 118 4 174 72
phone 0.0052 144 8 178 67
phone 0.0052 300 0 330 52
phone 0.0051 317 105 374 155
phone 0.0051 181 113 211 140
phone 0.0051 315 146 346 206
phone 0.0051 362 162 392 221
phone 0.0051 66 256 101 276
phone 0.0051 362 23 392 83
phone 0.0051 287 181 343 233
phone 0.0051 223 0 254 6
phone 0.0051 41 241 58 274
phone 0.0051 176 182 185 194
phone 0.0051 252 242 316 276
phone 0.0051 33 241 50 274
phone 0.0051 101 0 130 21
phone 0.0051 207 0 238 6
phone 0.0051 23 0 54 6
phone 0.0051 238 0 269 6
phone 0.0051 39 0 69 21
phone 0.0051 345 181 399 276
phone 0.0051 174 25 209 82
phone 0.0051 20 132 56 190
phone 0.0051 285 151 359 247
phone 0.0051 111 228 141 255
phone 0.0051 53 0 85 35
phone 0.0050 70 0 129 1
phone 0.0050 66 225 101 276
phone 0.0050 192 0 223 6
phone 0.0050 253 0 285 6
phone 0.0050 331 101 361 159
phone 0.0050 112 40 148 98
phone 0.0050 376 253 399 276
phone 0.0050 211 190 242 216
phone 0.0050 346 122 399 169
phone 0.0050 95 171 112 205
phone 0.0050 329 73 394 186
phone 0.0050 346 261 399 276
phone 0.0050 116 0 175 1
phone 0.0050 362 192 392 252
