phone 0.9665 51 65 301 347
phone 0.0624 48 175 209 340
phone 0.0523 70 238 178 342
phone 0.0408 126 99 273 300
phone 0.0388 61 111 198 301
phone 0.0362 124 80 224 241
phone 0.0337 82 274 165 357
phone 0.0317 50 204 143 325
phone 0.0283 39 79 149 266
phone 0.0274 183 112 286 241
phone 0.0256 112 204 234 333
phone 0.0254 227 105 317 229
phone 0.0247 18 161 108 307
phone 0.0225 67 71 177 214
phone 0.0222 191 47 298 173
phone 0.0191 196 142 274 212
phone 0.0187 130 61 235 169
phone 0.0177 63 260 125 371
phone 0.0169 260 73 352 207
phone 0.0166 148 194 260 312
phone 0.0163 145 81 269 211
phone 0.0154 145 218 232 289
phone 0.0149 163 206 246 271
phone 0.0148 213 130 288 193
phone 0.0147 229 36 323 180
phone 0.0147 121 117 196 205
phone 0.0145 206 12 289 143
phone 0.0144 103 239 213 359
phone 0.0143 177 154 263 230
phone 0.0142 208 78 293 213
phone 0.0141 162 162 277 283
phone 0.0139 129 233 218 305
phone 0.0137 138 99 209 192
phone 0.0128 60 180 133 265
phone 0.0125 111 14 196 142
phone 0.0124 27 105 106 247
phone 0.0123 105 134 180 219
phone 0.0123 175 16 258 141
phone 0.0123 124 267 223 393
phone 0.0122 23 267 110 393
phone 0.0121 75 163 149 252
phone 0.0119 201 109 269 182
phone 0.0119 149 181 229 265
phone 0.0118 147 55 326 399
phone 0.0117 58 269 136 330
phone 0.0115 216 147 254 206
phone 0.0115 14 223 119 345
phone 0.0114 207 142 295 272
phone 0.0113 144 15 227 143
phone 0.0112 79 256 114 313
phone 0.0112 221 205 312 332
phone 0.0111 0 124 44 259
phone 0.0111 34 24 147 192
phone 0.0109 90 148 165 236
phone 0.0109 194 251 278 378
phone 0.0108 102 268 184 331
phone 0.0108 0 174 51 301
phone 0.0107 233 133 268 189
phone 0.0106 106 110 180 182
phone 0.0105 266 159 359 285
phone 0.0104 124 91 192 169
phone 0.0103 233 174 330 301
phone 0.0103 166 239 244 298
phone 0.0102 90 125 165 198
phone 0.0102 98 48 322 240
phone 0.0101 50 283 144 399
phone 0.0101 214 160 288 223
phone 0.0101 85 206 170 301
phone 0.0101 183 223 257 284
phone 0.0100 33 138 99 215
phone 0.0100 80 0 166 161
phone 0.0100 93 92 162 168
phone 0.0099 96 284 191 399
phone 0.0099 0 0 21 67
phone 0.0099 132 272 216 328
phone 0.0099 43 251 121 317
phone 0.0098 169 42 241 188
phone 0.0098 198 193 273 253
phone 0.0097 45 201 118 275
phone 0.0097 31 300 102 360
phone 0.0097 0 239 75 359
phone 0.0097 137 228 288 345
phone 0.0096 41 174 121 240
phone 0.0096 194 186 278 320
phone 0.0095 175 272 250 366
phone 0.0095 249 126 314 196
phone 0.0094 0 0 181 276
phone 0.0093 45 316 118 375
phone 0.0093 49 121 114 201
phone 0.0093 27 191 105 254
phone 0.0092 59 156 135 228
phone 0.0092 186 210 223 266
phone 0.0092 64 106 130 185
phone 0.0091 232 143 301 210
phone 0.0091 147 256 231 312
phone 0.0091 202 286 269 344
phone 0.0091 135 146 212 238
phone 0.0090 0 159 37 224
phone 0.0090 74 140 150 213
phone 0.0090 191 85 249 145
phone 0.0089 263 16 351 138
phone 0.0089 230 238 302 299
phone 0.0089 222 102 279 159
phone 0.0089 138 316 210 375
phone 0.0089 301 141 363 272
phone 0.0088 0 0 18 32
phone 0.0088 217 270 285 328
phone 0.0088 180 217 261 351
phone 0.0088 265 116 298 175
phone 0.0088 16 284 86 346
phone 0.0087 28 221 104 286
phone 0.0086 153 283 225 347
phone 0.0086 84 302 157 392
phone 0.0085 156 256 191 312
phone 0.0085 151 114 227 208
phone 0.0084 217 117 253 175
phone 0.0084 0 0 4 37
phone 0.0084 49 147 83 205
phone 0.0083 145 80 203 150
phone 0.0083 0 100 145 356
phone 0.0083 203 225 237 281
phone 0.0083 250 126 344 257
phone 0.0083 187 255 221 312
phone 0.0083 169 224 208 282
phone 0.0082 296 96 361 226
phone 0.0082 278 142 346 211
phone 0.0082 276 191 349 254
phone 0.0082 4 108 68 244
phone 0.0082 172 271 206 327
phone 0.0082 95 271 129 327
phone 0.0082 233 164 267 220
phone 0.0081 292 159 363 225
phone 0.0081 0 207 41 268
phone 0.0081 246 222 317 284
phone 0.0081 120 284 197 346
phone 0.0080 26 270 106 329
phone 0.0080 218 194 252 250
phone 0.0080 1 271 70 328
phone 0.0080 126 272 160 327
phone 0.0080 344 0 363 34
phone 0.0079 5 136 66 186
phone 0.0079 70 192 287 380
phone 0.0079 78 178 115 236
phone 0.0078 14 238 88 300
phone 0.0078 63 332 131 390
phone 0.0078 139 256 177 312
phone 0.0078 12 206 89 270
phone 0.0078 106 314 180 377
phone 0.0078 0 222 56 284
phone 0.0078 113 82 173 148
phone 0.0078 64 195 98 250
phone 0.0078 300 131 356 191
phone 0.0077 249 132 283 190
phone 0.0077 261 207 333 269
phone 0.0077 41 287 123 343
phone 0.0076 109 101 145 159
phone 0.0076 60 299 134 361
phone 0.0076 0 72 39 199
phone 0.0076 233 171 299 244
phone 0.0076 20 132 51 189
phone 0.0076 188 246 252 322
phone 0.0076 110 272 144 327
phone 0.0075 64 132 99 190
phone 0.0075 140 101 176 159
phone 0.0075 201 179 238 236
phone 0.0075 19 151 83 232
phone 0.0075 249 240 283 297
phone 0.0075 64 256 98 312
phone 0.0075 249 162 283 221
phone 0.0074 35 300 66 360
phone 0.0074 50 91 113 139
phone 0.0074 0 146 49 207
phone 0.0074 310 175 363 239
phone 0.0074 94 101 130 159
phone 0.0074 137 130 179 192
phone 0.0074 79 116 114 174
phone 0.0074 51 57 113 172
phone 0.0074 156 287 190 343
phone 0.0073 125 117 161 174
phone 0.0073 230 206 302 270
phone 0.0073 204 301 236 360
phone 0.0073 0 326 24 399
phone 0.0073 244 192 319 253
phone 0.0073 49 210 83 266
phone 0.0072 312 116 343 174
phone 0.0072 126 331 191 390
phone 0.0072 252 104 311 156
phone 0.0072 234 256 267 312
phone 0.0071 192 320 248 371
phone 0.0071 50 316 82 375
phone 0.0071 314 145 363 207
phone 0.0071 81 75 144 124
phone 0.0071 311 194 344 251
phone 0.0071 0 187 30 319
phone 0.0071 0 178 21 236
phone 0.0071 0 190 56 255
phone 0.0071 247 157 316 227
phone 0.0070 67 85 97 144
phone 0.0070 345 113 363 239
phone 0.0070 328 69 363 208
phone 0.0070 345 194 363 251
phone 0.0070 153 115 194 176
phone 0.0070 36 118 97 173
phone 0.0070 260 175 334 239
phone 0.0070 203 232 268 306
phone 0.0069 81 85 113 144
phone 0.0069 84 364 141 399
phone 0.0069 19 270 51 329
phone 0.0069 109 133 146 189
phone 0.0069 66 42 128 156
phone 0.0069 264 225 298 282
phone 0.0069 218 224 252 282
phone 0.0069 111 332 144 390
phone 0.0069 295 148 329 205
phone 0.0068 284 118 341 173
phone 0.0068 295 194 329 251
phone 0.0068 172 302 206 358
phone 0.0068 131 195 216 281
phone 0.0068 233 193 268 252
phone 0.0067 97 70 128 128
phone 0.0067 221 300 251 360
phone 0.0067 20 88 82 202
phone 0.0067 80 286 113 343
phone 0.0067 123 146 163 206
phone 0.0067 114 365 172 399
phone 0.0067 49 241 83 297
phone 0.0067 221 338 281 384
phone 0.0067 264 147 298 205
phone 0.0067 310 163 344 220
phone 0.0067 4 132 36 190
phone 0.0066 98 350 158 399
phone 0.0066 203 254 237 313
phone 0.0066 84 46 142 183
phone 0.0066 160 335 218 386
phone 0.0066 217 218 285 289
phone 0.0066 0 147 21 205
phone 0.0066 18 239 52 298
phone 0.0066 172 85 207 144
phone 0.0066 357 146 363 206
phone 0.0065 95 317 129 374
phone 0.0065 184 177 225 237
phone 0.0065 51 101 82 159
phone 0.0065 223 305 279 355
phone 0.0065 20 106 82 154
phone 0.0065 280 209 313 266
phone 0.0065 315 213 363 263
phone 0.0065 235 331 266 390
phone 0.0065 236 322 296 369
phone 0.0065 282 101 313 159
phone 0.0065 35 116 66 174
phone 0.0065 160 72 218 127
phone 0.0064 236 285 266 345
phone 0.0064 126 317 160 374
phone 0.0064 0 224 21 283
phone 0.0064 20 305 82 399
phone 0.0064 359 0 363 38
phone 0.0064 49 271 83 328
phone 0.0064 81 362 113 399
phone 0.0064 34 240 67 297
phone 0.0064 234 289 298 399
phone 0.0064 313 91 363 139
phone 0.0064 18 163 52 221
phone 0.0064 141 286 175 343
phone 0.0064 236 60 296 108
phone 0.0063 282 76 342 123
phone 0.0063 269 243 325 294
phone 0.0063 253 258 310 310
phone 0.0063 97 60 159 108
phone 0.0063 0 331 53 399
phone 0.0063 328 367 363 399
phone 0.0063 326 163 360 220
phone 0.0063 91 177 133 237
phone 0.0063 67 60 127 108
phone 0.0063 312 58 363 171
phone 0.0063 187 285 221 344
phone 0.0063 251 338 312 385
phone 0.0063 5 367 65 399
phone 0.0063 0 364 17 399
phone 0.0063 112 362 144 399
phone 0.0063 33 163 68 221
phone 0.0063 112 70 144 128
phone 0.0063 267 291 327 338
phone 0.0062 36 76 96 123
phone 0.0062 312 332 363 399
phone 0.0062 251 316 282 375
phone 0.0062 267 60 327 108
phone 0.0062 201 101 238 159
phone 0.0062 36 331 66 391
phone 0.0062 147 113 177 139
phone 0.0062 298 60 358 108
phone 0.0062 20 362 51 399
phone 0.0062 298 106 358 154
phone 0.0062 4 362 36 399
phone 0.0062 250 27 313 141
phone 0.0062 35 42 98 156
phone 0.0062 64 287 98 343
phone 0.0062 252 307 311 354
phone 0.0062 265 258 329 371
phone 0.0061 221 45 281 93
phone 0.0061 62 252 93 278
phone 0.0061 172 299 237 399
phone 0.0061 298 30 358 77
phone 0.0061 328 85 358 144
phone 0.0061 343 147 363 205
phone 0.0061 34 210 67 266
phone 0.0061 63 224 99 282
phone 0.0061 111 301 144 359
phone 0.0061 282 45 343 93
phone 0.0061 189 315 220 375
phone 0.0061 249 209 283 266
phone 0.0061 199 147 240 206
phone 0.0061 267 30 327 77
phone 0.0061 168 193 209 252
phone 0.0061 264 205 331 332
phone 0.0061 252 45 312 93
phone 0.0061 174 330 204 391
phone 0.0061 128 346 158 399
phone 0.0061 82 45 143 93
phone 0.0061 296 0 359 110
phone 0.0061 328 116 359 174
phone 0.0061 144 0 204 30
phone 0.0060 283 276 342 323
phone 0.0060 329 137 363 185
phone 0.0060 252 54 281 113
phone 0.0060 298 69 327 129
phone 0.0060 36 85 66 144
phone 0.0060 266 331 297 390
phone 0.0060 313 85 343 144
phone 0.0060 82 54 112 113
phone 0.0060 0 362 6 399
phone 0.0060 282 285 312 344
phone 0.0060 313 45 363 93
phone 0.0060 267 91 327 139
phone 0.0060 66 331 97 391
phone 0.0060 69 248 86 281
phone 0.0060 264 194 298 251
phone 0.0060 159 0 220 64
phone 0.0060 5 323 66 368
phone 0.0060 281 243 344 355
phone 0.0060 175 0 234 30
phone 0.0060 358 192 363 253
phone 0.0060 113 45 173 93
phone 0.0060 344 43 363 155
phone 0.0060 94 148 130 205
phone 0.0060 143 362 174 399
phone 0.0060 48 179 83 235
phone 0.0060 343 75 363 124
phone 0.0060 284 227 341 279
phone 0.0060 266 301 297 359
phone 0.0060 5 91 66 139
phone 0.0059 282 69 312 129
phone 0.0059 236 29 296 77
phone 0.0059 267 54 297 113
phone 0.0059 52 70 81 129
phone 0.0059 282 239 312 299
phone 0.0059 128 0 189 64
phone 0.0059 297 101 328 159
phone 0.0059 313 54 343 113
phone 0.0059 252 76 312 123
phone 0.0059 267 254 297 314
phone 0.0059 35 362 67 399
phone 0.0059 251 270 281 329
phone 0.0059 4 239 36 298
phone 0.0059 20 316 51 375
phone 0.0059 281 57 344 172
phone 0.0059 98 29 158 77
phone 0.0059 218 255 252 313
phone 0.0059 235 0 298 110
phone 0.0059 4 58 67 171
phone 0.0059 282 337 343 385
phone 0.0059 344 120 363 171
phone 0.0059 114 0 173 30
phone 0.0059 91 239 133 298
phone 0.0059 189 0 251 64
phone 0.0059 0 275 51 385
phone 0.0059 282 331 312 390
phone 0.0059 107 162 148 222
phone 0.0058 298 261 358 308
phone 0.0058 36 368 96 399
phone 0.0058 328 54 358 113
phone 0.0058 236 39 266 98
phone 0.0058 313 23 343 82
phone 0.0058 113 39 143 98
phone 0.0058 205 29 266 77
phone 0.0058 35 333 98 399
phone 0.0058 298 39 327 98
phone 0.0058 128 29 189 77
phone 0.0058 236 91 297 139
phone 0.0058 297 270 328 328
phone 0.0058 160 0 189 37
phone 0.0058 296 228 359 340
phone 0.0058 155 105 185 132
phone 0.0058 97 346 128 399
phone 0.0058 0 307 51 353
phone 0.0058 282 39 312 98
phone 0.0058 175 0 204 37
phone 0.0058 267 322 327 369
phone 0.0058 206 0 265 30
phone 0.0058 175 29 235 77
phone 0.0058 37 0 96 30
phone 0.0058 221 39 251 98
phone 0.0058 21 60 81 108
phone 0.0058 0 122 50 169
phone 0.0058 345 363 363 399
phone 0.0058 328 23 358 83
phone 0.0058 282 367 343 399
phone 0.0058 344 0 363 109
phone 0.0058 98 39 127 98
phone 0.0057 267 353 328 399
phone 0.0057 67 54 97 113
phone 0.0057 238 290 294 340
phone 0.0057 157 70 190 128
phone 0.0057 267 23 297 82
phone 0.0057 280 179 314 235
phone 0.0057 20 100 51 159
phone 0.0057 190 0 219 37
phone 0.0057 144 0 173 37
phone 0.0057 50 362 82 399
phone 0.0057 83 0 142 30
phone 0.0057 127 70 159 128
phone 0.0057 342 29 363 78
phone 0.0057 52 45 112 93
phone 0.0057 97 0 158 64
phone 0.0057 154 109 171 143
phone 0.0057 18 209 52 266
phone 0.0057 5 300 35 360
phone 0.0057 20 26 82 141
phone 0.0057 67 29 127 77
phone 0.0057 51 0 112 64
phone 0.0057 190 45 250 93
phone 0.0057 312 363 344 399
phone 0.0057 128 39 158 98
phone 0.0057 345 304 363 399
phone 0.0057 129 72 188 127
phone 0.0057 206 0 235 37
phone 0.0057 313 254 343 313
phone 0.0057 251 23 281 82
phone 0.0056 50 11 113 126
phone 0.0056 343 336 363 386
phone 0.0056 20 0 81 64
phone 0.0056 188 332 253 399
phone 0.0056 129 0 158 37
phone 0.0056 63 163 99 220
phone 0.0056 220 0 281 64
phone 0.0056 204 302 267 399
phone 0.0056 297 363 328 399
phone 0.0056 70 306 101 332
phone 0.0056 0 76 50 123
phone 0.0056 298 331 327 390
phone 0.0056 233 224 268 282
phone 0.0056 314 245 363 292
phone 0.0055 21 70 51 129
phone 0.0055 221 0 250 37
phone 0.0055 79 148 115 205
phone 0.0055 237 0 296 30
phone 0.0055 281 288 344 399
phone 0.0055 52 0 81 37
phone 0.0055 298 223 328 283
phone 0.0055 343 306 363 355
phone 0.0055 0 238 5 299
phone 0.0055 313 223 343 283
phone 0.0055 282 14 342 62
phone 0.0055 113 0 143 37
phone 0.0055 144 23 174 82
phone 0.0055 190 367 250 399
phone 0.0055 36 29 96 77
phone 0.0055 205 23 235 82
phone 0.0055 5 45 66 93
phone 0.0055 343 229 363 278
phone 0.0055 251 86 282 143
phone 0.0055 0 29 50 77
phone 0.0055 358 115 363 176
phone 0.0055 67 0 96 37
phone 0.0055 282 307 343 354
phone 0.0055 0 178 6 236
phone 0.0055 0 27 51 141
phone 0.0055 283 0 342 30
phone 0.0055 98 0 127 37
phone 0.0055 83 0 112 37
phone 0.0055 190 23 220 82
phone 0.0055 358 69 363 129
phone 0.0055 220 331 251 390
phone 0.0055 36 54 66 113
phone 0.0055 93 322 124 347
phone 0.0055 251 367 312 399
phone 0.0055 236 353 297 399
phone 0.0055 36 0 66 37
phone 0.0055 142 0 206 95
phone 0.0054 159 23 189 82
phone 0.0054 0 0 50 30
phone 0.0054 220 367 281 399
phone 0.0054 175 23 204 82
phone 0.0054 173 363 205 399
phone 0.0054 344 243 363 355
phone 0.0054 281 363 313 399
phone 0.0054 298 291 358 339
phone 0.0054 236 0 266 37
phone 0.0054 327 27 363 140
phone 0.0054 0 54 23 175
phone 0.0054 0 257 52 310
phone 0.0054 298 322 358 370
phone 0.0054 82 23 112 82
phone 0.0054 4 0 67 110
phone 0.0054 189 363 221 399
phone 0.0054 158 363 190 399
phone 0.0054 66 362 97 399
phone 0.0054 342 275 363 324
phone 0.0054 0 8 23 128
phone 0.0054 159 45 219 93
phone 0.0054 251 0 312 64
phone 0.0054 143 55 174 113
phone 0.0054 204 363 236 399
phone 0.0054 113 14 173 62
phone 0.0053 358 361 363 399
phone 0.0053 235 363 267 399
phone 0.0053 205 331 235 391
phone 0.0053 313 0 363 30
phone 0.0053 67 23 97 82
phone 0.0053 83 14 142 62
phone 0.0053 5 70 35 128
phone 0.0053 205 353 266 399
phone 0.0053 252 0 281 37
phone 0.0053 168 116 210 176
phone 0.0053 220 363 251 399
phone 0.0053 0 29 18 78
phone 0.0053 328 0 363 64
phone 0.0053 266 363 298 399
phone 0.0053 313 306 363 354
phone 0.0053 205 60 265 108
phone 0.0053 161 102 179 136
phone 0.0053 358 23 363 83
phone 0.0053 313 276 363 323
phone 0.0053 52 39 81 98
phone 0.0053 327 193 359 252
phone 0.0053 0 7 5 68
phone 0.0053 100 317 117 351
phone 0.0053 359 330 363 391
phone 0.0053 312 258 363 371
phone 0.0053 0 209 6 267
phone 0.0053 250 363 282 399
phone 0.0052 0 321 18 370
phone 0.0052 298 0 327 37
phone 0.0052 297 301 328 359
phone 0.0052 77 302 94 336
phone 0.0052 5 23 35 82
phone 0.0052 326 177 363 298
phone 0.0052 21 39 51 98
phone 0.0052 6 0 35 37
phone 0.0052 36 23 66 82
phone 0.0052 267 0 296 37
phone 0.0052 73 259 82 271
phone 0.0052 108 317 125 351
phone 0.0052 283 0 312 37
phone 0.0052 297 8 328 67
phone 0.0052 313 285 343 344
phone 0.0052 5 101 35 159
phone 0.0052 21 0 50 37
phone 0.0052 328 254 359 313
phone 0.0052 152 146 195 207
phone 0.0052 76 224 117 283
phone 0.0052 0 116 20 174
phone 0.0051 235 86 267 143
phone 0.0051 313 316 343 375
phone 0.0051 358 300 363 360
phone 0.0051 0 45 35 92
phone 0.0051 282 8 313 67
phone 0.0051 143 60 205 108
phone 0.0051 279 147 314 205
phone 0.0051 0 108 26 244
phone 0.0051 328 223 358 283
phone 0.0051 137 162 179 222
phone 0.0051 328 285 358 344
phone 0.0051 328 316 358 375
phone 0.0051 128 8 159 67
phone 0.0051 204 70 236 128
phone 0.0051 112 8 143 67
phone 0.0051 358 223 363 283
phone 0.0050 0 315 5 375
phone 0.0050 97 8 128 67
phone 0.0050 6 14 65 62
phone 0.0050 0 91 35 138
phone 0.0050 103 171 183 274
