phone 0.8542 66 69 222 195
phone 0.0693 104 114 221 207
phone 0.0636 78 21 207 169
phone 0.0502 41 63 157 207
phone 0.0464 84 112 176 190
phone 0.0359 130 90 248 193
phone 0.0285 54 0 276 193
phone 0.0228 47 111 121 190
phone 0.0219 165 47 298 182
phone 0.0216 61 131 137 201
phone 0.0193 57 94 142 177
phone 0.0178 109 118 152 183
phone 0.0171 20 49 117 190
phone 0.0169 209 86 312 199
phone 0.0164 217 10 308 151
phone 0.0158 141 16 254 158
phone 0.0158 31 100 106 170
phone 0.0136 81 137 117 195
phone 0.0135 180 0 289 122
phone 0.0134 171 112 286 224
phone 0.0133 7 0 89 110
phone 0.0128 65 120 103 180
phone 0.0125 32 19 136 159
phone 0.0116 67 148 162 224
phone 0.0114 45 80 123 159
phone 0.0114 153 133 231 199
phone 0.0112 0 36 63 172
phone 0.0110 92 103 138 167
phone 0.0110 107 60 352 222
phone 0.0110 51 106 86 164
phone 0.0109 143 137 179 195
phone 0.0108 24 134 114 224
phone 0.0108 75 58 155 151
phone 0.0107 122 0 216 146
phone 0.0104 129 166 224 224
phone 0.0104 44 166 125 224
phone 0.0103 127 135 164 196
phone 0.0102 6 88 101 212
phone 0.0102 163 148 252 224
phone 0.0098 124 149 198 213
phone 0.0098 138 118 184 183
phone 0.0096 161 123 253 179
phone 0.0096 0 5 182 216
phone 0.0094 21 50 86 128
phone 0.0092 117 98 175 172
phone 0.0091 61 0 164 104
phone 0.0090 36 35 102 112
phone 0.0090 17 85 90 154
phone 0.0090 159 138 194 193
phone 0.0087 78 182 152 224
phone 0.0087 0 100 53 224
phone 0.0085 49 199 120 224
phone 0.0084 31 68 106 141
phone 0.0084 96 138 132 193
phone 0.0082 34 184 104 224
phone 0.0082 139 197 214 224
phone 0.0082 172 122 210 179
phone 0.0082 188 134 257 198
phone 0.0081 190 138 224 194
phone 0.0080 16 118 91 183
phone 0.0079 50 0 119 133
phone 0.0079 5 75 39 133
phone 0.0078 92 198 169 224
phone 0.0077 36 60 71 118
phone 0.0077 116 18 176 68
phone 0.0077 174 197 240 224
phone 0.0077 38 18 100 68
phone 0.0077 67 152 101 210
phone 0.0076 83 215 147 224
phone 0.0076 19 169 88 224
phone 0.0076 0 136 60 195
phone 0.0075 4 152 72 210
phone 0.0075 97 169 132 224
phone 0.0075 130 14 161 71
phone 0.0074 5 65 71 144
phone 0.0074 159 0 225 118
phone 0.0074 51 44 86 102
phone 0.0074 186 101 259 169
phone 0.0074 53 13 84 71
phone 0.0074 162 33 221 84
phone 0.0073 52 137 85 194
phone 0.0073 82 168 116 224
phone 0.0073 68 198 100 224
phone 0.0073 7 34 69 82
phone 0.0073 179 46 236 101
phone 0.0072 107 180 185 224
phone 0.0072 114 13 147 71
phone 0.0072 36 107 70 163
phone 0.0072 1 102 75 168
phone 0.0072 145 215 208 224
phone 0.0072 69 3 130 51
phone 0.0071 176 29 208 87
phone 0.0071 53 182 85 224
phone 0.0070 98 199 131 224
phone 0.0070 190 168 224 224
phone 0.0070 205 137 239 194
phone 0.0070 61 48 137 130
phone 0.0070 38 13 69 72
phone 0.0070 83 198 116 224
phone 0.0069 23 29 53 87
phone 0.0068 146 13 177 71
phone 0.0068 0 0 41 11
phone 0.0068 159 199 193 224
phone 0.0068 160 29 193 87
phone 0.0068 84 0 115 56
phone 0.0068 0 58 51 120
phone 0.0068 69 0 99 56
phone 0.0068 191 181 254 224
phone 0.0067 100 3 161 51
phone 0.0067 178 218 236 224
phone 0.0067 0 0 55 83
phone 0.0067 99 213 131 224
phone 0.0067 133 25 189 91
phone 0.0066 204 147 272 224
phone 0.0066 64 91 103 149
phone 0.0066 113 214 178 224
phone 0.0066 131 4 191 51
phone 0.0065 78 89 121 150
phone 0.0065 84 212 115 224
phone 0.0065 37 167 69 224
phone 0.0065 100 0 130 56
phone 0.0065 113 153 147 209
phone 0.0065 85 0 145 36
phone 0.0065 0 119 44 181
phone 0.0065 23 3 84 51
phone 0.0064 54 0 115 36
phone 0.0064 113 199 147 224
phone 0.0064 116 0 176 36
phone 0.0064 146 19 207 67
phone 0.0064 144 199 178 224
phone 0.0064 161 212 192 224
phone 0.0063 0 87 44 152
phone 0.0063 144 167 178 224
phone 0.0063 162 4 222 51
phone 0.0063 174 153 209 209
phone 0.0063 191 72 254 137
phone 0.0063 255 47 330 176
phone 0.0062 114 213 146 224
phone 0.0062 206 168 239 224
phone 0.0062 146 0 207 36
phone 0.0062 176 0 239 84
phone 0.0062 20 75 55 133
phone 0.0062 208 19 268 67
phone 0.0062 193 3 253 51
phone 0.0061 193 212 222 224
phone 0.0061 7 151 38 211
phone 0.0061 145 213 177 224
phone 0.0061 159 168 193 224
phone 0.0061 116 0 145 41
phone 0.0061 177 212 207 224
phone 0.0061 223 34 284 82
phone 0.0061 162 0 192 56
phone 0.0061 131 0 161 41
phone 0.0061 207 60 239 117
phone 0.0061 239 173 299 220
phone 0.0061 7 44 39 102
phone 0.0060 254 50 315 97
phone 0.0060 70 0 130 20
phone 0.0060 177 0 207 57
phone 0.0060 100 0 160 20
phone 0.0060 223 167 253 224
phone 0.0060 269 65 330 113
phone 0.0060 206 201 270 224
phone 0.0060 23 204 84 224
phone 0.0060 146 0 176 41
phone 0.0060 0 10 41 137
phone 0.0060 253 16 316 130
phone 0.0059 175 184 208 224
phone 0.0059 36 137 70 194
phone 0.0059 193 0 222 57
phone 0.0059 177 0 237 36
phone 0.0059 239 19 299 67
phone 0.0059 363 0 399 37
phone 0.0059 285 81 345 128
phone 0.0059 39 220 99 224
phone 0.0059 209 64 267 114
phone 0.0059 361 0 399 6
phone 0.0059 210 116 266 184
phone 0.0059 5 106 39 163
phone 0.0059 54 0 84 41
phone 0.0059 38 197 69 224
phone 0.0059 285 111 345 159
phone 0.0059 205 107 240 163
phone 0.0059 205 28 272 149
phone 0.0059 50 76 86 133
phone 0.0059 131 0 191 20
phone 0.0059 8 0 68 36
phone 0.0059 253 216 316 224
phone 0.0059 21 106 55 163
phone 0.0058 208 197 238 224
phone 0.0058 208 13 238 72
phone 0.0058 254 167 284 224
phone 0.0058 223 13 253 72
phone 0.0058 39 0 99 20
phone 0.0058 0 0 40 25
phone 0.0058 269 188 330 224
phone 0.0058 269 34 330 82
phone 0.0058 284 62 346 176
phone 0.0058 129 199 162 224
phone 0.0058 103 85 157 154
phone 0.0058 254 81 315 128
phone 0.0058 269 96 330 143
phone 0.0058 239 204 299 224
phone 0.0058 239 28 269 87
phone 0.0058 285 142 345 189
phone 0.0058 363 0 399 83
phone 0.0058 23 0 53 56
phone 0.0058 0 213 40 224
phone 0.0058 223 3 284 51
phone 0.0058 54 212 84 224
phone 0.0058 254 28 284 87
phone 0.0058 268 1 331 115
phone 0.0058 130 213 161 224
phone 0.0057 285 50 345 97
phone 0.0057 268 140 331 224
phone 0.0057 269 219 330 224
phone 0.0057 7 216 69 224
phone 0.0057 284 109 346 222
phone 0.0057 269 44 299 103
phone 0.0057 269 127 330 174
phone 0.0057 285 173 345 220
phone 0.0057 363 201 399 224
phone 0.0057 363 217 399 224
phone 0.0057 192 29 223 87
phone 0.0057 238 219 299 224
phone 0.0057 284 216 346 224
phone 0.0057 239 65 299 113
phone 0.0057 284 16 346 130
phone 0.0057 66 28 102 87
phone 0.0057 254 158 315 205
phone 0.0057 285 59 315 118
phone 0.0057 285 204 345 224
phone 0.0057 363 171 399 224
phone 0.0057 224 80 283 128
phone 0.0057 85 0 145 5
phone 0.0057 223 59 253 118
phone 0.0056 300 96 361 143
phone 0.0056 39 0 69 41
phone 0.0056 363 109 399 221
phone 0.0056 363 48 399 160
phone 0.0056 0 198 41 224
phone 0.0056 162 0 222 21
phone 0.0056 54 0 114 5
phone 0.0056 208 213 238 224
phone 0.0056 300 127 361 174
phone 0.0056 361 49 399 98
phone 0.0056 361 141 399 190
phone 0.0056 361 79 399 129
phone 0.0056 193 34 252 82
phone 0.0056 361 110 399 160
phone 0.0056 207 217 270 224
phone 0.0056 300 90 330 149
phone 0.0056 299 78 362 192
phone 0.0056 300 59 330 118
phone 0.0055 285 182 315 224
phone 0.0055 300 121 330 179
phone 0.0055 239 111 298 159
phone 0.0055 116 0 176 5
phone 0.0055 300 65 361 113
phone 0.0055 269 74 299 133
phone 0.0055 269 182 300 224
phone 0.0055 224 188 282 224
phone 0.0055 253 109 316 222
phone 0.0055 285 28 315 87
phone 0.0055 285 90 315 149
phone 0.0055 300 157 361 205
phone 0.0055 38 213 69 224
phone 0.0055 208 0 268 36
phone 0.0055 8 0 68 5
phone 0.0055 377 0 399 26
phone 0.0055 54 218 114 224
phone 0.0055 377 0 399 11
phone 0.0055 299 31 362 146
phone 0.0055 269 213 300 224
phone 0.0055 239 0 268 56
phone 0.0055 330 216 393 224
phone 0.0055 285 213 315 224
phone 0.0054 254 213 284 224
phone 0.0054 300 151 330 210
phone 0.0054 238 75 269 133
phone 0.0054 270 13 299 72
phone 0.0054 285 151 315 210
phone 0.0054 285 121 315 179
phone 0.0054 208 0 238 41
phone 0.0054 238 213 269 224
phone 0.0054 300 182 330 224
phone 0.0054 269 151 300 210
phone 0.0054 238 182 269 224
phone 0.0054 300 188 361 224
phone 0.0054 210 90 266 149
phone 0.0054 254 59 284 118
phone 0.0054 128 167 162 224
phone 0.0054 316 111 376 159
phone 0.0054 316 80 376 128
phone 0.0054 300 219 361 224
phone 0.0054 0 137 24 195
phone 0.0054 100 0 130 10
phone 0.0054 85 0 115 10
phone 0.0054 146 0 207 5
phone 0.0053 316 142 376 190
phone 0.0053 254 105 284 164
phone 0.0053 37 0 101 7
phone 0.0053 331 96 391 144
phone 0.0053 316 90 345 149
phone 0.0053 68 0 132 7
phone 0.0053 315 62 377 176
phone 0.0053 236 62 302 177
phone 0.0053 300 213 330 224
phone 0.0053 70 0 99 10
phone 0.0053 116 0 145 10
phone 0.0053 331 65 391 113
phone 0.0053 331 126 391 174
phone 0.0053 316 121 345 179
phone 0.0053 346 0 399 20
phone 0.0053 377 212 399 224
phone 0.0053 316 50 376 97
phone 0.0053 254 3 314 51
phone 0.0053 221 106 254 164
phone 0.0053 300 34 360 82
phone 0.0053 239 142 298 190
phone 0.0053 99 0 162 7
phone 0.0053 315 108 377 223
phone 0.0053 377 12 399 73
phone 0.0053 269 121 300 179
phone 0.0053 330 78 393 192
phone 0.0053 54 0 84 10
phone 0.0053 131 0 161 10
phone 0.0052 346 4 399 51
phone 0.0052 330 31 393 146
phone 0.0052 331 157 391 205
phone 0.0052 316 59 345 118
phone 0.0052 193 0 253 21
phone 0.0052 330 201 393 224
phone 0.0052 300 28 330 87
phone 0.0052 316 173 376 221
phone 0.0052 254 0 284 56
phone 0.0052 316 151 345 210
phone 0.0052 0 167 41 224
phone 0.0052 331 34 391 82
phone 0.0052 285 19 345 67
phone 0.0052 315 16 377 130
phone 0.0052 223 0 253 41
phone 0.0052 377 151 399 211
phone 0.0052 377 43 399 103
phone 0.0052 23 0 53 10
phone 0.0052 377 74 399 134
phone 0.0052 377 120 399 180
phone 0.0052 66 61 102 117
phone 0.0052 129 0 193 7
phone 0.0052 84 19 145 97
phone 0.0052 147 0 176 10
phone 0.0052 39 0 68 10
phone 0.0052 346 219 399 224
phone 0.0051 0 0 22 41
phone 0.0051 8 0 38 41
phone 0.0051 254 136 284 195
phone 0.0051 316 182 345 224
phone 0.0051 331 90 361 149
phone 0.0051 329 0 393 7
phone 0.0051 345 186 399 224
phone 0.0051 347 90 376 149
phone 0.0051 331 120 361 180
phone 0.0051 316 213 345 224
phone 0.0051 222 136 254 195
phone 0.0051 177 0 237 5
phone 0.0051 347 59 376 118
phone 0.0051 347 120 376 180
phone 0.0051 331 59 361 118
phone 0.0051 23 198 53 224
phone 0.0051 162 0 192 10
phone 0.0050 239 0 299 36
phone 0.0050 69 212 99 224
phone 0.0050 362 0 392 10
phone 0.0050 160 0 224 7
phone 0.0050 0 44 23 102
phone 0.0050 331 151 361 210
phone 0.0050 347 151 376 210
phone 0.0050 223 213 253 224
phone 0.0050 316 28 345 87
phone 0.0050 316 19 376 67
