phone 0.8681 60 179 207 341
phone 0.0556 71 136 192 287
phone 0.0392 33 216 125 352
phone 0.0262 14 86 198 316
phone 0.0245 42 247 116 322
phone 0.0231 90 260 182 360
phone 0.0224 138 109 255 236
phone 0.0208 92 222 190 317
phone 0.0206 0 166 61 294
phone 0.0200 44 102 167 246
phone 0.0199 18 167 137 305
phone 0.0189 110 228 232 340
phone 0.0186 134 165 247 308
phone 0.0156 22 111 106 242
phone 0.0154 77 72 192 215
phone 0.0154 29 229 98 309
phone 0.0151 53 269 135 330
phone 0.0150 161 189 266 332
phone 0.0149 126 251 216 318
phone 0.0146 47 250 142 379
phone 0.0146 64 252 155 317
phone 0.0143 60 254 98 314
phone 0.0142 167 133 266 276
phone 0.0135 144 262 241 370
phone 0.0134 0 128 89 274
phone 0.0132 87 114 266 347
phone 0.0128 0 251 63 378
phone 0.0128 179 73 266 205
phone 0.0126 117 22 218 192
phone 0.0125 81 193 170 284
phone 0.0125 1 190 97 316
phone 0.0125 0 58 94 222
phone 0.0125 52 230 137 308
phone 0.0121 29 143 98 210
phone 0.0117 113 269 199 330
phone 0.0115 15 157 82 227
phone 0.0113 57 61 133 199
phone 0.0111 62 298 158 399
phone 0.0108 109 266 203 393
phone 0.0107 77 271 111 327
phone 0.0105 123 270 158 328
phone 0.0104 104 324 178 399
phone 0.0104 19 298 109 399
phone 0.0102 45 239 82 298
phone 0.0102 27 202 100 274
phone 0.0101 200 173 266 290
phone 0.0101 47 147 80 205
phone 0.0100 107 110 206 242
phone 0.0100 42 212 116 295
phone 0.0099 11 220 85 287
phone 0.0098 31 163 65 221
phone 0.0097 108 270 143 328
phone 0.0096 0 285 54 345
phone 0.0095 91 81 160 149
phone 0.0095 174 267 262 393
phone 0.0094 0 194 40 311
phone 0.0093 62 94 127 166
phone 0.0093 38 21 229 253
phone 0.0093 46 108 112 183
phone 0.0091 107 31 175 167
phone 0.0091 67 287 153 343
phone 0.0091 0 253 53 315
phone 0.0090 42 281 116 349
phone 0.0090 0 89 59 256
phone 0.0090 112 361 170 399
phone 0.0087 27 265 101 334
phone 0.0086 152 256 190 312
phone 0.0086 1 193 34 251
phone 0.0085 59 298 130 363
phone 0.0084 91 345 160 399
phone 0.0084 120 314 192 377
phone 0.0084 0 318 69 373
phone 0.0084 91 256 128 312
phone 0.0082 139 272 173 327
phone 0.0082 149 284 224 346
phone 0.0082 185 158 251 226
phone 0.0082 151 315 223 376
phone 0.0082 0 175 48 240
phone 0.0081 0 271 36 388
phone 0.0081 33 361 95 399
phone 0.0081 183 128 252 194
phone 0.0081 77 360 143 399
phone 0.0081 108 86 142 143
phone 0.0081 44 346 115 399
phone 0.0080 137 95 206 165
phone 0.0080 77 101 111 159
phone 0.0080 111 66 170 133
phone 0.0080 200 235 266 303
phone 0.0079 200 282 266 347
phone 0.0079 149 162 225 221
phone 0.0078 133 300 210 361
phone 0.0078 62 116 96 175
phone 0.0078 183 298 253 362
phone 0.0078 31 225 65 281
phone 0.0078 1 270 34 328
phone 0.0078 0 225 37 281
phone 0.0078 1 301 34 359
phone 0.0077 71 131 149 191
phone 0.0077 165 146 240 207
phone 0.0077 180 222 255 285
phone 0.0077 209 111 266 225
phone 0.0077 183 189 253 256
phone 0.0076 14 333 83 389
phone 0.0076 0 204 70 272
phone 0.0076 182 251 253 317
phone 0.0076 118 131 194 191
phone 0.0076 126 59 186 110
phone 0.0075 165 175 239 239
phone 0.0075 0 180 17 295
phone 0.0075 155 38 220 160
phone 0.0075 2 151 64 201
phone 0.0075 95 59 156 110
phone 0.0075 57 330 132 392
phone 0.0074 150 129 224 192
phone 0.0074 123 79 189 150
phone 0.0074 158 73 216 126
phone 0.0074 12 186 84 259
phone 0.0074 0 238 72 299
phone 0.0074 0 214 19 262
phone 0.0073 11 299 86 361
phone 0.0073 46 210 81 266
phone 0.0073 125 55 157 113
phone 0.0072 141 55 172 113
phone 0.0072 126 349 186 399
phone 0.0072 93 102 127 158
phone 0.0072 0 268 70 331
phone 0.0072 109 55 141 113
phone 0.0072 33 90 95 139
phone 0.0072 17 147 49 205
phone 0.0072 17 316 49 375
phone 0.0071 216 209 250 267
phone 0.0071 62 286 96 343
phone 0.0071 87 315 164 376
phone 0.0071 33 56 95 173
phone 0.0071 103 237 148 301
phone 0.0071 42 314 117 378
phone 0.0071 0 208 2 268
phone 0.0071 155 70 188 128
phone 0.0071 93 287 127 342
phone 0.0071 86 115 164 176
phone 0.0071 139 330 204 391
phone 0.0071 169 272 204 327
phone 0.0070 200 163 234 221
phone 0.0070 40 187 118 258
phone 0.0070 105 97 177 163
phone 0.0070 79 26 141 141
phone 0.0070 139 317 173 374
phone 0.0070 0 257 17 371
phone 0.0070 0 168 34 216
phone 0.0070 57 196 132 281
phone 0.0070 93 333 126 389
phone 0.0070 170 317 203 374
phone 0.0070 48 75 110 123
phone 0.0070 47 271 80 328
phone 0.0070 0 133 33 249
phone 0.0069 77 302 111 359
phone 0.0069 123 86 158 143
phone 0.0069 216 240 250 297
phone 0.0069 48 42 110 157
phone 0.0069 0 291 18 338
phone 0.0069 200 132 234 189
phone 0.0069 64 60 126 108
phone 0.0068 165 113 239 179
phone 0.0068 187 70 218 128
phone 0.0068 18 135 80 186
phone 0.0068 89 142 161 211
phone 0.0068 0 260 18 308
phone 0.0068 49 85 79 144
phone 0.0068 73 167 147 248
phone 0.0067 170 331 235 399
phone 0.0067 136 143 208 209
phone 0.0067 138 239 235 299
phone 0.0067 186 316 218 375
phone 0.0067 154 317 188 374
phone 0.0067 187 75 248 124
phone 0.0067 201 301 234 359
phone 0.0067 95 55 125 113
phone 0.0067 154 101 188 159
phone 0.0067 0 332 19 399
phone 0.0067 18 76 79 123
phone 0.0066 0 284 2 345
phone 0.0066 33 130 64 191
phone 0.0066 17 107 80 154
phone 0.0066 0 162 18 221
phone 0.0066 63 85 95 144
phone 0.0066 0 367 18 399
phone 0.0066 0 174 167 399
phone 0.0066 172 60 233 108
phone 0.0066 186 40 250 158
phone 0.0066 162 207 242 269
phone 0.0066 34 60 94 108
phone 0.0066 0 254 2 314
phone 0.0066 170 163 203 220
phone 0.0066 216 270 250 328
phone 0.0066 17 42 80 156
phone 0.0066 203 60 263 108
phone 0.0065 32 331 64 390
phone 0.0065 185 163 219 220
phone 0.0065 95 30 156 77
phone 0.0065 80 54 110 113
phone 0.0065 219 91 266 139
phone 0.0065 59 142 130 211
phone 0.0065 94 11 157 125
phone 0.0065 0 338 32 384
phone 0.0065 202 26 264 141
phone 0.0065 216 178 250 236
phone 0.0065 79 45 141 92
phone 0.0065 188 45 248 93
phone 0.0065 216 56 266 173
phone 0.0065 108 333 142 389
phone 0.0064 0 362 3 399
phone 0.0064 126 30 186 77
phone 0.0064 119 157 193 227
phone 0.0064 200 194 234 251
phone 0.0064 200 270 234 328
phone 0.0064 64 54 94 113
phone 0.0064 74 240 114 298
phone 0.0064 220 304 266 356
phone 0.0064 125 0 187 110
phone 0.0064 49 45 109 92
phone 0.0064 157 45 217 93
phone 0.0064 234 337 266 385
phone 0.0064 143 366 200 399
phone 0.0064 0 137 48 185
phone 0.0064 63 12 126 125
phone 0.0064 3 91 64 139
phone 0.0064 139 133 173 189
phone 0.0064 3 60 63 108
phone 0.0064 34 85 64 144
phone 0.0063 202 70 233 128
phone 0.0063 171 11 234 125
phone 0.0063 139 86 173 143
phone 0.0063 154 287 188 343
phone 0.0063 43 157 115 227
phone 0.0063 33 11 95 125
phone 0.0063 110 45 171 93
phone 0.0063 124 332 157 389
phone 0.0063 234 76 266 123
phone 0.0063 200 225 234 281
phone 0.0063 2 27 64 141
phone 0.0063 49 54 79 113
phone 0.0063 185 286 219 343
phone 0.0063 34 30 94 77
phone 0.0062 172 29 232 77
phone 0.0062 248 304 266 399
phone 0.0062 31 255 65 312
phone 0.0062 47 115 80 175
phone 0.0062 218 54 248 113
phone 0.0062 110 23 141 82
phone 0.0062 64 30 125 77
phone 0.0062 172 55 202 113
phone 0.0062 169 101 204 159
phone 0.0062 18 45 79 93
phone 0.0062 126 23 156 82
phone 0.0061 203 39 233 98
phone 0.0061 0 322 18 369
phone 0.0061 0 332 4 399
phone 0.0061 141 23 171 83
phone 0.0061 18 70 48 129
phone 0.0061 34 54 64 113
phone 0.0061 92 133 127 189
phone 0.0061 62 332 96 389
phone 0.0061 16 225 49 281
phone 0.0061 47 317 80 374
phone 0.0061 170 132 203 189
phone 0.0061 219 45 266 93
phone 0.0061 189 337 246 385
phone 0.0061 203 29 263 77
phone 0.0061 188 39 217 98
phone 0.0061 77 332 111 389
phone 0.0061 95 23 125 82
phone 0.0061 185 133 219 189
phone 0.0061 263 332 266 399
phone 0.0061 264 367 266 399
phone 0.0061 173 367 232 399
phone 0.0061 147 190 226 256
phone 0.0061 234 106 266 154
phone 0.0061 234 0 266 30
phone 0.0061 248 42 266 156
phone 0.0060 124 301 157 359
phone 0.0060 2 122 64 169
phone 0.0060 31 302 65 359
phone 0.0060 16 271 50 328
phone 0.0060 205 319 262 372
phone 0.0060 157 23 187 83
phone 0.0060 49 23 79 82
phone 0.0060 0 102 129 354
phone 0.0060 0 315 2 375
phone 0.0060 264 331 266 390
phone 0.0060 0 137 17 185
phone 0.0060 249 60 266 108
phone 0.0060 80 23 110 82
phone 0.0060 59 224 98 282
phone 0.0060 249 91 266 139
phone 0.0059 249 153 266 200
phone 0.0059 172 23 202 83
phone 0.0059 186 363 218 399
phone 0.0059 3 29 63 77
phone 0.0059 64 23 95 82
phone 0.0059 0 88 34 202
phone 0.0059 0 58 49 171
phone 0.0059 0 45 48 93
phone 0.0059 248 119 266 233
phone 0.0059 235 137 266 185
phone 0.0059 157 346 187 399
phone 0.0059 201 332 266 399
phone 0.0058 34 23 64 82
phone 0.0058 0 76 33 123
phone 0.0058 248 0 266 64
phone 0.0058 233 11 266 126
phone 0.0058 123 117 157 174
phone 0.0058 231 287 266 399
phone 0.0058 218 0 266 64
phone 0.0058 265 70 266 129
phone 0.0058 218 23 248 82
phone 0.0058 185 194 219 250
phone 0.0058 18 116 48 175
phone 0.0058 108 118 142 173
phone 0.0058 0 107 48 154
phone 0.0058 265 152 266 200
phone 0.0058 0 146 2 206
phone 0.0057 249 122 266 169
phone 0.0057 265 353 266 399
phone 0.0057 265 106 266 154
phone 0.0057 212 203 266 334
phone 0.0057 0 0 1 30
phone 0.0057 0 106 17 154
phone 0.0057 62 148 96 205
phone 0.0057 0 368 48 399
phone 0.0057 114 220 167 287
phone 0.0057 0 177 2 236
phone 0.0057 250 260 266 308
phone 0.0057 231 88 266 203
phone 0.0057 204 115 262 176
phone 0.0057 263 119 266 233
phone 0.0057 132 237 180 301
phone 0.0057 0 0 2 64
phone 0.0057 263 42 266 156
phone 0.0057 250 291 266 339
phone 0.0057 0 333 50 399
phone 0.0057 154 132 188 190
phone 0.0057 0 73 18 187
phone 0.0056 265 0 266 37
phone 0.0056 0 0 49 110
phone 0.0056 0 0 32 30
phone 0.0056 18 23 48 82
phone 0.0056 203 331 233 391
phone 0.0056 247 226 266 341
phone 0.0056 0 116 2 175
phone 0.0056 111 14 171 62
phone 0.0056 264 162 266 221
phone 0.0056 250 183 266 231
phone 0.0056 174 83 231 147
phone 0.0056 30 194 66 251
phone 0.0056 249 29 266 77
phone 0.0056 265 322 266 369
phone 0.0056 0 0 18 64
phone 0.0056 188 14 248 62
phone 0.0056 233 178 264 236
phone 0.0055 265 183 266 231
phone 0.0055 264 0 266 64
phone 0.0055 218 315 248 376
phone 0.0055 247 165 266 279
phone 0.0055 265 45 266 93
phone 0.0055 171 363 203 399
phone 0.0055 185 101 219 159
phone 0.0055 80 14 140 62
phone 0.0055 15 194 50 251
phone 0.0055 0 60 17 108
phone 0.0055 133 171 209 243
phone 0.0055 123 148 158 205
phone 0.0055 108 302 142 358
phone 0.0055 0 88 3 203
phone 0.0055 264 254 266 313
phone 0.0055 264 131 266 190
phone 0.0055 77 132 111 189
phone 0.0055 263 0 266 110
phone 0.0055 0 91 2 139
phone 0.0054 185 256 219 312
phone 0.0054 188 0 247 30
phone 0.0054 0 26 18 141
phone 0.0054 3 23 33 82
phone 0.0054 108 148 142 205
phone 0.0054 157 14 217 62
phone 0.0054 202 363 234 399
phone 0.0054 0 29 17 77
phone 0.0054 264 285 266 344
phone 0.0054 220 223 266 283
phone 0.0054 0 60 2 108
phone 0.0054 219 0 248 37
phone 0.0054 46 179 81 235
phone 0.0054 264 193 266 251
phone 0.0054 0 29 2 77
phone 0.0054 0 42 3 156
phone 0.0054 250 229 266 277
phone 0.0053 249 367 266 399
phone 0.0053 265 245 266 293
phone 0.0053 263 273 266 387
phone 0.0053 265 276 266 323
phone 0.0053 203 367 264 399
phone 0.0053 200 101 234 159
phone 0.0053 0 134 3 249
phone 0.0053 263 227 266 341
phone 0.0053 128 338 161 361
phone 0.0053 154 163 188 220
phone 0.0052 19 14 78 62
phone 0.0052 202 8 233 67
phone 0.0052 265 214 266 262
phone 0.0052 137 334 152 365
phone 0.0052 171 0 233 64
phone 0.0052 220 193 266 252
phone 0.0052 187 8 218 67
phone 0.0052 203 0 233 37
phone 0.0052 217 132 249 190
phone 0.0052 263 165 266 279
phone 0.0052 220 254 266 314
phone 0.0052 2 0 64 64
phone 0.0052 157 0 217 30
phone 0.0051 264 224 266 282
phone 0.0051 49 14 109 62
phone 0.0051 0 288 3 399
phone 0.0051 158 352 216 399
phone 0.0051 96 0 155 30
phone 0.0051 0 196 3 310
phone 0.0051 232 240 264 297
phone 0.0051 127 0 186 30
phone 0.0051 188 0 217 37
phone 0.0050 140 0 202 64
phone 0.0050 19 0 78 30
phone 0.0050 217 363 249 399
phone 0.0050 230 132 266 251
phone 0.0050 89 208 130 268
