phone 0.8083 172 104 230 206
phone 0.0948 10 23 206 177
phone 0.0583 123 73 234 208
phone 0.0555 87 21 257 188
phone 0.0531 165 36 248 215
phone 0.0503 162 99 275 222
phone 0.0331 68 56 208 208
phone 0.0325 96 102 183 216
phone 0.0319 114 126 232 248
phone 0.0309 179 105 265 177
phone 0.0294 153 15 302 201
phone 0.0265 0 31 106 173
phone 0.0259 19 62 132 193
phone 0.0257 184 51 337 219
phone 0.0249 162 67 222 183
phone 0.0232 130 130 223 182
phone 0.0232 178 138 266 205
phone 0.0217 100 0 239 128
phone 0.0207 85 0 175 139
phone 0.0201 87 48 313 266
phone 0.0192 201 126 243 186
phone 0.0184 3 202 34 226
phone 0.0182 11 198 27 229
phone 0.0181 0 66 60 194
phone 0.0180 205 118 311 257
phone 0.0179 192 128 284 185
phone 0.0168 14 207 23 220
phone 0.0159 49 32 150 156
phone 0.0154 223 112 283 200
phone 0.0147 19 0 141 121
phone 0.0139 0 6 64 143
phone 0.0138 159 127 193 185
phone 0.0133 176 151 269 266
phone 0.0130 10 91 90 224
phone 0.0130 242 217 273 241
phone 0.0128 249 214 265 244
phone 0.0128 257 214 273 244
phone 0.0126 141 16 211 81
phone 0.0125 80 57 150 132
phone 0.0124 49 109 149 234
phone 0.0123 303 191 319 221
phone 0.0123 295 195 327 217
phone 0.0123 280 193 311 219
phone 0.0122 306 200 316 213
phone 0.0120 252 223 262 235
phone 0.0118 260 223 270 235
phone 0.0118 35 141 134 263
phone 0.0118 94 40 166 119
phone 0.0117 237 29 332 159
phone 0.0116 130 168 223 266
phone 0.0116 62 77 137 143
phone 0.0116 257 217 289 241
phone 0.0116 265 214 280 244
phone 0.0115 43 65 125 124
phone 0.0114 287 189 304 223
phone 0.0114 85 139 176 265
phone 0.0114 220 129 255 183
phone 0.0113 33 76 104 144
phone 0.0113 98 8 163 88
phone 0.0112 235 106 333 236
phone 0.0110 268 223 277 236
phone 0.0108 191 27 284 161
phone 0.0108 169 91 214 159
phone 0.0107 109 26 182 102
phone 0.0106 110 153 181 220
phone 0.0105 0 79 77 141
phone 0.0105 112 91 179 160
phone 0.0104 172 0 244 114
phone 0.0104 61 47 138 111
phone 0.0104 3 198 19 230
phone 0.0104 256 77 343 204
phone 0.0104 125 0 198 105
phone 0.0104 222 145 285 228
phone 0.0104 235 125 271 187
phone 0.0103 19 198 34 229
phone 0.0101 235 105 303 176
phone 0.0100 291 200 300 212
phone 0.0100 234 137 303 206
phone 0.0099 95 73 166 146
phone 0.0099 0 60 58 129
phone 0.0098 159 20 193 77
phone 0.0098 222 87 285 163
phone 0.0098 113 3 147 62
phone 0.0098 186 188 259 248
phone 0.0098 279 189 297 223
phone 0.0097 22 207 31 220
phone 0.0097 31 46 107 113
phone 0.0096 127 126 164 186
phone 0.0096 48 93 120 157
phone 0.0096 113 126 147 186
phone 0.0096 0 123 70 250
phone 0.0096 0 263 40 266
phone 0.0095 108 60 183 129
phone 0.0095 6 207 16 220
phone 0.0094 0 0 39 0
phone 0.0094 124 111 198 171
phone 0.0094 82 82 116 138
phone 0.0094 47 30 121 98
phone 0.0093 246 126 322 186
phone 0.0092 154 32 229 96
phone 0.0092 96 203 165 262
phone 0.0092 232 171 305 233
phone 0.0091 175 20 208 76
phone 0.0091 6 0 70 68
phone 0.0091 103 214 119 245
phone 0.0091 263 0 338 129
phone 0.0090 95 217 127 241
phone 0.0089 202 77 274 142
phone 0.0089 61 143 138 200
phone 0.0089 97 65 132 124
phone 0.0088 61 173 138 231
phone 0.0088 94 170 167 234
phone 0.0088 67 82 101 138
phone 0.0087 51 81 86 139
phone 0.0087 235 0 304 132
phone 0.0087 139 77 214 143
phone 0.0086 295 190 312 222
phone 0.0086 176 135 238 238
phone 0.0086 2 109 74 173
phone 0.0085 242 214 257 244
phone 0.0085 190 19 224 78
phone 0.0085 128 158 162 215
phone 0.0085 247 64 321 125
phone 0.0085 191 30 254 98
phone 0.0085 283 200 293 212
phone 0.0085 266 111 333 170
phone 0.0085 80 209 111 234
phone 0.0085 173 67 242 153
phone 0.0084 128 97 162 154
phone 0.0084 87 206 104 237
phone 0.0084 77 27 152 100
phone 0.0084 0 44 43 114
phone 0.0084 106 223 116 236
phone 0.0084 249 154 320 219
phone 0.0083 79 124 151 188
phone 0.0083 291 27 370 162
phone 0.0083 33 172 105 232
phone 0.0083 0 210 27 233
phone 0.0082 0 3 136 256
phone 0.0082 60 111 139 170
phone 0.0082 51 191 117 244
phone 0.0082 21 82 55 138
phone 0.0082 6 215 16 228
phone 0.0081 245 223 254 236
phone 0.0081 205 174 239 231
phone 0.0081 146 222 207 266
phone 0.0081 251 143 286 200
phone 0.0080 280 62 349 127
phone 0.0080 113 96 147 154
phone 0.0080 248 95 320 155
phone 0.0080 110 184 182 251
phone 0.0080 251 31 317 96
phone 0.0080 21 4 55 62
phone 0.0080 206 204 239 262
phone 0.0079 139 46 213 112
phone 0.0079 221 159 255 215
phone 0.0079 64 0 135 67
phone 0.0079 80 90 150 160
phone 0.0079 17 60 90 129
phone 0.0078 81 152 149 221
phone 0.0078 273 214 288 244
phone 0.0078 44 158 124 216
phone 0.0078 299 200 308 212
phone 0.0078 252 174 285 230
phone 0.0078 275 223 285 236
phone 0.0078 82 51 116 107
phone 0.0078 5 81 39 139
phone 0.0078 81 185 150 250
phone 0.0077 142 170 172 196
phone 0.0077 112 65 148 124
phone 0.0077 144 97 178 153
phone 0.0077 48 124 120 189
phone 0.0077 13 94 94 156
phone 0.0077 236 95 270 155
phone 0.0077 127 20 163 77
phone 0.0077 224 28 283 100
phone 0.0077 179 3 235 63
phone 0.0076 113 158 147 216
phone 0.0076 66 51 101 107
phone 0.0076 251 111 286 170
phone 0.0076 144 173 178 231
phone 0.0076 123 143 200 200
phone 0.0076 235 156 271 217
phone 0.0076 206 19 239 77
phone 0.0076 187 61 259 128
phone 0.0076 91 215 100 228
phone 0.0076 201 170 276 234
phone 0.0075 83 189 116 246
phone 0.0075 17 154 90 219
phone 0.0075 115 221 177 266
phone 0.0075 267 128 301 184
phone 0.0075 6 3 39 62
phone 0.0074 111 34 149 93
phone 0.0074 82 143 116 199
phone 0.0074 173 200 241 266
phone 0.0074 159 204 193 261
phone 0.0073 113 188 147 246
phone 0.0073 263 79 336 141
phone 0.0073 235 76 302 144
phone 0.0073 0 30 58 98
phone 0.0073 16 124 91 188
phone 0.0073 202 48 275 110
phone 0.0073 204 54 234 81
phone 0.0073 149 166 166 200
phone 0.0073 36 4 70 62
phone 0.0073 0 141 61 202
phone 0.0072 287 202 319 225
phone 0.0072 159 97 194 154
phone 0.0072 31 139 106 204
phone 0.0071 282 128 316 184
phone 0.0071 68 188 100 247
phone 0.0071 267 66 301 123
phone 0.0071 220 81 255 138
phone 0.0071 218 62 289 127
phone 0.0071 98 127 131 184
phone 0.0071 103 0 158 48
phone 0.0071 267 173 301 231
phone 0.0071 51 51 86 108
phone 0.0070 273 147 303 173
phone 0.0070 73 193 103 219
phone 0.0070 298 207 308 220
phone 0.0070 21 112 55 169
phone 0.0070 316 39 375 89
phone 0.0070 111 213 127 245
phone 0.0070 264 141 335 202
phone 0.0070 220 184 287 251
phone 0.0069 194 224 252 266
phone 0.0069 0 92 45 158
phone 0.0069 313 3 379 124
phone 0.0069 38 0 100 75
phone 0.0069 128 66 163 123
phone 0.0069 67 112 101 169
phone 0.0069 361 27 399 161
phone 0.0069 103 147 134 173
phone 0.0068 52 173 85 231
phone 0.0068 0 66 24 123
phone 0.0068 34 106 104 176
phone 0.0068 301 46 360 112
phone 0.0068 298 66 332 123
phone 0.0068 286 32 344 96
phone 0.0068 210 51 227 84
phone 0.0068 0 0 41 32
phone 0.0068 282 50 316 108
phone 0.0068 143 3 179 63
phone 0.0067 72 190 89 222
phone 0.0067 267 97 301 154
phone 0.0067 283 96 316 154
phone 0.0067 272 210 304 233
phone 0.0067 128 189 162 246
phone 0.0067 174 50 209 108
phone 0.0067 79 189 97 223
phone 0.0067 144 128 178 184
phone 0.0067 69 208 130 258
phone 0.0067 82 112 116 169
phone 0.0067 119 222 134 252
phone 0.0067 331 34 361 93
phone 0.0067 7 0 69 27
phone 0.0067 282 158 316 215
phone 0.0067 98 158 132 215
phone 0.0066 0 15 43 82
phone 0.0066 98 188 131 247
phone 0.0066 280 206 296 237
phone 0.0066 111 217 142 241
phone 0.0066 317 83 374 136
phone 0.0066 0 193 26 219
phone 0.0066 250 78 280 104
phone 0.0066 283 215 293 228
phone 0.0066 271 21 328 76
phone 0.0066 221 35 254 92
phone 0.0066 159 174 193 230
phone 0.0065 261 134 339 266
phone 0.0065 131 218 161 266
phone 0.0065 299 127 331 185
phone 0.0065 279 143 297 177
phone 0.0065 361 162 399 211
phone 0.0065 98 96 132 154
phone 0.0065 0 125 45 187
phone 0.0065 17 13 90 83
phone 0.0065 363 130 399 243
phone 0.0065 143 67 178 122
phone 0.0065 122 230 131 243
phone 0.0065 82 5 116 61
phone 0.0065 114 223 123 236
phone 0.0065 36 82 70 138
phone 0.0065 142 35 179 93
phone 0.0064 146 218 177 266
phone 0.0064 363 84 399 196
phone 0.0064 192 218 223 266
phone 0.0064 362 115 399 166
phone 0.0064 239 207 298 259
phone 0.0064 159 51 193 107
phone 0.0064 275 147 363 240
phone 0.0064 114 230 124 243
phone 0.0064 103 225 135 248
phone 0.0064 110 143 127 177
phone 0.0064 148 0 205 46
phone 0.0063 313 66 347 123
phone 0.0063 66 4 101 62
phone 0.0063 23 0 53 31
phone 0.0063 332 53 391 105
phone 0.0063 361 193 399 242
phone 0.0063 118 143 135 176
phone 0.0063 152 177 162 189
phone 0.0063 0 171 55 232
phone 0.0063 361 24 399 73
phone 0.0062 256 74 274 107
phone 0.0062 252 80 285 139
phone 0.0062 67 159 101 215
phone 0.0062 316 9 376 57
phone 0.0062 254 9 315 57
phone 0.0062 219 147 249 173
phone 0.0062 36 158 70 215
phone 0.0062 177 218 207 266
phone 0.0062 331 80 361 140
phone 0.0062 8 0 68 11
phone 0.0061 315 34 346 92
phone 0.0061 80 207 96 236
phone 0.0061 172 171 204 195
phone 0.0061 39 0 99 28
phone 0.0061 95 214 111 244
phone 0.0061 6 158 39 215
phone 0.0061 141 166 158 200
phone 0.0061 285 0 345 42
phone 0.0061 236 65 270 123
phone 0.0061 346 50 377 108
phone 0.0060 38 0 69 31
phone 0.0060 300 19 331 77
phone 0.0060 97 4 132 62
phone 0.0060 122 223 131 236
phone 0.0060 255 240 314 266
phone 0.0060 206 0 270 29
phone 0.0060 377 156 399 217
phone 0.0060 236 188 270 246
phone 0.0060 180 167 196 199
phone 0.0060 0 253 67 266
phone 0.0060 205 66 240 123
phone 0.0059 252 171 317 266
phone 0.0059 115 218 145 266
phone 0.0059 21 158 55 216
phone 0.0059 36 128 70 184
phone 0.0059 224 0 283 42
phone 0.0059 176 0 239 29
phone 0.0059 332 24 391 72
phone 0.0059 138 160 215 214
phone 0.0059 331 3 361 62
phone 0.0059 221 189 255 245
phone 0.0059 22 0 85 44
phone 0.0059 83 215 93 228
phone 0.0059 269 4 299 62
phone 0.0059 51 4 86 62
phone 0.0059 214 61 224 74
phone 0.0059 101 241 159 266
phone 0.0059 76 200 85 212
phone 0.0059 222 222 285 266
phone 0.0059 193 0 252 11
phone 0.0059 5 112 39 169
phone 0.0059 254 202 284 263
phone 0.0058 299 0 362 74
phone 0.0058 0 35 24 92
phone 0.0058 270 0 329 26
phone 0.0058 237 0 301 29
phone 0.0058 126 221 142 252
phone 0.0058 361 0 399 42
phone 0.0058 375 64 399 124
phone 0.0058 208 9 268 57
phone 0.0058 189 50 224 108
phone 0.0058 361 50 392 108
phone 0.0058 96 35 133 92
phone 0.0058 239 0 299 11
phone 0.0058 251 50 286 108
phone 0.0058 285 225 345 266
phone 0.0058 192 0 254 43
phone 0.0058 377 187 399 247
phone 0.0058 377 18 399 78
phone 0.0058 54 255 114 266
phone 0.0058 348 66 399 123
phone 0.0058 0 234 40 266
phone 0.0058 332 147 391 195
phone 0.0058 301 209 360 257
phone 0.0058 99 223 108 235
phone 0.0058 300 0 330 47
phone 0.0057 83 200 93 212
phone 0.0057 85 218 115 266
phone 0.0057 51 143 86 200
phone 0.0057 347 3 376 62
phone 0.0057 118 225 150 249
phone 0.0057 51 112 86 169
phone 0.0057 330 114 393 228
phone 0.0057 54 0 115 11
phone 0.0057 254 3 284 62
phone 0.0057 53 222 116 266
phone 0.0057 269 234 300 266
phone 0.0057 314 237 377 266
phone 0.0057 111 201 142 227
phone 0.0057 190 172 224 232
phone 0.0057 207 0 271 112
phone 0.0057 346 40 399 88
phone 0.0056 84 0 147 28
phone 0.0056 362 238 399 266
phone 0.0056 345 0 399 105
phone 0.0056 270 0 330 11
phone 0.0056 114 154 124 166
phone 0.0056 208 255 268 266
phone 0.0056 7 237 69 266
phone 0.0056 316 0 345 47
phone 0.0056 114 0 177 28
phone 0.0056 364 262 399 266
phone 0.0056 178 240 236 266
phone 0.0056 239 0 268 47
phone 0.0056 275 215 285 228
phone 0.0056 283 154 293 166
phone 0.0056 53 0 116 44
phone 0.0056 68 237 131 266
phone 0.0056 331 0 391 42
phone 0.0056 38 237 100 266
phone 0.0056 361 0 399 11
phone 0.0056 315 253 377 266
phone 0.0056 7 192 69 266
phone 0.0056 284 253 346 266
phone 0.0056 208 0 238 16
phone 0.0056 100 234 130 266
phone 0.0056 223 0 253 16
phone 0.0056 225 143 243 177
phone 0.0055 285 0 315 31
phone 0.0055 165 225 196 249
phone 0.0055 36 51 70 107
phone 0.0055 346 141 376 201
phone 0.0055 300 219 330 266
phone 0.0055 254 0 284 16
phone 0.0055 122 154 131 166
phone 0.0055 0 0 36 11
phone 0.0055 172 221 188 253
phone 0.0055 270 0 299 31
phone 0.0055 316 193 375 242
phone 0.0055 253 253 315 266
phone 0.0055 239 0 268 16
phone 0.0055 175 189 209 246
phone 0.0055 223 4 253 61
phone 0.0055 69 218 99 266
phone 0.0055 69 249 99 266
phone 0.0055 316 203 345 262
phone 0.0055 183 177 193 189
phone 0.0055 300 0 360 26
phone 0.0055 193 0 222 16
phone 0.0055 106 230 116 243
phone 0.0055 346 264 376 266
phone 0.0055 129 230 139 243
phone 0.0055 100 264 130 266
phone 0.0055 314 160 377 266
phone 0.0054 207 237 269 266
phone 0.0054 361 254 399 266
phone 0.0054 331 0 391 11
phone 0.0054 331 265 361 266
phone 0.0054 68 0 100 31
phone 0.0054 0 0 23 1
phone 0.0054 234 214 250 245
phone 0.0054 65 202 96 226
phone 0.0054 300 265 330 266
phone 0.0054 291 207 300 220
phone 0.0054 316 265 345 266
phone 0.0054 23 255 84 266
phone 0.0054 376 126 399 186
phone 0.0054 285 265 315 266
phone 0.0054 254 265 284 266
phone 0.0054 268 207 331 266
phone 0.0054 226 217 258 241
phone 0.0054 20 51 55 107
phone 0.0054 85 264 115 266
phone 0.0054 178 256 237 266
phone 0.0054 0 152 44 266
phone 0.0054 23 264 53 266
phone 0.0054 39 264 69 266
phone 0.0054 270 265 299 266
phone 0.0054 187 167 204 199
phone 0.0054 118 197 135 231
phone 0.0054 85 249 115 266
phone 0.0054 0 173 23 231
phone 0.0054 54 265 84 266
phone 0.0054 239 265 269 266
phone 0.0054 180 221 196 252
phone 0.0054 207 249 238 266
phone 0.0054 300 0 360 11
phone 0.0054 346 9 399 57
phone 0.0054 54 0 84 16
phone 0.0054 0 264 22 266
phone 0.0054 162 0 222 11
phone 0.0054 69 264 99 266
phone 0.0054 0 0 22 16
phone 0.0054 130 237 193 266
phone 0.0053 22 221 85 266
phone 0.0053 54 249 84 266
phone 0.0053 285 4 315 62
phone 0.0053 270 202 299 263
phone 0.0053 116 264 146 266
phone 0.0053 224 218 253 266
phone 0.0053 192 249 223 266
phone 0.0053 6 200 16 212
phone 0.0053 302 187 335 210
phone 0.0053 260 85 270 97
phone 0.0053 187 80 226 140
phone 0.0053 23 218 53 266
phone 0.0053 223 249 254 266
phone 0.0053 186 0 397 191
phone 0.0053 330 222 393 266
phone 0.0053 84 253 146 266
phone 0.0053 100 0 161 11
phone 0.0053 311 183 326 214
phone 0.0053 145 253 208 266
phone 0.0052 377 0 399 32
phone 0.0052 223 265 253 266
phone 0.0052 84 222 146 266
phone 0.0052 331 142 361 200
phone 0.0052 115 253 177 266
phone 0.0052 346 0 376 16
phone 0.0052 300 0 330 16
phone 0.0052 331 188 361 247
phone 0.0052 131 0 191 11
phone 0.0052 377 218 399 266
phone 0.0052 316 162 375 211
phone 0.0052 376 264 399 266
phone 0.0052 145 177 154 189
phone 0.0052 180 162 211 188
phone 0.0052 164 221 181 253
phone 0.0052 330 47 393 172
phone 0.0052 331 249 361 266
phone 0.0052 238 249 269 266
phone 0.0052 39 249 69 266
phone 0.0052 346 249 376 266
phone 0.0052 131 264 161 266
phone 0.0051 310 41 342 64
phone 0.0051 314 192 324 205
phone 0.0051 0 249 23 266
phone 0.0051 316 249 345 266
phone 0.0051 346 0 399 26
phone 0.0051 346 79 377 140
phone 0.0051 331 0 361 16
phone 0.0051 284 234 315 266
phone 0.0051 208 265 238 266
phone 0.0051 237 223 247 236
phone 0.0051 8 265 38 266
phone 0.0051 53 0 84 1
phone 0.0051 316 0 345 16
phone 0.0051 23 0 54 1
phone 0.0051 192 0 223 46
phone 0.0051 177 0 207 16
phone 0.0051 300 249 330 266
phone 0.0051 146 265 177 266
phone 0.0051 176 230 185 243
phone 0.0051 29 207 39 220
phone 0.0051 161 265 192 266
phone 0.0051 287 143 304 177
phone 0.0051 69 0 100 1
phone 0.0051 8 187 38 248
phone 0.0051 38 193 100 266
phone 0.0051 317 132 374 180
phone 0.0050 23 249 53 266
phone 0.0050 177 265 207 266
phone 0.0050 183 230 193 243
phone 0.0050 192 265 223 266
phone 0.0050 376 248 399 266
phone 0.0050 38 0 69 1
phone 0.0050 361 79 392 140
phone 0.0050 223 0 254 1
phone 0.0050 238 0 269 1
phone 0.0050 362 264 392 266
phone 0.0050 177 249 207 266
phone 0.0050 100 0 131 1
phone 0.0050 116 0 145 16
phone 0.0050 192 0 223 1
phone 0.0050 249 74 266 107
phone 0.0050 254 249 284 266
phone 0.0050 8 218 38 266
