phone 0.9334 46 185 116 342
phone 0.0978 28 203 101 304
phone 0.0876 56 203 132 306
phone 0.0796 0 39 86 176
phone 0.0698 0 140 157 382
phone 0.0671 74 207 184 368
phone 0.0590 142 171 266 355
phone 0.0536 26 65 113 213
phone 0.0529 49 136 144 281
phone 0.0498 54 199 105 277
phone 0.0468 28 108 124 311
phone 0.0435 18 0 125 161
phone 0.0414 82 133 188 278
phone 0.0409 125 74 210 212
phone 0.0388 170 119 266 282
phone 0.0375 0 147 55 315
phone 0.0371 36 243 116 375
phone 0.0369 0 46 99 292
phone 0.0362 0 48 59 223
phone 0.0345 152 256 244 383
phone 0.0340 52 243 107 325
phone 0.0337 88 294 177 398
phone 0.0327 155 71 245 213
phone 0.0298 114 196 198 341
phone 0.0297 26 179 236 399
phone 0.0288 74 62 198 223
phone 0.0279 46 31 153 186
phone 0.0265 61 0 143 114
phone 0.0257 0 118 32 283
phone 0.0245 113 252 169 347
phone 0.0240 0 207 50 364
phone 0.0239 12 81 84 148
phone 0.0231 14 39 191 300
phone 0.0230 108 244 213 391
phone 0.0228 117 117 211 291
phone 0.0221 41 0 112 88
phone 0.0219 0 74 33 201
phone 0.0219 123 265 189 334
phone 0.0208 0 0 53 105
phone 0.0189 124 232 188 306
phone 0.0184 0 180 32 339
phone 0.0180 183 137 214 162
phone 0.0178 0 66 69 133
phone 0.0173 43 203 85 272
phone 0.0171 190 133 207 165
phone 0.0171 69 111 258 354
phone 0.0170 88 11 181 147
phone 0.0168 31 86 66 144
phone 0.0167 113 204 168 302
phone 0.0163 62 316 141 399
phone 0.0162 15 86 50 143
phone 0.0162 101 23 232 198
phone 0.0159 91 250 160 318
phone 0.0155 194 143 203 156
phone 0.0155 0 246 95 385
phone 0.0153 123 17 210 138
phone 0.0151 207 204 266 319
phone 0.0150 57 258 131 341
phone 0.0145 122 282 159 347
phone 0.0144 0 205 36 271
phone 0.0136 138 254 174 314
phone 0.0135 25 205 193 302
phone 0.0134 125 203 187 273
phone 0.0133 87 222 163 285
phone 0.0133 139 286 173 344
phone 0.0132 174 229 261 370
phone 0.0128 91 190 159 255
phone 0.0128 0 264 41 396
phone 0.0127 0 38 39 161
phone 0.0127 135 321 209 399
phone 0.0126 32 89 95 172
phone 0.0126 0 237 38 300
phone 0.0122 106 0 167 82
phone 0.0120 108 254 142 314
phone 0.0118 188 42 266 171
phone 0.0118 0 225 19 282
phone 0.0118 0 267 36 332
phone 0.0117 0 298 64 399
phone 0.0117 52 37 83 62
phone 0.0115 71 251 117 317
phone 0.0115 0 86 35 144
phone 0.0113 33 311 113 399
phone 0.0113 138 223 174 283
phone 0.0111 59 33 76 66
phone 0.0110 37 232 181 335
phone 0.0109 52 295 68 327
phone 0.0109 51 159 107 256
phone 0.0109 44 299 76 323
phone 0.0108 0 186 49 259
phone 0.0107 0 193 19 252
phone 0.0107 0 113 83 239
phone 0.0107 0 265 19 379
phone 0.0106 145 112 229 240
phone 0.0105 183 282 252 348
phone 0.0105 1 8 34 67
phone 0.0105 0 255 19 313
phone 0.0105 98 61 130 84
phone 0.0105 0 174 35 240
phone 0.0105 209 113 266 225
phone 0.0104 46 86 81 144
phone 0.0104 121 300 191 361
phone 0.0104 112 171 169 243
phone 0.0103 71 205 118 271
phone 0.0103 51 33 68 66
phone 0.0102 28 63 99 136
phone 0.0102 106 57 122 88
phone 0.0102 106 59 266 279
phone 0.0102 139 193 172 252
phone 0.0101 183 315 252 376
phone 0.0101 0 298 36 362
phone 0.0101 0 19 25 135
phone 0.0100 55 305 65 317
phone 0.0100 108 285 142 344
phone 0.0100 0 143 35 210
phone 0.0100 156 113 217 178
phone 0.0100 0 328 33 399
phone 0.0099 15 269 137 399
phone 0.0099 60 7 129 68
phone 0.0098 63 43 72 56
phone 0.0098 60 284 98 346
phone 0.0098 67 162 122 222
phone 0.0098 109 66 119 79
phone 0.0097 166 324 239 399
phone 0.0096 119 348 193 399
phone 0.0096 108 224 142 282
phone 0.0096 7 324 91 399
phone 0.0095 68 37 98 62
phone 0.0095 182 133 199 166
phone 0.0095 152 383 183 399
phone 0.0094 72 301 148 359
phone 0.0094 0 158 51 225
phone 0.0094 109 177 141 237
phone 0.0093 157 356 217 399
phone 0.0093 45 79 113 150
phone 0.0093 13 163 84 220
phone 0.0093 152 252 221 316
phone 0.0092 173 256 232 343
phone 0.0092 183 160 252 224
phone 0.0092 113 0 169 37
phone 0.0091 55 43 65 56
phone 0.0091 67 33 84 66
phone 0.0091 0 70 19 129
phone 0.0090 11 50 85 119
phone 0.0090 36 140 91 212
phone 0.0090 0 54 35 114
phone 0.0089 44 295 60 327
phone 0.0089 0 101 72 160
phone 0.0089 74 33 92 66
phone 0.0089 0 362 49 399
phone 0.0089 109 9 142 67
phone 0.0088 95 0 156 53
phone 0.0088 8 10 88 66
phone 0.0088 159 379 176 399
phone 0.0088 191 281 266 399
phone 0.0087 90 359 160 399
phone 0.0087 172 135 233 217
phone 0.0087 141 130 202 192
phone 0.0086 0 162 18 221
phone 0.0086 0 361 18 399
phone 0.0086 200 286 234 344
phone 0.0086 201 317 234 374
phone 0.0085 182 251 253 317
phone 0.0085 76 22 144 85
phone 0.0085 10 301 87 360
phone 0.0085 186 143 195 156
phone 0.0084 167 379 184 399
phone 0.0084 51 150 107 202
phone 0.0083 0 129 52 193
phone 0.0083 183 189 252 256
phone 0.0083 0 100 19 160
phone 0.0083 139 348 172 399
phone 0.0083 145 313 175 339
phone 0.0082 47 305 57 317
phone 0.0082 153 222 221 285
phone 0.0082 198 133 215 166
phone 0.0082 0 131 19 190
phone 0.0082 145 244 175 270
phone 0.0082 44 265 84 333
phone 0.0081 152 336 183 362
phone 0.0081 59 68 130 131
phone 0.0081 160 99 191 123
phone 0.0080 81 105 138 156
phone 0.0080 187 115 248 176
phone 0.0080 71 43 80 56
phone 0.0080 59 360 130 399
phone 0.0080 16 110 82 181
phone 0.0080 172 229 233 308
phone 0.0080 152 282 222 348
phone 0.0079 139 317 172 374
phone 0.0079 142 159 201 225
phone 0.0079 158 18 235 131
phone 0.0079 170 255 203 313
phone 0.0079 66 121 123 170
phone 0.0079 145 290 175 316
phone 0.0079 0 149 10 317
phone 0.0079 62 101 96 159
phone 0.0079 43 53 116 115
phone 0.0079 78 43 88 56
phone 0.0078 200 163 234 221
phone 0.0078 170 347 203 399
phone 0.0078 183 220 253 286
phone 0.0078 15 359 82 399
phone 0.0078 113 53 145 76
phone 0.0078 122 267 152 293
phone 0.0077 60 83 129 208
phone 0.0077 121 50 137 80
phone 0.0077 152 259 183 286
phone 0.0077 77 287 112 343
phone 0.0077 93 302 127 358
phone 0.0077 0 0 18 94
phone 0.0077 95 100 125 160
phone 0.0077 138 0 206 98
phone 0.0077 163 389 172 399
phone 0.0077 0 0 50 46
phone 0.0077 152 192 221 253
phone 0.0077 0 305 13 399
phone 0.0077 46 115 81 176
phone 0.0077 0 21 70 85
phone 0.0077 159 333 176 366
phone 0.0077 124 363 157 399
phone 0.0076 124 8 158 68
phone 0.0076 124 58 134 71
phone 0.0076 237 329 266 354
phone 0.0076 155 346 188 399
phone 0.0076 77 0 111 51
phone 0.0076 93 39 126 98
phone 0.0075 151 309 169 343
phone 0.0075 244 326 261 357
phone 0.0075 79 52 141 116
phone 0.0075 0 149 72 204
phone 0.0075 125 147 187 206
phone 0.0075 11 195 86 250
phone 0.0074 80 116 110 175
phone 0.0074 167 95 184 127
phone 0.0074 0 279 52 351
phone 0.0074 16 347 49 399
phone 0.0074 151 240 169 274
phone 0.0074 59 177 98 238
phone 0.0074 33 290 95 371
phone 0.0074 200 174 266 240
phone 0.0074 128 263 146 297
phone 0.0074 195 270 266 329
phone 0.0074 46 161 81 222
phone 0.0073 171 389 180 399
phone 0.0073 190 114 222 138
phone 0.0073 0 8 2 67
phone 0.0073 153 311 221 380
phone 0.0073 31 302 65 358
phone 0.0073 0 289 20 340
phone 0.0073 170 147 203 205
phone 0.0073 75 177 145 238
phone 0.0073 66 273 154 327
phone 0.0072 29 0 99 56
phone 0.0072 77 24 111 82
phone 0.0072 201 143 211 156
phone 0.0072 157 45 216 93
phone 0.0072 128 11 184 65
phone 0.0072 32 179 65 235
phone 0.0072 184 269 220 330
phone 0.0072 32 117 65 174
phone 0.0072 126 117 186 175
phone 0.0071 198 146 266 206
phone 0.0071 154 286 188 343
phone 0.0071 151 286 169 320
phone 0.0071 31 10 65 66
phone 0.0071 10 272 87 327
phone 0.0071 16 317 50 374
phone 0.0071 170 224 203 282
phone 0.0071 0 274 2 386
phone 0.0071 32 148 65 204
phone 0.0071 122 236 152 263
phone 0.0071 159 255 176 290
phone 0.0071 171 105 180 117
phone 0.0071 154 240 188 297
phone 0.0071 32 347 65 399
phone 0.0070 143 103 200 157
phone 0.0070 201 193 234 251
phone 0.0070 186 362 219 399
phone 0.0070 47 10 80 66
phone 0.0070 0 307 3 354
phone 0.0070 28 35 99 102
phone 0.0070 99 21 129 47
phone 0.0070 221 330 253 354
phone 0.0070 229 326 245 358
phone 0.0069 0 87 9 255
phone 0.0069 0 38 2 98
phone 0.0069 140 163 172 221
phone 0.0069 170 286 203 344
phone 0.0069 93 10 126 66
phone 0.0069 185 146 220 207
phone 0.0069 159 240 176 274
phone 0.0068 77 71 111 128
phone 0.0068 200 255 235 313
phone 0.0068 170 290 234 370
phone 0.0068 15 55 51 113
phone 0.0068 216 302 250 358
phone 0.0068 156 8 187 67
phone 0.0068 99 36 129 63
phone 0.0068 62 317 96 374
phone 0.0068 22 21 52 47
phone 0.0068 197 110 215 142
phone 0.0068 0 336 18 385
phone 0.0068 247 336 257 348
phone 0.0068 93 363 127 399
phone 0.0067 171 169 234 245
phone 0.0067 145 267 175 293
phone 0.0067 108 363 142 399
phone 0.0067 171 200 234 275
phone 0.0067 163 343 172 356
phone 0.0067 153 167 183 194
phone 0.0067 128 233 146 266
phone 0.0067 0 362 3 399
phone 0.0067 122 251 152 278
phone 0.0067 9 227 88 280
phone 0.0067 216 209 250 266
phone 0.0066 83 198 113 224
phone 0.0066 0 330 2 391
phone 0.0066 62 348 96 399
phone 0.0066 171 100 203 160
phone 0.0066 189 365 246 399
phone 0.0066 79 147 110 205
phone 0.0066 185 238 219 299
phone 0.0066 172 38 202 98
phone 0.0066 78 363 111 399
phone 0.0066 170 178 203 236
phone 0.0066 155 320 165 333
phone 0.0066 64 131 94 191
phone 0.0066 61 0 96 37
phone 0.0065 92 332 127 389
phone 0.0065 145 221 175 247
phone 0.0065 200 224 234 282
phone 0.0065 200 132 234 190
phone 0.0065 82 33 99 66
phone 0.0065 153 128 183 155
phone 0.0065 154 209 188 267
phone 0.0065 220 319 266 372
phone 0.0065 216 163 250 220
phone 0.0065 67 142 83 172
phone 0.0064 122 221 152 247
phone 0.0064 232 335 242 348
phone 0.0064 59 145 91 169
phone 0.0064 159 309 176 343
phone 0.0064 155 251 165 263
phone 0.0064 153 298 183 324
phone 0.0064 202 120 211 133
phone 0.0064 122 305 152 332
phone 0.0064 31 40 65 97
phone 0.0064 62 55 96 112
phone 0.0064 153 144 183 171
phone 0.0064 154 316 188 375
phone 0.0064 114 57 129 88
phone 0.0064 151 255 169 290
phone 0.0064 28 17 46 51
phone 0.0064 151 379 169 399
phone 0.0064 0 224 3 282
phone 0.0063 250 152 266 200
phone 0.0063 105 17 123 51
phone 0.0063 16 9 50 66
phone 0.0063 117 66 126 79
phone 0.0063 155 177 188 237
phone 0.0063 0 165 2 279
phone 0.0063 153 236 183 263
phone 0.0063 132 274 142 286
phone 0.0063 108 317 142 374
phone 0.0063 170 316 204 374
phone 0.0063 244 337 266 362
phone 0.0063 0 199 4 246
phone 0.0063 153 274 183 301
phone 0.0063 247 119 266 234
phone 0.0063 11 0 86 40
phone 0.0063 128 248 146 282
phone 0.0063 202 101 234 159
phone 0.0063 145 175 175 201
phone 0.0063 0 104 2 217
phone 0.0062 228 145 261 169
phone 0.0062 0 137 3 184
phone 0.0062 90 194 107 228
phone 0.0062 105 32 123 66
phone 0.0062 0 117 34 174
phone 0.0062 237 326 252 357
phone 0.0062 75 134 91 165
phone 0.0062 155 297 165 309
phone 0.0062 36 17 53 51
phone 0.0062 250 214 266 262
phone 0.0062 0 180 70 234
phone 0.0062 62 24 96 82
phone 0.0062 32 271 65 327
phone 0.0062 218 76 266 123
phone 0.0061 159 171 176 205
phone 0.0061 219 283 266 346
phone 0.0061 185 332 219 390
phone 0.0061 159 286 176 320
phone 0.0061 74 0 146 38
phone 0.0061 124 162 157 221
phone 0.0061 94 35 157 102
phone 0.0061 0 184 3 231
phone 0.0061 47 348 80 399
phone 0.0061 216 240 250 297
phone 0.0061 183 298 214 324
phone 0.0061 247 180 266 295
phone 0.0061 264 147 266 205
phone 0.0061 67 138 99 161
phone 0.0061 128 302 146 335
phone 0.0061 122 282 152 309
phone 0.0061 70 151 80 164
phone 0.0061 219 107 266 154
phone 0.0061 0 0 19 46
phone 0.0061 128 217 146 251
phone 0.0061 83 36 114 63
phone 0.0061 46 300 81 360
phone 0.0061 163 266 172 279
phone 0.0061 249 337 266 385
phone 0.0060 145 329 175 355
phone 0.0060 250 245 266 293
phone 0.0060 77 317 111 374
phone 0.0060 205 336 261 385
phone 0.0060 172 60 232 108
phone 0.0060 237 141 253 173
phone 0.0060 190 110 207 143
phone 0.0060 16 118 49 173
phone 0.0060 203 60 263 108
phone 0.0060 32 210 65 266
phone 0.0059 217 26 266 141
phone 0.0059 155 313 165 325
phone 0.0059 159 125 176 159
phone 0.0059 151 217 169 251
phone 0.0059 151 271 169 305
phone 0.0059 140 100 172 159
phone 0.0059 97 32 115 66
phone 0.0059 216 72 266 188
phone 0.0059 93 179 127 235
phone 0.0059 234 91 266 139
phone 0.0059 83 127 98 157
phone 0.0059 0 276 3 323
phone 0.0059 145 205 175 232
phone 0.0059 97 194 115 228
phone 0.0059 264 208 266 267
phone 0.0059 145 190 175 217
phone 0.0059 158 14 216 62
phone 0.0059 240 335 249 348
phone 0.0059 219 45 266 93
phone 0.0059 0 107 3 154
phone 0.0059 249 76 266 123
phone 0.0058 176 221 206 247
phone 0.0058 185 208 219 267
phone 0.0058 185 177 219 237
phone 0.0058 78 143 88 156
phone 0.0058 203 29 263 77
phone 0.0058 106 259 136 286
phone 0.0058 163 251 172 263
phone 0.0058 265 337 266 385
phone 0.0058 159 140 176 174
phone 0.0058 190 295 207 327
phone 0.0058 46 0 81 36
phone 0.0058 75 130 107 153
phone 0.0058 249 106 266 154
phone 0.0058 186 0 250 95
phone 0.0058 172 29 232 77
phone 0.0058 155 305 165 317
phone 0.0058 155 259 165 271
phone 0.0058 248 42 266 156
phone 0.0058 123 317 158 374
phone 0.0058 264 239 266 298
phone 0.0058 128 279 146 312
phone 0.0057 168 136 198 163
phone 0.0057 250 183 266 231
phone 0.0057 220 225 266 281
phone 0.0057 159 271 176 305
phone 0.0057 248 343 257 356
phone 0.0057 232 271 264 328
phone 0.0057 263 304 266 399
phone 0.0057 132 243 142 256
phone 0.0057 145 136 175 163
phone 0.0057 82 123 115 145
phone 0.0057 234 54 263 113
phone 0.0057 155 243 165 256
phone 0.0057 157 38 187 98
phone 0.0057 132 236 142 248
phone 0.0057 46 40 81 97
phone 0.0057 151 171 169 205
phone 0.0057 249 45 266 93
phone 0.0057 91 119 106 149
phone 0.0057 159 155 176 190
phone 0.0057 233 0 266 110
phone 0.0057 94 128 103 141
phone 0.0057 142 0 201 30
phone 0.0057 86 43 95 56
phone 0.0057 163 259 172 271
phone 0.0057 265 122 266 169
phone 0.0057 240 151 249 164
phone 0.0057 14 267 44 294
phone 0.0057 153 213 183 240
phone 0.0056 247 288 266 399
phone 0.0056 264 367 266 399
phone 0.0056 219 54 248 113
phone 0.0056 90 32 107 66
phone 0.0056 233 209 264 267
phone 0.0056 265 91 266 139
phone 0.0056 86 135 96 148
phone 0.0056 185 300 219 360
phone 0.0056 92 272 127 326
phone 0.0056 263 88 266 202
phone 0.0056 0 0 1 31
phone 0.0056 220 255 266 313
phone 0.0056 218 23 248 83
phone 0.0056 171 8 203 67
phone 0.0056 78 118 142 234
phone 0.0056 79 152 141 200
phone 0.0056 188 54 217 113
phone 0.0055 0 40 17 157
phone 0.0055 186 100 219 159
phone 0.0055 265 60 266 108
phone 0.0055 203 54 233 113
phone 0.0055 0 256 69 312
phone 0.0055 218 331 248 391
phone 0.0055 37 306 68 331
phone 0.0055 264 316 266 375
phone 0.0055 152 321 183 347
phone 0.0055 109 99 173 221
phone 0.0055 263 42 266 156
phone 0.0055 264 178 266 236
phone 0.0055 203 23 233 83
phone 0.0055 247 226 266 341
phone 0.0055 163 320 172 332
phone 0.0055 265 30 266 77
phone 0.0055 255 343 265 356
phone 0.0055 155 266 165 279
phone 0.0055 0 58 2 171
phone 0.0055 188 23 217 83
phone 0.0055 233 116 264 174
phone 0.0055 157 0 186 37
phone 0.0055 95 121 156 170
phone 0.0055 155 389 165 399
phone 0.0055 216 133 249 189
phone 0.0055 203 346 233 399
phone 0.0055 151 325 169 359
phone 0.0055 265 168 266 216
phone 0.0055 153 182 183 209
phone 0.0054 32 28 42 40
phone 0.0054 263 0 266 110
phone 0.0054 132 251 142 263
phone 0.0054 145 151 175 178
phone 0.0054 188 75 248 123
phone 0.0054 95 87 156 203
phone 0.0054 155 289 165 302
phone 0.0054 109 28 119 40
phone 0.0054 168 382 198 399
phone 0.0054 182 217 200 251
phone 0.0054 263 135 266 248
phone 0.0054 151 125 169 159
phone 0.0054 194 120 203 133
phone 0.0054 265 306 266 354
phone 0.0054 132 259 142 271
phone 0.0054 109 43 119 56
phone 0.0054 44 67 75 93
phone 0.0053 94 147 126 205
phone 0.0053 220 193 266 251
phone 0.0053 265 199 266 246
phone 0.0053 111 91 171 139
phone 0.0053 151 201 169 236
phone 0.0053 159 217 176 251
phone 0.0053 151 186 169 220
phone 0.0053 112 59 169 108
phone 0.0053 250 0 266 30
phone 0.0053 20 263 38 297
phone 0.0053 132 266 142 279
phone 0.0053 163 274 172 286
phone 0.0053 264 353 266 399
phone 0.0053 263 181 266 294
phone 0.0053 110 116 141 175
phone 0.0053 97 74 153 125
phone 0.0053 265 229 266 277
phone 0.0053 94 205 103 217
phone 0.0053 141 0 172 51
phone 0.0053 32 240 65 297
phone 0.0053 234 353 266 399
phone 0.0053 265 276 266 323
phone 0.0053 265 0 266 30
phone 0.0052 109 56 173 172
phone 0.0052 248 0 266 64
phone 0.0052 250 276 266 323
phone 0.0052 155 274 165 286
phone 0.0052 40 28 49 40
phone 0.0052 0 226 2 341
phone 0.0052 45 190 75 216
phone 0.0052 233 239 264 298
phone 0.0052 143 29 200 78
phone 0.0052 132 282 142 294
phone 0.0052 163 182 172 194
phone 0.0052 51 64 68 97
phone 0.0052 163 174 172 186
phone 0.0052 163 297 172 309
phone 0.0052 0 161 3 222
phone 0.0052 0 76 3 123
phone 0.0052 132 313 142 325
phone 0.0052 263 242 266 356
phone 0.0052 234 14 266 62
phone 0.0052 132 228 142 240
phone 0.0052 111 133 171 188
phone 0.0052 174 132 192 167
phone 0.0052 250 306 266 354
phone 0.0052 194 305 203 317
phone 0.0052 113 255 131 290
phone 0.0052 151 140 169 174
phone 0.0052 111 70 141 129
phone 0.0051 218 367 266 399
phone 0.0051 0 259 2 309
phone 0.0051 125 86 156 143
phone 0.0051 172 91 233 139
phone 0.0051 94 70 126 128
phone 0.0051 168 259 198 286
phone 0.0051 219 0 266 30
phone 0.0051 155 282 165 294
phone 0.0051 91 297 121 325
phone 0.0051 155 228 165 240
phone 0.0051 142 60 201 108
phone 0.0051 126 54 156 114
phone 0.0051 14 236 44 263
phone 0.0051 172 0 232 46
phone 0.0051 31 0 65 35
phone 0.0051 101 43 111 56
phone 0.0050 175 314 206 339
phone 0.0050 93 0 127 35
phone 0.0050 249 367 266 399
phone 0.0050 163 136 172 148
phone 0.0050 16 179 49 235
