phone 0.9446 104 20 208 244
phone 0.1045 118 43 256 222
phone 0.0692 111 12 351 197
phone 0.0422 24 77 113 234
phone 0.0370 145 74 309 244
phone 0.0348 100 167 186 266
phone 0.0320 193 64 283 217
phone 0.0292 69 79 168 243
phone 0.0256 149 117 234 196
phone 0.0248 9 114 90 266
phone 0.0248 155 25 259 164
phone 0.0232 107 106 184 207
phone 0.0229 121 113 269 259
phone 0.0223 190 112 255 200
phone 0.0215 117 71 205 181
phone 0.0213 90 35 172 184
phone 0.0212 32 32 106 187
phone 0.0200 32 134 105 209
phone 0.0198 102 0 190 149
phone 0.0197 149 83 234 168
phone 0.0194 115 0 222 105
phone 0.0192 182 157 278 266
phone 0.0189 47 118 121 194
phone 0.0174 199 58 379 210
phone 0.0171 31 125 136 249
phone 0.0170 162 109 252 173
phone 0.0168 60 0 229 201
phone 0.0165 72 17 158 141
phone 0.0154 205 130 270 213
phone 0.0150 202 22 304 167
phone 0.0149 101 132 160 242
phone 0.0147 78 122 152 190
phone 0.0141 45 153 123 221
phone 0.0141 37 69 100 150
phone 0.0135 164 146 250 198
phone 0.0134 205 120 302 253
phone 0.0134 239 92 338 232
phone 0.0131 48 88 119 163
phone 0.0130 203 125 241 187
phone 0.0130 150 54 233 135
phone 0.0128 166 75 248 145
phone 0.0128 50 60 148 190
phone 0.0127 51 170 148 266
phone 0.0126 32 169 105 235
phone 0.0123 79 49 150 109
phone 0.0123 51 157 86 216
phone 0.0122 192 143 253 230
phone 0.0122 171 126 212 186
phone 0.0121 79 91 151 160
phone 0.0120 79 154 151 219
phone 0.0119 150 156 233 218
phone 0.0118 21 103 86 178
phone 0.0117 267 36 376 178
phone 0.0117 0 17 124 266
phone 0.0116 170 47 244 111
phone 0.0115 61 108 137 173
phone 0.0115 50 126 87 186
phone 0.0115 205 64 271 156
phone 0.0115 59 142 140 201
phone 0.0114 98 143 132 200
phone 0.0114 120 141 202 233
phone 0.0113 65 127 103 185
phone 0.0113 346 41 399 178
phone 0.0112 189 128 225 184
phone 0.0110 156 30 227 98
phone 0.0109 162 184 253 266
phone 0.0109 51 80 86 140
phone 0.0108 5 16 93 129
phone 0.0108 120 186 202 250
phone 0.0107 218 125 257 187
phone 0.0106 213 91 293 160
phone 0.0104 232 48 336 172
phone 0.0104 99 50 131 108
phone 0.0103 215 141 292 202
phone 0.0102 189 52 256 137
phone 0.0102 128 189 163 246
phone 0.0102 3 96 74 216
phone 0.0101 33 0 124 107
phone 0.0100 303 12 389 146
phone 0.0099 36 111 70 170
phone 0.0097 0 0 39 0
phone 0.0095 97 111 132 170
phone 0.0094 218 188 289 247
phone 0.0094 0 263 41 266
phone 0.0094 0 128 53 261
phone 0.0094 360 106 399 174
phone 0.0093 33 202 105 263
phone 0.0093 168 176 247 229
phone 0.0093 66 158 102 215
phone 0.0092 108 218 184 266
phone 0.0092 251 11 348 146
phone 0.0091 81 128 117 184
phone 0.0091 98 81 131 139
phone 0.0090 18 187 89 248
phone 0.0090 205 156 240 218
phone 0.0090 19 151 88 223
phone 0.0089 356 76 399 144
phone 0.0089 348 32 399 95
phone 0.0088 64 220 135 266
phone 0.0087 98 173 131 231
phone 0.0087 65 96 102 154
phone 0.0086 109 139 151 204
phone 0.0086 188 97 226 154
phone 0.0086 122 123 169 189
phone 0.0086 215 59 292 131
phone 0.0086 101 9 160 88
phone 0.0085 170 95 213 156
phone 0.0085 341 93 399 157
phone 0.0085 190 50 224 108
phone 0.0085 193 26 252 102
phone 0.0085 279 109 350 172
phone 0.0085 112 34 148 94
phone 0.0085 330 0 393 109
phone 0.0084 190 159 224 214
phone 0.0084 331 23 391 74
phone 0.0084 207 200 269 265
phone 0.0084 155 218 228 266
phone 0.0084 300 33 361 95
phone 0.0082 0 0 55 97
phone 0.0081 358 0 399 133
phone 0.0081 158 0 309 132
phone 0.0081 203 94 242 157
phone 0.0081 345 19 377 77
phone 0.0081 266 123 334 189
phone 0.0081 52 58 115 131
phone 0.0080 341 61 399 128
phone 0.0080 263 94 336 157
phone 0.0080 137 34 216 125
phone 0.0080 236 128 270 184
phone 0.0080 312 44 380 114
phone 0.0079 46 186 122 249
phone 0.0079 122 76 169 143
phone 0.0079 245 78 323 142
phone 0.0079 22 158 54 216
phone 0.0079 173 62 203 89
phone 0.0079 174 35 209 92
phone 0.0079 280 0 373 121
phone 0.0079 190 190 224 245
phone 0.0078 306 76 386 205
phone 0.0078 173 158 209 215
phone 0.0078 37 80 69 139
phone 0.0078 3 173 74 231
phone 0.0078 233 171 305 233
phone 0.0078 330 19 362 77
phone 0.0078 52 204 85 262
phone 0.0078 223 8 284 58
phone 0.0077 82 205 116 261
phone 0.0077 220 157 255 217
phone 0.0077 160 0 244 83
phone 0.0077 143 190 178 245
phone 0.0077 236 158 270 215
phone 0.0077 22 126 54 185
phone 0.0076 248 108 320 174
phone 0.0076 252 136 317 207
phone 0.0076 0 35 57 174
phone 0.0076 111 170 149 234
phone 0.0076 37 188 70 247
phone 0.0075 124 155 167 218
phone 0.0075 206 34 239 93
phone 0.0075 129 220 162 266
phone 0.0075 286 22 344 75
phone 0.0075 361 19 392 77
phone 0.0075 237 0 301 93
phone 0.0074 116 0 176 44
phone 0.0074 36 142 70 201
phone 0.0074 98 236 163 266
phone 0.0074 63 79 136 141
phone 0.0074 238 4 269 62
phone 0.0074 295 78 366 142
phone 0.0073 179 58 197 92
phone 0.0073 164 248 196 266
phone 0.0073 269 9 330 57
phone 0.0072 110 62 150 127
phone 0.0072 172 244 188 266
phone 0.0072 190 220 224 266
phone 0.0072 70 38 129 90
phone 0.0072 283 19 316 77
phone 0.0072 374 96 399 154
phone 0.0072 300 9 361 57
phone 0.0072 298 112 331 169
phone 0.0071 285 0 345 41
phone 0.0071 253 4 284 62
phone 0.0071 279 45 351 113
phone 0.0071 10 64 216 266
phone 0.0071 82 97 116 153
phone 0.0071 165 244 181 266
phone 0.0070 314 19 346 77
phone 0.0070 314 110 378 171
phone 0.0070 221 25 286 103
phone 0.0070 126 235 196 266
phone 0.0070 300 3 330 62
phone 0.0069 176 254 185 266
phone 0.0069 316 0 376 41
phone 0.0069 282 127 316 185
phone 0.0069 23 66 84 122
phone 0.0069 254 0 315 41
phone 0.0069 194 239 251 266
phone 0.0069 68 219 100 266
phone 0.0069 175 220 208 266
phone 0.0068 328 50 362 108
phone 0.0068 237 207 300 266
phone 0.0068 235 97 271 154
phone 0.0068 207 0 270 92
phone 0.0068 171 65 212 124
phone 0.0068 226 127 311 185
phone 0.0068 127 19 164 78
phone 0.0068 316 0 345 47
phone 0.0068 0 0 41 32
phone 0.0068 269 4 300 62
phone 0.0067 204 64 241 125
phone 0.0067 191 19 224 77
phone 0.0067 259 64 340 125
phone 0.0067 239 240 298 266
phone 0.0067 66 66 101 123
phone 0.0067 285 0 315 47
phone 0.0067 163 6 221 60
phone 0.0067 168 254 177 266
phone 0.0067 267 157 300 216
phone 0.0066 130 0 193 80
phone 0.0066 359 50 393 108
phone 0.0066 269 30 330 98
phone 0.0066 100 0 161 26
phone 0.0066 218 79 258 141
phone 0.0066 362 145 399 197
phone 0.0066 173 131 203 158
phone 0.0066 223 4 254 62
phone 0.0066 331 0 361 47
phone 0.0065 282 97 316 154
phone 0.0065 192 8 253 58
phone 0.0065 100 233 130 266
phone 0.0065 374 66 399 123
phone 0.0065 269 0 330 26
phone 0.0065 313 50 347 107
phone 0.0065 252 174 285 230
phone 0.0065 363 115 399 227
phone 0.0065 115 234 146 266
phone 0.0065 157 244 173 266
phone 0.0065 149 248 181 266
phone 0.0065 300 0 360 26
phone 0.0065 131 0 191 11
phone 0.0064 84 0 146 42
phone 0.0064 7 99 69 152
phone 0.0064 267 112 301 169
phone 0.0064 220 34 255 93
phone 0.0064 145 0 208 43
phone 0.0063 248 44 320 114
phone 0.0063 254 234 284 266
phone 0.0063 162 0 222 11
phone 0.0063 84 21 146 76
phone 0.0063 24 241 83 266
phone 0.0063 208 233 238 266
phone 0.0063 100 0 160 11
phone 0.0063 38 233 69 266
phone 0.0063 144 220 178 266
phone 0.0063 313 81 347 138
phone 0.0063 116 0 145 31
phone 0.0063 239 0 299 26
phone 0.0063 374 34 399 93
phone 0.0063 208 0 268 41
phone 0.0063 205 187 240 247
phone 0.0062 222 222 285 266
phone 0.0062 66 189 101 246
phone 0.0062 40 49 98 109
phone 0.0062 254 0 314 11
phone 0.0062 224 255 283 266
phone 0.0062 0 162 36 211
phone 0.0062 346 0 376 47
phone 0.0062 343 50 378 108
phone 0.0062 22 187 54 247
phone 0.0062 183 69 193 81
phone 0.0062 22 95 54 155
phone 0.0062 300 0 330 31
phone 0.0062 255 224 314 266
phone 0.0062 208 3 238 62
phone 0.0062 100 0 130 31
phone 0.0061 69 0 130 26
phone 0.0061 134 106 188 176
phone 0.0061 176 0 238 44
phone 0.0061 223 0 283 11
phone 0.0061 159 220 193 266
phone 0.0061 131 0 192 26
phone 0.0061 179 128 197 161
phone 0.0061 285 0 345 11
phone 0.0061 108 108 152 173
phone 0.0061 269 0 299 31
phone 0.0061 146 0 176 16
phone 0.0061 193 0 253 11
phone 0.0061 131 0 161 31
phone 0.0061 160 254 170 266
phone 0.0061 137 139 185 204
phone 0.0061 162 0 192 16
phone 0.0061 361 0 399 42
phone 0.0061 68 0 131 59
phone 0.0061 193 0 253 26
phone 0.0061 328 96 362 154
phone 0.0061 99 18 131 78
phone 0.0060 22 40 85 88
phone 0.0060 39 9 99 57
phone 0.0060 267 82 301 138
phone 0.0060 96 178 126 204
phone 0.0060 177 0 207 16
phone 0.0060 160 0 224 29
phone 0.0060 70 0 130 11
phone 0.0060 286 194 344 241
phone 0.0060 299 145 362 259
phone 0.0060 254 0 284 31
phone 0.0060 54 0 114 41
phone 0.0060 301 178 360 226
phone 0.0060 238 249 269 266
phone 0.0060 315 265 378 266
phone 0.0059 0 142 23 201
phone 0.0059 215 112 370 266
phone 0.0059 298 82 331 138
phone 0.0059 223 218 253 266
phone 0.0059 297 51 332 107
phone 0.0059 193 0 222 16
phone 0.0059 98 204 132 261
phone 0.0059 331 0 391 26
phone 0.0059 285 0 315 16
phone 0.0059 270 209 329 257
phone 0.0059 173 146 203 173
phone 0.0059 23 0 83 41
phone 0.0059 376 125 399 187
phone 0.0058 252 174 316 266
phone 0.0058 239 0 268 16
phone 0.0058 85 0 115 31
phone 0.0058 363 161 399 266
phone 0.0058 331 126 361 186
phone 0.0058 0 117 54 164
phone 0.0058 208 0 238 16
phone 0.0058 269 219 299 266
phone 0.0058 360 193 399 242
phone 0.0058 114 2 147 63
phone 0.0058 316 0 376 11
phone 0.0058 82 159 116 214
phone 0.0058 223 0 253 16
phone 0.0058 254 203 284 263
phone 0.0058 196 147 226 173
phone 0.0058 39 0 99 26
phone 0.0058 8 193 69 266
phone 0.0058 7 55 69 103
phone 0.0057 54 3 84 62
phone 0.0057 143 4 178 62
phone 0.0057 85 233 115 266
phone 0.0057 8 9 68 57
phone 0.0057 269 253 331 266
phone 0.0057 39 34 69 93
phone 0.0057 314 129 377 243
phone 0.0057 235 66 271 123
phone 0.0057 268 237 331 266
phone 0.0057 316 0 345 16
phone 0.0057 364 262 399 266
phone 0.0057 239 218 268 266
phone 0.0057 362 238 399 266
phone 0.0057 39 0 99 11
phone 0.0057 315 172 346 231
phone 0.0057 70 0 99 47
phone 0.0057 300 188 330 247
phone 0.0057 125 48 166 110
phone 0.0056 346 9 399 57
phone 0.0056 7 0 70 29
phone 0.0056 39 3 68 62
phone 0.0056 317 163 375 211
phone 0.0056 361 0 399 11
phone 0.0056 344 81 378 138
phone 0.0056 235 35 271 93
phone 0.0056 251 144 286 199
phone 0.0056 7 111 38 170
phone 0.0056 299 128 361 183
phone 0.0056 23 218 53 266
phone 0.0056 8 0 68 11
phone 0.0056 299 237 362 266
phone 0.0056 173 115 203 143
phone 0.0056 299 253 362 266
phone 0.0056 285 203 315 262
phone 0.0056 0 234 41 266
phone 0.0056 82 66 116 123
phone 0.0056 330 237 393 266
phone 0.0055 85 3 115 62
phone 0.0055 331 0 361 16
phone 0.0055 70 0 99 16
phone 0.0055 361 254 399 266
phone 0.0055 179 143 197 177
phone 0.0055 0 0 36 11
phone 0.0055 282 51 316 107
phone 0.0055 23 49 53 108
phone 0.0055 285 265 315 266
phone 0.0055 0 132 36 180
phone 0.0055 269 265 299 266
phone 0.0054 113 203 147 262
phone 0.0054 331 157 361 216
phone 0.0054 23 3 53 62
phone 0.0054 0 0 23 1
phone 0.0054 173 177 203 204
phone 0.0054 23 264 53 266
phone 0.0054 300 265 330 266
phone 0.0054 346 0 376 16
phone 0.0054 54 0 84 16
phone 0.0054 102 173 120 208
phone 0.0054 267 35 301 92
phone 0.0054 55 256 113 266
phone 0.0054 284 222 346 266
phone 0.0054 330 253 393 266
phone 0.0054 69 249 99 266
phone 0.0054 346 264 376 266
phone 0.0054 376 0 399 32
phone 0.0054 377 187 399 247
phone 0.0054 0 0 22 16
phone 0.0053 316 265 345 266
phone 0.0053 130 252 201 266
phone 0.0053 146 0 177 1
phone 0.0053 269 249 299 266
phone 0.0053 161 0 192 1
phone 0.0053 254 265 284 266
phone 0.0053 38 253 100 266
phone 0.0053 314 221 377 266
phone 0.0053 207 265 238 266
phone 0.0053 177 0 207 46
phone 0.0053 7 253 69 266
phone 0.0053 130 0 161 1
phone 0.0053 0 147 54 196
phone 0.0053 23 0 53 16
phone 0.0053 285 249 315 266
phone 0.0053 331 265 361 266
phone 0.0053 39 0 68 16
phone 0.0053 177 0 208 1
phone 0.0053 196 162 226 188
phone 0.0053 285 145 344 197
phone 0.0053 376 264 399 266
phone 0.0052 180 244 196 266
phone 0.0052 158 190 194 245
phone 0.0052 192 0 223 1
phone 0.0052 207 0 238 1
phone 0.0052 115 0 146 1
phone 0.0052 68 34 100 93
phone 0.0052 223 0 254 1
phone 0.0052 0 188 41 266
phone 0.0052 173 100 203 127
phone 0.0052 376 156 399 217
phone 0.0052 0 80 41 201
phone 0.0052 238 0 269 1
phone 0.0052 223 249 253 266
phone 0.0052 163 255 221 266
phone 0.0052 253 0 284 1
phone 0.0052 269 0 300 1
phone 0.0052 179 112 197 146
phone 0.0052 300 249 330 266
phone 0.0052 202 143 220 177
phone 0.0052 284 0 315 1
phone 0.0052 39 264 69 266
phone 0.0052 196 193 226 219
phone 0.0051 96 116 126 142
phone 0.0051 100 0 131 1
phone 0.0051 300 209 361 257
phone 0.0051 376 248 399 266
phone 0.0051 183 254 193 266
phone 0.0051 346 249 376 266
phone 0.0051 316 249 345 266
phone 0.0051 183 138 193 151
phone 0.0051 300 0 331 1
phone 0.0051 223 265 253 266
phone 0.0051 346 157 377 216
phone 0.0051 84 0 115 1
phone 0.0051 331 178 391 226
phone 0.0051 331 249 361 266
phone 0.0051 23 249 53 266
phone 0.0051 316 194 376 241
phone 0.0051 330 145 393 259
phone 0.0051 238 265 269 266
phone 0.0051 72 48 103 72
phone 0.0051 0 172 23 232
phone 0.0051 377 218 399 266
phone 0.0050 270 187 299 247
phone 0.0050 179 174 197 208
phone 0.0050 149 244 165 266
phone 0.0050 0 0 22 47
phone 0.0050 270 160 329 213
phone 0.0050 0 264 23 266
phone 0.0050 362 264 392 266
phone 0.0050 255 0 333 82
phone 0.0050 315 0 346 1
phone 0.0050 69 0 100 1
phone 0.0050 96 139 126 165
phone 0.0050 315 126 346 186
phone 0.0050 131 265 161 266
phone 0.0050 194 255 252 266
