phone 0.5271 16 164 249 359
phone 0.0725 23 231 134 362
phone 0.0697 56 254 204 376
phone 0.0499 46 96 223 327
phone 0.0481 57 309 151 385
phone 0.0377 111 301 216 393
phone 0.0358 34 303 119 392
phone 0.0333 14 143 141 335
phone 0.0324 87 213 194 355
phone 0.0317 133 254 251 385
phone 0.0302 0 193 93 341
phone 0.0285 52 196 167 341
phone 0.0279 101 280 180 350
phone 0.0225 116 207 226 330
phone 0.0215 57 222 132 317
phone 0.0214 78 127 172 287
phone 0.0205 7 255 88 385
phone 0.0204 0 99 103 306
phone 0.0200 81 301 170 360
phone 0.0199 105 57 222 228
phone 0.0190 116 249 195 320
phone 0.0180 47 97 160 254
phone 0.0180 0 217 49 368
phone 0.0177 0 148 56 318
phone 0.0173 143 158 266 309
phone 0.0167 84 258 166 342
phone 0.0159 130 237 212 301
phone 0.0158 121 286 159 344
phone 0.0154 27 228 100 310
phone 0.0151 10 35 138 247
phone 0.0149 69 273 150 357
phone 0.0144 170 222 266 362
phone 0.0142 104 140 208 305
phone 0.0140 43 209 115 298
phone 0.0139 99 229 182 309
phone 0.0139 181 145 266 260
phone 0.0139 54 49 135 180
phone 0.0137 86 36 186 184
phone 0.0137 143 107 246 239
phone 0.0135 14 244 82 325
phone 0.0133 153 248 221 320
phone 0.0129 121 297 191 364
phone 0.0128 27 272 101 358
phone 0.0126 149 222 224 285
phone 0.0124 107 302 143 359
phone 0.0123 0 314 63 399
phone 0.0122 41 187 117 258
phone 0.0120 40 75 119 215
phone 0.0118 137 271 174 328
phone 0.0116 97 102 185 250
phone 0.0115 169 240 204 297
phone 0.0113 57 173 132 242
phone 0.0113 0 231 20 351
phone 0.0113 153 328 222 399
phone 0.0111 61 81 129 149
phone 0.0108 81 324 169 399
phone 0.0108 25 204 102 272
phone 0.0106 0 248 36 319
phone 0.0106 0 236 71 301
phone 0.0106 154 256 188 312
phone 0.0105 139 302 173 358
phone 0.0105 90 162 160 252
phone 0.0104 0 200 50 275
phone 0.0102 158 365 216 399
phone 0.0102 0 211 173 399
phone 0.0101 76 64 144 135
phone 0.0101 30 125 98 197
phone 0.0101 10 219 87 287
phone 0.0101 71 159 148 224
phone 0.0100 130 202 213 274
phone 0.0100 161 64 244 196
phone 0.0100 15 140 82 213
phone 0.0099 0 109 70 243
phone 0.0099 191 185 266 321
phone 0.0099 136 282 207 348
phone 0.0099 133 17 211 150
phone 0.0099 79 47 266 291
phone 0.0098 170 261 234 338
phone 0.0098 91 301 128 360
phone 0.0098 188 265 266 395
phone 0.0097 170 232 234 306
phone 0.0096 56 252 102 317
phone 0.0096 0 270 57 329
phone 0.0096 0 280 36 349
phone 0.0096 139 346 204 399
phone 0.0095 46 301 81 359
phone 0.0095 0 313 37 378
phone 0.0094 78 86 111 144
phone 0.0094 41 347 117 399
phone 0.0094 47 97 112 163
phone 0.0093 29 291 60 316
phone 0.0093 184 254 220 314
phone 0.0093 189 87 266 190
phone 0.0093 103 315 179 377
phone 0.0092 136 239 175 298
phone 0.0092 30 240 66 297
phone 0.0092 45 267 75 293
phone 0.0091 0 218 35 288
phone 0.0090 72 237 117 301
phone 0.0090 180 285 255 345
phone 0.0089 36 287 53 319
phone 0.0088 0 175 51 239
phone 0.0088 167 206 238 269
phone 0.0088 0 272 21 327
phone 0.0088 44 239 83 299
phone 0.0087 42 156 116 227
phone 0.0087 0 360 51 399
phone 0.0087 0 148 48 205
phone 0.0087 56 144 133 209
phone 0.0086 107 150 174 233
phone 0.0086 148 193 226 253
phone 0.0086 169 97 235 163
phone 0.0086 47 132 80 190
phone 0.0086 77 358 143 399
phone 0.0086 0 287 20 399
phone 0.0085 74 176 146 269
phone 0.0085 31 147 65 205
phone 0.0085 0 299 55 361
phone 0.0085 0 283 73 347
phone 0.0085 51 263 69 297
phone 0.0084 14 359 83 399
phone 0.0084 93 70 127 128
phone 0.0084 165 315 240 376
phone 0.0084 62 116 96 175
phone 0.0084 94 49 157 119
phone 0.0083 60 209 98 267
phone 0.0082 0 173 19 290
phone 0.0082 179 253 256 315
phone 0.0082 154 286 188 343
phone 0.0082 169 128 236 194
phone 0.0082 15 256 50 312
phone 0.0081 187 144 248 209
phone 0.0081 31 302 65 359
phone 0.0081 1 193 34 252
phone 0.0081 40 297 49 310
phone 0.0080 89 142 161 211
phone 0.0080 169 15 237 152
phone 0.0080 169 210 204 265
phone 0.0080 210 237 266 345
phone 0.0080 155 362 188 399
phone 0.0080 0 304 20 356
phone 0.0080 0 269 2 329
phone 0.0080 169 270 204 329
phone 0.0080 1 347 34 399
phone 0.0080 200 219 266 287
phone 0.0080 139 52 204 117
phone 0.0079 196 268 266 331
phone 0.0079 10 329 87 393
phone 0.0078 27 171 101 243
phone 0.0078 104 269 146 330
phone 0.0078 76 179 112 235
phone 0.0078 123 318 157 373
phone 0.0077 185 224 219 282
phone 0.0077 198 299 266 362
phone 0.0077 48 100 80 160
phone 0.0077 2 122 64 170
phone 0.0077 62 348 96 399
phone 0.0076 2 131 33 190
phone 0.0076 204 158 262 226
phone 0.0075 133 100 210 160
phone 0.0075 0 365 17 399
phone 0.0075 0 199 19 246
phone 0.0075 150 113 223 178
phone 0.0074 149 145 224 207
phone 0.0074 107 359 175 399
phone 0.0074 164 162 241 221
phone 0.0074 55 274 65 286
phone 0.0074 185 101 219 159
phone 0.0074 92 164 127 220
phone 0.0074 79 29 141 77
phone 0.0074 46 210 81 266
phone 0.0073 108 348 142 399
phone 0.0073 0 300 2 360
phone 0.0073 79 0 141 110
phone 0.0073 108 55 142 113
phone 0.0073 62 318 96 373
phone 0.0073 0 243 2 355
phone 0.0073 0 361 3 399
phone 0.0072 200 287 234 343
phone 0.0072 18 116 48 174
phone 0.0072 17 106 80 154
phone 0.0072 173 50 231 118
phone 0.0072 0 193 2 252
phone 0.0072 201 317 234 374
phone 0.0072 18 73 79 187
phone 0.0072 200 163 234 221
phone 0.0072 124 323 188 398
phone 0.0072 120 143 192 210
phone 0.0072 0 292 3 338
phone 0.0072 135 130 208 192
phone 0.0072 47 348 80 399
phone 0.0071 119 115 194 177
phone 0.0071 110 29 171 78
phone 0.0071 63 84 95 145
phone 0.0071 170 332 203 389
phone 0.0071 0 261 3 307
phone 0.0071 12 187 85 258
phone 0.0071 66 22 125 145
phone 0.0071 33 76 95 123
phone 0.0070 33 42 95 156
phone 0.0070 109 0 173 112
phone 0.0070 189 118 246 173
phone 0.0070 216 178 250 236
phone 0.0070 0 241 19 296
phone 0.0070 190 107 222 130
phone 0.0070 95 24 125 82
phone 0.0070 185 132 219 189
phone 0.0070 150 81 223 148
phone 0.0070 118 83 194 147
phone 0.0070 0 322 3 369
phone 0.0070 64 57 125 111
phone 0.0070 198 103 214 134
phone 0.0070 120 165 192 250
phone 0.0069 106 127 176 195
phone 0.0069 110 24 141 82
phone 0.0069 107 163 143 221
phone 0.0069 185 317 219 374
phone 0.0069 186 331 250 399
phone 0.0069 124 348 157 399
phone 0.0069 153 293 221 367
phone 0.0069 122 182 152 209
phone 0.0068 33 101 64 159
phone 0.0068 48 45 110 92
phone 0.0068 31 363 65 399
phone 0.0068 154 332 188 390
phone 0.0068 216 224 250 282
phone 0.0068 1 162 34 221
phone 0.0068 125 24 156 82
phone 0.0068 201 112 211 125
phone 0.0068 86 83 164 146
phone 0.0068 201 132 234 189
phone 0.0067 120 239 161 299
phone 0.0067 70 100 150 161
phone 0.0067 48 11 110 125
phone 0.0067 29 270 67 329
phone 0.0067 102 99 179 162
phone 0.0067 49 70 79 128
phone 0.0067 156 29 217 77
phone 0.0067 40 289 49 302
phone 0.0067 61 179 97 235
phone 0.0067 141 24 172 82
phone 0.0067 0 223 2 283
phone 0.0066 69 131 150 191
phone 0.0066 85 116 165 175
phone 0.0066 16 287 50 342
phone 0.0066 155 0 219 111
phone 0.0066 216 287 250 343
phone 0.0066 200 256 234 312
phone 0.0066 77 318 111 373
phone 0.0065 80 24 110 82
phone 0.0065 77 348 111 399
phone 0.0065 93 347 127 399
phone 0.0065 217 147 249 205
phone 0.0065 64 54 95 113
phone 0.0065 128 179 146 212
phone 0.0065 0 335 19 386
phone 0.0065 64 23 94 82
phone 0.0065 0 146 18 206
phone 0.0065 186 39 218 97
phone 0.0064 77 148 111 204
phone 0.0064 0 106 48 154
phone 0.0064 16 163 50 221
phone 0.0064 174 352 230 399
phone 0.0064 185 194 219 251
phone 0.0064 135 157 208 227
phone 0.0064 219 106 266 154
phone 0.0064 34 30 94 77
phone 0.0064 172 24 202 82
phone 0.0063 0 73 49 187
phone 0.0063 3 91 63 139
phone 0.0063 156 24 187 82
phone 0.0063 169 179 204 235
phone 0.0063 216 256 250 312
phone 0.0063 231 270 265 328
phone 0.0063 15 225 50 282
phone 0.0063 139 331 173 390
phone 0.0063 249 337 266 385
phone 0.0063 59 263 76 297
phone 0.0062 218 206 266 269
phone 0.0062 31 333 65 389
phone 0.0062 49 39 79 98
phone 0.0062 220 320 266 370
phone 0.0062 18 60 79 108
phone 0.0062 126 14 186 62
phone 0.0062 250 183 266 231
phone 0.0062 216 116 266 236
phone 0.0062 42 269 85 330
phone 0.0062 263 332 266 399
phone 0.0062 264 367 266 399
phone 0.0062 186 0 250 95
phone 0.0062 170 117 204 174
phone 0.0062 17 27 80 140
phone 0.0061 185 70 219 128
phone 0.0061 154 117 188 174
phone 0.0061 185 163 219 220
phone 0.0061 246 149 266 265
phone 0.0061 2 42 65 156
phone 0.0061 18 85 48 144
phone 0.0061 170 148 203 205
phone 0.0061 216 57 266 172
phone 0.0060 0 116 17 175
phone 0.0060 103 174 178 272
phone 0.0060 34 70 64 129
phone 0.0060 235 167 266 217
phone 0.0060 16 333 50 389
phone 0.0060 185 286 219 344
phone 0.0060 187 363 218 399
phone 0.0060 152 210 190 266
phone 0.0060 95 14 155 62
phone 0.0060 173 14 232 62
phone 0.0060 219 137 266 185
phone 0.0060 249 137 266 185
phone 0.0060 264 177 266 236
phone 0.0060 105 64 177 135
phone 0.0060 247 288 266 399
phone 0.0059 188 367 248 399
phone 0.0059 200 224 234 282
phone 0.0059 0 0 1 30
phone 0.0059 0 162 2 221
phone 0.0059 65 14 125 62
phone 0.0059 248 104 266 218
phone 0.0059 217 0 266 95
phone 0.0059 0 0 32 30
phone 0.0059 0 0 2 64
phone 0.0059 234 85 264 144
phone 0.0059 205 337 261 385
phone 0.0059 234 122 266 169
phone 0.0059 203 29 263 77
phone 0.0059 139 117 173 174
phone 0.0059 0 0 18 64
phone 0.0058 123 55 158 113
phone 0.0058 265 337 266 385
phone 0.0058 234 45 266 93
phone 0.0058 219 353 266 399
phone 0.0058 0 76 48 123
phone 0.0058 230 158 266 287
phone 0.0058 233 88 266 202
phone 0.0058 3 85 33 144
phone 0.0058 34 39 64 98
phone 0.0058 3 45 63 93
phone 0.0058 219 75 266 124
phone 0.0058 233 11 266 125
phone 0.0058 249 91 266 139
phone 0.0058 169 71 204 128
phone 0.0057 123 132 157 190
phone 0.0057 154 87 188 143
phone 0.0057 46 179 81 236
phone 0.0057 264 316 266 375
phone 0.0057 169 301 204 359
phone 0.0057 265 153 266 200
phone 0.0057 72 268 117 331
phone 0.0057 248 57 266 172
phone 0.0057 200 193 234 251
phone 0.0057 233 303 266 399
phone 0.0057 202 363 234 399
phone 0.0057 18 54 48 113
phone 0.0057 202 101 233 159
phone 0.0057 0 131 2 190
phone 0.0057 88 254 131 314
phone 0.0057 121 162 159 221
phone 0.0056 249 60 266 108
phone 0.0056 249 29 266 77
phone 0.0056 30 210 66 266
phone 0.0056 187 8 218 67
phone 0.0056 138 148 173 205
phone 0.0056 249 367 266 399
phone 0.0056 202 39 233 97
phone 0.0056 236 196 266 249
phone 0.0056 263 119 266 233
phone 0.0056 128 40 185 98
phone 0.0056 127 0 186 30
phone 0.0056 132 189 142 202
phone 0.0056 265 353 266 399
phone 0.0056 2 0 65 110
phone 0.0056 218 23 248 82
phone 0.0056 139 87 173 143
phone 0.0056 265 91 266 139
phone 0.0056 0 165 3 279
phone 0.0056 248 0 266 110
phone 0.0056 234 0 266 30
phone 0.0056 108 133 142 189
phone 0.0055 265 122 266 170
phone 0.0055 141 0 202 64
phone 0.0055 265 29 266 77
phone 0.0055 154 148 188 205
phone 0.0055 0 0 48 64
phone 0.0055 0 119 3 233
phone 0.0055 263 57 266 172
phone 0.0055 111 0 171 46
phone 0.0055 157 0 217 46
phone 0.0055 219 331 248 391
phone 0.0055 0 29 48 77
phone 0.0055 61 147 97 205
phone 0.0055 265 60 266 108
phone 0.0055 189 17 266 136
phone 0.0055 263 0 266 110
phone 0.0054 141 0 171 51
phone 0.0054 77 117 111 174
phone 0.0054 63 274 72 286
phone 0.0054 265 307 266 354
phone 0.0054 74 208 115 268
phone 0.0054 202 8 233 67
phone 0.0054 173 0 232 30
phone 0.0054 265 199 266 246
phone 0.0054 124 102 157 158
phone 0.0054 265 230 266 277
phone 0.0054 0 320 2 399
phone 0.0054 172 0 202 51
phone 0.0054 126 0 156 51
phone 0.0054 156 0 187 51
phone 0.0054 108 87 142 143
phone 0.0054 263 273 266 387
phone 0.0054 0 85 17 144
phone 0.0053 263 165 266 279
phone 0.0053 50 0 109 30
phone 0.0053 234 14 266 62
phone 0.0053 3 0 63 30
phone 0.0053 93 102 127 158
phone 0.0053 249 0 266 37
phone 0.0053 80 0 141 46
phone 0.0053 3 54 33 113
phone 0.0053 96 0 155 30
phone 0.0053 18 14 79 62
phone 0.0053 232 224 265 282
phone 0.0053 265 0 266 30
phone 0.0053 250 306 266 355
phone 0.0053 264 0 266 64
phone 0.0053 265 291 266 339
phone 0.0053 190 102 207 135
phone 0.0053 22 282 52 309
phone 0.0053 15 194 50 251
phone 0.0052 0 0 34 95
phone 0.0052 0 106 2 154
phone 0.0052 58 285 100 345
phone 0.0052 110 0 141 51
phone 0.0052 33 0 95 64
phone 0.0052 263 212 266 325
phone 0.0052 48 8 80 67
phone 0.0052 249 208 266 267
phone 0.0052 95 0 125 51
phone 0.0052 0 73 3 187
phone 0.0052 265 260 266 308
phone 0.0052 221 322 253 346
phone 0.0052 203 0 263 46
phone 0.0052 79 0 110 51
phone 0.0051 250 245 266 293
phone 0.0051 229 318 245 350
phone 0.0051 182 115 214 138
phone 0.0051 188 0 217 37
phone 0.0051 219 0 248 37
phone 0.0051 246 194 266 312
phone 0.0051 44 287 61 320
phone 0.0051 19 0 48 37
phone 0.0051 92 133 127 188
phone 0.0051 65 0 94 37
phone 0.0051 31 179 65 236
phone 0.0051 203 0 233 37
phone 0.0051 49 0 79 37
phone 0.0050 0 29 2 77
phone 0.0050 264 224 266 282
phone 0.0050 34 0 63 37
phone 0.0050 0 29 17 77
phone 0.0050 104 240 145 298
phone 0.0050 194 120 203 133
phone 0.0050 33 8 64 67
