phone 0.9426 94 84 180 245
phone 0.1221 54 55 214 279
phone 0.0689 108 131 174 222
phone 0.0656 55 97 165 224
phone 0.0562 97 119 154 203
phone 0.0430 84 37 190 202
phone 0.0410 81 126 171 287
phone 0.0386 84 145 233 300
phone 0.0376 111 105 171 187
phone 0.0348 19 112 130 282
phone 0.0293 131 79 242 212
phone 0.0247 89 186 184 323
phone 0.0246 27 139 188 310
phone 0.0242 96 118 245 234
phone 0.0240 38 168 121 307
phone 0.0229 0 83 95 253
phone 0.0210 67 144 153 210
phone 0.0204 35 73 123 218
phone 0.0202 143 186 243 326
phone 0.0202 34 161 93 254
phone 0.0199 71 111 149 181
phone 0.0194 45 123 113 200
phone 0.0189 31 135 97 218
phone 0.0189 46 198 112 278
phone 0.0181 129 28 214 170
phone 0.0177 45 149 113 234
phone 0.0176 151 155 222 229
phone 0.0174 161 107 244 245
phone 0.0165 0 149 92 305
phone 0.0162 146 124 227 198
phone 0.0156 119 163 193 251
phone 0.0154 51 0 266 232
phone 0.0154 91 131 129 191
phone 0.0151 176 7 266 151
phone 0.0148 108 175 174 270
phone 0.0144 47 50 142 179
phone 0.0144 64 14 154 144
phone 0.0142 0 126 56 257
phone 0.0138 74 190 146 255
phone 0.0138 31 105 97 186
phone 0.0138 166 152 266 304
phone 0.0138 58 173 131 242
phone 0.0136 152 221 183 247
phone 0.0134 149 94 225 167
phone 0.0130 123 106 219 186
phone 0.0130 59 207 161 329
phone 0.0129 119 221 224 346
phone 0.0129 61 208 97 268
phone 0.0128 0 74 57 204
phone 0.0128 45 176 82 239
phone 0.0127 159 217 176 251
phone 0.0126 195 112 266 227
phone 0.0125 60 131 97 191
phone 0.0125 162 43 243 186
phone 0.0123 170 105 234 186
phone 0.0122 3 220 94 348
phone 0.0120 45 146 82 207
phone 0.0119 171 168 233 246
phone 0.0119 58 220 131 287
phone 0.0118 169 162 205 221
phone 0.0118 0 159 51 224
phone 0.0118 138 67 205 132
phone 0.0118 21 43 107 187
phone 0.0117 128 177 214 238
phone 0.0117 207 181 266 278
phone 0.0116 108 231 174 306
phone 0.0115 90 200 160 276
phone 0.0114 101 155 150 228
phone 0.0114 120 221 192 286
phone 0.0113 58 100 131 160
phone 0.0113 10 192 87 253
phone 0.0113 11 161 86 223
phone 0.0111 163 228 172 240
phone 0.0109 4 0 86 173
phone 0.0108 31 237 127 362
phone 0.0108 92 194 127 251
phone 0.0106 77 77 143 153
phone 0.0106 112 251 201 378
phone 0.0105 186 203 266 333
phone 0.0102 126 123 186 199
phone 0.0102 78 235 173 363
phone 0.0101 123 224 158 283
phone 0.0101 59 161 98 223
phone 0.0101 170 80 234 149
phone 0.0101 151 188 222 257
phone 0.0101 31 179 65 235
phone 0.0100 0 20 163 254
phone 0.0099 168 137 198 162
phone 0.0098 0 82 67 148
phone 0.0098 45 208 82 268
phone 0.0098 76 163 112 221
phone 0.0098 1 147 34 206
phone 0.0097 0 131 71 191
phone 0.0097 0 221 67 285
phone 0.0095 1 116 34 175
phone 0.0095 42 235 116 302
phone 0.0095 184 161 220 222
phone 0.0094 121 190 152 216
phone 0.0094 12 254 85 314
phone 0.0094 0 193 55 313
phone 0.0093 95 22 157 176
phone 0.0093 120 251 192 317
phone 0.0093 45 115 82 176
phone 0.0093 106 206 137 231
phone 0.0093 159 234 247 364
phone 0.0093 77 225 111 281
phone 0.0093 71 239 149 298
phone 0.0092 1 177 34 237
phone 0.0092 128 187 145 219
phone 0.0092 26 219 102 287
phone 0.0092 181 207 254 269
phone 0.0091 0 98 50 162
phone 0.0090 77 102 111 158
phone 0.0090 131 240 212 298
phone 0.0090 167 132 206 190
phone 0.0090 237 252 266 278
phone 0.0089 174 133 192 166
phone 0.0089 207 44 266 171
phone 0.0089 132 159 180 225
phone 0.0089 93 86 127 144
phone 0.0089 237 129 266 155
phone 0.0089 184 130 220 191
phone 0.0089 139 225 173 282
phone 0.0089 92 163 128 221
phone 0.0088 102 96 149 165
phone 0.0088 30 78 97 152
phone 0.0088 76 132 112 190
phone 0.0088 183 236 252 301
phone 0.0087 113 202 130 235
phone 0.0087 27 270 100 329
phone 0.0087 137 194 174 252
phone 0.0087 76 194 112 251
phone 0.0087 131 209 212 267
phone 0.0086 244 125 261 158
phone 0.0086 185 100 219 160
phone 0.0086 121 284 192 346
phone 0.0086 133 270 210 329
phone 0.0085 244 248 261 281
phone 0.0084 74 269 146 330
phone 0.0084 16 86 50 143
phone 0.0084 168 152 198 178
phone 0.0084 111 59 170 140
phone 0.0083 153 180 189 234
phone 0.0083 184 265 251 333
phone 0.0083 99 214 129 239
phone 0.0083 31 210 65 266
phone 0.0083 107 208 143 267
phone 0.0082 170 194 204 251
phone 0.0082 58 252 131 317
phone 0.0082 169 85 205 144
phone 0.0082 199 253 266 315
phone 0.0082 132 197 142 210
phone 0.0082 120 191 161 254
phone 0.0081 31 148 65 204
phone 0.0081 37 198 67 224
phone 0.0080 93 225 127 281
phone 0.0080 16 239 49 298
phone 0.0080 108 69 142 129
phone 0.0080 88 252 162 316
phone 0.0080 151 220 223 287
phone 0.0079 117 212 126 225
phone 0.0079 0 135 17 248
phone 0.0079 13 95 84 165
phone 0.0079 16 133 50 189
phone 0.0079 149 253 225 315
phone 0.0079 89 284 161 346
phone 0.0079 0 168 18 215
phone 0.0078 237 267 266 293
phone 0.0078 142 305 201 356
phone 0.0078 178 143 188 156
phone 0.0078 32 255 65 313
phone 0.0078 105 202 123 236
phone 0.0078 16 209 50 267
phone 0.0078 145 136 175 163
phone 0.0078 137 98 167 124
phone 0.0078 182 125 253 197
phone 0.0078 62 240 96 297
phone 0.0077 98 0 174 114
phone 0.0076 63 70 126 129
phone 0.0076 184 192 220 253
phone 0.0076 60 285 129 345
phone 0.0076 61 102 96 159
phone 0.0076 200 224 234 282
phone 0.0076 152 284 222 345
phone 0.0076 174 148 192 182
phone 0.0076 247 136 257 148
phone 0.0076 244 264 261 297
phone 0.0076 0 162 2 221
phone 0.0076 80 304 141 356
phone 0.0075 76 267 144 392
phone 0.0075 139 255 173 313
phone 0.0075 145 167 175 194
phone 0.0075 247 259 257 271
phone 0.0074 0 137 19 184
phone 0.0074 93 256 126 312
phone 0.0074 44 194 61 228
phone 0.0073 18 64 79 135
phone 0.0073 144 94 161 128
phone 0.0073 108 240 142 297
phone 0.0072 47 270 80 328
phone 0.0072 151 132 169 166
phone 0.0072 16 179 49 235
phone 0.0072 200 194 234 251
phone 0.0072 139 286 173 343
phone 0.0072 203 60 263 109
phone 0.0072 154 256 188 312
phone 0.0071 155 286 188 343
phone 0.0071 0 131 2 190
phone 0.0071 0 199 18 246
phone 0.0071 200 270 234 328
phone 0.0071 1 208 34 267
phone 0.0071 151 163 169 197
phone 0.0070 153 205 183 232
phone 0.0070 173 304 232 356
phone 0.0070 1 85 34 144
phone 0.0070 128 54 184 114
phone 0.0070 247 251 257 263
phone 0.0070 0 243 48 355
phone 0.0070 31 117 65 174
phone 0.0070 130 0 204 118
phone 0.0070 46 86 81 144
phone 0.0070 237 145 266 169
phone 0.0070 172 300 202 361
phone 0.0069 119 69 193 161
phone 0.0069 0 212 33 324
phone 0.0069 0 60 49 108
phone 0.0069 178 151 188 163
phone 0.0069 17 45 80 93
phone 0.0069 31 86 65 143
phone 0.0069 0 26 49 141
phone 0.0069 153 87 189 143
phone 0.0068 0 193 2 252
phone 0.0068 218 54 249 113
phone 0.0068 200 101 234 159
phone 0.0068 77 255 111 313
phone 0.0068 244 142 261 172
phone 0.0068 110 302 172 358
phone 0.0068 0 276 48 322
phone 0.0068 0 261 33 307
phone 0.0068 109 212 119 225
phone 0.0068 154 210 188 265
phone 0.0068 170 268 235 392
phone 0.0067 218 222 266 285
phone 0.0067 95 300 125 361
phone 0.0067 107 263 175 336
phone 0.0067 62 271 96 328
phone 0.0067 248 274 257 286
phone 0.0067 216 240 250 297
phone 0.0067 170 225 204 282
phone 0.0067 109 220 119 233
phone 0.0067 108 286 142 343
phone 0.0066 123 255 157 313
phone 0.0066 0 239 18 298
phone 0.0066 170 271 203 328
phone 0.0066 178 159 188 171
phone 0.0066 221 283 253 308
phone 0.0066 0 88 18 202
phone 0.0066 229 280 245 312
phone 0.0066 175 303 191 334
phone 0.0066 167 307 199 331
phone 0.0066 216 148 250 205
phone 0.0066 33 39 64 97
phone 0.0065 122 70 159 129
phone 0.0065 159 202 176 236
phone 0.0065 232 194 265 251
phone 0.0065 49 29 109 77
phone 0.0065 185 270 219 328
phone 0.0064 63 0 126 95
phone 0.0064 95 29 156 77
phone 0.0064 48 205 57 217
phone 0.0064 122 152 152 178
phone 0.0064 99 167 129 193
phone 0.0064 198 292 230 315
phone 0.0064 32 10 96 127
phone 0.0064 200 164 234 220
phone 0.0063 216 270 249 328
phone 0.0063 206 288 222 319
phone 0.0063 145 120 175 148
phone 0.0063 188 300 217 361
phone 0.0063 203 29 263 77
phone 0.0063 247 151 257 163
phone 0.0063 18 39 48 98
phone 0.0062 128 149 146 181
phone 0.0062 155 0 219 95
phone 0.0062 247 128 257 140
phone 0.0062 3 29 63 77
phone 0.0062 216 178 250 236
phone 0.0062 217 0 266 110
phone 0.0062 147 105 157 117
phone 0.0062 178 312 188 325
phone 0.0062 186 0 250 95
phone 0.0061 49 39 79 97
phone 0.0061 65 23 94 82
phone 0.0061 3 292 63 338
phone 0.0061 218 45 266 93
phone 0.0061 172 29 232 77
phone 0.0061 203 300 233 361
phone 0.0061 111 23 140 83
phone 0.0061 80 23 110 82
phone 0.0061 0 332 50 399
phone 0.0061 95 23 125 82
phone 0.0061 209 297 219 310
phone 0.0061 0 70 17 128
phone 0.0061 126 29 187 77
phone 0.0061 264 367 266 399
phone 0.0061 216 210 250 266
phone 0.0061 155 143 165 155
phone 0.0061 263 332 266 399
phone 0.0060 158 338 216 384
phone 0.0060 0 367 33 399
phone 0.0060 78 332 142 399
phone 0.0060 18 274 79 385
phone 0.0060 18 285 48 345
phone 0.0060 218 161 266 223
phone 0.0060 247 143 257 156
phone 0.0060 185 239 219 298
phone 0.0060 48 19 111 149
phone 0.0060 204 306 261 354
phone 0.0060 48 332 111 399
phone 0.0060 201 332 265 399
phone 0.0060 218 23 248 83
phone 0.0060 33 367 95 399
phone 0.0060 232 289 242 302
phone 0.0060 46 240 80 297
phone 0.0060 83 213 113 240
phone 0.0060 3 39 33 98
phone 0.0060 126 23 156 82
phone 0.0060 216 86 250 144
phone 0.0060 125 300 156 360
phone 0.0060 0 332 19 399
phone 0.0060 200 132 235 190
phone 0.0060 0 332 3 399
phone 0.0060 155 174 165 186
phone 0.0060 234 23 264 83
phone 0.0059 0 367 2 399
phone 0.0059 0 0 1 30
phone 0.0059 34 14 94 62
phone 0.0059 17 332 81 399
phone 0.0059 111 14 171 62
phone 0.0059 0 106 18 154
phone 0.0059 172 331 202 390
phone 0.0059 19 307 78 353
phone 0.0059 0 0 32 30
phone 0.0059 64 367 125 399
phone 0.0059 0 0 2 64
phone 0.0059 142 14 201 62
phone 0.0059 33 300 64 360
phone 0.0059 249 30 266 77
phone 0.0059 234 76 266 123
phone 0.0059 215 117 250 174
phone 0.0059 159 52 215 116
phone 0.0059 185 70 219 129
phone 0.0059 168 167 198 193
phone 0.0058 51 56 107 113
phone 0.0058 17 363 49 399
phone 0.0058 151 117 169 151
phone 0.0058 213 236 266 362
phone 0.0058 48 363 80 399
phone 0.0058 80 14 140 62
phone 0.0058 248 0 266 110
phone 0.0058 187 367 248 399
phone 0.0058 249 337 266 385
phone 0.0058 172 24 202 82
phone 0.0058 187 24 218 82
phone 0.0058 64 363 95 399
phone 0.0058 109 332 173 399
phone 0.0058 105 163 123 197
phone 0.0058 0 223 2 283
phone 0.0058 218 367 266 399
phone 0.0058 144 117 161 151
phone 0.0058 203 23 233 82
phone 0.0058 33 363 64 399
phone 0.0058 0 0 18 64
phone 0.0058 145 151 175 178
phone 0.0058 249 291 266 339
phone 0.0058 141 24 171 82
phone 0.0058 265 30 266 77
phone 0.0058 0 0 48 64
phone 0.0057 95 367 156 399
phone 0.0057 4 0 63 30
phone 0.0057 265 245 266 292
phone 0.0057 248 258 266 371
phone 0.0057 157 0 217 30
phone 0.0057 155 151 165 163
phone 0.0057 79 363 111 399
phone 0.0057 265 337 266 385
phone 0.0057 263 0 266 110
phone 0.0057 34 0 93 30
phone 0.0057 48 0 110 64
phone 0.0057 171 0 233 64
phone 0.0057 125 0 187 64
phone 0.0057 178 166 188 179
phone 0.0057 111 0 170 30
phone 0.0057 65 0 124 30
phone 0.0056 202 363 234 399
phone 0.0056 18 0 79 64
phone 0.0056 156 331 187 390
phone 0.0056 263 212 266 325
phone 0.0056 95 0 156 64
phone 0.0056 249 367 266 399
phone 0.0056 0 100 2 159
phone 0.0056 0 70 2 129
phone 0.0056 219 300 248 360
phone 0.0056 0 45 17 93
phone 0.0056 188 0 247 30
phone 0.0056 249 70 266 128
phone 0.0056 94 362 126 399
phone 0.0056 0 306 32 354
phone 0.0056 234 322 266 369
phone 0.0056 48 8 80 67
phone 0.0056 265 230 266 277
phone 0.0056 230 142 266 272
phone 0.0056 233 270 264 329
phone 0.0056 110 44 171 93
phone 0.0056 155 166 165 179
phone 0.0056 0 150 3 264
phone 0.0056 171 332 234 399
phone 0.0056 157 24 187 82
phone 0.0055 232 26 266 141
phone 0.0055 202 0 264 64
phone 0.0055 265 60 266 108
phone 0.0055 151 217 169 251
phone 0.0055 0 291 17 339
phone 0.0055 264 285 266 344
phone 0.0055 265 260 266 308
phone 0.0055 233 289 266 399
phone 0.0055 0 273 34 387
phone 0.0055 76 151 106 178
phone 0.0055 113 167 145 193
phone 0.0055 0 42 3 156
phone 0.0055 163 213 172 225
phone 0.0055 33 331 64 390
phone 0.0055 110 362 141 399
phone 0.0055 91 121 121 147
phone 0.0055 19 0 48 37
phone 0.0055 0 260 2 308
phone 0.0055 249 116 266 221
phone 0.0055 79 45 141 93
phone 0.0055 90 209 107 243
phone 0.0055 34 0 63 37
phone 0.0055 202 55 234 112
phone 0.0055 0 257 18 372
phone 0.0055 0 45 2 93
phone 0.0054 49 0 79 37
phone 0.0054 65 0 94 37
phone 0.0054 173 0 202 37
phone 0.0054 157 0 186 37
phone 0.0054 265 306 266 354
phone 0.0054 187 331 218 390
phone 0.0054 265 276 266 323
phone 0.0054 187 363 218 399
phone 0.0054 0 227 3 341
phone 0.0054 3 322 63 369
phone 0.0054 126 0 156 37
phone 0.0054 80 0 109 37
phone 0.0054 33 8 64 67
phone 0.0054 221 289 266 340
phone 0.0054 264 39 266 98
phone 0.0054 111 0 140 37
phone 0.0054 174 163 192 197
phone 0.0054 142 0 171 37
phone 0.0054 0 88 3 202
phone 0.0054 151 148 169 182
phone 0.0054 265 0 266 30
phone 0.0054 188 0 217 37
phone 0.0054 2 289 65 399
phone 0.0054 96 0 125 37
phone 0.0054 125 363 157 399
phone 0.0054 263 273 266 387
phone 0.0053 6 106 37 131
phone 0.0053 203 0 233 37
phone 0.0053 156 367 218 399
phone 0.0053 219 130 266 192
phone 0.0053 149 116 193 175
phone 0.0053 263 42 266 156
phone 0.0053 250 0 266 30
phone 0.0053 264 316 266 374
phone 0.0053 121 164 138 196
phone 0.0053 80 299 110 361
phone 0.0053 219 0 266 30
phone 0.0053 265 122 266 169
phone 0.0053 265 91 266 139
phone 0.0053 21 234 37 265
phone 0.0053 132 159 142 171
phone 0.0053 125 367 187 399
phone 0.0053 0 285 2 344
phone 0.0053 187 305 249 399
phone 0.0053 232 240 265 297
phone 0.0053 0 337 2 385
phone 0.0052 18 316 48 375
phone 0.0052 263 89 266 202
phone 0.0052 34 338 94 385
phone 0.0052 121 202 137 235
phone 0.0052 249 178 266 236
phone 0.0052 141 353 202 399
phone 0.0052 0 322 17 370
phone 0.0052 171 363 203 399
phone 0.0052 203 331 233 390
phone 0.0052 265 199 266 246
phone 0.0052 13 237 45 262
phone 0.0052 218 331 249 390
phone 0.0052 206 84 237 108
phone 0.0052 141 57 266 279
phone 0.0052 128 164 145 196
phone 0.0051 141 43 202 94
phone 0.0051 63 305 126 399
phone 0.0051 140 363 172 399
phone 0.0051 262 165 266 279
phone 0.0051 49 331 79 390
phone 0.0051 50 323 109 368
phone 0.0051 140 287 202 399
phone 0.0051 64 316 95 375
phone 0.0051 0 273 3 387
phone 0.0051 82 147 100 182
phone 0.0051 236 149 266 203
phone 0.0051 127 338 185 384
phone 0.0051 96 55 155 113
phone 0.0051 264 8 266 67
phone 0.0050 68 105 98 132
phone 0.0050 141 331 172 390
phone 0.0050 79 331 110 390
phone 0.0050 265 14 266 62
phone 0.0050 233 353 266 399
phone 0.0050 218 0 248 51
phone 0.0050 109 174 119 186
phone 0.0050 246 57 266 172
phone 0.0050 232 187 266 319
phone 0.0050 156 363 188 399
phone 0.0050 13 102 30 135
