phone 0.9033 171 89 232 223
phone 0.1193 294 134 399 261
phone 0.0741 163 56 274 226
phone 0.0729 167 100 218 181
phone 0.0593 120 42 229 181
phone 0.0530 98 35 301 266
phone 0.0502 131 69 232 256
phone 0.0456 210 37 315 183
phone 0.0429 99 69 177 202
phone 0.0423 176 114 268 200
phone 0.0377 269 114 385 230
phone 0.0359 204 96 313 229
phone 0.0347 166 130 218 213
phone 0.0316 98 0 249 155
phone 0.0310 26 0 131 105
phone 0.0297 176 14 284 145
phone 0.0286 179 114 343 260
phone 0.0285 114 161 231 266
phone 0.0284 235 69 342 212
phone 0.0261 100 120 177 260
phone 0.0233 323 180 399 255
phone 0.0232 75 22 202 191
phone 0.0232 147 8 378 200
phone 0.0227 74 77 157 250
phone 0.0213 302 64 399 218
phone 0.0202 160 159 293 266
phone 0.0194 0 117 94 266
phone 0.0189 61 6 160 133
phone 0.0187 183 89 231 161
phone 0.0187 82 0 198 112
phone 0.0182 124 198 274 266
phone 0.0175 64 158 159 266
phone 0.0158 66 0 133 67
phone 0.0153 127 0 218 85
phone 0.0153 165 186 196 211
phone 0.0148 96 120 165 192
phone 0.0146 186 229 271 266
phone 0.0145 199 125 245 188
phone 0.0145 128 223 209 266
phone 0.0144 172 182 189 214
phone 0.0140 68 196 131 266
phone 0.0140 168 126 247 266
phone 0.0139 295 122 365 190
phone 0.0139 277 36 374 180
phone 0.0138 14 159 123 266
phone 0.0138 53 184 116 251
phone 0.0136 43 62 114 201
phone 0.0136 342 188 379 247
phone 0.0135 0 98 58 232
phone 0.0134 360 214 399 266
phone 0.0133 176 192 185 205
phone 0.0129 172 171 204 195
phone 0.0129 180 167 196 198
phone 0.0129 8 1 90 131
phone 0.0127 155 0 259 96
phone 0.0126 187 205 333 266
phone 0.0126 82 9 148 88
phone 0.0125 223 89 284 162
phone 0.0124 293 150 367 224
phone 0.0124 362 248 399 266
phone 0.0123 203 9 234 34
phone 0.0122 82 4 116 62
phone 0.0121 183 177 193 189
phone 0.0119 95 90 166 161
phone 0.0119 97 4 132 62
phone 0.0119 278 140 352 203
phone 0.0118 232 152 335 266
phone 0.0117 137 114 216 168
phone 0.0117 109 106 182 176
phone 0.0116 96 151 164 222
phone 0.0116 74 198 205 266
phone 0.0115 210 5 227 38
phone 0.0115 343 28 399 186
phone 0.0113 217 235 300 266
phone 0.0112 106 46 185 113
phone 0.0111 313 128 347 184
phone 0.0110 184 151 230 223
phone 0.0109 326 172 365 233
phone 0.0109 102 230 175 266
phone 0.0108 98 0 162 76
phone 0.0108 334 101 399 242
phone 0.0107 0 0 59 86
phone 0.0107 112 127 148 186
phone 0.0107 240 2 348 153
phone 0.0106 282 191 368 266
phone 0.0104 42 120 127 252
phone 0.0102 35 33 134 156
phone 0.0102 139 80 214 140
phone 0.0101 214 15 224 28
phone 0.0100 0 186 69 266
phone 0.0099 107 77 183 143
phone 0.0099 210 0 297 116
phone 0.0098 0 170 26 196
phone 0.0097 93 59 167 130
phone 0.0097 67 204 101 262
phone 0.0096 29 0 193 266
phone 0.0096 80 215 150 266
phone 0.0095 41 20 127 77
phone 0.0095 0 0 39 1
phone 0.0095 237 80 270 139
phone 0.0095 108 137 182 206
phone 0.0095 160 112 192 169
phone 0.0095 298 143 332 200
phone 0.0094 67 173 101 231
phone 0.0094 223 112 284 200
phone 0.0093 200 188 276 247
phone 0.0092 237 132 300 211
phone 0.0092 312 158 348 215
phone 0.0092 285 109 345 173
phone 0.0091 206 0 270 69
phone 0.0091 49 247 80 266
phone 0.0090 175 55 240 134
phone 0.0090 113 157 147 216
phone 0.0090 11 69 85 196
phone 0.0090 243 159 325 215
phone 0.0090 28 207 110 259
phone 0.0089 95 183 165 252
phone 0.0089 98 204 131 261
phone 0.0089 200 81 275 139
phone 0.0088 113 97 147 154
phone 0.0088 68 167 131 237
phone 0.0088 0 263 41 266
phone 0.0088 252 95 286 155
phone 0.0088 17 219 90 266
phone 0.0088 56 244 73 266
phone 0.0088 15 188 92 247
phone 0.0088 205 5 239 61
phone 0.0087 110 169 181 235
phone 0.0087 118 33 204 95
phone 0.0087 116 0 175 50
phone 0.0087 0 31 66 157
phone 0.0086 343 233 399 266
phone 0.0086 163 258 238 266
phone 0.0086 34 0 103 67
phone 0.0086 163 152 221 252
phone 0.0086 30 34 107 94
phone 0.0086 88 216 118 242
phone 0.0085 315 104 376 177
phone 0.0085 119 67 203 122
phone 0.0084 126 250 197 266
phone 0.0084 159 82 193 138
phone 0.0084 67 5 101 61
phone 0.0083 251 248 326 266
phone 0.0083 68 252 131 266
phone 0.0083 86 0 144 50
phone 0.0082 220 29 287 98
phone 0.0082 3 178 34 203
phone 0.0082 48 80 121 140
phone 0.0082 183 169 193 182
phone 0.0082 227 147 257 173
phone 0.0081 140 187 213 248
phone 0.0081 50 157 118 216
phone 0.0081 6 0 39 47
phone 0.0081 174 181 241 254
phone 0.0081 375 234 399 266
phone 0.0081 127 112 163 169
phone 0.0081 177 0 238 50
phone 0.0081 134 257 206 266
phone 0.0081 358 190 394 246
phone 0.0080 6 177 16 189
phone 0.0080 64 244 81 266
phone 0.0080 263 122 335 190
phone 0.0080 88 171 119 195
phone 0.0080 221 190 254 245
phone 0.0079 202 250 274 266
phone 0.0079 244 189 324 246
phone 0.0079 52 190 85 245
phone 0.0079 95 212 112 246
phone 0.0079 10 174 27 207
phone 0.0079 32 65 106 124
phone 0.0078 79 106 151 175
phone 0.0078 240 98 298 183
phone 0.0078 172 250 243 266
phone 0.0078 65 27 134 101
phone 0.0078 160 42 224 116
phone 0.0078 221 4 255 62
phone 0.0078 297 234 364 266
phone 0.0078 60 254 70 266
phone 0.0078 227 162 257 188
phone 0.0078 128 51 163 107
phone 0.0077 82 134 148 208
phone 0.0077 245 217 324 266
phone 0.0077 237 165 301 239
phone 0.0077 261 234 338 266
phone 0.0077 193 260 269 266
phone 0.0076 3 174 20 207
phone 0.0076 95 167 112 199
phone 0.0076 103 167 119 199
phone 0.0076 51 232 118 266
phone 0.0076 195 161 281 213
phone 0.0076 0 49 61 109
phone 0.0076 48 128 120 184
phone 0.0075 170 215 244 266
phone 0.0075 345 92 399 159
phone 0.0075 6 158 39 216
phone 0.0075 96 249 165 266
phone 0.0075 316 25 376 72
phone 0.0075 313 189 347 246
phone 0.0075 185 50 260 109
phone 0.0074 84 249 115 266
phone 0.0074 8 237 68 266
phone 0.0074 313 0 379 106
phone 0.0074 188 148 288 196
phone 0.0074 46 49 123 110
phone 0.0074 79 74 151 145
phone 0.0074 240 84 297 136
phone 0.0074 113 189 147 246
phone 0.0074 80 41 149 118
phone 0.0073 282 165 348 239
phone 0.0073 0 142 51 201
phone 0.0073 38 233 69 266
phone 0.0073 251 141 286 201
phone 0.0073 268 81 300 138
phone 0.0073 233 143 251 177
phone 0.0073 233 197 304 266
phone 0.0072 23 83 84 136
phone 0.0072 128 82 163 138
phone 0.0072 51 20 85 76
phone 0.0072 221 66 254 123
phone 0.0072 145 250 177 266
phone 0.0072 159 189 193 245
phone 0.0072 330 19 361 77
phone 0.0072 0 0 173 162
phone 0.0072 68 254 77 266
phone 0.0072 9 0 67 53
phone 0.0071 306 219 386 266
phone 0.0071 106 177 116 189
phone 0.0071 267 159 301 215
phone 0.0071 18 174 35 207
phone 0.0071 36 205 70 261
phone 0.0071 190 5 224 61
phone 0.0071 127 4 164 62
phone 0.0071 47 111 233 266
phone 0.0071 112 66 147 123
phone 0.0071 99 177 108 189
phone 0.0071 355 120 399 192
phone 0.0071 56 256 89 266
phone 0.0071 361 73 399 147
phone 0.0070 236 35 270 93
phone 0.0070 348 168 399 236
phone 0.0070 190 50 224 108
phone 0.0070 8 131 68 181
phone 0.0070 224 262 302 266
phone 0.0070 53 80 85 139
phone 0.0070 102 259 177 266
phone 0.0070 243 0 399 231
phone 0.0070 233 158 251 192
phone 0.0069 128 174 163 231
phone 0.0069 331 40 391 88
phone 0.0069 203 185 234 212
phone 0.0069 14 184 23 197
phone 0.0069 56 0 113 49
phone 0.0069 95 179 127 203
phone 0.0069 67 81 100 138
phone 0.0069 98 235 131 266
phone 0.0069 68 261 77 266
phone 0.0069 226 64 281 124
phone 0.0068 221 35 254 92
phone 0.0068 300 9 361 57
phone 0.0068 331 9 391 57
phone 0.0068 187 115 288 167
phone 0.0068 255 36 313 91
phone 0.0068 37 140 101 203
phone 0.0068 127 143 163 199
phone 0.0068 99 223 108 235
phone 0.0068 101 0 160 29
phone 0.0068 113 220 147 266
phone 0.0068 238 15 300 81
phone 0.0068 3 65 73 124
phone 0.0067 6 184 16 197
phone 0.0067 221 250 254 266
phone 0.0067 22 127 54 185
phone 0.0067 270 9 329 57
phone 0.0067 154 232 230 266
phone 0.0067 97 34 132 93
phone 0.0067 283 0 347 90
phone 0.0067 82 219 116 266
phone 0.0067 235 125 271 187
phone 0.0067 347 254 399 266
phone 0.0067 0 170 44 234
phone 0.0067 210 182 227 215
phone 0.0067 64 92 135 159
phone 0.0066 0 31 44 96
phone 0.0066 285 0 345 41
phone 0.0066 346 34 377 92
phone 0.0066 174 64 210 125
phone 0.0066 23 233 53 266
phone 0.0066 190 188 224 247
phone 0.0066 226 2 257 26
phone 0.0066 6 219 39 266
phone 0.0066 138 145 215 198
phone 0.0066 49 245 66 266
phone 0.0066 82 35 116 92
phone 0.0066 87 212 104 246
phone 0.0065 316 0 376 41
phone 0.0065 343 111 378 170
phone 0.0065 36 174 70 230
phone 0.0065 346 3 376 62
phone 0.0065 144 67 178 122
phone 0.0065 98 142 132 201
phone 0.0065 285 253 344 266
phone 0.0065 8 146 68 227
phone 0.0065 144 220 178 266
phone 0.0065 109 97 212 214
phone 0.0065 122 98 200 153
phone 0.0065 64 60 136 129
phone 0.0065 315 3 346 62
phone 0.0065 22 0 54 31
phone 0.0064 251 172 286 232
phone 0.0064 38 79 69 140
phone 0.0064 300 3 330 62
phone 0.0064 237 250 269 266
phone 0.0064 284 4 315 62
phone 0.0064 255 0 314 42
phone 0.0064 142 123 172 150
phone 0.0064 68 111 100 169
phone 0.0064 267 236 301 266
phone 0.0064 106 184 116 197
phone 0.0064 165 116 195 142
phone 0.0064 174 35 209 92
phone 0.0064 237 154 247 166
phone 0.0064 252 250 285 266
phone 0.0064 172 167 188 199
phone 0.0064 52 50 85 107
phone 0.0064 161 0 222 11
phone 0.0064 21 204 55 261
phone 0.0063 190 235 224 266
phone 0.0063 69 249 99 266
phone 0.0063 22 117 84 164
phone 0.0063 267 189 301 245
phone 0.0063 98 112 132 169
phone 0.0063 282 235 316 266
phone 0.0063 282 128 316 184
phone 0.0063 298 173 332 231
phone 0.0063 218 137 291 266
phone 0.0062 22 184 31 197
phone 0.0062 300 0 360 26
phone 0.0062 313 220 347 266
phone 0.0062 38 111 69 170
phone 0.0062 376 263 399 266
phone 0.0062 348 64 399 125
phone 0.0062 331 77 391 142
phone 0.0062 331 0 361 47
phone 0.0062 267 128 301 184
phone 0.0062 218 181 235 215
phone 0.0062 363 48 399 111
phone 0.0062 130 0 193 28
phone 0.0062 160 0 224 29
phone 0.0062 222 0 285 29
phone 0.0062 344 220 378 266
phone 0.0061 191 0 254 29
phone 0.0061 24 0 83 29
phone 0.0061 205 189 239 246
phone 0.0061 205 51 239 107
phone 0.0061 128 204 163 262
phone 0.0061 160 250 193 266
phone 0.0061 221 159 254 214
phone 0.0061 233 0 251 30
phone 0.0061 57 231 88 258
phone 0.0061 143 37 178 91
phone 0.0061 196 47 226 73
phone 0.0061 240 53 298 105
phone 0.0061 269 0 300 46
phone 0.0061 67 51 101 107
phone 0.0061 237 169 247 182
phone 0.0061 177 0 207 16
phone 0.0061 268 0 331 29
phone 0.0061 145 0 208 44
phone 0.0061 285 0 345 11
phone 0.0061 252 34 285 93
phone 0.0061 227 131 257 157
phone 0.0060 128 235 162 266
phone 0.0060 339 156 382 218
phone 0.0060 159 52 193 107
phone 0.0060 361 8 399 58
phone 0.0060 5 20 39 77
phone 0.0060 185 172 260 232
phone 0.0060 254 0 314 11
phone 0.0060 269 59 331 190
phone 0.0060 142 146 172 174
phone 0.0060 111 175 127 207
phone 0.0060 20 4 55 62
phone 0.0060 205 236 239 266
phone 0.0060 111 19 149 78
phone 0.0060 5 189 39 246
phone 0.0060 300 0 330 31
phone 0.0060 345 0 399 89
phone 0.0059 175 177 185 189
phone 0.0059 236 4 270 62
phone 0.0059 172 155 204 180
phone 0.0059 68 0 131 29
phone 0.0059 316 0 345 31
phone 0.0059 329 205 362 261
phone 0.0059 148 119 166 154
phone 0.0059 111 224 142 250
phone 0.0059 98 81 132 138
phone 0.0059 52 254 62 266
phone 0.0059 300 249 330 266
phone 0.0059 192 0 253 11
phone 0.0059 251 220 285 266
phone 0.0059 8 0 68 11
phone 0.0059 36 0 70 47
phone 0.0059 162 0 192 16
phone 0.0059 98 173 132 231
phone 0.0059 180 151 196 184
phone 0.0058 331 0 391 26
phone 0.0058 374 96 399 154
phone 0.0058 83 142 116 200
phone 0.0058 316 0 376 11
phone 0.0058 7 127 39 184
phone 0.0058 160 158 192 215
phone 0.0058 173 47 203 73
phone 0.0058 21 157 55 216
phone 0.0058 285 0 315 16
phone 0.0058 54 265 84 266
phone 0.0058 0 0 36 12
phone 0.0058 253 0 285 46
phone 0.0057 131 0 192 11
phone 0.0057 272 97 327 154
phone 0.0057 165 163 196 188
phone 0.0057 224 0 283 11
phone 0.0057 192 0 223 16
phone 0.0057 82 112 116 169
phone 0.0057 237 146 247 158
phone 0.0057 270 0 299 16
phone 0.0057 227 185 257 211
phone 0.0057 172 112 189 146
phone 0.0057 361 0 399 27
phone 0.0057 376 33 399 94
phone 0.0057 214 192 224 204
phone 0.0057 235 155 271 218
phone 0.0057 202 43 220 77
phone 0.0057 36 51 70 107
phone 0.0057 237 161 247 174
phone 0.0057 361 34 392 93
phone 0.0057 91 223 100 235
phone 0.0057 269 49 299 109
phone 0.0056 38 99 100 151
phone 0.0056 220 220 255 266
phone 0.0056 0 65 23 124
phone 0.0056 208 0 238 16
phone 0.0056 36 20 70 77
phone 0.0056 173 169 211 235
phone 0.0056 174 4 209 61
phone 0.0056 361 0 399 11
phone 0.0056 142 161 172 189
phone 0.0056 237 8 247 20
phone 0.0056 346 0 376 31
phone 0.0056 96 223 126 250
phone 0.0056 53 110 85 171
phone 0.0056 64 227 81 262
phone 0.0056 21 35 55 92
phone 0.0056 254 0 284 16
phone 0.0056 316 249 345 266
phone 0.0056 39 0 69 16
phone 0.0056 39 0 99 11
phone 0.0055 157 2 188 26
phone 0.0055 376 2 399 63
phone 0.0055 84 0 146 11
phone 0.0055 148 142 166 177
phone 0.0055 179 43 197 76
phone 0.0055 331 0 361 16
phone 0.0055 204 154 234 181
phone 0.0055 0 219 23 266
phone 0.0055 0 85 52 134
phone 0.0055 142 185 172 212
phone 0.0055 223 0 253 16
phone 0.0055 234 117 265 141
phone 0.0055 0 0 23 16
phone 0.0055 23 79 53 140
phone 0.0055 201 96 243 155
phone 0.0055 146 0 176 15
phone 0.0054 239 0 269 16
phone 0.0054 82 81 116 139
phone 0.0054 118 220 135 254
phone 0.0054 131 0 161 15
phone 0.0054 175 235 208 266
phone 0.0054 0 0 23 1
phone 0.0054 114 184 123 197
phone 0.0054 299 15 363 142
phone 0.0054 241 64 273 87
phone 0.0053 233 127 251 162
phone 0.0053 317 65 374 123
phone 0.0053 0 127 23 185
phone 0.0053 269 71 330 118
phone 0.0053 362 265 392 266
phone 0.0053 346 265 376 266
phone 0.0053 100 0 130 15
phone 0.0053 249 60 265 91
phone 0.0053 54 0 84 16
phone 0.0053 99 184 108 197
phone 0.0053 161 0 192 1
phone 0.0053 115 0 146 15
phone 0.0053 176 0 208 1
phone 0.0053 19 177 49 204
phone 0.0053 238 0 269 1
phone 0.0053 223 0 254 1
phone 0.0053 0 4 24 62
phone 0.0053 146 0 177 1
phone 0.0053 298 220 332 266
phone 0.0053 210 152 227 183
phone 0.0053 364 262 399 266
phone 0.0053 301 37 360 90
phone 0.0052 251 0 319 113
phone 0.0052 282 159 316 215
phone 0.0052 60 261 70 266
phone 0.0052 164 0 181 30
phone 0.0052 284 81 315 138
phone 0.0052 207 0 238 1
phone 0.0052 180 147 211 173
phone 0.0052 223 264 253 266
phone 0.0052 376 0 399 17
phone 0.0052 183 161 193 174
phone 0.0052 85 0 115 16
phone 0.0052 372 125 399 149
phone 0.0052 72 87 104 110
phone 0.0052 192 0 223 1
phone 0.0052 330 49 362 108
phone 0.0052 252 69 262 82
phone 0.0052 148 158 166 193
phone 0.0052 222 192 231 204
phone 0.0052 69 0 99 16
phone 0.0052 373 128 399 184
phone 0.0051 218 5 235 38
phone 0.0051 314 49 347 108
phone 0.0051 239 264 268 266
phone 0.0051 130 0 162 1
phone 0.0051 208 264 238 266
phone 0.0051 80 83 96 114
phone 0.0051 110 220 128 254
phone 0.0051 253 0 285 1
phone 0.0051 115 0 146 1
phone 0.0051 23 0 54 1
phone 0.0051 241 113 258 145
phone 0.0051 233 181 251 215
phone 0.0051 180 131 211 158
phone 0.0051 99 0 131 1
phone 0.0051 102 220 120 254
phone 0.0051 187 144 204 176
phone 0.0051 38 0 69 1
phone 0.0051 284 0 315 1
phone 0.0051 144 189 178 246
phone 0.0051 195 43 212 77
phone 0.0051 99 231 108 243
phone 0.0051 84 0 115 1
phone 0.0051 204 131 233 158
phone 0.0051 296 146 326 173
phone 0.0051 300 0 331 1
phone 0.0051 148 181 166 216
phone 0.0051 144 97 178 153
phone 0.0051 0 251 64 266
phone 0.0051 53 0 85 1
phone 0.0051 269 0 300 1
phone 0.0051 8 79 38 140
phone 0.0050 315 0 346 1
phone 0.0050 142 4 179 62
phone 0.0050 69 0 100 1
phone 0.0050 236 220 270 266
phone 0.0050 147 264 176 266
phone 0.0050 176 123 185 135
phone 0.0050 227 201 257 227
phone 0.0050 159 221 193 266
