phone 0.7353 83 46 208 220
phone 0.0562 127 41 328 228
phone 0.0552 103 62 188 159
phone 0.0358 124 88 228 224
phone 0.0355 243 87 340 243
phone 0.0340 116 40 236 179
phone 0.0338 56 56 272 257
phone 0.0329 101 96 191 246
phone 0.0298 59 80 175 233
phone 0.0287 92 93 169 189
phone 0.0275 137 127 260 250
phone 0.0270 161 17 253 171
phone 0.0267 215 13 367 198
phone 0.0248 291 135 357 255
phone 0.0214 217 127 310 255
phone 0.0188 137 117 215 195
phone 0.0184 36 69 132 212
phone 0.0180 86 0 175 166
phone 0.0180 111 129 180 215
phone 0.0177 273 63 373 211
phone 0.0174 119 0 203 140
phone 0.0168 106 91 154 160
phone 0.0163 120 75 171 145
phone 0.0162 48 125 151 248
phone 0.0162 314 95 396 239
phone 0.0158 90 0 309 177
phone 0.0156 25 34 113 185
phone 0.0148 172 54 242 136
phone 0.0147 187 31 289 158
phone 0.0144 59 141 140 202
phone 0.0143 133 69 220 151
phone 0.0141 5 57 93 209
phone 0.0140 150 104 233 178
phone 0.0139 72 120 157 192
phone 0.0138 172 75 273 206
phone 0.0135 47 121 121 192
phone 0.0132 357 183 399 266
phone 0.0129 77 68 153 152
phone 0.0127 157 36 226 122
phone 0.0125 5 17 93 128
phone 0.0123 26 107 113 235
phone 0.0121 172 118 242 194
phone 0.0120 184 107 291 235
phone 0.0119 236 29 332 159
phone 0.0118 112 33 180 126
phone 0.0115 346 119 399 255
phone 0.0115 109 138 213 266
phone 0.0113 96 148 165 226
phone 0.0111 33 104 104 177
phone 0.0109 137 92 185 159
phone 0.0108 324 40 399 179
phone 0.0108 191 153 285 266
phone 0.0107 223 0 314 131
phone 0.0107 111 141 149 201
phone 0.0106 128 26 194 101
phone 0.0106 140 64 182 126
phone 0.0105 149 143 235 200
phone 0.0104 20 89 87 161
phone 0.0104 46 21 153 167
phone 0.0104 205 63 302 187
phone 0.0103 46 89 122 162
phone 0.0103 47 154 121 219
phone 0.0103 126 141 165 202
phone 0.0102 144 171 240 266
phone 0.0102 82 144 116 199
phone 0.0101 156 126 196 186
phone 0.0101 199 65 277 124
phone 0.0101 320 155 399 266
phone 0.0100 58 105 140 177
phone 0.0100 191 136 255 207
phone 0.0100 33 138 104 205
phone 0.0098 67 143 101 200
phone 0.0098 172 28 242 100
phone 0.0097 184 110 261 171
phone 0.0097 0 0 39 0
phone 0.0096 138 154 214 220
phone 0.0096 0 263 40 266
phone 0.0096 61 173 138 232
phone 0.0096 197 0 280 116
phone 0.0095 74 171 156 266
phone 0.0094 161 9 223 88
phone 0.0093 242 152 327 266
phone 0.0093 18 125 89 187
phone 0.0093 97 144 132 199
phone 0.0093 356 152 399 222
phone 0.0092 36 53 101 137
phone 0.0092 0 8 53 137
phone 0.0091 11 132 79 258
phone 0.0090 34 174 104 230
phone 0.0090 330 75 393 145
phone 0.0089 340 170 399 235
phone 0.0088 376 218 399 266
phone 0.0088 235 46 302 112
phone 0.0088 112 165 179 239
phone 0.0088 188 64 226 125
phone 0.0088 357 105 399 176
phone 0.0087 174 128 209 184
phone 0.0087 36 96 70 154
phone 0.0086 247 65 321 124
phone 0.0086 36 0 120 116
phone 0.0086 189 127 225 185
phone 0.0086 201 171 275 233
phone 0.0085 360 72 399 148
phone 0.0084 265 154 334 219
phone 0.0084 205 142 239 201
phone 0.0084 184 46 261 112
phone 0.0084 223 0 285 78
phone 0.0084 123 203 199 263
phone 0.0083 51 112 86 170
phone 0.0083 250 92 318 159
phone 0.0083 279 28 352 161
phone 0.0083 73 0 154 100
phone 0.0083 52 157 85 216
phone 0.0082 50 190 119 245
phone 0.0082 201 202 275 263
phone 0.0082 339 138 399 204
phone 0.0081 182 77 263 143
phone 0.0081 264 124 335 188
phone 0.0080 121 107 170 175
phone 0.0080 221 66 255 122
phone 0.0080 238 0 269 46
phone 0.0080 88 77 119 104
phone 0.0079 344 81 378 139
phone 0.0079 66 112 102 169
phone 0.0079 143 35 179 93
phone 0.0079 20 161 87 212
phone 0.0079 83 189 116 246
phone 0.0079 37 127 69 185
phone 0.0079 109 64 151 125
phone 0.0078 68 207 131 259
phone 0.0078 67 173 100 231
phone 0.0078 328 205 395 261
phone 0.0078 196 128 280 184
phone 0.0078 134 62 165 88
phone 0.0077 216 94 291 156
phone 0.0077 250 187 318 248
phone 0.0077 347 222 399 266
phone 0.0077 174 19 209 78
phone 0.0077 374 189 399 246
phone 0.0077 174 159 208 214
phone 0.0077 114 222 177 266
phone 0.0076 236 200 302 265
phone 0.0076 239 0 299 43
phone 0.0076 237 74 301 145
phone 0.0076 170 153 244 221
phone 0.0075 95 74 112 107
phone 0.0075 94 203 167 262
phone 0.0075 252 65 285 124
phone 0.0075 172 49 211 109
phone 0.0075 20 0 203 194
phone 0.0075 93 94 136 156
phone 0.0075 187 95 226 156
phone 0.0074 170 202 245 264
phone 0.0074 280 140 350 203
phone 0.0074 222 0 254 46
phone 0.0074 205 112 239 169
phone 0.0074 159 159 193 215
phone 0.0074 5 99 72 152
phone 0.0074 249 138 320 205
phone 0.0074 98 174 131 230
phone 0.0074 250 33 318 95
phone 0.0073 285 63 345 126
phone 0.0073 278 110 352 172
phone 0.0073 330 55 392 103
phone 0.0073 264 78 335 142
phone 0.0073 311 155 381 218
phone 0.0073 298 81 331 138
phone 0.0072 215 186 292 250
phone 0.0072 267 66 301 123
phone 0.0072 252 4 285 62
phone 0.0072 189 35 225 92
phone 0.0072 82 36 148 122
phone 0.0072 267 96 301 154
phone 0.0072 139 125 183 187
phone 0.0072 141 58 158 92
phone 0.0072 234 122 304 190
phone 0.0071 128 34 163 93
phone 0.0071 137 187 216 248
phone 0.0071 128 173 162 231
phone 0.0070 300 75 361 145
phone 0.0070 252 0 317 77
phone 0.0070 284 191 346 266
phone 0.0070 146 0 208 42
phone 0.0070 314 20 378 137
phone 0.0070 154 95 198 156
phone 0.0070 346 50 377 108
phone 0.0070 221 174 255 230
phone 0.0070 50 65 87 124
phone 0.0070 282 158 316 215
phone 0.0069 38 157 69 217
phone 0.0069 300 209 361 256
phone 0.0069 235 151 303 222
phone 0.0069 300 203 330 262
phone 0.0069 374 143 399 199
phone 0.0069 344 188 377 246
phone 0.0069 160 220 224 266
phone 0.0068 0 0 41 32
phone 0.0068 22 95 54 155
phone 0.0068 99 203 131 262
phone 0.0068 144 204 177 261
phone 0.0068 301 176 360 228
phone 0.0068 294 123 366 189
phone 0.0068 330 50 361 108
phone 0.0068 221 204 254 261
phone 0.0068 331 25 392 72
phone 0.0068 315 192 377 266
phone 0.0068 130 218 161 266
phone 0.0068 269 0 300 46
phone 0.0067 186 184 259 251
phone 0.0067 192 4 254 62
phone 0.0067 282 127 316 184
phone 0.0067 315 203 346 262
phone 0.0067 330 0 393 105
phone 0.0067 36 64 70 124
phone 0.0067 190 220 255 266
phone 0.0066 223 0 284 26
phone 0.0066 171 80 212 140
phone 0.0066 161 0 192 46
phone 0.0066 176 0 239 78
phone 0.0066 236 204 270 261
phone 0.0066 374 97 399 154
phone 0.0066 176 0 208 46
phone 0.0066 329 80 362 139
phone 0.0066 270 46 329 112
phone 0.0066 236 97 270 153
phone 0.0066 311 106 381 176
phone 0.0065 271 224 328 266
phone 0.0065 0 95 48 236
phone 0.0065 345 21 399 137
phone 0.0065 142 100 172 127
phone 0.0065 331 218 361 266
phone 0.0065 221 19 254 77
phone 0.0065 175 204 208 261
phone 0.0065 280 125 312 149
phone 0.0065 156 65 196 124
phone 0.0065 256 141 289 164
phone 0.0065 267 174 301 230
phone 0.0065 346 18 376 78
phone 0.0065 245 0 348 109
phone 0.0065 24 50 83 108
phone 0.0065 363 50 399 108
phone 0.0065 102 26 159 102
phone 0.0065 39 210 99 256
phone 0.0065 99 84 108 97
phone 0.0065 143 159 179 215
phone 0.0064 288 121 304 153
phone 0.0064 316 9 376 57
phone 0.0064 221 144 255 199
phone 0.0064 130 0 192 75
phone 0.0064 315 40 376 87
phone 0.0064 265 137 280 168
phone 0.0064 23 194 84 241
phone 0.0064 54 203 84 263
phone 0.0064 301 54 360 105
phone 0.0064 285 218 315 266
phone 0.0064 254 0 314 26
phone 0.0064 267 127 301 185
phone 0.0064 115 0 176 42
phone 0.0064 131 0 191 26
phone 0.0064 344 158 378 216
phone 0.0064 313 81 347 139
phone 0.0063 158 35 194 93
phone 0.0063 164 88 360 266
phone 0.0063 7 147 69 195
phone 0.0063 114 204 147 262
phone 0.0063 239 0 299 11
phone 0.0063 38 187 69 247
phone 0.0063 191 0 223 46
phone 0.0063 37 158 100 266
phone 0.0063 331 18 361 78
phone 0.0063 190 158 224 215
phone 0.0063 268 146 277 159
phone 0.0063 23 141 53 201
phone 0.0063 204 51 240 107
phone 0.0063 300 0 361 41
phone 0.0063 299 0 362 89
phone 0.0062 208 0 268 11
phone 0.0062 252 96 285 154
phone 0.0062 217 138 290 204
phone 0.0062 315 172 346 232
phone 0.0062 161 0 222 26
phone 0.0062 270 0 329 41
phone 0.0062 298 158 331 215
phone 0.0062 282 81 316 138
phone 0.0062 54 225 114 266
phone 0.0062 270 0 330 11
phone 0.0062 69 218 99 266
phone 0.0062 285 0 345 26
phone 0.0062 207 0 239 46
phone 0.0062 53 24 115 73
phone 0.0062 146 0 176 47
phone 0.0062 80 113 118 169
phone 0.0062 145 69 154 81
phone 0.0061 315 50 346 108
phone 0.0061 162 0 222 11
phone 0.0061 236 66 270 123
phone 0.0061 39 36 99 91
phone 0.0061 61 57 138 132
phone 0.0061 329 158 362 216
phone 0.0061 318 65 374 124
phone 0.0061 148 97 166 131
phone 0.0061 190 204 224 261
phone 0.0061 252 127 285 185
phone 0.0061 284 0 346 59
phone 0.0061 99 0 162 74
phone 0.0061 100 0 160 26
phone 0.0061 222 218 285 266
phone 0.0061 192 0 253 26
phone 0.0061 66 50 102 108
phone 0.0061 113 173 147 231
phone 0.0061 254 0 284 31
phone 0.0061 298 112 332 169
phone 0.0061 159 205 193 261
phone 0.0061 85 0 145 42
phone 0.0061 66 82 102 138
phone 0.0061 331 0 391 41
phone 0.0061 131 0 161 47
phone 0.0060 316 3 346 62
phone 0.0060 220 98 255 153
phone 0.0060 291 130 300 143
phone 0.0060 285 0 315 31
phone 0.0060 361 254 399 266
phone 0.0060 39 9 99 57
phone 0.0060 54 0 114 42
phone 0.0060 269 0 299 16
phone 0.0060 374 64 399 124
phone 0.0060 239 0 269 16
phone 0.0060 362 239 399 266
phone 0.0060 38 34 69 93
phone 0.0060 131 0 191 11
phone 0.0059 204 82 240 137
phone 0.0059 7 179 69 225
phone 0.0059 236 127 270 185
phone 0.0059 205 173 239 231
phone 0.0059 362 0 399 89
phone 0.0059 69 9 130 57
phone 0.0059 223 0 253 16
phone 0.0059 100 0 160 11
phone 0.0059 284 3 315 62
phone 0.0059 7 40 69 88
phone 0.0059 23 24 84 72
phone 0.0059 300 0 330 46
phone 0.0059 116 0 145 47
phone 0.0059 346 40 399 87
phone 0.0059 0 234 40 266
phone 0.0058 208 0 238 16
phone 0.0058 70 0 130 26
phone 0.0058 69 19 100 77
phone 0.0058 346 10 399 56
phone 0.0058 0 69 54 181
phone 0.0058 177 0 207 16
phone 0.0058 39 255 99 266
phone 0.0058 300 0 360 11
phone 0.0058 296 121 311 152
phone 0.0058 118 19 174 78
phone 0.0058 22 237 85 266
phone 0.0058 251 158 285 216
phone 0.0058 24 0 83 42
phone 0.0058 70 0 130 11
phone 0.0058 331 0 361 47
phone 0.0058 316 0 376 26
phone 0.0058 346 0 376 47
phone 0.0058 193 0 222 16
phone 0.0058 54 19 84 77
phone 0.0058 205 204 239 261
phone 0.0058 23 172 53 232
phone 0.0058 7 0 70 29
phone 0.0058 100 0 130 47
phone 0.0057 162 0 192 16
phone 0.0057 0 0 40 77
phone 0.0057 236 18 270 78
phone 0.0057 85 0 115 47
phone 0.0057 39 0 99 26
phone 0.0057 70 0 99 47
phone 0.0057 331 0 391 11
phone 0.0057 39 0 99 11
phone 0.0057 316 0 345 31
phone 0.0057 316 241 375 266
phone 0.0057 285 240 345 266
phone 0.0057 68 237 131 266
phone 0.0057 100 234 130 266
phone 0.0057 300 0 330 16
phone 0.0057 7 69 70 120
phone 0.0057 146 0 176 16
phone 0.0057 8 225 68 266
phone 0.0057 54 0 84 47
phone 0.0057 7 253 69 266
phone 0.0056 9 35 68 153
phone 0.0056 8 0 68 11
phone 0.0056 313 127 347 184
phone 0.0056 376 33 399 94
phone 0.0056 131 0 161 16
phone 0.0056 361 0 399 11
phone 0.0056 8 9 68 57
phone 0.0056 116 0 145 16
phone 0.0056 361 0 399 27
phone 0.0056 0 118 54 164
phone 0.0056 39 264 69 266
phone 0.0056 299 50 331 107
phone 0.0056 54 264 84 266
phone 0.0056 100 0 130 16
phone 0.0056 23 34 53 93
phone 0.0056 23 264 53 266
phone 0.0056 344 127 378 184
phone 0.0056 54 249 84 266
phone 0.0056 255 255 314 266
phone 0.0055 328 127 362 185
phone 0.0055 299 130 308 143
phone 0.0055 285 256 345 266
phone 0.0055 0 0 36 11
phone 0.0055 39 0 68 47
phone 0.0055 364 262 399 266
phone 0.0055 85 0 115 16
phone 0.0055 376 249 399 266
phone 0.0055 69 264 99 266
phone 0.0055 7 96 38 154
phone 0.0055 39 234 69 266
phone 0.0055 284 34 316 93
phone 0.0055 85 264 115 266
phone 0.0055 300 234 330 266
phone 0.0055 346 0 376 16
phone 0.0055 331 0 361 16
phone 0.0055 150 131 180 158
phone 0.0055 69 0 99 16
phone 0.0055 0 0 23 1
phone 0.0055 376 2 399 63
phone 0.0055 100 264 130 266
phone 0.0054 69 249 99 266
phone 0.0054 23 64 53 124
phone 0.0054 205 20 239 76
phone 0.0054 0 55 54 103
phone 0.0054 54 0 84 16
phone 0.0054 0 25 53 72
phone 0.0054 238 237 300 266
phone 0.0054 349 61 399 212
phone 0.0054 68 253 131 266
phone 0.0054 376 264 399 266
phone 0.0054 0 264 22 266
phone 0.0054 0 0 22 47
phone 0.0054 286 24 344 73
phone 0.0054 23 218 53 266
phone 0.0054 0 0 22 16
phone 0.0054 269 249 299 266
phone 0.0054 24 0 53 47
phone 0.0054 295 125 327 148
phone 0.0054 99 238 162 266
phone 0.0054 264 133 296 156
phone 0.0054 84 19 115 77
phone 0.0054 39 0 69 16
phone 0.0054 303 122 319 152
phone 0.0054 362 0 392 47
phone 0.0054 176 238 239 266
phone 0.0053 315 249 346 266
phone 0.0053 23 0 53 16
phone 0.0053 272 129 288 160
phone 0.0053 236 174 270 230
phone 0.0053 115 253 177 266
phone 0.0053 0 87 54 133
phone 0.0053 306 130 316 143
phone 0.0053 0 39 36 88
phone 0.0053 270 218 299 266
phone 0.0053 0 18 22 78
phone 0.0053 145 238 208 266
phone 0.0053 285 249 315 266
phone 0.0052 0 255 36 266
phone 0.0052 8 65 38 123
phone 0.0052 300 19 330 77
phone 0.0052 96 50 133 108
phone 0.0052 207 253 269 266
phone 0.0052 23 249 53 266
phone 0.0052 0 188 41 266
phone 0.0052 376 0 399 17
phone 0.0052 207 238 270 266
phone 0.0052 315 264 346 266
phone 0.0052 115 264 146 266
phone 0.0052 145 253 208 266
phone 0.0052 253 0 284 1
phone 0.0052 152 108 162 120
phone 0.0052 238 0 269 1
phone 0.0052 0 29 168 266
phone 0.0052 85 249 115 266
phone 0.0052 207 0 238 1
phone 0.0052 300 265 330 266
phone 0.0052 223 0 254 1
phone 0.0052 269 0 300 1
phone 0.0052 280 129 296 160
phone 0.0052 7 126 38 185
phone 0.0052 330 253 392 266
phone 0.0052 267 20 301 77
phone 0.0052 192 0 223 1
phone 0.0052 331 264 361 266
phone 0.0051 268 138 277 151
phone 0.0051 177 0 208 1
phone 0.0051 87 74 105 108
phone 0.0051 0 249 23 266
phone 0.0051 284 0 315 1
phone 0.0051 161 0 192 1
phone 0.0051 310 118 343 141
phone 0.0051 84 223 146 266
phone 0.0051 283 138 293 151
phone 0.0051 176 253 239 266
phone 0.0051 8 265 38 266
phone 0.0051 81 50 117 108
phone 0.0051 156 127 174 162
phone 0.0051 146 0 177 1
phone 0.0051 276 138 285 151
phone 0.0051 319 114 334 145
phone 0.0050 130 0 161 1
phone 0.0050 300 0 331 1
phone 0.0050 115 0 146 1
phone 0.0050 100 0 131 1
phone 0.0050 84 0 115 1
phone 0.0050 315 0 346 1
phone 0.0050 131 264 161 266
