phone 0.8716 124 276 244 349
phone 0.1612 108 236 226 363
phone 0.1467 155 275 211 355
phone 0.0873 103 287 200 343
phone 0.0557 123 290 211 372
phone 0.0485 166 279 319 399
phone 0.0422 134 285 170 345
phone 0.0397 44 236 288 399
phone 0.0395 137 247 283 360
phone 0.0381 1 274 139 399
phone 0.0373 74 201 190 336
phone 0.0367 73 270 203 367
phone 0.0348 87 114 242 295
phone 0.0332 73 135 188 271
phone 0.0329 132 205 242 343
phone 0.0272 141 89 244 257
phone 0.0240 168 133 273 276
phone 0.0219 220 316 319 399
phone 0.0209 49 162 149 304
phone 0.0201 113 161 215 312
phone 0.0201 145 295 189 365
phone 0.0176 40 146 221 375
phone 0.0172 23 221 115 363
phone 0.0160 143 266 192 333
phone 0.0153 127 65 208 195
phone 0.0152 153 263 243 399
phone 0.0144 19 120 121 284
phone 0.0139 169 263 227 336
phone 0.0139 88 329 185 399
phone 0.0138 165 327 261 399
phone 0.0137 50 93 151 256
phone 0.0137 211 98 302 244
phone 0.0136 177 66 272 216
phone 0.0136 230 161 319 306
phone 0.0132 123 72 319 326
phone 0.0127 205 327 283 395
phone 0.0125 99 77 175 213
phone 0.0123 193 201 294 335
phone 0.0123 35 315 116 399
phone 0.0123 134 96 201 165
phone 0.0122 173 296 223 364
phone 0.0122 161 360 235 399
phone 0.0114 168 175 259 331
phone 0.0114 14 190 105 316
phone 0.0113 0 141 80 259
phone 0.0112 188 283 238 347
phone 0.0111 223 359 296 399
phone 0.0109 99 360 174 399
phone 0.0106 117 112 187 180
phone 0.0106 191 303 267 389
phone 0.0106 150 101 184 159
phone 0.0104 284 323 319 399
phone 0.0103 251 267 319 393
phone 0.0102 254 360 319 399
phone 0.0101 139 153 227 384
phone 0.0099 135 313 231 399
phone 0.0098 27 142 92 211
phone 0.0096 103 113 201 239
phone 0.0096 55 248 156 381
phone 0.0096 0 329 1 399
phone 0.0095 197 160 292 285
phone 0.0095 25 334 94 388
phone 0.0095 95 267 178 332
phone 0.0093 41 295 109 365
phone 0.0092 73 125 139 197
phone 0.0092 52 346 129 399
phone 0.0091 4 82 195 313
phone 0.0091 179 114 247 178
phone 0.0090 135 117 168 174
phone 0.0089 181 363 215 399
phone 0.0089 119 116 153 174
phone 0.0089 69 219 142 287
phone 0.0088 98 224 175 282
phone 0.0088 227 333 261 389
phone 0.0087 130 360 205 399
phone 0.0087 23 223 96 284
phone 0.0087 11 160 78 223
phone 0.0086 206 238 282 300
phone 0.0086 242 348 276 399
phone 0.0085 192 360 266 399
phone 0.0085 42 147 76 205
phone 0.0085 305 323 319 399
phone 0.0085 44 331 75 391
phone 0.0085 91 303 182 358
phone 0.0085 207 227 312 399
phone 0.0084 26 288 94 342
phone 0.0084 58 347 91 399
phone 0.0084 292 301 319 359
phone 0.0084 152 80 214 149
phone 0.0084 292 360 319 399
phone 0.0083 10 192 79 253
phone 0.0083 119 288 153 341
phone 0.0083 209 143 279 210
phone 0.0083 237 61 319 218
phone 0.0083 136 19 254 200
phone 0.0082 242 235 308 302
phone 0.0082 44 300 75 360
phone 0.0082 177 207 249 269
phone 0.0081 227 157 293 226
phone 0.0081 119 363 153 399
phone 0.0081 196 363 230 399
phone 0.0080 83 207 159 269
phone 0.0080 240 205 310 271
phone 0.0080 165 363 199 399
phone 0.0079 241 173 308 242
phone 0.0079 88 132 122 190
phone 0.0079 14 274 75 386
phone 0.0079 95 196 177 249
phone 0.0078 53 280 127 350
phone 0.0078 67 296 144 364
phone 0.0078 147 206 219 270
phone 0.0077 104 363 138 399
phone 0.0077 189 195 269 250
phone 0.0077 163 98 233 163
phone 0.0077 196 117 230 174
phone 0.0077 13 307 76 353
phone 0.0077 174 177 252 237
phone 0.0076 26 256 94 312
phone 0.0076 58 301 92 359
phone 0.0076 97 1 285 273
phone 0.0076 207 207 281 269
phone 0.0075 27 178 60 236
phone 0.0075 195 126 262 196
phone 0.0075 28 363 91 399
phone 0.0075 135 363 168 399
phone 0.0075 29 300 60 360
phone 0.0075 264 333 319 389
phone 0.0075 287 251 319 378
phone 0.0074 227 362 261 399
phone 0.0074 97 163 176 221
phone 0.0074 110 213 140 240
phone 0.0074 118 204 186 272
phone 0.0074 207 176 281 239
phone 0.0074 23 175 96 239
phone 0.0074 84 234 157 303
phone 0.0074 136 60 199 108
phone 0.0074 42 263 108 335
phone 0.0074 84 311 158 380
phone 0.0073 136 26 198 141
phone 0.0073 13 122 76 169
phone 0.0073 114 145 189 208
phone 0.0073 239 121 312 262
phone 0.0073 258 190 319 255
phone 0.0073 43 224 76 282
phone 0.0073 162 128 234 194
phone 0.0072 73 348 107 399
phone 0.0072 29 331 59 391
phone 0.0072 176 144 251 208
phone 0.0072 13 88 75 203
phone 0.0072 0 166 44 278
phone 0.0072 0 199 45 246
phone 0.0072 83 176 159 238
phone 0.0072 145 175 220 239
phone 0.0072 70 187 141 259
phone 0.0072 227 186 293 259
phone 0.0072 257 349 292 399
phone 0.0072 45 120 105 172
phone 0.0072 258 240 291 298
phone 0.0072 119 225 153 281
phone 0.0071 45 85 106 206
phone 0.0071 166 69 199 129
phone 0.0071 165 101 199 159
phone 0.0071 121 76 183 123
phone 0.0071 106 91 168 139
phone 0.0071 192 222 266 285
phone 0.0071 225 220 295 287
phone 0.0071 0 137 60 185
phone 0.0070 121 42 183 156
phone 0.0070 147 112 218 179
phone 0.0070 0 104 60 218
phone 0.0070 189 162 269 222
phone 0.0070 89 363 122 399
phone 0.0070 152 54 183 113
phone 0.0070 88 225 122 282
phone 0.0070 131 159 203 224
phone 0.0070 227 240 261 297
phone 0.0070 242 163 276 221
phone 0.0069 84 144 159 209
phone 0.0069 117 174 187 240
phone 0.0069 55 141 126 212
phone 0.0069 27 146 61 206
phone 0.0069 225 250 294 319
phone 0.0069 227 148 261 205
phone 0.0069 270 284 319 346
phone 0.0069 29 116 59 174
phone 0.0069 309 362 319 399
phone 0.0069 67 327 144 395
phone 0.0069 116 209 134 243
phone 0.0069 306 286 319 343
phone 0.0069 44 116 75 174
phone 0.0069 44 269 75 329
phone 0.0069 161 191 235 254
phone 0.0069 54 203 126 273
phone 0.0068 0 0 1 98
phone 0.0068 57 147 92 205
phone 0.0068 91 104 151 157
phone 0.0068 147 143 219 210
phone 0.0068 59 116 91 174
phone 0.0068 273 349 307 399
phone 0.0068 196 209 230 266
phone 0.0068 150 363 184 399
phone 0.0068 69 158 142 225
phone 0.0068 136 85 168 144
phone 0.0068 38 189 112 256
phone 0.0067 261 250 319 318
phone 0.0067 212 363 245 399
phone 0.0067 0 208 29 267
phone 0.0067 135 187 200 258
phone 0.0067 258 209 292 267
phone 0.0067 216 117 273 174
phone 0.0067 14 131 44 190
phone 0.0067 121 85 152 144
phone 0.0067 257 178 292 236
phone 0.0067 39 235 111 302
phone 0.0067 38 159 112 225
phone 0.0067 0 177 29 236
phone 0.0067 69 249 143 320
phone 0.0066 28 208 60 267
phone 0.0066 162 157 234 226
phone 0.0066 0 168 45 215
phone 0.0066 73 132 107 190
phone 0.0066 0 109 20 223
phone 0.0065 73 302 107 358
phone 0.0065 212 209 245 266
phone 0.0065 29 106 90 154
phone 0.0065 135 209 168 266
phone 0.0065 231 132 288 190
phone 0.0065 0 107 59 154
phone 0.0065 211 333 245 389
phone 0.0065 166 209 199 267
phone 0.0065 152 45 213 92
phone 0.0065 103 132 138 190
phone 0.0065 13 276 76 323
phone 0.0064 91 101 121 159
phone 0.0064 227 209 261 266
phone 0.0064 0 229 60 339
phone 0.0064 29 73 91 187
phone 0.0064 55 172 125 243
phone 0.0064 181 102 215 159
phone 0.0064 29 269 60 329
phone 0.0064 14 91 74 139
phone 0.0064 137 30 198 77
phone 0.0064 151 11 214 126
phone 0.0064 211 132 246 190
phone 0.0064 103 225 138 281
phone 0.0064 0 261 60 307
phone 0.0063 59 106 121 154
phone 0.0063 119 195 153 250
phone 0.0063 0 230 44 277
phone 0.0063 201 101 257 160
phone 0.0063 59 72 121 188
phone 0.0063 0 122 44 169
phone 0.0063 0 58 60 171
phone 0.0063 242 240 276 297
phone 0.0062 12 243 76 294
phone 0.0062 14 254 44 314
phone 0.0062 184 30 243 77
phone 0.0062 227 179 261 235
phone 0.0062 276 152 319 200
phone 0.0062 58 270 92 329
phone 0.0062 14 100 44 159
phone 0.0061 0 76 59 123
phone 0.0061 168 39 198 98
phone 0.0061 242 193 276 252
phone 0.0061 196 179 230 235
phone 0.0061 0 153 28 200
phone 0.0061 182 0 245 110
phone 0.0061 121 45 182 92
phone 0.0061 273 117 319 235
phone 0.0061 276 122 319 170
phone 0.0061 0 91 44 139
phone 0.0061 42 178 76 236
phone 0.0061 247 146 303 207
phone 0.0061 152 23 182 82
phone 0.0061 29 85 59 144
phone 0.0061 272 219 319 349
phone 0.0060 207 41 300 170
phone 0.0060 0 88 29 202
phone 0.0060 76 101 105 159
phone 0.0060 29 30 90 77
phone 0.0060 14 60 74 108
phone 0.0060 212 179 245 235
phone 0.0060 181 132 215 190
phone 0.0060 185 87 242 143
phone 0.0060 106 60 167 108
phone 0.0060 119 164 153 220
phone 0.0060 121 0 183 110
phone 0.0060 13 27 76 141
phone 0.0059 150 208 184 268
phone 0.0059 28 0 91 110
phone 0.0059 137 54 167 113
phone 0.0059 0 131 13 190
phone 0.0059 168 60 228 109
phone 0.0059 135 148 168 204
phone 0.0059 60 29 120 77
phone 0.0059 292 168 319 216
phone 0.0059 0 40 0 159
phone 0.0059 45 45 105 92
phone 0.0059 273 209 307 267
phone 0.0059 120 220 130 232
phone 0.0059 105 27 168 141
phone 0.0059 199 45 259 93
phone 0.0059 199 23 229 82
phone 0.0059 76 45 136 93
phone 0.0059 165 179 199 235
phone 0.0059 275 73 319 187
phone 0.0059 166 24 231 143
phone 0.0059 59 0 122 110
phone 0.0059 276 0 319 30
phone 0.0059 0 209 0 328
phone 0.0059 45 91 105 139
phone 0.0059 0 132 0 251
phone 0.0059 183 23 213 82
phone 0.0059 0 86 0 205
phone 0.0059 135 178 168 236
phone 0.0058 150 178 184 236
phone 0.0058 30 76 89 123
phone 0.0058 261 137 319 185
phone 0.0058 196 148 230 205
phone 0.0058 0 270 0 390
phone 0.0058 14 70 44 129
phone 0.0058 103 194 138 250
phone 0.0058 101 184 133 207
phone 0.0058 88 302 123 358
phone 0.0058 261 106 319 154
phone 0.0058 90 57 152 172
phone 0.0058 289 271 319 328
phone 0.0058 45 85 75 144
phone 0.0058 91 29 151 77
phone 0.0058 276 91 319 139
phone 0.0058 0 60 44 108
phone 0.0058 0 162 13 221
phone 0.0058 0 42 29 156
phone 0.0058 260 75 319 123
phone 0.0058 245 60 305 108
phone 0.0058 214 85 244 144
phone 0.0058 303 241 319 357
phone 0.0057 230 29 290 77
phone 0.0057 240 261 310 338
phone 0.0057 150 132 184 189
phone 0.0057 0 100 13 159
phone 0.0057 213 11 275 126
phone 0.0057 137 23 167 82
phone 0.0057 90 0 153 110
phone 0.0057 290 0 319 64
phone 0.0057 0 337 28 385
phone 0.0057 0 45 59 92
phone 0.0057 29 54 59 113
phone 0.0057 259 42 319 156
phone 0.0057 45 23 75 82
phone 0.0057 165 132 199 189
phone 0.0057 60 23 90 82
phone 0.0057 103 302 138 358
phone 0.0057 0 322 59 369
phone 0.0057 122 54 152 113
phone 0.0057 306 162 319 221
phone 0.0057 0 291 59 338
phone 0.0057 262 161 318 222
phone 0.0057 244 11 306 126
phone 0.0057 104 163 138 220
phone 0.0057 138 207 196 299
phone 0.0057 0 0 12 30
phone 0.0057 291 100 319 160
phone 0.0057 214 23 244 83
phone 0.0057 183 55 214 113
phone 0.0056 153 14 213 62
phone 0.0056 75 91 136 139
phone 0.0056 276 60 319 108
phone 0.0056 260 45 319 93
phone 0.0056 76 23 105 82
phone 0.0056 103 333 138 389
phone 0.0056 214 60 274 108
phone 0.0056 109 181 126 211
phone 0.0056 112 313 191 379
phone 0.0056 273 179 307 235
phone 0.0056 181 209 215 266
phone 0.0056 0 193 13 252
phone 0.0056 229 26 291 141
phone 0.0056 0 304 14 399
phone 0.0056 0 0 13 64
phone 0.0056 28 238 60 299
phone 0.0056 73 225 107 282
phone 0.0056 113 190 122 202
phone 0.0056 239 192 272 215
phone 0.0056 307 115 319 175
phone 0.0056 91 39 121 98
phone 0.0056 0 213 60 263
phone 0.0056 75 27 137 141
phone 0.0056 0 164 13 292
phone 0.0056 291 131 319 190
phone 0.0056 44 27 106 141
phone 0.0056 60 60 120 108
phone 0.0056 29 24 59 82
phone 0.0056 106 85 136 144
phone 0.0056 0 76 13 123
phone 0.0056 91 75 151 123
phone 0.0056 45 54 75 113
phone 0.0056 0 367 59 399
phone 0.0056 307 0 319 30
phone 0.0056 245 91 305 139
phone 0.0056 0 29 28 77
phone 0.0056 275 132 306 190
phone 0.0056 58 179 92 235
phone 0.0056 58 225 91 282
phone 0.0055 0 11 45 125
phone 0.0055 0 245 13 292
phone 0.0055 60 85 90 144
phone 0.0055 14 300 44 359
phone 0.0055 106 23 136 82
phone 0.0055 0 239 29 298
phone 0.0055 248 188 263 218
phone 0.0055 276 100 305 160
phone 0.0055 230 39 259 98
phone 0.0055 0 288 29 399
phone 0.0055 163 212 233 295
phone 0.0055 230 75 289 123
phone 0.0055 88 163 122 220
phone 0.0055 274 239 306 298
phone 0.0055 88 194 123 251
phone 0.0055 122 23 152 82
phone 0.0055 276 69 305 129
phone 0.0055 290 27 319 141
phone 0.0055 276 29 319 77
phone 0.0055 260 54 290 113
phone 0.0055 0 212 14 325
phone 0.0055 0 276 13 323
phone 0.0055 245 23 275 82
phone 0.0055 14 331 44 390
phone 0.0055 119 333 153 389
phone 0.0055 14 39 44 98
phone 0.0055 245 122 305 170
phone 0.0055 245 0 305 30
phone 0.0055 251 197 261 210
phone 0.0054 0 45 13 92
phone 0.0054 0 258 45 371
phone 0.0054 274 0 319 110
phone 0.0054 171 306 202 332
phone 0.0054 107 54 136 113
phone 0.0054 0 27 14 140
phone 0.0054 245 54 275 113
phone 0.0054 13 362 45 399
phone 0.0054 306 85 319 144
phone 0.0054 260 23 290 82
phone 0.0054 73 163 107 220
phone 0.0054 230 106 289 154
phone 0.0054 0 307 28 354
phone 0.0054 13 207 44 268
phone 0.0054 260 222 319 284
phone 0.0054 199 76 258 123
phone 0.0054 181 178 215 236
phone 0.0054 307 230 319 277
phone 0.0054 60 54 90 113
phone 0.0054 0 276 43 323
phone 0.0054 45 14 105 62
phone 0.0054 178 302 195 335
phone 0.0054 276 39 305 98
phone 0.0054 184 0 243 30
phone 0.0053 197 26 260 141
phone 0.0053 228 72 291 188
phone 0.0053 167 8 198 67
phone 0.0053 122 14 182 62
phone 0.0053 76 54 105 113
phone 0.0053 304 197 319 309
phone 0.0053 196 333 230 389
phone 0.0053 306 54 319 113
phone 0.0053 291 208 319 267
phone 0.0053 119 222 185 316
phone 0.0053 14 14 74 62
phone 0.0053 30 0 89 30
phone 0.0053 261 85 290 144
phone 0.0053 167 0 229 64
phone 0.0053 198 0 260 64
phone 0.0053 215 0 274 30
phone 0.0053 229 0 290 64
phone 0.0053 106 0 167 64
phone 0.0053 122 0 182 30
phone 0.0053 73 194 107 251
phone 0.0053 153 0 212 30
phone 0.0052 306 23 319 83
phone 0.0052 76 14 136 62
phone 0.0052 13 177 45 237
phone 0.0052 275 179 319 289
phone 0.0052 245 14 305 62
phone 0.0052 261 0 290 37
phone 0.0052 88 333 123 389
phone 0.0052 214 14 274 62
phone 0.0052 0 363 14 399
phone 0.0052 245 85 275 144
phone 0.0052 260 116 290 174
phone 0.0052 171 321 202 347
phone 0.0052 136 0 198 64
phone 0.0052 134 333 169 389
phone 0.0052 215 91 274 139
phone 0.0052 218 305 247 332
phone 0.0052 92 0 151 30
phone 0.0052 165 332 200 390
phone 0.0052 214 54 244 113
phone 0.0051 0 0 58 30
phone 0.0051 307 199 319 246
phone 0.0051 61 0 120 30
phone 0.0051 272 271 308 328
phone 0.0051 73 255 107 313
phone 0.0051 287 147 319 267
phone 0.0051 0 309 85 399
phone 0.0051 199 0 228 37
phone 0.0051 245 0 274 37
phone 0.0051 184 0 213 37
phone 0.0051 88 256 123 312
phone 0.0051 118 256 154 312
phone 0.0051 45 0 74 37
phone 0.0051 91 69 121 129
phone 0.0051 214 0 244 37
phone 0.0051 230 0 259 37
phone 0.0051 30 0 59 37
phone 0.0050 247 223 280 246
phone 0.0050 137 0 167 37
phone 0.0050 122 0 151 37
phone 0.0050 103 272 138 327
phone 0.0050 168 0 198 37
phone 0.0050 178 317 195 351
