phone 0.8417 176 62 266 225
phone 0.0805 194 99 251 183
phone 0.0760 161 122 257 242
phone 0.0740 138 26 314 246
phone 0.0557 195 82 305 236
phone 0.0483 127 57 226 220
phone 0.0362 128 135 221 242
phone 0.0345 131 131 191 212
phone 0.0317 196 79 279 173
phone 0.0294 87 27 197 186
phone 0.0251 230 78 350 246
phone 0.0245 182 118 233 194
phone 0.0242 215 59 322 191
phone 0.0214 32 25 126 181
phone 0.0210 159 6 251 154
phone 0.0207 103 91 180 232
phone 0.0197 130 99 192 182
phone 0.0196 129 2 215 154
phone 0.0196 232 120 305 193
phone 0.0193 64 0 155 155
phone 0.0190 192 133 284 211
phone 0.0188 64 53 150 212
phone 0.0184 142 125 179 187
phone 0.0181 247 58 399 215
phone 0.0166 186 22 288 198
phone 0.0160 253 99 315 183
phone 0.0158 211 9 309 149
phone 0.0154 68 124 145 263
phone 0.0149 131 71 191 149
phone 0.0147 115 88 176 163
phone 0.0147 154 137 229 206
phone 0.0142 143 156 179 217
phone 0.0140 229 92 308 159
phone 0.0137 128 110 163 171
phone 0.0133 128 141 163 201
phone 0.0131 52 8 229 253
phone 0.0129 250 127 287 185
phone 0.0125 180 162 271 266
phone 0.0124 154 108 229 174
phone 0.0124 85 168 175 266
phone 0.0119 254 73 315 147
phone 0.0114 174 127 209 185
phone 0.0113 265 125 302 187
phone 0.0113 261 39 339 180
phone 0.0110 27 89 126 249
phone 0.0110 67 122 132 189
phone 0.0110 67 153 133 220
phone 0.0108 172 166 243 238
phone 0.0105 255 136 344 266
phone 0.0105 185 91 230 159
phone 0.0104 212 122 263 190
phone 0.0103 238 146 299 227
phone 0.0103 159 143 193 199
phone 0.0103 113 112 147 169
phone 0.0103 264 109 335 172
phone 0.0102 213 92 262 158
phone 0.0101 213 160 293 214
phone 0.0101 263 140 336 203
phone 0.0101 202 156 242 218
phone 0.0100 80 187 150 248
phone 0.0100 134 184 220 266
phone 0.0100 93 126 167 186
phone 0.0099 188 78 218 104
phone 0.0099 142 94 179 156
phone 0.0097 0 0 39 0
phone 0.0097 179 53 235 136
phone 0.0094 273 0 381 148
phone 0.0094 266 94 302 156
phone 0.0093 83 157 116 216
phone 0.0093 158 66 225 124
phone 0.0093 98 78 162 142
phone 0.0093 233 128 272 184
phone 0.0093 144 64 178 124
phone 0.0092 0 263 41 266
phone 0.0092 98 0 184 124
phone 0.0092 51 93 117 157
phone 0.0091 195 74 212 107
phone 0.0091 84 47 146 111
phone 0.0089 216 188 291 247
phone 0.0089 187 154 228 220
phone 0.0089 165 186 196 211
phone 0.0089 238 65 300 124
phone 0.0088 175 158 209 215
phone 0.0088 250 96 287 154
phone 0.0088 78 112 152 170
phone 0.0087 203 203 273 263
phone 0.0087 115 59 177 130
phone 0.0087 252 201 317 265
phone 0.0086 0 7 55 132
phone 0.0085 257 116 288 142
phone 0.0085 280 124 350 188
phone 0.0084 172 182 189 214
phone 0.0084 236 159 270 214
phone 0.0084 265 186 334 249
phone 0.0084 282 143 316 200
phone 0.0083 210 48 266 110
phone 0.0083 175 96 209 154
phone 0.0083 257 132 288 157
phone 0.0082 65 62 134 127
phone 0.0082 159 173 193 231
phone 0.0082 251 156 286 217
phone 0.0081 282 96 316 154
phone 0.0080 159 112 193 169
phone 0.0080 180 247 211 266
phone 0.0080 199 84 208 97
phone 0.0079 187 244 204 266
phone 0.0079 79 141 151 202
phone 0.0079 109 202 182 264
phone 0.0079 113 204 147 262
phone 0.0078 170 202 244 264
phone 0.0078 264 112 281 146
phone 0.0078 264 128 281 161
phone 0.0078 250 0 341 115
phone 0.0078 97 221 164 266
phone 0.0078 281 153 349 220
phone 0.0077 236 189 270 246
phone 0.0077 156 218 228 266
phone 0.0077 99 203 131 262
phone 0.0077 146 238 207 266
phone 0.0077 89 161 172 213
phone 0.0077 175 192 185 205
phone 0.0076 5 46 85 162
phone 0.0076 129 65 162 124
phone 0.0076 98 173 132 231
phone 0.0075 251 167 318 237
phone 0.0075 52 145 117 198
phone 0.0074 109 171 182 234
phone 0.0074 98 65 131 123
phone 0.0074 195 244 212 266
phone 0.0074 68 111 100 170
phone 0.0074 38 130 100 242
phone 0.0073 37 164 100 210
phone 0.0073 298 128 332 184
phone 0.0073 148 50 205 108
phone 0.0073 250 162 280 188
phone 0.0072 67 81 101 139
phone 0.0072 283 189 316 246
phone 0.0072 37 61 101 128
phone 0.0072 195 248 227 266
phone 0.0072 198 175 278 230
phone 0.0072 203 244 219 266
phone 0.0071 191 254 200 266
phone 0.0071 237 50 270 108
phone 0.0071 98 113 131 168
phone 0.0071 267 157 301 216
phone 0.0071 250 124 280 150
phone 0.0071 82 66 116 123
phone 0.0070 191 49 224 109
phone 0.0070 150 124 180 150
phone 0.0070 53 157 84 216
phone 0.0070 221 219 254 266
phone 0.0070 311 49 394 158
phone 0.0070 54 49 115 110
phone 0.0070 204 78 234 104
phone 0.0069 84 188 115 247
phone 0.0069 190 189 224 246
phone 0.0069 113 144 147 199
phone 0.0069 161 233 192 266
phone 0.0069 221 189 255 246
phone 0.0069 178 238 237 266
phone 0.0069 22 40 85 88
phone 0.0069 271 224 328 266
phone 0.0069 113 65 147 123
phone 0.0069 268 138 277 151
phone 0.0068 68 141 100 201
phone 0.0068 268 123 277 135
phone 0.0068 206 253 216 266
phone 0.0068 300 24 360 72
phone 0.0068 134 0 388 180
phone 0.0068 270 62 329 127
phone 0.0068 23 6 84 121
phone 0.0068 287 208 343 258
phone 0.0068 159 204 193 262
phone 0.0067 208 9 268 57
phone 0.0067 36 158 121 266
phone 0.0067 299 0 362 105
phone 0.0067 199 254 208 266
phone 0.0067 128 204 162 261
phone 0.0067 205 189 239 246
phone 0.0067 206 219 239 266
phone 0.0067 232 97 273 154
phone 0.0066 0 0 41 32
phone 0.0066 239 9 299 57
phone 0.0066 298 158 332 215
phone 0.0066 268 131 277 143
phone 0.0066 222 0 285 90
phone 0.0066 256 158 274 192
phone 0.0066 270 24 330 72
phone 0.0066 156 120 174 154
phone 0.0065 177 233 207 266
phone 0.0065 193 0 253 41
phone 0.0065 116 238 176 266
phone 0.0065 129 174 162 230
phone 0.0065 38 34 69 93
phone 0.0065 146 233 176 266
phone 0.0065 224 0 283 41
phone 0.0065 285 40 345 88
phone 0.0065 316 18 345 77
phone 0.0065 69 192 130 266
phone 0.0064 210 74 228 107
phone 0.0064 98 34 131 93
phone 0.0064 23 85 84 195
phone 0.0064 285 9 345 57
phone 0.0064 192 0 254 90
phone 0.0064 97 143 132 200
phone 0.0064 53 210 115 256
phone 0.0064 223 3 253 62
phone 0.0064 300 18 330 78
phone 0.0064 285 218 315 266
phone 0.0064 316 40 376 88
phone 0.0064 159 81 193 138
phone 0.0064 300 203 330 263
phone 0.0063 239 3 268 62
phone 0.0063 8 24 68 72
phone 0.0063 256 120 274 154
phone 0.0063 218 74 235 107
phone 0.0063 23 117 84 164
phone 0.0063 131 0 191 41
phone 0.0063 69 203 100 262
phone 0.0063 331 25 391 72
phone 0.0063 162 0 222 42
phone 0.0063 199 76 246 143
phone 0.0063 269 218 299 266
phone 0.0063 23 9 83 57
phone 0.0063 254 3 284 62
phone 0.0063 209 238 267 266
phone 0.0063 113 174 147 230
phone 0.0063 101 22 160 74
phone 0.0063 177 9 237 57
phone 0.0062 38 24 100 72
phone 0.0062 331 18 361 77
phone 0.0062 192 233 222 266
phone 0.0062 38 133 100 179
phone 0.0062 285 18 315 78
phone 0.0062 147 9 206 57
phone 0.0062 330 0 393 105
phone 0.0062 38 111 69 170
phone 0.0062 84 218 115 266
phone 0.0062 115 0 177 74
phone 0.0062 298 97 331 154
phone 0.0062 53 126 84 186
phone 0.0062 208 0 238 47
phone 0.0062 0 249 66 266
phone 0.0062 208 0 268 26
phone 0.0062 301 54 360 104
phone 0.0062 316 9 376 57
phone 0.0062 0 158 58 266
phone 0.0061 270 3 299 62
phone 0.0061 254 0 314 42
phone 0.0061 144 188 178 247
phone 0.0061 180 182 196 215
phone 0.0061 316 225 376 266
phone 0.0061 161 0 223 90
phone 0.0061 331 55 391 103
phone 0.0061 193 0 222 47
phone 0.0061 0 156 27 179
phone 0.0061 6 161 16 174
phone 0.0061 53 177 116 228
phone 0.0061 346 18 376 78
phone 0.0060 240 239 298 266
phone 0.0060 223 35 254 92
phone 0.0060 331 50 361 108
phone 0.0060 310 114 394 215
phone 0.0060 131 24 191 72
phone 0.0060 100 0 160 41
phone 0.0060 177 0 237 26
phone 0.0060 23 18 53 77
phone 0.0060 147 0 176 47
phone 0.0060 23 148 84 195
phone 0.0060 177 0 207 47
phone 0.0060 39 3 68 62
phone 0.0060 330 237 393 266
phone 0.0060 162 0 192 47
phone 0.0060 115 19 146 77
phone 0.0060 317 193 375 242
phone 0.0060 69 241 130 266
phone 0.0060 54 3 84 62
phone 0.0060 131 0 161 47
phone 0.0060 7 55 69 103
phone 0.0060 208 0 268 11
phone 0.0059 300 240 361 266
phone 0.0059 0 97 54 226
phone 0.0059 242 170 272 196
phone 0.0059 239 0 299 26
phone 0.0059 3 152 19 183
phone 0.0059 315 50 346 108
phone 0.0059 69 0 130 41
phone 0.0059 298 173 363 266
phone 0.0059 332 86 391 134
phone 0.0059 8 0 68 42
phone 0.0059 362 238 399 266
phone 0.0059 361 8 399 58
phone 0.0059 116 0 176 26
phone 0.0059 177 0 237 11
phone 0.0059 346 49 376 108
phone 0.0058 147 0 207 26
phone 0.0058 187 256 219 266
phone 0.0058 331 219 361 266
phone 0.0058 329 161 393 266
phone 0.0058 315 255 376 266
phone 0.0058 331 265 361 266
phone 0.0058 362 7 399 119
phone 0.0058 131 233 161 266
phone 0.0058 361 39 399 88
phone 0.0058 332 117 390 165
phone 0.0058 84 0 146 74
phone 0.0058 346 264 376 266
phone 0.0058 250 201 280 226
phone 0.0058 38 141 69 201
phone 0.0058 300 0 360 42
phone 0.0058 175 204 208 261
phone 0.0058 39 0 99 42
phone 0.0058 69 171 100 232
phone 0.0058 85 0 145 26
phone 0.0058 54 9 115 57
phone 0.0058 0 0 40 77
phone 0.0058 316 203 345 262
phone 0.0057 38 237 100 266
phone 0.0057 362 85 399 196
phone 0.0057 331 188 361 247
phone 0.0057 361 70 399 119
phone 0.0057 257 100 288 127
phone 0.0057 199 261 208 266
phone 0.0057 38 195 100 241
phone 0.0057 237 219 269 266
phone 0.0057 361 0 399 27
phone 0.0057 146 19 177 77
phone 0.0057 360 116 399 165
phone 0.0057 361 0 399 11
phone 0.0057 260 169 270 181
phone 0.0057 239 0 299 11
phone 0.0057 315 234 346 266
phone 0.0057 346 188 376 247
phone 0.0057 53 34 84 92
phone 0.0057 39 255 99 266
phone 0.0057 116 0 145 47
phone 0.0057 346 80 377 139
phone 0.0057 115 249 146 266
phone 0.0057 146 0 207 11
phone 0.0057 101 256 160 266
phone 0.0057 187 73 205 108
phone 0.0057 285 0 315 47
phone 0.0057 315 265 346 266
phone 0.0057 8 132 68 180
phone 0.0057 346 111 377 169
phone 0.0057 223 0 253 16
phone 0.0057 331 209 391 257
phone 0.0057 253 40 315 88
phone 0.0056 297 89 365 223
phone 0.0056 360 147 399 196
phone 0.0056 208 0 238 16
phone 0.0056 116 0 176 11
phone 0.0056 23 50 53 108
phone 0.0056 160 131 170 143
phone 0.0056 0 9 53 57
phone 0.0056 235 85 264 112
phone 0.0056 180 244 196 266
phone 0.0056 360 254 399 266
phone 0.0056 0 0 36 11
phone 0.0056 300 0 330 47
phone 0.0056 214 84 224 97
phone 0.0056 284 253 346 266
phone 0.0056 362 131 399 242
phone 0.0056 7 87 69 133
phone 0.0056 22 221 85 266
phone 0.0056 85 0 115 47
phone 0.0056 332 178 391 226
phone 0.0056 331 249 361 266
phone 0.0056 193 0 222 16
phone 0.0056 239 0 269 16
phone 0.0056 100 0 130 47
phone 0.0056 54 188 84 247
phone 0.0056 257 197 273 230
phone 0.0055 23 0 53 47
phone 0.0055 346 249 376 266
phone 0.0055 130 19 161 77
phone 0.0055 54 264 84 266
phone 0.0055 254 233 284 266
phone 0.0055 360 178 399 226
phone 0.0055 331 0 391 42
phone 0.0055 23 141 53 201
phone 0.0055 8 163 68 210
phone 0.0055 85 0 145 11
phone 0.0055 260 138 270 151
phone 0.0055 364 262 399 266
phone 0.0055 270 0 330 26
phone 0.0055 260 131 270 143
phone 0.0055 362 192 399 266
phone 0.0055 316 0 345 47
phone 0.0055 69 264 99 266
phone 0.0055 69 3 99 62
phone 0.0055 161 35 192 92
phone 0.0055 177 0 207 16
phone 0.0055 0 0 22 16
phone 0.0055 183 192 193 205
phone 0.0055 54 249 84 266
phone 0.0054 54 0 114 26
phone 0.0054 52 80 85 139
phone 0.0054 222 84 231 97
phone 0.0054 7 130 70 243
phone 0.0054 254 0 284 16
phone 0.0054 39 264 68 266
phone 0.0054 207 34 238 92
phone 0.0054 270 0 330 11
phone 0.0054 377 2 399 63
phone 0.0054 362 18 392 78
phone 0.0054 69 24 131 73
phone 0.0054 84 253 146 266
phone 0.0054 23 80 53 139
phone 0.0054 23 179 84 226
phone 0.0054 162 0 192 16
phone 0.0054 346 219 376 266
phone 0.0054 284 77 346 143
phone 0.0054 376 264 399 266
phone 0.0054 39 249 69 266
phone 0.0054 146 0 176 16
phone 0.0054 0 0 22 47
phone 0.0054 253 50 285 108
phone 0.0054 131 0 161 16
phone 0.0054 0 0 23 1
phone 0.0054 315 173 346 231
phone 0.0054 300 265 330 266
phone 0.0054 248 166 266 200
phone 0.0054 69 249 99 266
phone 0.0054 7 206 69 266
phone 0.0054 300 234 330 266
phone 0.0053 331 0 361 47
phone 0.0053 346 133 399 180
phone 0.0053 269 34 300 92
phone 0.0053 85 264 115 266
phone 0.0053 22 146 85 258
phone 0.0053 220 159 255 214
phone 0.0053 376 33 399 94
phone 0.0053 8 0 68 11
phone 0.0053 377 0 399 17
phone 0.0053 54 0 114 11
phone 0.0053 332 148 390 195
phone 0.0053 0 40 53 87
phone 0.0053 284 249 315 266
phone 0.0053 39 218 69 266
phone 0.0053 116 0 145 16
phone 0.0053 54 218 84 266
phone 0.0053 270 0 299 16
phone 0.0053 177 39 238 88
phone 0.0053 331 0 391 11
phone 0.0053 253 253 316 266
phone 0.0053 346 0 376 47
phone 0.0053 268 115 277 128
phone 0.0053 181 85 211 112
phone 0.0053 0 234 41 266
phone 0.0053 376 64 399 124
phone 0.0053 23 249 53 266
phone 0.0053 346 102 399 149
phone 0.0053 23 0 84 26
phone 0.0052 346 163 399 210
phone 0.0052 376 110 399 171
phone 0.0052 100 0 130 16
phone 0.0052 303 109 358 172
phone 0.0052 23 264 53 266
phone 0.0052 68 34 100 92
phone 0.0052 149 248 181 266
phone 0.0052 38 172 69 232
phone 0.0052 316 0 376 26
phone 0.0052 362 49 392 108
phone 0.0052 376 248 399 266
phone 0.0052 346 142 377 200
phone 0.0052 299 49 331 108
phone 0.0052 223 265 253 266
phone 0.0052 241 81 258 116
phone 0.0052 362 264 392 266
phone 0.0052 23 111 53 170
phone 0.0052 300 0 360 11
phone 0.0052 376 141 399 201
phone 0.0052 118 33 174 94
phone 0.0052 160 254 170 266
phone 0.0052 264 96 282 131
phone 0.0052 70 0 99 31
phone 0.0052 361 126 392 185
phone 0.0052 111 193 141 219
phone 0.0052 84 19 115 77
phone 0.0052 238 265 269 266
phone 0.0052 285 0 315 16
phone 0.0052 346 194 399 241
phone 0.0052 85 0 115 16
phone 0.0052 317 70 375 119
phone 0.0051 314 127 347 185
phone 0.0051 149 245 165 266
phone 0.0051 157 245 173 266
phone 0.0051 361 80 392 139
phone 0.0051 100 233 130 266
phone 0.0051 284 265 315 266
phone 0.0051 23 218 53 266
phone 0.0051 37 0 119 113
phone 0.0051 100 264 130 266
phone 0.0051 164 119 181 154
phone 0.0051 114 254 177 266
phone 0.0051 8 34 38 92
phone 0.0051 376 172 399 232
phone 0.0051 376 0 399 1
phone 0.0051 152 253 162 266
phone 0.0051 284 49 316 108
phone 0.0051 376 218 399 266
phone 0.0051 207 0 238 1
phone 0.0051 130 265 161 266
phone 0.0051 362 157 392 216
phone 0.0051 24 0 53 16
phone 0.0051 207 265 238 266
phone 0.0051 192 0 223 1
phone 0.0051 223 0 254 1
phone 0.0051 347 0 376 16
phone 0.0050 183 253 193 266
phone 0.0050 54 0 84 31
phone 0.0050 253 265 284 266
phone 0.0050 300 0 330 16
phone 0.0050 176 254 239 266
phone 0.0050 177 0 208 1
phone 0.0050 257 85 288 112
phone 0.0050 269 265 300 266
phone 0.0050 238 0 269 1
phone 0.0050 0 148 53 195
phone 0.0050 23 188 53 247
phone 0.0050 222 254 285 266
phone 0.0050 115 265 146 266
