phone 0.9179 158 40 263 212
phone 0.0640 109 72 244 242
phone 0.0532 102 57 189 211
phone 0.0478 169 64 304 186
phone 0.0438 128 36 225 183
phone 0.0418 166 12 282 155
phone 0.0401 117 113 205 260
phone 0.0321 126 131 196 212
phone 0.0312 178 84 237 166
phone 0.0309 174 94 271 249
phone 0.0279 32 49 129 220
phone 0.0279 152 132 257 234
phone 0.0261 82 158 201 266
phone 0.0260 44 75 172 256
phone 0.0255 127 46 322 266
phone 0.0243 26 157 134 266
phone 0.0238 114 109 177 203
phone 0.0235 149 93 235 189
phone 0.0232 218 43 319 177
phone 0.0218 114 70 177 150
phone 0.0209 244 26 399 181
phone 0.0200 139 69 213 151
phone 0.0189 127 83 195 168
phone 0.0188 128 59 194 130
phone 0.0186 231 90 306 161
phone 0.0183 121 0 334 180
phone 0.0178 91 28 169 161
phone 0.0175 141 140 180 203
phone 0.0168 99 58 161 130
phone 0.0162 122 10 200 148
phone 0.0160 0 70 117 260
phone 0.0160 189 97 316 214
phone 0.0156 126 163 196 241
phone 0.0154 63 189 157 266
phone 0.0154 96 100 164 182
phone 0.0146 0 130 53 263
phone 0.0144 207 73 299 147
phone 0.0141 196 60 389 209
phone 0.0140 204 109 302 173
phone 0.0140 127 79 164 140
phone 0.0138 96 234 177 266
phone 0.0135 142 80 180 140
phone 0.0132 126 124 165 188
phone 0.0132 228 2 361 149
phone 0.0131 116 198 217 266
phone 0.0130 186 152 259 222
phone 0.0128 53 25 145 164
phone 0.0128 112 79 148 140
phone 0.0126 240 74 329 207
phone 0.0126 7 188 89 266
phone 0.0125 143 41 210 117
phone 0.0124 158 143 194 200
phone 0.0123 204 137 302 266
phone 0.0121 158 0 227 146
phone 0.0121 34 183 104 252
phone 0.0119 234 56 303 133
phone 0.0119 66 231 148 266
phone 0.0118 32 2 124 147
phone 0.0118 250 96 287 154
phone 0.0117 135 157 218 217
phone 0.0116 236 134 343 253
phone 0.0114 109 180 182 256
phone 0.0114 63 114 274 266
phone 0.0113 174 143 209 200
phone 0.0112 4 43 93 166
phone 0.0112 80 255 111 266
phone 0.0112 35 106 103 175
phone 0.0111 142 169 242 266
phone 0.0111 87 252 104 266
phone 0.0109 144 49 178 109
phone 0.0109 157 79 196 140
phone 0.0108 62 124 136 188
phone 0.0108 76 95 153 156
phone 0.0105 189 156 225 217
phone 0.0101 112 127 148 185
phone 0.0101 18 83 90 197
phone 0.0101 267 114 373 213
phone 0.0100 176 161 239 243
phone 0.0100 51 189 85 246
phone 0.0100 234 120 303 192
phone 0.0100 52 55 116 134
phone 0.0099 0 215 57 266
phone 0.0099 249 75 319 145
phone 0.0099 250 106 319 176
phone 0.0098 183 121 231 191
phone 0.0098 128 249 205 266
phone 0.0098 37 73 101 147
phone 0.0098 91 261 100 266
phone 0.0098 173 224 203 250
phone 0.0098 140 110 181 172
phone 0.0098 142 172 179 232
phone 0.0097 62 78 136 142
phone 0.0097 92 138 168 205
phone 0.0096 134 101 165 127
phone 0.0096 0 0 39 0
phone 0.0096 38 230 115 266
phone 0.0095 205 158 240 216
phone 0.0095 48 0 236 209
phone 0.0094 189 197 263 266
phone 0.0094 212 159 295 215
phone 0.0093 52 96 85 155
phone 0.0093 49 89 120 162
phone 0.0092 0 16 55 126
phone 0.0092 212 0 295 136
phone 0.0092 159 49 194 109
phone 0.0092 179 220 197 253
phone 0.0091 196 138 279 205
phone 0.0091 126 155 165 218
phone 0.0091 97 0 185 113
phone 0.0090 142 233 211 266
phone 0.0090 50 137 118 206
phone 0.0090 0 69 49 199
phone 0.0090 276 148 363 242
phone 0.0090 128 49 162 109
phone 0.0089 142 93 172 119
phone 0.0089 80 252 96 266
phone 0.0088 141 97 158 131
phone 0.0088 95 251 112 266
phone 0.0088 219 202 288 264
phone 0.0088 0 262 41 266
phone 0.0088 68 44 131 114
phone 0.0088 50 166 118 239
phone 0.0087 20 213 136 266
phone 0.0087 274 55 356 195
phone 0.0086 103 260 119 266
phone 0.0086 168 107 215 174
phone 0.0086 95 264 127 266
phone 0.0085 21 204 55 262
phone 0.0085 267 97 301 154
phone 0.0085 182 60 232 129
phone 0.0085 97 83 132 137
phone 0.0084 96 260 111 266
phone 0.0084 130 0 221 100
phone 0.0084 82 128 116 184
phone 0.0084 148 97 166 131
phone 0.0083 132 34 190 94
phone 0.0083 113 219 147 266
phone 0.0083 195 74 250 146
phone 0.0082 254 134 314 209
phone 0.0082 251 46 318 112
phone 0.0082 66 65 101 124
phone 0.0081 52 127 85 185
phone 0.0081 203 29 273 99
phone 0.0081 97 113 132 168
phone 0.0081 234 113 272 168
phone 0.0080 183 231 193 243
phone 0.0080 235 170 303 235
phone 0.0080 83 261 93 266
phone 0.0079 237 27 301 100
phone 0.0079 2 234 74 266
phone 0.0079 36 158 102 215
phone 0.0079 251 127 286 185
phone 0.0079 82 97 116 153
phone 0.0079 23 253 84 266
phone 0.0078 67 112 101 169
phone 0.0078 24 176 83 229
phone 0.0078 24 141 83 263
phone 0.0078 250 65 287 124
phone 0.0078 64 152 135 222
phone 0.0077 80 264 112 266
phone 0.0077 91 169 169 235
phone 0.0077 145 108 154 120
phone 0.0077 266 89 333 161
phone 0.0076 198 172 278 233
phone 0.0076 155 217 229 266
phone 0.0076 82 66 116 123
phone 0.0076 37 172 69 232
phone 0.0076 236 204 270 261
phone 0.0075 127 188 164 247
phone 0.0075 159 220 193 266
phone 0.0075 268 122 331 190
phone 0.0075 67 142 101 201
phone 0.0074 113 49 147 109
phone 0.0074 267 127 301 185
phone 0.0074 194 104 251 178
phone 0.0074 236 159 270 214
phone 0.0074 98 204 131 261
phone 0.0073 37 111 69 170
phone 0.0073 99 250 162 266
phone 0.0073 191 0 255 120
phone 0.0073 281 0 371 113
phone 0.0072 36 204 70 261
phone 0.0072 152 108 162 120
phone 0.0071 67 173 101 231
phone 0.0071 206 188 239 247
phone 0.0071 42 252 57 266
phone 0.0071 266 66 301 123
phone 0.0071 176 18 238 110
phone 0.0071 143 205 178 261
phone 0.0070 233 81 273 139
phone 0.0070 148 81 166 115
phone 0.0070 34 256 66 266
phone 0.0070 53 251 116 266
phone 0.0070 128 220 162 266
phone 0.0070 267 156 301 217
phone 0.0070 134 85 165 112
phone 0.0070 152 100 162 112
phone 0.0070 53 157 84 216
phone 0.0070 38 249 69 266
phone 0.0070 7 102 70 148
phone 0.0070 252 174 285 230
phone 0.0069 282 81 316 139
phone 0.0069 6 203 39 262
phone 0.0069 52 64 85 124
phone 0.0069 252 19 285 77
phone 0.0069 0 0 41 32
phone 0.0069 252 0 317 94
phone 0.0069 175 174 208 230
phone 0.0068 286 24 344 72
phone 0.0068 22 173 54 231
phone 0.0068 193 237 252 266
phone 0.0068 221 205 254 261
phone 0.0068 206 219 239 266
phone 0.0068 22 131 86 181
phone 0.0068 67 235 101 266
phone 0.0067 82 235 116 266
phone 0.0067 45 261 54 266
phone 0.0067 111 260 127 266
phone 0.0067 174 205 208 261
phone 0.0067 22 96 54 154
phone 0.0067 240 6 298 60
phone 0.0067 21 235 54 266
phone 0.0066 174 33 210 94
phone 0.0066 113 190 147 245
phone 0.0066 52 235 85 266
phone 0.0066 282 111 316 170
phone 0.0066 316 148 375 195
phone 0.0066 269 3 300 62
phone 0.0066 97 144 132 199
phone 0.0066 284 78 345 142
phone 0.0065 300 19 330 77
phone 0.0065 113 159 147 215
phone 0.0065 270 9 329 57
phone 0.0065 49 252 65 266
phone 0.0065 314 115 377 227
phone 0.0065 223 0 284 42
phone 0.0065 316 24 376 72
phone 0.0065 172 220 189 254
phone 0.0064 73 255 147 266
phone 0.0064 38 141 69 201
phone 0.0064 242 124 272 150
phone 0.0064 70 0 130 41
phone 0.0064 37 40 100 88
phone 0.0064 300 9 360 57
phone 0.0064 162 249 192 266
phone 0.0064 270 225 329 266
phone 0.0064 301 55 360 103
phone 0.0063 220 144 255 199
phone 0.0063 254 0 314 26
phone 0.0063 331 40 391 88
phone 0.0063 141 81 158 115
phone 0.0063 83 205 116 261
phone 0.0063 162 0 222 42
phone 0.0063 22 82 85 137
phone 0.0063 208 0 268 26
phone 0.0063 331 142 361 201
phone 0.0063 103 260 178 266
phone 0.0063 159 190 193 245
phone 0.0063 285 0 345 41
phone 0.0063 163 255 220 266
phone 0.0063 192 0 253 42
phone 0.0063 330 6 393 120
phone 0.0062 207 0 269 59
phone 0.0062 225 240 282 266
phone 0.0062 84 0 146 74
phone 0.0062 6 234 39 266
phone 0.0062 82 158 116 215
phone 0.0062 331 102 391 149
phone 0.0062 53 261 62 266
phone 0.0062 285 209 345 257
phone 0.0062 284 3 315 62
phone 0.0062 177 0 237 26
phone 0.0062 208 0 268 11
phone 0.0062 205 19 240 77
phone 0.0061 331 18 361 78
phone 0.0061 331 71 391 118
phone 0.0061 331 133 391 180
phone 0.0061 239 0 299 11
phone 0.0061 239 0 269 46
phone 0.0061 300 179 360 226
phone 0.0061 212 93 263 158
phone 0.0061 53 0 116 74
phone 0.0061 145 115 154 128
phone 0.0061 177 8 238 58
phone 0.0061 298 97 331 154
phone 0.0061 54 0 114 26
phone 0.0061 177 0 237 11
phone 0.0061 223 233 253 266
phone 0.0061 329 68 394 182
phone 0.0061 314 21 377 136
phone 0.0061 331 9 391 57
phone 0.0061 85 0 115 47
phone 0.0061 346 34 376 93
phone 0.0061 316 3 345 62
phone 0.0061 315 50 346 108
phone 0.0061 254 0 284 46
phone 0.0061 85 0 145 26
phone 0.0061 131 0 191 42
phone 0.0061 147 0 206 26
phone 0.0060 302 115 358 166
phone 0.0060 190 219 224 266
phone 0.0060 285 218 315 266
phone 0.0060 100 0 160 42
phone 0.0060 54 34 84 93
phone 0.0060 224 15 283 82
phone 0.0060 270 0 299 31
phone 0.0060 220 35 255 92
phone 0.0060 24 0 83 42
phone 0.0060 299 66 331 123
phone 0.0060 8 40 68 88
phone 0.0060 37 79 69 140
phone 0.0060 223 0 253 31
phone 0.0060 147 0 206 11
phone 0.0060 316 141 345 201
phone 0.0060 145 0 208 59
phone 0.0060 100 0 130 47
phone 0.0060 346 95 376 155
phone 0.0060 177 0 207 47
phone 0.0060 39 9 99 57
phone 0.0060 0 0 170 236
phone 0.0060 142 108 172 135
phone 0.0060 175 234 208 266
phone 0.0060 54 0 114 11
phone 0.0060 152 92 162 104
phone 0.0060 252 188 317 266
phone 0.0060 208 0 238 31
phone 0.0060 300 0 330 47
phone 0.0060 241 223 297 266
phone 0.0059 7 0 70 29
phone 0.0059 145 100 154 112
phone 0.0059 346 126 376 185
phone 0.0059 362 7 399 119
phone 0.0059 331 163 391 211
phone 0.0059 361 39 399 88
phone 0.0059 98 235 131 266
phone 0.0059 116 0 176 26
phone 0.0059 193 0 222 47
phone 0.0059 346 65 376 124
phone 0.0059 0 192 36 243
phone 0.0059 22 55 85 103
phone 0.0059 22 0 84 90
phone 0.0059 220 174 255 230
phone 0.0059 146 249 177 266
phone 0.0059 69 0 99 47
phone 0.0059 248 120 266 154
phone 0.0059 85 0 145 11
phone 0.0059 331 49 361 108
phone 0.0059 330 130 393 243
phone 0.0059 315 237 377 266
phone 0.0059 97 174 132 230
phone 0.0059 316 0 376 42
phone 0.0059 300 203 330 262
phone 0.0059 362 238 399 266
phone 0.0059 270 0 330 11
phone 0.0059 285 0 315 31
phone 0.0059 239 0 268 16
phone 0.0059 162 0 192 47
phone 0.0058 346 3 376 62
phone 0.0058 115 0 177 59
phone 0.0058 97 50 132 108
phone 0.0058 315 173 346 231
phone 0.0058 116 0 176 11
phone 0.0058 285 130 344 182
phone 0.0058 254 0 284 16
phone 0.0058 7 100 69 211
phone 0.0058 239 234 268 266
phone 0.0058 193 0 222 16
phone 0.0058 187 220 204 254
phone 0.0058 69 23 130 73
phone 0.0058 316 111 345 170
phone 0.0058 8 0 68 11
phone 0.0058 362 131 399 242
phone 0.0058 34 253 50 266
phone 0.0058 236 34 270 93
phone 0.0058 316 255 376 266
phone 0.0058 361 8 399 58
phone 0.0058 269 218 299 266
phone 0.0058 177 0 207 16
phone 0.0058 360 162 399 211
phone 0.0057 361 70 399 119
phone 0.0057 316 86 375 134
phone 0.0057 147 0 176 47
phone 0.0057 316 209 376 257
phone 0.0057 67 205 101 261
phone 0.0057 131 0 161 47
phone 0.0057 299 222 362 266
phone 0.0057 116 0 145 47
phone 0.0057 39 0 68 47
phone 0.0057 346 157 376 216
phone 0.0057 8 9 68 57
phone 0.0057 127 108 157 135
phone 0.0057 95 255 127 266
phone 0.0057 54 3 84 62
phone 0.0057 255 240 314 266
phone 0.0057 362 54 399 165
phone 0.0057 162 0 192 16
phone 0.0057 7 71 69 118
phone 0.0057 204 54 234 81
phone 0.0057 69 0 99 16
phone 0.0057 314 161 377 266
phone 0.0057 331 194 391 241
phone 0.0057 285 255 345 266
phone 0.0057 69 19 99 77
phone 0.0057 285 240 345 266
phone 0.0057 346 264 376 266
phone 0.0057 300 0 360 26
phone 0.0056 85 0 115 16
phone 0.0056 8 163 68 210
phone 0.0056 331 264 361 266
phone 0.0056 283 51 316 107
phone 0.0056 254 218 284 266
phone 0.0056 23 126 53 186
phone 0.0056 360 193 399 242
phone 0.0056 361 101 399 150
phone 0.0056 54 0 84 16
phone 0.0056 330 222 393 266
phone 0.0056 23 34 53 93
phone 0.0056 0 178 53 226
phone 0.0056 146 0 176 16
phone 0.0056 360 132 399 180
phone 0.0056 190 188 224 247
phone 0.0056 100 0 130 16
phone 0.0056 346 56 399 103
phone 0.0056 0 0 36 11
phone 0.0056 331 0 361 47
phone 0.0056 361 0 399 11
phone 0.0056 316 264 345 266
phone 0.0056 176 231 185 243
phone 0.0056 364 262 399 266
phone 0.0056 24 0 53 31
phone 0.0056 361 0 399 27
phone 0.0056 38 50 69 108
phone 0.0055 131 0 161 16
phone 0.0055 346 25 399 72
phone 0.0055 360 255 399 266
phone 0.0055 331 80 361 139
phone 0.0055 103 251 119 266
phone 0.0055 84 19 115 77
phone 0.0055 116 0 145 16
phone 0.0055 72 252 88 266
phone 0.0055 316 234 346 266
phone 0.0055 300 0 360 11
phone 0.0055 254 256 314 266
phone 0.0055 331 249 361 266
phone 0.0055 39 0 68 16
phone 0.0055 37 261 47 266
phone 0.0055 331 173 361 231
phone 0.0055 0 0 23 1
phone 0.0055 39 18 68 78
phone 0.0055 331 203 361 262
phone 0.0055 64 256 96 266
phone 0.0055 346 249 376 266
phone 0.0054 346 188 376 247
phone 0.0054 331 0 391 11
phone 0.0054 0 0 22 16
phone 0.0054 0 0 41 78
phone 0.0054 376 33 399 94
phone 0.0054 331 0 391 26
phone 0.0054 300 234 330 266
phone 0.0054 23 65 53 123
phone 0.0054 7 173 38 231
phone 0.0054 145 92 154 104
phone 0.0054 267 35 301 92
phone 0.0054 362 49 392 109
phone 0.0054 188 224 219 249
phone 0.0054 300 0 330 16
phone 0.0054 300 265 330 266
phone 0.0054 300 126 330 185
phone 0.0054 376 264 399 266
phone 0.0054 190 18 224 78
phone 0.0054 315 203 346 262
phone 0.0054 346 86 399 133
phone 0.0053 362 18 392 78
phone 0.0053 376 2 399 63
phone 0.0053 300 172 330 231
phone 0.0053 346 179 399 226
phone 0.0053 346 218 376 266
phone 0.0053 184 104 399 266
phone 0.0053 271 161 328 212
phone 0.0053 376 156 399 217
phone 0.0053 269 249 300 266
phone 0.0053 376 64 399 124
phone 0.0053 203 221 219 253
phone 0.0053 210 50 228 85
phone 0.0053 346 117 399 164
phone 0.0052 316 0 345 16
phone 0.0052 222 4 254 61
phone 0.0052 207 0 238 1
phone 0.0052 346 0 376 16
phone 0.0052 192 0 223 1
phone 0.0052 315 80 346 139
phone 0.0052 223 0 254 1
phone 0.0052 133 104 151 139
phone 0.0052 176 0 208 1
phone 0.0052 0 25 52 72
phone 0.0052 376 0 399 17
phone 0.0052 266 0 334 128
phone 0.0052 238 0 269 1
phone 0.0052 331 0 361 16
phone 0.0052 161 0 192 1
phone 0.0052 99 19 131 77
phone 0.0052 376 187 399 248
phone 0.0052 0 254 35 266
phone 0.0052 223 265 253 266
phone 0.0052 346 148 399 195
phone 0.0052 376 95 399 155
phone 0.0051 253 0 285 1
phone 0.0051 362 80 392 139
phone 0.0051 345 161 399 266
phone 0.0051 254 249 284 266
phone 0.0051 362 172 392 232
phone 0.0051 285 249 315 266
phone 0.0051 146 0 177 1
phone 0.0051 376 125 399 186
phone 0.0051 376 248 399 266
phone 0.0051 256 195 289 217
phone 0.0051 130 0 161 1
phone 0.0051 362 264 392 266
phone 0.0051 265 191 280 221
phone 0.0051 345 100 399 212
phone 0.0051 195 220 212 253
phone 0.0051 115 0 146 1
phone 0.0051 285 265 315 266
phone 0.0051 269 0 300 1
phone 0.0051 100 0 131 1
phone 0.0051 252 131 262 143
phone 0.0051 84 0 115 1
phone 0.0051 69 0 100 1
phone 0.0051 76 261 85 266
phone 0.0051 346 209 399 257
phone 0.0051 361 111 392 170
phone 0.0051 119 260 134 266
phone 0.0051 53 0 85 1
phone 0.0050 268 200 277 213
phone 0.0050 191 231 200 243
phone 0.0050 376 218 399 266
phone 0.0050 345 0 399 43
phone 0.0050 284 0 315 1
phone 0.0050 285 157 315 216
phone 0.0050 110 264 143 266
phone 0.0050 361 141 392 201
phone 0.0050 331 111 361 170
