phone 0.8863 80 123 249 319
phone 0.0904 117 115 238 250
phone 0.0860 58 110 196 244
phone 0.0595 36 122 156 279
phone 0.0557 19 66 234 277
phone 0.0513 65 171 200 332
phone 0.0431 96 231 207 330
phone 0.0426 32 75 159 213
phone 0.0277 0 89 138 254
phone 0.0234 62 41 181 182
phone 0.0215 0 97 60 238
phone 0.0212 140 165 272 280
phone 0.0209 170 227 260 343
phone 0.0203 192 181 293 334
phone 0.0185 98 97 215 204
phone 0.0184 41 193 149 319
phone 0.0184 10 150 115 307
phone 0.0171 87 252 173 316
phone 0.0170 126 195 256 312
phone 0.0159 10 39 120 182
phone 0.0152 44 183 123 262
phone 0.0151 51 4 141 156
phone 0.0144 85 8 167 150
phone 0.0140 0 62 92 222
phone 0.0139 121 239 231 359
phone 0.0138 182 129 302 274
phone 0.0136 203 41 295 173
phone 0.0135 158 189 255 257
phone 0.0131 0 49 51 170
phone 0.0131 61 225 168 343
phone 0.0128 127 238 225 301
phone 0.0126 113 264 187 364
phone 0.0126 127 255 163 313
phone 0.0124 61 165 137 250
phone 0.0124 162 88 263 205
phone 0.0124 0 0 195 224
phone 0.0123 132 39 220 252
phone 0.0122 59 202 139 275
phone 0.0120 41 270 127 390
phone 0.0119 0 175 49 300
phone 0.0119 29 204 108 272
phone 0.0119 0 208 70 329
phone 0.0117 233 68 306 213
phone 0.0116 144 221 238 286
phone 0.0115 76 123 153 199
phone 0.0111 90 206 170 301
phone 0.0111 186 204 259 272
phone 0.0110 10 240 97 358
phone 0.0110 71 284 159 399
phone 0.0109 42 222 125 285
phone 0.0107 112 256 147 313
phone 0.0106 151 255 232 314
phone 0.0106 108 137 306 376
phone 0.0102 63 137 135 216
phone 0.0100 175 179 269 236
phone 0.0100 113 2 197 152
phone 0.0099 239 124 306 259
phone 0.0099 142 256 179 312
phone 0.0098 240 188 306 318
phone 0.0095 0 207 42 269
phone 0.0095 204 196 239 249
phone 0.0095 48 302 120 358
phone 0.0094 5 62 71 137
phone 0.0093 32 286 105 344
phone 0.0093 92 135 168 219
phone 0.0093 0 110 40 181
phone 0.0093 119 283 203 399
phone 0.0093 17 13 90 154
phone 0.0093 0 133 11 265
phone 0.0093 0 45 10 173
phone 0.0093 75 149 153 235
phone 0.0092 134 272 218 327
phone 0.0092 61 234 137 303
phone 0.0091 0 174 41 240
phone 0.0091 187 284 258 345
phone 0.0090 63 109 135 182
phone 0.0090 139 301 213 360
phone 0.0089 17 270 90 329
phone 0.0089 0 240 60 297
phone 0.0089 79 316 151 375
phone 0.0088 73 180 156 266
phone 0.0088 180 3 262 155
phone 0.0088 0 167 6 295
phone 0.0087 12 133 93 189
phone 0.0087 189 226 224 280
phone 0.0087 0 141 40 212
phone 0.0087 74 269 155 330
phone 0.0086 147 267 237 393
phone 0.0086 199 161 276 223
phone 0.0086 200 269 275 330
phone 0.0085 232 238 305 300
phone 0.0085 174 257 208 311
phone 0.0085 65 210 102 266
phone 0.0084 0 148 26 265
phone 0.0084 60 285 138 345
phone 0.0083 216 253 290 315
phone 0.0083 102 172 188 274
phone 0.0083 0 255 75 313
phone 0.0083 205 182 270 263
phone 0.0083 45 269 123 330
phone 0.0082 211 235 296 363
phone 0.0082 50 149 117 235
phone 0.0082 240 126 297 196
phone 0.0082 51 210 86 266
phone 0.0082 0 101 27 220
phone 0.0081 249 221 306 285
phone 0.0081 146 0 233 156
phone 0.0081 127 314 195 376
phone 0.0081 16 187 89 258
phone 0.0080 5 86 39 144
phone 0.0080 67 301 100 359
phone 0.0080 20 70 55 128
phone 0.0079 81 226 116 281
phone 0.0079 14 160 92 224
phone 0.0079 249 158 306 225
phone 0.0078 52 286 85 344
phone 0.0078 0 224 23 282
phone 0.0077 15 220 91 287
phone 0.0077 93 299 167 362
phone 0.0077 205 286 239 343
phone 0.0076 0 101 23 159
phone 0.0076 0 131 24 190
phone 0.0076 0 147 78 206
phone 0.0075 236 131 269 190
phone 0.0075 159 302 193 358
phone 0.0075 37 270 69 328
phone 0.0074 81 132 116 190
phone 0.0074 155 282 228 347
phone 0.0074 229 208 306 268
phone 0.0074 90 107 169 184
phone 0.0074 117 70 174 129
phone 0.0074 36 139 101 213
phone 0.0074 86 42 143 96
phone 0.0074 267 131 300 190
phone 0.0074 29 115 108 176
phone 0.0074 101 57 159 111
phone 0.0074 97 256 131 312
phone 0.0073 205 224 239 282
phone 0.0073 10 102 96 158
phone 0.0073 220 178 254 236
phone 0.0073 224 118 282 173
phone 0.0073 77 91 152 170
phone 0.0073 159 272 193 327
phone 0.0073 0 190 60 255
phone 0.0073 53 34 114 104
phone 0.0073 35 44 102 124
phone 0.0072 31 235 106 302
phone 0.0072 0 115 78 176
phone 0.0072 189 255 224 313
phone 0.0072 187 195 226 251
phone 0.0072 28 83 108 146
phone 0.0072 49 160 80 185
phone 0.0072 260 154 306 291
phone 0.0071 39 26 98 80
phone 0.0071 83 316 115 375
phone 0.0071 70 28 129 79
phone 0.0071 157 241 194 296
phone 0.0071 48 95 120 165
phone 0.0071 96 132 133 190
phone 0.0071 64 50 134 119
phone 0.0070 0 197 24 248
phone 0.0070 199 132 276 191
phone 0.0070 251 240 285 297
phone 0.0070 201 234 274 303
phone 0.0070 254 120 306 171
phone 0.0070 194 102 251 158
phone 0.0070 49 125 119 197
phone 0.0070 36 133 70 188
phone 0.0069 21 255 54 313
phone 0.0069 220 271 254 327
phone 0.0069 231 175 306 239
phone 0.0069 56 156 73 189
phone 0.0069 172 226 210 281
phone 0.0069 175 299 239 361
phone 0.0069 146 49 207 180
phone 0.0068 36 210 70 266
phone 0.0068 24 39 82 99
phone 0.0068 97 302 131 359
phone 0.0068 36 55 70 113
phone 0.0068 68 24 100 82
phone 0.0068 236 256 270 312
phone 0.0068 148 86 204 144
phone 0.0067 82 61 146 138
phone 0.0067 82 287 116 343
phone 0.0066 0 29 19 189
phone 0.0066 266 85 306 205
phone 0.0066 6 254 38 313
phone 0.0066 256 259 306 309
phone 0.0066 79 178 119 237
phone 0.0066 7 29 69 77
phone 0.0066 0 72 37 127
phone 0.0066 23 290 83 399
phone 0.0066 210 305 266 355
phone 0.0065 240 274 296 324
phone 0.0065 7 0 69 110
phone 0.0065 0 45 53 93
phone 0.0065 38 24 68 82
phone 0.0065 0 192 7 252
phone 0.0065 66 241 100 296
phone 0.0065 148 337 204 385
phone 0.0065 222 138 285 215
phone 0.0065 67 271 100 328
phone 0.0065 0 224 39 343
phone 0.0064 225 289 281 340
phone 0.0064 266 210 300 266
phone 0.0064 99 334 161 387
phone 0.0064 23 323 83 369
phone 0.0064 46 66 122 133
phone 0.0064 284 116 306 174
phone 0.0064 235 18 306 135
phone 0.0064 113 302 147 358
phone 0.0064 38 316 68 375
phone 0.0064 0 162 7 221
phone 0.0063 34 163 103 252
phone 0.0063 177 90 237 140
phone 0.0063 35 164 70 219
phone 0.0063 0 196 2 327
phone 0.0063 143 301 177 359
phone 0.0063 281 142 306 272
phone 0.0063 269 76 306 123
phone 0.0063 0 131 7 191
phone 0.0063 0 238 7 299
phone 0.0063 82 256 116 312
phone 0.0063 253 273 306 387
phone 0.0063 174 286 208 343
phone 0.0063 23 24 53 82
phone 0.0063 175 54 240 174
phone 0.0063 115 39 145 98
phone 0.0062 51 132 85 189
phone 0.0062 0 55 22 113
phone 0.0062 62 79 136 151
phone 0.0062 5 225 39 282
phone 0.0062 266 179 301 235
phone 0.0062 7 275 68 384
phone 0.0062 268 42 306 156
phone 0.0062 7 39 38 98
phone 0.0062 0 261 22 307
phone 0.0062 284 367 306 399
phone 0.0062 251 147 285 206
phone 0.0062 254 306 306 354
phone 0.0061 60 166 69 179
phone 0.0061 52 333 116 399
phone 0.0061 64 177 103 237
phone 0.0061 161 319 222 372
phone 0.0061 0 0 23 95
phone 0.0061 254 270 284 329
phone 0.0061 205 269 270 391
phone 0.0061 163 92 220 169
phone 0.0061 128 286 162 343
phone 0.0061 59 47 305 237
phone 0.0061 53 368 114 399
phone 0.0061 223 300 253 360
phone 0.0061 8 307 68 353
phone 0.0060 287 181 306 233
phone 0.0060 192 86 222 143
phone 0.0060 0 29 37 77
phone 0.0060 239 322 298 369
phone 0.0060 268 332 306 399
phone 0.0060 300 368 306 399
phone 0.0060 0 292 52 338
phone 0.0060 130 55 161 113
phone 0.0060 7 285 37 345
phone 0.0060 23 300 53 360
phone 0.0060 269 45 306 93
phone 0.0060 20 164 54 220
phone 0.0060 253 367 306 399
phone 0.0060 285 91 306 139
phone 0.0060 300 178 306 236
phone 0.0060 298 332 306 399
phone 0.0060 0 332 23 399
phone 0.0060 208 337 267 385
phone 0.0059 238 106 299 154
phone 0.0059 254 60 306 108
phone 0.0059 238 285 268 345
phone 0.0059 268 0 306 110
phone 0.0059 68 362 100 399
phone 0.0059 254 29 306 77
phone 0.0059 162 331 191 391
phone 0.0059 269 107 306 154
phone 0.0059 285 30 306 77
phone 0.0059 269 291 306 338
phone 0.0059 100 24 130 82
phone 0.0059 0 11 38 126
phone 0.0059 221 0 285 95
phone 0.0059 300 70 306 208
phone 0.0059 253 91 306 139
phone 0.0059 160 0 224 95
phone 0.0059 300 245 306 292
phone 0.0059 285 54 306 113
phone 0.0059 108 92 182 169
phone 0.0059 0 367 38 399
phone 0.0059 53 362 84 399
phone 0.0059 98 0 162 95
phone 0.0059 236 225 270 281
phone 0.0059 176 320 238 399
phone 0.0059 50 55 86 113
phone 0.0058 39 338 98 384
phone 0.0058 251 210 285 266
phone 0.0058 20 133 54 189
phone 0.0058 269 300 299 359
phone 0.0058 54 14 114 62
phone 0.0058 298 212 306 324
phone 0.0058 54 331 84 391
phone 0.0058 0 363 7 399
phone 0.0058 100 330 130 392
phone 0.0058 96 75 164 155
phone 0.0058 0 39 7 98
phone 0.0058 81 56 116 112
phone 0.0058 285 337 306 385
phone 0.0058 0 277 36 322
phone 0.0058 177 29 237 77
phone 0.0058 285 276 306 323
phone 0.0057 51 255 85 313
phone 0.0057 282 163 306 220
phone 0.0057 300 85 306 144
phone 0.0057 300 23 306 83
phone 0.0057 192 315 222 376
phone 0.0057 238 101 268 159
phone 0.0057 220 133 254 189
phone 0.0057 283 243 306 355
phone 0.0057 253 316 284 375
phone 0.0057 115 330 145 391
phone 0.0057 162 60 221 108
phone 0.0057 0 337 52 385
phone 0.0057 84 362 115 399
phone 0.0057 253 101 284 159
phone 0.0057 223 331 253 390
phone 0.0057 0 306 22 354
phone 0.0057 23 14 83 62
phone 0.0057 67 117 101 174
phone 0.0057 271 243 306 294
phone 0.0057 66 147 101 206
phone 0.0057 205 255 239 313
phone 0.0057 269 23 299 83
phone 0.0056 269 54 299 113
phone 0.0056 300 54 306 113
phone 0.0056 51 103 85 158
phone 0.0056 287 212 306 264
phone 0.0056 208 29 268 77
phone 0.0056 146 29 206 77
phone 0.0056 254 23 284 83
phone 0.0056 116 29 175 77
phone 0.0056 22 367 84 399
phone 0.0056 282 194 306 251
phone 0.0056 0 273 23 387
phone 0.0056 251 179 285 235
phone 0.0056 192 347 222 399
phone 0.0056 269 85 299 144
phone 0.0056 146 330 176 391
phone 0.0056 223 91 283 139
phone 0.0056 300 270 306 328
phone 0.0056 0 84 7 145
phone 0.0056 0 322 37 369
phone 0.0055 0 331 7 390
phone 0.0055 239 45 298 93
phone 0.0055 110 132 149 190
phone 0.0055 36 240 70 297
phone 0.0055 220 240 254 297
phone 0.0055 222 304 284 399
phone 0.0055 0 0 6 30
phone 0.0055 81 102 116 159
phone 0.0055 238 353 299 399
phone 0.0055 219 208 255 268
phone 0.0055 36 103 70 158
phone 0.0055 193 76 252 123
phone 0.0055 0 0 7 64
phone 0.0055 131 45 191 93
phone 0.0055 299 42 306 156
phone 0.0055 177 315 207 376
phone 0.0055 192 23 222 83
phone 0.0055 146 367 207 399
phone 0.0055 53 8 84 67
phone 0.0055 69 331 99 391
phone 0.0055 0 288 39 399
phone 0.0055 20 225 54 281
phone 0.0055 85 14 144 62
phone 0.0055 37 363 69 399
phone 0.0055 192 45 252 93
phone 0.0055 194 322 251 369
phone 0.0055 222 367 284 399
phone 0.0055 177 23 207 83
phone 0.0054 283 289 306 399
phone 0.0054 0 14 52 62
phone 0.0054 0 300 7 360
phone 0.0054 208 23 237 83
phone 0.0054 8 331 37 390
phone 0.0054 300 208 306 268
phone 0.0054 161 70 191 128
phone 0.0054 269 269 299 329
phone 0.0054 238 23 268 83
phone 0.0054 299 116 306 174
phone 0.0054 8 353 68 399
phone 0.0054 177 54 207 113
phone 0.0054 238 316 268 375
phone 0.0054 130 330 161 391
phone 0.0054 236 162 270 221
phone 0.0054 238 76 299 123
phone 0.0054 96 71 132 128
phone 0.0054 23 331 53 390
phone 0.0054 192 54 222 113
phone 0.0054 99 362 130 399
phone 0.0054 239 14 298 62
phone 0.0054 301 153 306 200
phone 0.0054 84 368 145 399
phone 0.0054 223 23 253 83
phone 0.0054 162 23 191 83
phone 0.0054 299 0 306 109
phone 0.0053 0 0 21 30
phone 0.0053 131 23 160 83
phone 0.0053 114 0 176 64
phone 0.0053 270 146 306 207
phone 0.0053 297 119 306 233
phone 0.0053 0 269 7 329
phone 0.0053 238 363 269 399
phone 0.0053 50 162 86 221
phone 0.0053 193 14 252 62
phone 0.0053 285 307 306 354
phone 0.0053 300 316 306 375
phone 0.0053 269 14 306 62
phone 0.0053 146 23 176 83
phone 0.0053 22 363 54 399
phone 0.0053 208 60 268 108
phone 0.0053 266 223 306 344
phone 0.0053 174 145 270 209
phone 0.0053 66 87 101 143
phone 0.0053 254 346 284 399
phone 0.0053 145 363 177 399
phone 0.0053 94 224 134 283
phone 0.0052 131 14 190 62
phone 0.0052 100 0 160 31
phone 0.0052 208 69 237 129
phone 0.0052 0 0 52 30
phone 0.0052 69 0 129 46
phone 0.0052 145 0 207 64
phone 0.0052 300 0 306 31
phone 0.0052 301 199 306 247
phone 0.0052 84 8 115 67
phone 0.0052 115 8 146 67
phone 0.0052 100 0 130 51
phone 0.0052 207 0 269 64
phone 0.0052 114 363 146 399
phone 0.0052 192 353 252 399
phone 0.0052 0 128 146 387
phone 0.0052 284 0 306 46
phone 0.0052 131 0 190 30
phone 0.0052 223 69 253 129
phone 0.0052 223 0 283 30
phone 0.0052 176 0 238 64
phone 0.0052 111 314 141 339
phone 0.0052 193 0 252 30
phone 0.0052 263 246 296 269
phone 0.0051 160 362 192 399
phone 0.0051 235 193 270 252
phone 0.0051 272 242 288 272
phone 0.0051 296 163 306 281
phone 0.0051 254 69 283 129
phone 0.0051 162 0 221 30
phone 0.0051 38 0 99 46
phone 0.0051 222 363 254 399
phone 0.0051 208 315 237 376
phone 0.0051 130 363 161 399
phone 0.0051 253 0 306 46
phone 0.0051 70 354 129 399
phone 0.0051 115 368 175 399
phone 0.0051 162 353 221 399
phone 0.0051 69 0 99 51
phone 0.0051 66 56 101 112
phone 0.0051 20 102 54 158
phone 0.0051 24 0 83 30
phone 0.0051 7 8 38 67
phone 0.0051 130 0 161 51
phone 0.0051 8 0 68 46
phone 0.0050 275 251 285 264
phone 0.0050 54 0 113 31
phone 0.0050 177 346 207 399
phone 0.0050 157 136 187 163
phone 0.0050 207 347 238 399
phone 0.0050 239 69 268 129
phone 0.0050 146 54 176 113
phone 0.0050 298 274 306 386
