phone 0.8523 102 70 239 267
phone 0.1695 124 12 310 267
phone 0.1620 188 18 299 119
phone 0.1152 77 102 198 283
phone 0.0875 63 121 149 272
phone 0.0542 119 34 252 203
phone 0.0527 224 37 264 100
phone 0.0436 117 146 255 292
phone 0.0378 168 117 319 278
phone 0.0332 79 70 164 221
phone 0.0321 13 82 123 257
phone 0.0317 124 105 211 218
phone 0.0298 72 170 169 305
phone 0.0293 87 146 155 238
phone 0.0293 141 204 236 301
phone 0.0290 0 114 84 284
phone 0.0281 201 106 287 246
phone 0.0265 210 38 248 99
phone 0.0258 183 26 274 173
phone 0.0246 0 32 87 184
phone 0.0224 31 60 87 139
phone 0.0220 168 195 270 315
phone 0.0215 18 157 120 293
phone 0.0215 3 182 76 333
phone 0.0209 210 154 278 230
phone 0.0206 163 4 264 133
phone 0.0201 239 39 279 99
phone 0.0200 75 106 136 186
phone 0.0192 81 47 194 184
phone 0.0192 219 27 319 141
phone 0.0188 97 182 207 293
phone 0.0187 148 77 278 213
phone 0.0183 82 114 295 332
phone 0.0181 82 205 159 271
phone 0.0175 88 94 154 167
phone 0.0172 29 3 110 154
phone 0.0164 195 78 262 152
phone 0.0164 210 122 278 200
phone 0.0159 47 79 133 211
phone 0.0159 228 156 319 302
phone 0.0159 0 68 61 207
phone 0.0158 92 189 180 257
phone 0.0152 242 0 308 93
phone 0.0152 212 52 319 226
phone 0.0149 192 107 265 185
phone 0.0148 12 153 76 230
phone 0.0147 114 25 213 146
phone 0.0146 111 206 193 270
phone 0.0146 0 156 51 299
phone 0.0143 233 54 317 114
phone 0.0143 88 100 123 160
phone 0.0143 100 160 142 224
phone 0.0141 177 45 250 123
phone 0.0138 5 33 198 242
phone 0.0138 225 141 294 212
phone 0.0137 144 75 220 187
phone 0.0137 226 162 262 222
phone 0.0135 56 128 124 194
phone 0.0135 24 141 94 212
phone 0.0135 188 140 269 214
phone 0.0134 76 79 136 151
phone 0.0134 101 192 141 253
phone 0.0132 75 194 137 282
phone 0.0132 43 69 106 130
phone 0.0130 97 132 175 222
phone 0.0128 44 313 136 399
phone 0.0128 5 223 114 344
phone 0.0127 207 237 311 361
phone 0.0127 151 221 246 346
phone 0.0125 142 179 223 267
phone 0.0125 211 0 278 107
phone 0.0125 42 53 76 115
phone 0.0125 103 101 139 160
phone 0.0124 0 223 55 344
phone 0.0123 165 224 199 282
phone 0.0121 54 157 127 226
phone 0.0119 0 252 92 377
phone 0.0118 273 140 319 261
phone 0.0118 82 0 300 176
phone 0.0117 210 85 246 144
phone 0.0115 86 145 125 208
phone 0.0114 27 162 61 221
phone 0.0114 83 205 189 332
phone 0.0113 247 109 319 243
phone 0.0112 198 160 290 284
phone 0.0110 73 101 107 159
phone 0.0110 62 222 142 347
phone 0.0109 108 165 195 250
phone 0.0108 100 237 203 361
phone 0.0108 226 131 262 191
phone 0.0107 61 17 142 139
phone 0.0107 27 70 61 129
phone 0.0107 47 53 153 169
phone 0.0106 101 130 140 192
phone 0.0106 0 127 48 194
phone 0.0105 209 95 279 165
phone 0.0105 100 103 173 188
phone 0.0105 134 210 169 266
phone 0.0105 58 86 92 143
phone 0.0105 73 132 107 190
phone 0.0105 184 178 273 237
phone 0.0104 23 170 96 244
phone 0.0104 272 0 319 101
phone 0.0104 239 162 311 222
phone 0.0102 224 64 295 135
phone 0.0101 0 114 38 238
phone 0.0100 73 269 170 391
phone 0.0100 257 56 292 112
phone 0.0100 6 238 82 300
phone 0.0100 0 44 14 171
phone 0.0099 225 175 294 239
phone 0.0099 85 237 157 301
phone 0.0099 104 225 138 282
phone 0.0099 170 92 257 169
phone 0.0098 157 242 239 296
phone 0.0098 1 107 204 343
phone 0.0098 115 85 188 176
phone 0.0098 41 114 109 178
phone 0.0098 157 0 230 95
phone 0.0097 258 0 292 51
phone 0.0097 85 174 126 240
phone 0.0097 42 348 108 399
phone 0.0097 149 208 185 268
phone 0.0097 189 209 269 267
phone 0.0096 155 315 187 338
phone 0.0096 163 311 179 342
phone 0.0096 140 322 172 346
phone 0.0095 0 254 49 314
phone 0.0095 245 0 304 33
phone 0.0095 31 263 119 396
phone 0.0095 59 54 91 113
phone 0.0095 100 0 165 107
phone 0.0095 0 330 0 399
phone 0.0095 124 0 202 112
phone 0.0094 148 319 163 349
phone 0.0094 241 147 277 206
phone 0.0094 41 148 77 205
phone 0.0094 58 362 123 399
phone 0.0093 73 163 107 220
phone 0.0093 183 252 275 377
phone 0.0093 6 269 82 330
phone 0.0093 102 175 132 201
phone 0.0093 41 84 77 145
phone 0.0093 166 320 176 333
phone 0.0093 93 225 179 282
phone 0.0092 206 286 282 343
phone 0.0092 119 44 184 124
phone 0.0091 153 122 242 232
phone 0.0091 151 328 160 341
phone 0.0091 209 190 279 255
phone 0.0091 195 40 231 98
phone 0.0091 289 9 319 67
phone 0.0091 170 188 256 258
phone 0.0090 0 131 8 271
phone 0.0090 142 250 224 379
phone 0.0090 74 348 138 399
phone 0.0090 32 196 118 250
phone 0.0090 147 253 219 315
phone 0.0090 220 271 299 328
phone 0.0089 37 255 113 313
phone 0.0089 209 116 247 175
phone 0.0089 177 16 250 91
phone 0.0088 87 207 124 269
phone 0.0088 132 233 203 304
phone 0.0088 256 144 319 209
phone 0.0088 117 194 155 251
phone 0.0087 103 61 170 137
phone 0.0087 57 148 92 205
phone 0.0086 225 111 294 180
phone 0.0086 163 268 233 331
phone 0.0086 238 86 312 144
phone 0.0086 253 69 319 130
phone 0.0086 258 163 291 220
phone 0.0086 173 223 253 283
phone 0.0086 10 200 79 276
phone 0.0085 108 171 126 205
phone 0.0085 0 193 49 252
phone 0.0085 0 142 64 210
phone 0.0085 33 228 117 279
phone 0.0084 9 302 79 358
phone 0.0084 237 133 313 189
phone 0.0084 210 159 240 186
phone 0.0083 89 323 154 399
phone 0.0083 146 47 219 121
phone 0.0083 102 299 171 361
phone 0.0083 0 146 31 207
phone 0.0083 94 136 125 163
phone 0.0082 230 0 289 58
phone 0.0082 243 250 308 318
phone 0.0082 268 32 319 166
phone 0.0082 242 178 276 236
phone 0.0082 157 62 238 138
phone 0.0082 140 125 195 197
phone 0.0081 181 256 214 312
phone 0.0081 115 285 189 345
phone 0.0080 181 226 215 281
phone 0.0080 124 330 156 354
phone 0.0080 273 51 319 117
phone 0.0080 58 117 92 174
phone 0.0080 293 164 319 219
phone 0.0080 241 188 309 257
phone 0.0080 0 222 48 284
phone 0.0079 0 19 17 132
phone 0.0079 259 202 319 274
phone 0.0079 226 101 261 159
phone 0.0079 98 254 175 314
phone 0.0079 205 255 283 314
phone 0.0079 194 70 232 129
phone 0.0079 58 331 91 390
phone 0.0079 198 229 259 308
phone 0.0079 23 283 96 346
phone 0.0079 209 148 248 205
phone 0.0079 28 88 91 172
phone 0.0079 0 284 64 346
phone 0.0079 242 70 276 129
phone 0.0078 132 326 148 357
phone 0.0078 255 114 319 177
phone 0.0078 27 256 61 312
phone 0.0078 216 156 234 189
phone 0.0077 150 283 216 346
phone 0.0077 61 56 119 112
phone 0.0077 227 204 292 272
phone 0.0077 180 25 215 82
phone 0.0077 86 266 157 333
phone 0.0077 170 307 203 330
phone 0.0077 0 116 30 174
phone 0.0077 180 248 247 320
phone 0.0077 258 7 319 70
phone 0.0076 12 163 45 220
phone 0.0076 179 303 194 334
phone 0.0076 211 210 245 265
phone 0.0076 306 178 319 236
phone 0.0076 101 132 118 166
phone 0.0076 40 297 110 363
phone 0.0076 0 270 29 329
phone 0.0076 166 255 199 313
phone 0.0076 0 239 29 297
phone 0.0076 197 303 261 357
phone 0.0076 227 286 261 343
phone 0.0076 273 132 307 189
phone 0.0076 29 328 91 399
phone 0.0075 220 241 299 297
phone 0.0075 227 194 261 251
phone 0.0075 0 39 46 159
phone 0.0075 130 269 205 330
phone 0.0075 305 0 319 113
phone 0.0075 58 256 91 312
phone 0.0075 242 286 276 343
phone 0.0075 274 0 307 51
phone 0.0075 182 312 191 325
phone 0.0075 112 182 122 194
phone 0.0075 57 180 92 235
phone 0.0075 89 333 122 389
phone 0.0074 240 221 310 286
phone 0.0074 211 180 246 234
phone 0.0074 210 219 278 287
phone 0.0074 134 55 169 113
phone 0.0074 135 335 145 348
phone 0.0073 0 85 63 145
phone 0.0073 104 316 137 374
phone 0.0073 89 69 122 129
phone 0.0073 258 255 291 313
phone 0.0073 195 8 231 67
phone 0.0073 198 0 261 74
phone 0.0073 41 178 77 236
phone 0.0073 272 80 319 211
phone 0.0073 149 39 185 98
phone 0.0072 10 108 79 183
phone 0.0072 258 86 291 143
phone 0.0072 120 301 153 359
phone 0.0072 297 17 319 139
phone 0.0072 119 70 153 128
phone 0.0072 28 301 60 359
phone 0.0072 42 271 76 327
phone 0.0072 178 283 249 346
phone 0.0072 31 42 88 95
phone 0.0071 0 147 14 205
phone 0.0071 119 226 153 281
phone 0.0071 293 103 319 157
phone 0.0071 292 40 319 97
phone 0.0071 54 282 127 347
phone 0.0071 0 0 1 99
phone 0.0071 150 239 184 298
phone 0.0070 194 264 264 334
phone 0.0070 113 265 191 395
phone 0.0070 273 86 307 143
phone 0.0070 167 0 229 47
phone 0.0070 258 194 291 251
phone 0.0069 68 299 143 362
phone 0.0069 273 177 307 237
phone 0.0069 73 194 107 251
phone 0.0069 104 255 138 313
phone 0.0069 44 330 75 391
phone 0.0069 309 116 319 226
phone 0.0069 73 333 107 389
phone 0.0069 0 73 44 126
phone 0.0069 314 0 319 98
phone 0.0069 258 133 291 189
phone 0.0068 182 0 214 51
phone 0.0068 289 70 319 129
phone 0.0068 243 0 276 37
phone 0.0068 211 239 246 298
phone 0.0068 287 111 319 241
phone 0.0068 242 208 276 267
phone 0.0068 196 240 230 297
phone 0.0068 26 224 61 282
phone 0.0068 306 100 319 160
phone 0.0068 0 209 30 267
phone 0.0068 58 226 91 281
phone 0.0068 87 128 117 155
phone 0.0068 220 166 230 179
phone 0.0068 244 280 306 349
phone 0.0067 165 24 200 82
phone 0.0067 43 301 76 359
phone 0.0067 0 178 30 235
phone 0.0067 104 69 138 129
phone 0.0067 242 117 277 174
phone 0.0067 274 223 307 283
phone 0.0067 184 0 243 32
phone 0.0067 242 256 276 311
phone 0.0067 293 197 319 248
phone 0.0067 304 46 319 174
phone 0.0067 199 300 228 360
phone 0.0067 135 286 168 343
phone 0.0067 169 305 227 355
phone 0.0066 26 132 61 190
phone 0.0066 153 10 212 66
phone 0.0066 105 29 168 77
phone 0.0066 56 234 125 303
phone 0.0065 105 143 114 156
phone 0.0065 213 300 244 360
phone 0.0065 258 225 291 282
phone 0.0065 58 286 92 343
phone 0.0065 0 99 1 222
phone 0.0065 11 101 45 159
phone 0.0065 13 300 44 360
phone 0.0065 117 338 148 361
phone 0.0064 197 332 261 399
phone 0.0064 305 70 319 128
phone 0.0064 180 56 216 112
phone 0.0064 276 321 319 370
phone 0.0064 93 132 111 166
phone 0.0064 0 200 8 323
phone 0.0064 42 210 76 266
phone 0.0064 306 147 319 205
phone 0.0064 93 361 149 399
phone 0.0064 27 101 61 159
phone 0.0063 121 14 183 62
phone 0.0063 167 0 198 51
phone 0.0063 26 192 62 252
phone 0.0063 119 256 153 312
phone 0.0063 89 239 122 298
phone 0.0063 227 224 261 282
phone 0.0063 274 288 319 399
phone 0.0063 125 334 140 365
phone 0.0063 135 240 168 297
phone 0.0063 150 271 184 328
phone 0.0063 44 361 76 399
phone 0.0063 199 0 229 37
phone 0.0063 121 24 152 82
phone 0.0063 227 256 261 312
phone 0.0063 136 23 168 82
phone 0.0062 198 367 260 399
phone 0.0062 118 101 155 159
phone 0.0062 40 98 71 124
phone 0.0062 42 241 76 296
phone 0.0062 64 113 94 140
phone 0.0061 11 239 46 298
phone 0.0061 226 71 261 128
phone 0.0061 195 211 231 265
phone 0.0061 227 300 292 360
phone 0.0061 104 286 138 343
phone 0.0061 0 307 29 353
phone 0.0061 187 67 217 93
phone 0.0061 271 189 319 317
phone 0.0061 73 224 107 282
phone 0.0061 183 300 213 361
phone 0.0061 14 304 74 399
phone 0.0061 171 303 187 335
phone 0.0061 146 85 188 145
phone 0.0061 73 302 107 358
phone 0.0061 115 146 158 207
phone 0.0060 0 128 17 255
phone 0.0060 215 0 274 41
phone 0.0060 12 270 45 328
phone 0.0060 213 362 245 399
phone 0.0060 116 171 134 205
phone 0.0060 262 234 319 303
phone 0.0060 163 70 202 129
phone 0.0060 289 131 319 191
phone 0.0060 0 269 14 329
phone 0.0060 128 343 137 356
phone 0.0060 0 300 13 360
phone 0.0060 0 290 44 399
phone 0.0060 136 0 198 46
phone 0.0059 161 192 203 253
phone 0.0059 13 5 76 131
phone 0.0059 307 208 319 268
phone 0.0059 261 337 319 385
phone 0.0059 246 321 303 370
phone 0.0059 0 323 43 368
phone 0.0059 306 367 319 399
phone 0.0059 0 319 24 399
phone 0.0059 153 0 212 31
phone 0.0059 291 331 319 390
phone 0.0059 138 21 196 86
phone 0.0059 196 270 230 328
phone 0.0059 305 332 319 399
phone 0.0059 0 60 30 108
phone 0.0059 255 315 287 338
phone 0.0059 0 30 29 77
phone 0.0059 143 335 153 348
phone 0.0059 0 125 2 257
phone 0.0058 291 224 319 283
phone 0.0058 106 24 136 82
phone 0.0058 29 331 59 390
phone 0.0058 140 327 155 357
phone 0.0058 152 0 183 51
phone 0.0058 0 0 61 95
phone 0.0058 263 311 279 342
phone 0.0058 73 271 107 328
phone 0.0058 0 0 29 110
phone 0.0058 307 15 319 62
phone 0.0058 47 94 64 128
phone 0.0057 211 270 245 328
phone 0.0057 28 39 61 98
phone 0.0057 89 270 122 328
phone 0.0057 292 306 319 354
phone 0.0057 168 300 198 361
phone 0.0057 193 63 211 97
phone 0.0057 0 367 29 399
phone 0.0057 88 302 122 358
phone 0.0057 0 9 1 128
phone 0.0057 228 362 260 399
phone 0.0057 198 363 229 399
phone 0.0057 87 113 117 140
phone 0.0057 0 161 0 283
phone 0.0057 0 270 1 390
phone 0.0056 74 0 138 95
phone 0.0056 0 57 60 111
phone 0.0056 303 162 319 283
phone 0.0056 0 44 45 93
phone 0.0056 70 109 88 144
phone 0.0056 0 23 13 82
phone 0.0056 241 213 271 240
phone 0.0056 275 331 306 390
phone 0.0056 0 332 61 399
phone 0.0056 106 346 136 399
phone 0.0056 0 208 1 328
phone 0.0056 290 367 319 399
phone 0.0056 174 312 184 325
phone 0.0056 167 332 230 399
phone 0.0056 272 42 307 96
phone 0.0055 0 363 14 399
phone 0.0055 90 44 152 93
phone 0.0055 276 0 319 31
phone 0.0055 313 147 319 256
phone 0.0055 228 332 292 399
phone 0.0055 30 0 89 30
phone 0.0055 97 143 107 156
phone 0.0055 0 55 1 174
phone 0.0055 266 320 276 333
phone 0.0055 260 315 290 376
phone 0.0055 0 14 44 62
phone 0.0055 44 0 106 64
phone 0.0055 0 337 13 385
phone 0.0055 289 257 319 372
phone 0.0055 245 315 275 376
phone 0.0055 13 362 45 399
phone 0.0055 14 367 74 399
phone 0.0055 306 300 319 359
phone 0.0055 152 367 213 399
phone 0.0054 33 67 63 93
phone 0.0054 61 0 120 30
phone 0.0054 91 14 151 62
phone 0.0054 13 24 44 82
phone 0.0054 13 0 75 64
phone 0.0054 183 363 214 399
phone 0.0054 11 208 46 267
phone 0.0054 138 353 197 399
phone 0.0054 213 304 275 399
phone 0.0054 120 332 184 399
phone 0.0053 229 331 260 391
phone 0.0053 159 328 168 341
phone 0.0053 137 0 167 51
phone 0.0053 156 319 171 349
phone 0.0053 275 353 319 399
phone 0.0053 225 190 255 217
phone 0.0053 137 302 198 358
phone 0.0053 97 136 107 148
phone 0.0053 92 0 151 30
phone 0.0053 0 238 14 299
phone 0.0053 0 89 29 140
phone 0.0053 45 0 74 37
phone 0.0053 122 0 182 30
phone 0.0053 167 363 198 399
phone 0.0053 61 14 120 62
phone 0.0053 183 331 213 390
phone 0.0053 30 0 59 37
phone 0.0052 61 0 90 37
phone 0.0052 245 353 305 399
phone 0.0052 14 29 75 78
phone 0.0052 91 24 121 82
phone 0.0052 28 362 60 399
phone 0.0052 154 337 212 385
phone 0.0052 202 136 232 163
phone 0.0052 131 100 172 160
phone 0.0052 142 158 192 225
phone 0.0052 76 0 105 37
phone 0.0052 184 353 243 399
phone 0.0052 0 0 58 30
phone 0.0052 193 102 233 159
phone 0.0052 25 105 55 132
phone 0.0052 152 347 183 399
phone 0.0052 229 367 290 399
phone 0.0052 30 14 90 62
phone 0.0052 64 74 94 101
phone 0.0051 120 182 130 194
phone 0.0051 292 275 319 324
phone 0.0051 168 331 198 390
phone 0.0051 93 109 111 144
phone 0.0051 122 367 182 399
phone 0.0051 247 209 265 243
phone 0.0051 87 174 117 201
phone 0.0051 106 0 167 46
phone 0.0051 91 0 121 37
phone 0.0051 0 76 14 123
phone 0.0051 260 347 290 399
phone 0.0051 174 320 184 333
phone 0.0051 39 63 57 97
phone 0.0051 307 245 319 292
phone 0.0051 0 107 15 154
phone 0.0051 0 0 12 30
phone 0.0050 306 270 319 328
phone 0.0050 107 0 136 37
phone 0.0050 75 8 106 67
phone 0.0050 29 8 60 67
phone 0.0050 305 212 319 325
phone 0.0050 122 0 151 37
