phone 0.8922 65 87 209 328
phone 0.0521 81 68 190 227
phone 0.0431 124 118 245 291
phone 0.0408 63 129 157 285
phone 0.0387 128 90 214 232
phone 0.0339 105 237 222 333
phone 0.0307 54 175 168 331
phone 0.0245 33 113 125 288
phone 0.0243 104 165 207 310
phone 0.0241 3 151 75 303
phone 0.0226 69 230 148 339
phone 0.0222 167 156 266 304
phone 0.0221 40 189 117 327
phone 0.0215 118 117 193 205
phone 0.0214 58 0 158 162
phone 0.0205 56 94 134 228
phone 0.0196 0 92 87 249
phone 0.0179 26 44 120 176
phone 0.0174 1 201 65 275
phone 0.0173 147 154 226 230
phone 0.0170 119 189 256 321
phone 0.0167 74 164 146 251
phone 0.0162 59 137 264 370
phone 0.0160 66 205 123 302
phone 0.0158 152 131 191 192
phone 0.0155 113 143 199 241
phone 0.0154 73 58 147 202
phone 0.0152 138 107 205 184
phone 0.0147 75 216 145 291
phone 0.0146 178 72 266 205
phone 0.0146 149 184 224 261
phone 0.0144 47 130 111 192
phone 0.0141 4 204 92 333
phone 0.0140 0 65 160 330
phone 0.0136 160 94 245 228
phone 0.0133 65 143 124 240
phone 0.0133 1 169 65 246
phone 0.0130 92 218 189 350
phone 0.0127 150 219 224 288
phone 0.0125 117 200 195 276
phone 0.0125 63 110 126 182
phone 0.0123 184 233 266 347
phone 0.0122 209 207 266 314
phone 0.0122 78 93 141 168
phone 0.0121 2 139 64 214
phone 0.0121 83 185 167 261
phone 0.0119 15 192 50 253
phone 0.0118 123 15 209 142
phone 0.0117 76 146 112 207
phone 0.0116 62 147 96 206
phone 0.0116 16 223 50 283
phone 0.0116 64 270 156 390
phone 0.0115 159 249 246 380
phone 0.0113 205 89 266 251
phone 0.0111 45 219 114 288
phone 0.0111 13 239 84 299
phone 0.0109 46 186 112 259
phone 0.0107 20 237 107 361
phone 0.0107 140 216 233 352
phone 0.0107 14 33 199 246
phone 0.0107 92 79 158 151
phone 0.0107 47 155 111 228
phone 0.0107 78 115 111 175
phone 0.0106 92 240 127 298
phone 0.0105 169 129 235 193
phone 0.0105 16 147 50 206
phone 0.0105 119 41 194 188
phone 0.0104 146 41 248 178
phone 0.0103 104 232 177 306
phone 0.0102 124 92 188 169
phone 0.0102 93 101 127 159
phone 0.0102 0 28 90 188
phone 0.0100 135 130 177 192
phone 0.0100 161 179 244 236
phone 0.0099 167 163 206 221
phone 0.0098 107 269 206 391
phone 0.0098 75 206 113 270
phone 0.0096 91 208 128 268
phone 0.0096 87 146 164 238
phone 0.0095 161 210 244 266
phone 0.0095 62 209 96 267
phone 0.0094 168 284 237 345
phone 0.0092 134 231 208 307
phone 0.0092 93 51 158 117
phone 0.0091 18 129 79 193
phone 0.0091 73 301 147 359
phone 0.0090 90 107 161 184
phone 0.0090 169 225 204 282
phone 0.0090 76 237 113 300
phone 0.0089 63 115 95 176
phone 0.0089 182 254 254 314
phone 0.0089 167 193 206 252
phone 0.0088 108 86 142 144
phone 0.0088 32 82 96 209
phone 0.0088 2 192 33 252
phone 0.0088 169 117 204 175
phone 0.0087 103 266 179 333
phone 0.0086 90 176 130 238
phone 0.0086 35 119 92 173
phone 0.0086 151 299 223 361
phone 0.0086 62 178 96 236
phone 0.0085 151 249 222 319
phone 0.0085 93 271 126 328
phone 0.0085 26 148 101 205
phone 0.0085 0 114 49 238
phone 0.0085 24 211 104 265
phone 0.0084 13 159 84 224
phone 0.0083 28 273 99 326
phone 0.0083 31 225 65 282
phone 0.0082 186 140 249 213
phone 0.0082 201 186 265 259
phone 0.0082 32 255 65 313
phone 0.0082 203 121 263 171
phone 0.0081 1 162 33 221
phone 0.0081 0 195 50 310
phone 0.0080 181 221 254 285
phone 0.0080 185 115 219 175
phone 0.0079 108 39 142 98
phone 0.0079 91 131 129 191
phone 0.0079 75 175 114 239
phone 0.0079 121 315 191 376
phone 0.0079 43 285 115 345
phone 0.0078 85 250 165 318
phone 0.0078 62 240 96 297
phone 0.0078 31 194 65 251
phone 0.0078 201 256 234 312
phone 0.0078 109 65 172 133
phone 0.0078 218 116 249 174
phone 0.0078 202 116 234 174
phone 0.0078 185 195 219 250
phone 0.0077 162 240 242 297
phone 0.0076 93 301 126 359
phone 0.0076 0 208 18 267
phone 0.0076 45 250 113 318
phone 0.0076 123 256 158 312
phone 0.0075 25 180 103 235
phone 0.0075 156 101 218 159
phone 0.0075 137 209 175 267
phone 0.0074 138 101 174 159
phone 0.0074 103 299 179 361
phone 0.0073 74 310 135 392
phone 0.0073 152 224 190 282
phone 0.0073 216 208 250 268
phone 0.0073 209 46 266 167
phone 0.0073 0 177 18 237
phone 0.0073 93 0 158 96
phone 0.0072 47 270 80 328
phone 0.0072 117 283 195 347
phone 0.0072 170 302 203 359
phone 0.0071 216 159 266 225
phone 0.0071 92 318 159 373
phone 0.0071 220 135 266 188
phone 0.0070 122 209 159 267
phone 0.0070 201 146 234 206
phone 0.0070 0 122 49 169
phone 0.0069 185 226 219 281
phone 0.0069 185 271 219 327
phone 0.0069 63 76 126 123
phone 0.0069 45 266 114 393
phone 0.0069 231 178 265 236
phone 0.0069 0 230 33 277
phone 0.0069 46 195 80 250
phone 0.0069 2 0 265 183
phone 0.0069 78 301 111 359
phone 0.0069 47 149 80 204
phone 0.0068 0 146 18 206
phone 0.0068 85 284 165 346
phone 0.0068 63 286 95 344
phone 0.0068 201 225 234 281
phone 0.0068 63 0 127 95
phone 0.0068 200 269 266 390
phone 0.0067 140 317 172 374
phone 0.0067 0 137 34 185
phone 0.0067 80 9 141 127
phone 0.0067 232 112 266 240
phone 0.0067 31 163 65 220
phone 0.0067 185 164 219 220
phone 0.0067 79 70 110 129
phone 0.0067 169 256 204 312
phone 0.0067 216 238 250 299
phone 0.0067 143 85 200 145
phone 0.0066 104 177 146 237
phone 0.0066 204 305 261 355
phone 0.0065 200 193 234 251
phone 0.0065 0 244 49 294
phone 0.0065 124 316 157 375
phone 0.0065 79 14 141 62
phone 0.0065 138 257 173 312
phone 0.0065 228 160 266 285
phone 0.0065 232 147 265 205
phone 0.0064 216 177 250 236
phone 0.0064 112 26 169 81
phone 0.0064 140 71 172 128
phone 0.0064 79 43 141 95
phone 0.0064 219 91 266 139
phone 0.0063 0 244 48 354
phone 0.0063 216 147 250 206
phone 0.0063 60 167 90 194
phone 0.0062 0 276 48 323
phone 0.0062 234 291 266 339
phone 0.0062 188 105 247 155
phone 0.0062 109 9 142 67
phone 0.0062 80 24 110 82
phone 0.0062 49 30 110 77
phone 0.0062 232 258 266 371
phone 0.0062 120 132 160 190
phone 0.0062 110 316 141 375
phone 0.0062 154 302 188 358
phone 0.0062 263 332 266 399
phone 0.0061 94 38 126 98
phone 0.0061 264 367 266 399
phone 0.0061 0 88 34 202
phone 0.0061 107 117 143 175
phone 0.0061 172 30 232 77
phone 0.0061 3 269 33 329
phone 0.0061 154 256 189 312
phone 0.0061 218 300 248 360
phone 0.0061 17 254 49 314
phone 0.0061 34 323 94 368
phone 0.0061 49 316 79 375
phone 0.0061 186 0 250 95
phone 0.0060 106 210 144 266
phone 0.0060 219 248 266 335
phone 0.0060 64 367 125 399
phone 0.0060 219 322 266 369
phone 0.0060 32 116 65 175
phone 0.0060 98 333 172 399
phone 0.0060 94 8 126 67
phone 0.0060 34 60 94 108
phone 0.0060 234 106 266 154
phone 0.0060 76 175 106 201
phone 0.0060 155 0 219 95
phone 0.0060 0 332 19 399
phone 0.0060 64 23 95 82
phone 0.0059 232 209 265 267
phone 0.0059 0 367 18 399
phone 0.0059 203 76 263 123
phone 0.0059 0 332 3 399
phone 0.0059 249 285 266 344
phone 0.0059 48 332 111 399
phone 0.0059 249 194 266 251
phone 0.0059 48 27 111 140
phone 0.0059 0 367 2 399
phone 0.0059 250 260 266 308
phone 0.0059 249 132 266 190
phone 0.0059 18 275 79 385
phone 0.0059 249 337 266 385
phone 0.0059 140 332 204 399
phone 0.0059 47 226 80 281
phone 0.0059 233 73 266 187
phone 0.0059 0 116 17 175
phone 0.0059 123 286 157 343
phone 0.0059 0 337 32 385
phone 0.0059 0 239 18 298
phone 0.0059 32 0 96 95
phone 0.0059 142 30 201 77
phone 0.0059 188 60 247 108
phone 0.0059 171 12 234 125
phone 0.0058 187 23 217 82
phone 0.0058 0 322 48 369
phone 0.0058 3 60 63 108
phone 0.0058 204 337 263 385
phone 0.0058 0 0 1 30
phone 0.0058 248 227 266 340
phone 0.0058 3 292 64 338
phone 0.0058 203 30 263 77
phone 0.0058 94 69 126 129
phone 0.0058 108 257 142 311
phone 0.0058 18 307 79 353
phone 0.0058 203 23 233 82
phone 0.0058 249 367 266 399
phone 0.0058 0 306 32 354
phone 0.0058 186 301 218 360
phone 0.0058 0 0 2 64
phone 0.0058 3 100 33 159
phone 0.0058 234 69 264 129
phone 0.0058 18 285 48 345
phone 0.0058 18 45 79 92
phone 0.0058 33 300 64 360
phone 0.0058 0 288 49 399
phone 0.0058 79 362 111 399
phone 0.0057 64 54 95 113
phone 0.0057 218 60 266 108
phone 0.0057 265 122 266 169
phone 0.0057 0 367 48 399
phone 0.0057 221 296 237 326
phone 0.0057 3 91 63 139
phone 0.0057 18 76 79 123
phone 0.0057 224 305 234 318
phone 0.0057 49 54 79 113
phone 0.0057 265 337 266 385
phone 0.0057 249 60 266 108
phone 0.0057 249 85 266 144
phone 0.0057 17 11 80 125
phone 0.0057 125 9 157 67
phone 0.0057 265 353 266 399
phone 0.0057 123 0 189 96
phone 0.0057 172 23 202 82
phone 0.0057 66 163 84 197
phone 0.0057 213 300 246 322
phone 0.0057 0 214 2 262
phone 0.0057 217 0 266 110
phone 0.0057 65 338 124 384
phone 0.0057 203 300 233 360
phone 0.0057 0 192 2 252
phone 0.0057 34 54 64 113
phone 0.0057 263 89 266 202
phone 0.0057 233 332 266 399
phone 0.0057 174 321 230 370
phone 0.0057 248 27 266 140
phone 0.0057 218 69 248 129
phone 0.0057 64 362 95 399
phone 0.0057 95 368 156 399
phone 0.0057 249 30 266 77
phone 0.0057 49 23 79 82
phone 0.0057 132 159 180 224
phone 0.0056 139 287 173 343
phone 0.0056 156 24 187 82
phone 0.0056 80 331 110 391
phone 0.0056 264 254 266 313
phone 0.0056 0 337 2 385
phone 0.0056 264 100 266 159
phone 0.0056 0 165 3 279
phone 0.0056 94 362 126 399
phone 0.0056 203 54 233 113
phone 0.0056 123 86 158 144
phone 0.0056 186 303 249 399
phone 0.0056 0 57 49 172
phone 0.0056 0 276 17 323
phone 0.0056 2 332 65 399
phone 0.0056 33 367 95 399
phone 0.0056 265 76 266 123
phone 0.0055 265 30 266 77
phone 0.0055 0 75 48 123
phone 0.0055 0 45 48 93
phone 0.0055 18 54 48 113
phone 0.0055 250 0 266 30
phone 0.0055 218 23 248 82
phone 0.0055 110 362 141 399
phone 0.0055 0 322 17 370
phone 0.0055 3 30 63 77
phone 0.0055 0 0 17 30
phone 0.0055 18 331 48 390
phone 0.0055 124 39 157 97
phone 0.0055 59 163 77 197
phone 0.0055 248 163 266 220
phone 0.0055 128 57 184 111
phone 0.0055 218 367 266 399
phone 0.0055 263 42 266 156
phone 0.0055 248 0 266 64
phone 0.0055 218 331 248 390
phone 0.0055 188 54 217 113
phone 0.0055 234 23 264 82
phone 0.0055 141 24 172 82
phone 0.0055 0 11 49 126
phone 0.0055 263 0 266 110
phone 0.0055 125 362 157 399
phone 0.0055 0 168 2 216
phone 0.0055 159 337 215 385
phone 0.0055 0 245 2 293
phone 0.0055 0 257 18 372
phone 0.0055 18 85 48 144
phone 0.0055 265 322 266 370
phone 0.0055 219 0 266 30
phone 0.0054 149 176 194 238
phone 0.0054 265 183 266 231
phone 0.0054 264 54 266 113
phone 0.0054 79 0 110 51
phone 0.0054 19 337 78 385
phone 0.0054 82 171 100 205
phone 0.0054 34 23 64 82
phone 0.0054 265 0 266 30
phone 0.0054 48 362 80 399
phone 0.0054 264 300 266 359
phone 0.0054 0 137 2 185
phone 0.0054 49 0 110 46
phone 0.0054 264 0 266 64
phone 0.0054 0 211 3 326
phone 0.0054 127 14 186 62
phone 0.0054 0 306 2 354
phone 0.0054 0 275 2 323
phone 0.0054 0 119 3 233
phone 0.0054 263 150 266 264
phone 0.0054 173 353 232 399
phone 0.0054 67 292 99 315
phone 0.0053 33 363 64 399
phone 0.0053 265 168 266 216
phone 0.0053 264 147 266 205
phone 0.0053 108 287 142 343
phone 0.0053 205 307 238 330
phone 0.0053 173 90 232 140
phone 0.0053 0 0 33 64
phone 0.0053 0 273 3 387
phone 0.0053 202 0 264 64
phone 0.0053 203 331 233 390
phone 0.0053 18 23 48 82
phone 0.0053 64 0 95 51
phone 0.0053 68 114 98 139
phone 0.0053 3 54 33 113
phone 0.0053 176 151 206 178
phone 0.0053 141 0 202 46
phone 0.0053 265 214 266 262
phone 0.0053 75 288 91 319
phone 0.0053 188 0 247 30
phone 0.0053 34 331 64 390
phone 0.0052 0 29 17 77
phone 0.0052 263 273 266 387
phone 0.0052 265 153 266 200
phone 0.0052 91 121 121 147
phone 0.0052 250 229 266 278
phone 0.0052 48 91 110 139
phone 0.0052 141 367 202 399
phone 0.0052 172 0 233 46
phone 0.0052 65 0 124 31
phone 0.0052 214 303 229 334
phone 0.0052 0 106 2 154
phone 0.0052 187 347 218 399
phone 0.0052 0 29 2 77
phone 0.0052 3 23 33 82
phone 0.0052 18 14 79 62
phone 0.0052 172 0 202 51
phone 0.0052 0 0 18 110
phone 0.0052 77 270 111 329
phone 0.0052 217 269 249 329
phone 0.0052 96 0 155 31
phone 0.0052 0 0 47 30
phone 0.0052 49 0 79 51
phone 0.0052 156 0 187 51
phone 0.0051 64 331 94 391
phone 0.0051 265 291 266 339
phone 0.0051 0 73 3 187
phone 0.0051 110 0 171 46
phone 0.0051 140 362 172 399
phone 0.0051 265 229 266 277
phone 0.0051 127 0 186 31
phone 0.0051 0 91 17 139
phone 0.0051 173 331 202 391
phone 0.0051 97 117 115 151
phone 0.0051 191 306 222 331
phone 0.0051 187 0 218 51
phone 0.0051 186 21 266 133
phone 0.0051 265 245 266 292
phone 0.0051 157 330 187 391
phone 0.0051 203 85 233 144
phone 0.0051 187 85 218 144
phone 0.0051 198 302 215 335
phone 0.0051 263 196 266 310
phone 0.0051 157 0 216 31
phone 0.0050 19 0 78 30
phone 0.0050 264 224 266 282
phone 0.0050 33 0 64 51
phone 0.0050 128 23 161 45
phone 0.0050 0 75 2 123
phone 0.0050 0 60 17 108
phone 0.0050 140 28 149 40
phone 0.0050 155 362 188 399
phone 0.0050 203 0 233 51
