phone 0.9368 110 141 184 274
phone 0.1638 0 251 82 399
phone 0.0990 128 160 196 254
phone 0.0903 0 101 129 309
phone 0.0824 178 152 268 293
phone 0.0738 115 149 231 295
phone 0.0538 89 170 174 244
phone 0.0520 105 182 194 315
phone 0.0516 180 172 235 273
phone 0.0444 55 82 250 321
phone 0.0438 85 142 281 373
phone 0.0430 205 136 303 278
phone 0.0422 38 136 147 271
phone 0.0420 14 288 94 374
phone 0.0411 2 218 183 363
phone 0.0369 32 201 147 311
phone 0.0356 175 165 308 348
phone 0.0353 0 178 99 338
phone 0.0338 65 271 239 399
phone 0.0319 0 220 60 356
phone 0.0307 117 74 205 280
phone 0.0306 187 202 260 274
phone 0.0301 166 230 268 347
phone 0.0290 200 167 277 248
phone 0.0284 146 286 283 399
phone 0.0277 98 160 252 254
phone 0.0274 165 106 270 250
phone 0.0260 190 148 256 236
phone 0.0249 0 149 63 309
phone 0.0243 133 78 239 215
phone 0.0243 33 91 136 230
phone 0.0237 0 186 10 333
phone 0.0233 184 35 308 251
phone 0.0230 18 297 59 364
phone 0.0227 111 173 151 241
phone 0.0225 90 221 208 353
phone 0.0212 203 191 243 254
phone 0.0208 6 228 71 310
phone 0.0204 2 326 75 397
phone 0.0202 22 278 164 399
phone 0.0198 0 181 29 343
phone 0.0193 0 96 80 257
phone 0.0190 82 75 180 217
phone 0.0190 27 277 111 353
phone 0.0187 144 95 308 303
phone 0.0184 63 114 168 238
phone 0.0182 142 197 242 249
phone 0.0180 25 314 113 378
phone 0.0175 233 167 305 248
phone 0.0170 218 193 290 283
phone 0.0166 72 240 160 390
phone 0.0163 175 134 240 219
phone 0.0159 219 148 289 236
phone 0.0152 0 6 89 212
phone 0.0147 111 237 143 262
phone 0.0147 205 146 241 207
phone 0.0146 63 142 137 211
phone 0.0146 46 122 123 200
phone 0.0143 119 234 135 265
phone 0.0143 4 168 73 247
phone 0.0142 218 176 259 238
phone 0.0140 136 248 248 381
phone 0.0140 193 127 253 195
phone 0.0140 204 138 273 215
phone 0.0138 148 197 237 340
phone 0.0136 21 331 56 391
phone 0.0134 122 243 132 256
phone 0.0133 122 199 171 277
phone 0.0132 152 209 233 267
phone 0.0132 20 238 57 300
phone 0.0132 0 228 8 370
phone 0.0130 219 208 258 268
phone 0.0129 30 232 108 305
phone 0.0128 0 127 11 276
phone 0.0128 29 58 110 203
phone 0.0127 58 210 143 358
phone 0.0126 5 199 73 277
phone 0.0125 186 291 260 370
phone 0.0125 0 297 41 399
phone 0.0122 0 80 49 200
phone 0.0121 208 296 300 399
phone 0.0120 163 32 279 189
phone 0.0118 49 301 89 360
phone 0.0118 15 216 92 291
phone 0.0118 37 304 132 357
phone 0.0116 175 195 210 250
phone 0.0115 50 34 141 187
phone 0.0113 0 233 20 365
phone 0.0113 44 222 125 285
phone 0.0113 35 332 72 390
phone 0.0113 18 237 90 331
phone 0.0113 0 277 10 399
phone 0.0112 75 133 155 189
phone 0.0112 158 128 227 194
phone 0.0112 72 325 159 399
phone 0.0112 181 248 295 382
phone 0.0111 251 157 308 287
phone 0.0111 63 174 138 241
phone 0.0111 174 266 242 364
phone 0.0111 0 155 21 290
phone 0.0111 129 213 195 294
phone 0.0110 204 209 273 298
phone 0.0109 0 321 5 399
phone 0.0108 82 290 150 370
phone 0.0108 127 234 143 265
phone 0.0108 44 155 125 229
phone 0.0107 75 166 156 218
phone 0.0107 32 283 76 347
phone 0.0106 65 177 166 297
phone 0.0106 177 327 270 399
phone 0.0105 115 327 209 399
phone 0.0104 105 277 188 353
phone 0.0103 44 251 125 317
phone 0.0103 43 334 127 389
phone 0.0102 18 267 59 332
phone 0.0102 6 134 72 218
phone 0.0102 65 275 135 355
phone 0.0102 0 234 10 304
phone 0.0102 189 145 226 207
phone 0.0102 212 244 242 270
phone 0.0101 90 314 172 377
phone 0.0101 142 159 242 226
phone 0.0101 191 226 256 312
phone 0.0101 0 324 20 399
phone 0.0100 45 186 124 259
phone 0.0099 32 348 107 399
phone 0.0099 130 243 140 256
phone 0.0099 37 92 102 168
phone 0.0099 82 148 118 205
phone 0.0098 0 205 11 271
phone 0.0098 181 206 211 231
phone 0.0097 231 219 308 288
phone 0.0097 249 177 289 237
phone 0.0097 239 202 308 335
phone 0.0097 29 203 109 273
phone 0.0096 69 230 132 307
phone 0.0095 64 206 136 270
phone 0.0095 204 360 273 399
phone 0.0095 150 152 181 178
phone 0.0095 20 177 57 237
phone 0.0095 240 42 308 179
phone 0.0094 218 240 236 274
phone 0.0094 109 15 210 206
phone 0.0094 28 138 110 216
phone 0.0094 99 149 132 204
phone 0.0093 169 311 247 380
phone 0.0093 0 348 29 399
phone 0.0093 87 1 173 155
phone 0.0092 0 120 4 263
phone 0.0092 155 249 230 319
phone 0.0091 29 169 110 246
phone 0.0091 28 18 225 256
phone 0.0091 68 304 133 387
phone 0.0090 6 109 71 182
phone 0.0090 217 233 291 304
phone 0.0090 220 147 257 206
phone 0.0089 233 207 274 269
phone 0.0089 181 221 211 247
phone 0.0089 281 144 308 270
phone 0.0089 0 284 2 399
phone 0.0089 205 224 241 283
phone 0.0089 157 148 174 181
phone 0.0089 188 202 205 235
phone 0.0089 151 298 233 363
phone 0.0088 84 244 147 324
phone 0.0088 181 191 211 216
phone 0.0088 82 358 150 399
phone 0.0088 67 241 102 296
phone 0.0088 253 264 308 335
phone 0.0088 118 106 175 185
phone 0.0087 21 208 56 268
phone 0.0087 21 67 87 132
phone 0.0087 198 313 278 378
phone 0.0087 236 138 303 215
phone 0.0087 14 154 93 230
phone 0.0086 234 161 274 222
phone 0.0086 62 112 138 180
phone 0.0085 67 304 101 357
phone 0.0085 287 180 308 234
phone 0.0084 0 74 6 204
phone 0.0084 15 185 93 260
phone 0.0084 0 132 43 190
phone 0.0083 68 334 101 388
phone 0.0083 34 239 73 298
phone 0.0083 99 119 163 203
phone 0.0083 65 132 104 190
phone 0.0083 120 295 203 365
phone 0.0082 241 365 298 399
phone 0.0082 134 282 219 348
phone 0.0082 0 254 44 314
phone 0.0082 52 348 86 399
phone 0.0082 264 192 308 253
phone 0.0081 126 360 198 399
phone 0.0081 188 217 205 251
phone 0.0081 206 318 240 374
phone 0.0081 222 251 232 263
phone 0.0081 0 44 9 167
phone 0.0081 300 178 308 236
phone 0.0081 53 66 117 133
phone 0.0081 22 0 107 160
phone 0.0081 204 159 234 186
phone 0.0080 83 224 117 282
phone 0.0080 176 225 209 282
phone 0.0080 79 226 152 281
phone 0.0080 52 101 87 159
phone 0.0080 0 284 44 346
phone 0.0080 287 210 308 265
phone 0.0080 50 240 88 298
phone 0.0080 188 186 205 220
phone 0.0079 237 333 271 389
phone 0.0079 0 359 11 399
phone 0.0079 98 239 132 298
phone 0.0079 0 222 44 284
phone 0.0079 0 173 10 242
phone 0.0079 136 315 217 377
phone 0.0079 192 212 201 225
phone 0.0079 172 360 244 399
phone 0.0079 250 208 288 268
phone 0.0078 82 179 118 236
phone 0.0078 234 282 305 347
phone 0.0078 243 103 308 249
phone 0.0078 143 223 180 283
phone 0.0078 0 241 29 297
phone 0.0078 0 318 31 373
phone 0.0078 37 102 71 159
phone 0.0078 230 252 308 316
phone 0.0077 0 358 58 399
phone 0.0077 6 82 71 148
phone 0.0077 161 159 170 171
phone 0.0077 192 205 201 217
phone 0.0076 21 116 56 175
phone 0.0076 82 301 118 360
phone 0.0076 97 300 133 360
phone 0.0076 300 209 308 266
phone 0.0075 6 116 40 175
phone 0.0075 0 129 39 254
phone 0.0075 237 363 270 399
phone 0.0075 0 192 44 253
phone 0.0075 192 220 201 233
phone 0.0075 126 245 197 324
phone 0.0075 140 238 214 300
phone 0.0075 180 115 236 176
phone 0.0075 114 318 148 373
phone 0.0074 0 45 54 92
phone 0.0074 7 30 70 77
phone 0.0074 0 11 55 125
phone 0.0074 211 155 228 189
phone 0.0073 0 333 9 389
phone 0.0073 281 299 308 323
phone 0.0073 267 238 308 299
phone 0.0073 222 348 255 399
phone 0.0073 94 258 168 341
phone 0.0073 0 116 24 175
phone 0.0073 0 41 39 157
phone 0.0073 0 76 39 123
phone 0.0073 189 236 219 263
phone 0.0072 224 124 284 198
phone 0.0072 68 70 101 128
phone 0.0072 209 271 299 328
phone 0.0072 189 220 227 286
phone 0.0071 192 228 201 240
phone 0.0071 302 197 308 248
phone 0.0071 298 146 308 268
phone 0.0071 0 271 24 328
phone 0.0071 23 24 54 82
phone 0.0071 8 39 39 98
phone 0.0071 249 353 282 376
phone 0.0071 80 97 151 164
phone 0.0070 267 162 308 221
phone 0.0070 98 362 132 399
phone 0.0070 192 197 201 210
phone 0.0070 255 346 284 399
phone 0.0070 258 350 273 380
phone 0.0070 0 162 44 222
phone 0.0070 196 281 281 349
phone 0.0070 189 198 219 224
phone 0.0070 204 236 234 263
phone 0.0070 20 146 57 206
phone 0.0070 301 168 308 216
phone 0.0069 0 70 23 128
phone 0.0069 71 18 132 149
phone 0.0069 36 55 103 113
phone 0.0069 154 193 199 252
phone 0.0069 66 210 102 266
phone 0.0069 189 182 219 209
phone 0.0069 153 330 232 392
phone 0.0069 240 335 299 387
phone 0.0069 261 358 270 371
phone 0.0069 0 211 30 265
phone 0.0069 190 317 225 374
phone 0.0069 98 118 132 173
phone 0.0069 113 207 149 268
phone 0.0069 73 52 128 115
phone 0.0069 0 302 24 358
phone 0.0068 113 116 148 175
phone 0.0068 18 120 90 202
phone 0.0068 195 232 213 266
phone 0.0068 235 190 265 217
phone 0.0068 75 198 156 248
phone 0.0067 129 318 163 373
phone 0.0067 174 256 210 312
phone 0.0067 37 363 71 399
phone 0.0067 206 363 240 399
phone 0.0067 114 363 147 399
phone 0.0066 252 302 286 358
phone 0.0066 119 144 150 170
phone 0.0066 99 179 132 235
phone 0.0066 175 303 209 358
phone 0.0066 158 236 188 263
phone 0.0066 145 363 178 399
phone 0.0066 0 147 24 205
phone 0.0066 98 332 132 390
phone 0.0066 68 363 101 399
phone 0.0066 281 204 308 333
phone 0.0065 0 145 6 208
phone 0.0065 268 285 301 345
phone 0.0065 195 202 213 236
phone 0.0065 292 305 301 317
phone 0.0065 129 363 163 399
phone 0.0065 252 241 286 296
phone 0.0065 66 272 102 327
phone 0.0064 160 363 194 399
phone 0.0064 65 163 104 220
phone 0.0064 236 240 272 297
phone 0.0064 147 114 207 177
phone 0.0064 195 186 213 220
phone 0.0064 0 282 27 309
phone 0.0064 39 24 70 82
phone 0.0064 112 286 149 343
phone 0.0064 191 363 224 399
phone 0.0064 121 140 172 212
phone 0.0064 175 363 209 399
phone 0.0064 288 242 308 295
phone 0.0064 0 179 24 235
phone 0.0064 211 232 228 266
phone 0.0064 6 176 41 237
phone 0.0063 215 166 224 179
phone 0.0063 82 254 118 314
phone 0.0063 221 318 256 373
phone 0.0063 215 159 224 171
phone 0.0063 126 140 144 174
phone 0.0063 0 39 23 98
phone 0.0063 241 186 259 220
phone 0.0063 0 30 39 77
phone 0.0063 51 210 87 266
phone 0.0063 50 132 88 190
phone 0.0063 83 331 117 391
phone 0.0062 181 175 211 201
phone 0.0062 165 233 182 266
phone 0.0062 52 71 86 128
phone 0.0062 192 189 201 202
phone 0.0062 251 147 287 206
phone 0.0062 302 228 308 278
phone 0.0062 255 0 308 30
phone 0.0062 189 213 219 240
phone 0.0062 255 91 308 139
phone 0.0062 203 285 243 344
phone 0.0062 97 232 165 305
phone 0.0062 300 240 308 297
phone 0.0061 270 0 308 64
phone 0.0061 24 14 85 62
phone 0.0061 149 148 167 182
phone 0.0061 298 192 308 314
phone 0.0061 204 205 234 232
phone 0.0061 144 318 179 373
phone 0.0061 204 175 234 201
phone 0.0061 159 241 194 297
phone 0.0061 0 53 18 225
phone 0.0061 49 270 89 329
phone 0.0060 187 284 228 345
phone 0.0060 189 167 219 194
phone 0.0060 239 0 300 64
phone 0.0060 0 85 8 144
phone 0.0060 82 118 118 174
phone 0.0060 158 205 188 232
phone 0.0060 210 116 267 175
phone 0.0060 56 42 114 96
phone 0.0060 195 171 213 205
phone 0.0060 286 91 308 139
phone 0.0060 97 269 134 329
phone 0.0060 270 0 300 37
phone 0.0060 102 73 160 126
phone 0.0060 159 318 194 373
phone 0.0060 0 54 8 113
phone 0.0059 286 0 308 37
phone 0.0059 270 76 308 123
phone 0.0059 112 282 142 309
phone 0.0059 286 322 308 369
phone 0.0059 127 287 165 343
phone 0.0059 284 58 308 171
phone 0.0059 99 210 132 266
phone 0.0059 129 111 194 212
phone 0.0059 300 368 308 399
phone 0.0059 270 85 300 144
phone 0.0059 302 260 308 309
phone 0.0059 35 179 72 235
phone 0.0059 284 289 308 399
phone 0.0059 0 302 9 358
phone 0.0058 299 332 308 399
phone 0.0058 111 146 150 207
phone 0.0058 270 106 308 154
phone 0.0058 225 0 284 30
phone 0.0058 255 0 284 37
phone 0.0058 35 210 72 266
phone 0.0058 257 338 290 361
phone 0.0058 100 54 131 113
phone 0.0058 240 75 299 123
phone 0.0058 100 0 163 95
phone 0.0058 203 254 242 314
phone 0.0058 0 271 9 327
phone 0.0058 6 146 40 206
phone 0.0058 199 243 209 255
phone 0.0058 301 316 308 375
phone 0.0058 9 56 68 112
phone 0.0058 256 120 308 172
phone 0.0058 192 0 255 95
phone 0.0058 204 190 234 217
phone 0.0057 269 72 308 188
phone 0.0057 209 29 269 77
phone 0.0057 301 85 308 144
phone 0.0057 40 28 99 78
phone 0.0057 265 335 281 364
phone 0.0057 0 14 54 62
phone 0.0057 0 0 7 30
phone 0.0057 255 60 308 108
phone 0.0057 252 281 308 399
phone 0.0057 197 247 280 322
phone 0.0057 161 0 225 95
phone 0.0057 195 217 213 251
phone 0.0057 159 288 194 342
phone 0.0057 268 343 278 356
phone 0.0057 173 148 211 205
phone 0.0057 301 0 308 37
phone 0.0057 204 221 234 247
phone 0.0057 130 0 194 95
phone 0.0057 0 0 8 64
phone 0.0057 227 175 257 201
phone 0.0057 85 39 116 98
phone 0.0057 223 0 285 110
phone 0.0057 127 236 158 262
phone 0.0056 286 60 308 108
phone 0.0056 165 203 182 235
phone 0.0056 99 48 164 181
phone 0.0056 224 45 284 93
phone 0.0056 25 41 84 96
phone 0.0056 188 171 205 205
phone 0.0056 239 106 300 154
phone 0.0056 262 232 308 366
phone 0.0056 208 0 269 64
phone 0.0056 194 0 253 30
phone 0.0056 178 29 238 77
phone 0.0056 269 26 308 141
phone 0.0056 3 271 21 305
phone 0.0056 301 291 308 339
phone 0.0056 211 201 228 236
phone 0.0056 285 367 308 399
phone 0.0056 211 171 228 205
phone 0.0056 239 29 300 77
phone 0.0055 240 0 269 37
phone 0.0055 131 70 162 128
phone 0.0055 199 213 209 225
phone 0.0055 199 205 209 217
phone 0.0055 134 233 151 265
phone 0.0055 119 198 150 224
phone 0.0055 0 116 8 175
phone 0.0055 126 194 143 227
phone 0.0055 209 75 269 123
phone 0.0055 147 75 207 123
phone 0.0055 188 232 205 266
phone 0.0055 255 69 284 129
phone 0.0055 271 337 308 385
phone 0.0055 299 274 308 386
phone 0.0055 127 282 157 309
phone 0.0055 257 320 308 371
phone 0.0055 199 197 209 209
phone 0.0055 86 29 145 77
phone 0.0055 178 75 238 123
phone 0.0055 223 42 285 156
phone 0.0055 215 243 224 256
phone 0.0055 224 23 254 82
phone 0.0055 50 179 88 236
phone 0.0055 199 189 209 202
phone 0.0055 66 101 103 160
phone 0.0055 54 24 85 82
phone 0.0055 177 0 239 64
phone 0.0055 224 91 284 139
phone 0.0054 118 278 136 313
phone 0.0054 0 0 22 30
phone 0.0054 288 274 308 325
phone 0.0054 286 29 308 77
phone 0.0054 239 23 269 82
phone 0.0054 163 0 222 30
phone 0.0054 146 42 208 157
phone 0.0054 270 54 300 113
phone 0.0054 284 11 308 126
phone 0.0054 270 45 308 93
phone 0.0054 209 23 238 83
phone 0.0054 85 0 146 64
phone 0.0054 0 30 8 77
phone 0.0054 147 29 207 77
phone 0.0054 175 333 209 389
phone 0.0054 224 0 254 37
phone 0.0054 301 54 308 113
phone 0.0054 130 151 140 163
phone 0.0054 177 42 239 157
phone 0.0054 65 37 97 62
phone 0.0054 8 8 39 67
phone 0.0054 8 0 69 46
phone 0.0054 245 197 255 209
phone 0.0054 117 29 176 77
phone 0.0054 299 58 308 171
phone 0.0054 224 14 284 62
phone 0.0054 116 55 146 113
phone 0.0054 209 0 238 37
phone 0.0053 101 0 161 30
phone 0.0053 146 0 208 64
phone 0.0053 192 236 201 248
phone 0.0053 153 159 163 171
phone 0.0053 268 335 278 348
phone 0.0053 254 0 308 110
phone 0.0053 163 60 222 108
phone 0.0053 193 23 223 83
phone 0.0053 303 215 308 238
phone 0.0053 132 60 192 108
phone 0.0053 255 39 285 98
phone 0.0053 236 303 271 357
phone 0.0053 71 0 130 30
phone 0.0053 303 254 308 276
phone 0.0053 272 307 305 330
phone 0.0053 115 0 177 64
phone 0.0053 284 312 293 325
phone 0.0053 236 273 271 326
phone 0.0053 194 60 253 108
phone 0.0053 269 363 301 399
phone 0.0053 254 101 285 159
phone 0.0053 222 243 232 256
phone 0.0053 208 26 270 141
phone 0.0053 194 0 223 37
phone 0.0053 117 23 146 83
phone 0.0053 132 0 191 30
phone 0.0053 132 91 192 139
phone 0.0053 168 243 178 256
phone 0.0053 240 69 269 129
phone 0.0053 215 251 224 263
phone 0.0053 178 23 208 83
phone 0.0053 52 0 118 112
phone 0.0052 71 14 130 62
phone 0.0052 23 0 54 51
phone 0.0052 101 23 131 82
phone 0.0052 215 174 224 186
phone 0.0052 211 186 228 220
phone 0.0052 0 0 53 30
phone 0.0052 224 69 254 129
phone 0.0052 72 33 90 66
phone 0.0052 129 55 194 173
phone 0.0052 281 303 296 334
phone 0.0052 301 23 308 83
phone 0.0052 25 0 84 30
phone 0.0052 115 86 147 143
phone 0.0052 163 70 192 129
phone 0.0052 178 0 207 37
phone 0.0052 163 23 192 83
phone 0.0052 193 69 223 129
phone 0.0051 195 155 213 190
phone 0.0051 178 70 207 129
phone 0.0051 39 0 69 51
phone 0.0051 101 0 130 37
phone 0.0051 234 171 251 205
phone 0.0051 119 182 150 209
phone 0.0051 211 217 228 251
phone 0.0051 189 151 219 178
phone 0.0051 132 23 161 83
phone 0.0051 126 279 144 313
phone 0.0051 270 23 300 82
phone 0.0051 209 69 238 129
phone 0.0051 39 0 100 64
phone 0.0051 163 0 192 37
phone 0.0051 299 12 308 125
phone 0.0051 199 182 209 194
phone 0.0051 147 23 177 83
phone 0.0051 117 0 146 37
phone 0.0051 134 279 151 313
phone 0.0051 0 14 23 62
phone 0.0051 142 287 181 343
phone 0.0051 86 0 115 37
phone 0.0051 250 365 265 395
phone 0.0051 253 374 263 387
phone 0.0051 143 255 180 313
phone 0.0051 43 136 73 163
phone 0.0050 70 24 100 82
phone 0.0050 85 8 116 67
phone 0.0050 193 91 254 139
phone 0.0050 126 179 143 212
phone 0.0050 7 289 17 302
phone 0.0050 0 0 39 46
phone 0.0050 113 240 148 297
phone 0.0050 147 0 177 37
phone 0.0050 147 54 177 113
phone 0.0050 158 221 188 247
phone 0.0050 132 0 161 37
phone 0.0050 254 8 285 67
