phone 0.7633 81 330 187 391
phone 0.1920 115 327 158 395
phone 0.1495 68 288 174 399
phone 0.1457 102 328 141 394
phone 0.1037 43 144 223 379
phone 0.1019 91 264 280 390
phone 0.0633 130 329 173 393
phone 0.0492 41 166 171 305
phone 0.0474 138 234 256 366
phone 0.0408 92 28 226 253
phone 0.0406 144 286 319 399
phone 0.0395 62 65 197 286
phone 0.0352 88 330 124 392
phone 0.0332 54 228 158 366
phone 0.0329 31 306 113 399
phone 0.0305 171 265 255 335
phone 0.0304 96 316 236 399
phone 0.0294 68 127 311 338
phone 0.0257 17 202 117 326
phone 0.0252 0 182 80 342
phone 0.0225 119 8 204 150
phone 0.0224 100 82 284 262
phone 0.0214 127 344 207 399
phone 0.0207 86 218 187 380
phone 0.0194 2 291 74 399
phone 0.0192 175 110 272 228
phone 0.0176 23 127 119 282
phone 0.0170 171 256 285 373
phone 0.0165 43 257 137 399
phone 0.0161 57 63 145 221
phone 0.0159 87 137 223 279
phone 0.0159 0 253 223 399
phone 0.0158 145 42 236 175
phone 0.0157 22 236 96 302
phone 0.0154 0 225 53 357
phone 0.0151 153 294 243 367
phone 0.0150 193 270 233 329
phone 0.0147 86 321 117 347
phone 0.0145 72 229 140 308
phone 0.0142 93 318 110 350
phone 0.0142 193 221 295 347
phone 0.0141 149 348 185 399
phone 0.0140 45 334 136 388
phone 0.0138 82 18 161 150
phone 0.0137 0 171 49 292
phone 0.0136 123 165 253 311
phone 0.0132 86 318 102 350
phone 0.0129 225 315 319 399
phone 0.0126 97 328 107 340
phone 0.0125 110 205 223 363
phone 0.0124 187 284 270 346
phone 0.0123 11 247 107 382
phone 0.0120 176 284 219 346
phone 0.0120 89 328 99 340
phone 0.0119 12 40 127 241
phone 0.0116 93 85 180 236
phone 0.0114 9 217 79 290
phone 0.0114 86 246 157 322
phone 0.0113 22 205 97 271
phone 0.0113 42 240 77 297
phone 0.0112 210 138 300 260
phone 0.0109 169 325 258 399
phone 0.0109 89 123 153 199
phone 0.0108 87 51 155 117
phone 0.0107 97 167 176 247
phone 0.0106 80 183 162 262
phone 0.0105 34 255 115 313
phone 0.0105 179 83 210 108
phone 0.0105 33 223 117 284
phone 0.0105 186 80 202 112
phone 0.0104 73 334 107 388
phone 0.0102 261 268 319 392
phone 0.0101 286 323 319 399
phone 0.0101 120 68 215 192
phone 0.0101 55 294 126 367
phone 0.0100 180 152 319 312
phone 0.0100 231 231 319 355
phone 0.0100 0 329 1 399
phone 0.0099 206 256 282 312
phone 0.0098 165 348 199 399
phone 0.0098 88 239 123 298
phone 0.0097 23 266 95 333
phone 0.0097 211 272 246 327
phone 0.0095 10 346 79 399
phone 0.0095 0 114 160 341
phone 0.0094 23 296 96 365
phone 0.0094 82 214 160 293
phone 0.0094 104 55 137 113
phone 0.0094 184 59 263 153
phone 0.0093 74 259 138 340
phone 0.0093 189 89 199 102
phone 0.0093 70 197 141 279
phone 0.0092 40 156 109 228
phone 0.0091 215 258 304 399
phone 0.0090 132 18 256 142
phone 0.0090 241 361 308 399
phone 0.0090 89 53 184 176
phone 0.0090 8 280 80 349
phone 0.0090 10 247 79 321
phone 0.0089 39 283 111 347
phone 0.0089 103 132 138 190
phone 0.0089 0 201 63 275
phone 0.0089 52 270 129 329
phone 0.0088 40 361 109 399
phone 0.0087 73 241 107 297
phone 0.0086 0 284 48 345
phone 0.0086 195 303 230 358
phone 0.0086 119 34 185 103
phone 0.0086 27 224 61 282
phone 0.0086 243 255 276 313
phone 0.0086 208 360 280 399
phone 0.0086 117 109 217 243
phone 0.0085 258 343 319 399
phone 0.0085 179 358 248 399
phone 0.0085 57 242 92 296
phone 0.0084 147 83 218 147
phone 0.0084 13 168 75 246
phone 0.0084 98 258 175 341
phone 0.0084 304 326 319 399
phone 0.0083 12 193 45 251
phone 0.0083 293 362 319 399
phone 0.0082 271 301 319 359
phone 0.0082 42 210 77 266
phone 0.0081 85 85 157 144
phone 0.0081 110 186 193 260
phone 0.0080 0 78 87 266
phone 0.0080 103 255 139 313
phone 0.0080 69 169 142 246
phone 0.0079 132 114 202 177
phone 0.0079 160 137 237 276
phone 0.0079 100 99 173 161
phone 0.0079 227 256 261 312
phone 0.0079 44 136 106 186
phone 0.0078 44 102 106 219
phone 0.0078 73 136 138 217
phone 0.0078 58 348 91 399
phone 0.0078 0 192 29 252
phone 0.0078 114 83 190 146
phone 0.0077 57 163 92 220
phone 0.0076 0 363 59 399
phone 0.0076 0 322 50 399
phone 0.0076 72 302 108 359
phone 0.0076 42 271 76 328
phone 0.0076 166 186 231 259
phone 0.0075 59 122 122 169
phone 0.0075 59 132 91 190
phone 0.0075 0 168 45 216
phone 0.0074 0 134 45 249
phone 0.0074 229 262 290 336
phone 0.0074 227 286 261 343
phone 0.0074 88 269 123 329
phone 0.0074 0 233 63 304
phone 0.0074 169 38 227 99
phone 0.0073 211 302 246 358
phone 0.0073 27 316 61 374
phone 0.0073 0 295 7 399
phone 0.0073 73 271 107 327
phone 0.0073 134 40 169 97
phone 0.0073 42 302 76 358
phone 0.0073 0 153 60 200
phone 0.0073 75 116 106 175
phone 0.0073 90 115 122 176
phone 0.0073 60 42 121 156
phone 0.0073 27 177 61 236
phone 0.0073 79 367 109 393
phone 0.0072 0 139 14 257
phone 0.0072 128 202 206 274
phone 0.0072 193 311 264 381
phone 0.0072 0 255 47 313
phone 0.0072 57 271 92 327
phone 0.0072 273 333 307 389
phone 0.0072 0 301 29 359
phone 0.0072 212 290 276 370
phone 0.0072 0 224 8 362
phone 0.0072 59 76 122 123
phone 0.0071 90 26 152 80
phone 0.0071 149 171 216 243
phone 0.0071 242 348 276 399
phone 0.0071 111 242 192 327
phone 0.0071 166 101 199 159
phone 0.0071 27 286 61 344
phone 0.0071 27 255 61 313
phone 0.0071 115 128 188 194
phone 0.0070 0 168 10 293
phone 0.0070 34 192 116 254
phone 0.0070 274 270 307 328
phone 0.0070 130 51 204 117
phone 0.0070 0 0 1 99
phone 0.0070 0 109 19 224
phone 0.0070 177 217 249 290
phone 0.0070 57 302 92 358
phone 0.0070 0 270 29 329
phone 0.0070 124 9 180 67
phone 0.0070 191 235 266 303
phone 0.0070 126 162 208 222
phone 0.0070 105 23 137 83
phone 0.0070 308 365 319 399
phone 0.0070 42 333 76 389
phone 0.0069 84 151 158 232
phone 0.0069 105 86 137 144
phone 0.0069 75 69 105 129
phone 0.0069 215 182 274 233
phone 0.0069 14 147 44 205
phone 0.0068 74 357 137 399
phone 0.0068 171 59 201 86
phone 0.0068 194 79 210 112
phone 0.0068 42 163 77 220
phone 0.0068 150 117 184 174
phone 0.0068 199 28 258 78
phone 0.0067 12 224 45 282
phone 0.0067 75 44 136 93
phone 0.0067 194 204 263 272
phone 0.0067 45 131 75 190
phone 0.0067 196 0 262 112
phone 0.0067 89 54 122 114
phone 0.0067 200 74 258 125
phone 0.0067 227 363 261 399
phone 0.0067 85 363 103 397
phone 0.0067 196 362 230 399
phone 0.0067 29 147 60 205
phone 0.0066 290 270 319 328
phone 0.0066 261 260 319 309
phone 0.0066 151 4 235 91
phone 0.0066 258 333 291 388
phone 0.0066 120 101 153 159
phone 0.0066 13 137 75 185
phone 0.0066 196 132 262 251
phone 0.0066 199 167 258 216
phone 0.0065 245 198 304 247
phone 0.0065 242 163 308 281
phone 0.0065 0 224 29 282
phone 0.0065 13 104 75 218
phone 0.0065 30 112 90 240
phone 0.0064 259 255 291 313
phone 0.0064 79 329 109 354
phone 0.0064 212 363 245 399
phone 0.0064 105 349 168 399
phone 0.0064 117 382 148 399
phone 0.0064 180 193 215 251
phone 0.0064 75 0 137 111
phone 0.0064 135 102 168 159
phone 0.0064 57 211 92 265
phone 0.0064 88 147 123 205
phone 0.0064 214 23 244 82
phone 0.0064 244 178 275 236
phone 0.0063 213 162 245 220
phone 0.0063 260 183 319 231
phone 0.0063 178 56 195 89
phone 0.0063 0 314 15 399
phone 0.0063 78 363 95 397
phone 0.0063 95 194 177 282
phone 0.0063 260 193 290 251
phone 0.0063 231 241 288 296
phone 0.0062 101 65 172 134
phone 0.0062 0 208 14 268
phone 0.0062 76 105 136 155
phone 0.0062 196 332 230 390
phone 0.0062 276 214 319 262
phone 0.0062 199 106 258 154
phone 0.0062 107 0 166 32
phone 0.0062 259 134 319 249
phone 0.0062 180 318 215 373
phone 0.0062 0 368 28 399
phone 0.0062 73 147 107 205
phone 0.0062 118 132 154 190
phone 0.0062 305 301 319 359
phone 0.0062 202 81 217 111
phone 0.0062 173 26 276 191
phone 0.0061 79 53 110 77
phone 0.0061 102 179 139 235
phone 0.0061 193 84 226 107
phone 0.0061 29 122 90 169
phone 0.0061 101 135 172 218
phone 0.0061 107 0 167 101
phone 0.0061 274 181 319 294
phone 0.0061 119 39 153 98
phone 0.0061 197 89 207 102
phone 0.0061 289 252 319 377
phone 0.0061 117 45 148 70
phone 0.0061 260 152 319 200
phone 0.0061 0 147 29 205
phone 0.0061 245 168 305 216
phone 0.0061 205 89 214 102
phone 0.0061 185 55 203 90
phone 0.0061 134 71 168 128
phone 0.0061 185 175 242 239
phone 0.0061 214 91 274 139
phone 0.0061 0 362 14 399
phone 0.0060 0 137 44 185
phone 0.0060 13 346 44 399
phone 0.0060 275 193 306 251
phone 0.0060 214 70 244 129
phone 0.0060 12 317 45 374
phone 0.0060 165 71 199 128
phone 0.0060 291 230 319 277
phone 0.0060 90 24 121 82
phone 0.0060 150 40 184 97
phone 0.0060 165 178 199 236
phone 0.0060 197 88 261 202
phone 0.0060 212 194 245 251
phone 0.0060 87 193 124 252
phone 0.0060 86 51 103 79
phone 0.0060 124 379 141 399
phone 0.0060 276 162 305 221
phone 0.0060 116 379 134 399
phone 0.0059 213 42 276 156
phone 0.0059 170 161 226 222
phone 0.0059 0 101 0 220
phone 0.0059 150 87 184 143
phone 0.0059 116 178 156 236
phone 0.0059 313 317 319 399
phone 0.0059 0 48 20 160
phone 0.0059 181 347 215 399
phone 0.0059 124 41 141 74
phone 0.0059 0 39 0 159
phone 0.0059 0 122 59 169
phone 0.0059 229 153 290 200
phone 0.0059 89 59 99 71
phone 0.0058 291 199 319 246
phone 0.0058 214 137 274 185
phone 0.0058 122 0 152 37
phone 0.0058 245 137 305 185
phone 0.0058 214 101 244 159
phone 0.0058 228 0 291 95
phone 0.0058 149 196 184 249
phone 0.0058 276 245 319 292
phone 0.0058 168 67 228 132
phone 0.0058 260 122 319 170
phone 0.0058 90 84 121 145
phone 0.0058 306 223 319 283
phone 0.0058 196 194 230 251
phone 0.0058 75 39 105 98
phone 0.0058 260 162 290 221
phone 0.0058 79 305 109 332
phone 0.0058 228 119 291 233
phone 0.0057 244 103 306 218
phone 0.0057 0 147 1 267
phone 0.0057 75 15 137 61
phone 0.0057 183 101 213 159
phone 0.0057 89 374 99 386
phone 0.0057 0 153 13 200
phone 0.0057 29 116 59 175
phone 0.0057 134 133 169 189
phone 0.0057 260 91 319 139
phone 0.0057 276 137 319 185
phone 0.0057 45 107 105 154
phone 0.0057 242 317 276 374
phone 0.0057 291 162 319 221
phone 0.0056 154 144 212 208
phone 0.0056 259 73 319 187
phone 0.0056 28 0 91 95
phone 0.0056 230 69 259 129
phone 0.0056 181 55 214 113
phone 0.0056 0 239 1 359
phone 0.0056 0 88 45 202
phone 0.0056 94 375 124 399
phone 0.0056 260 29 319 77
phone 0.0056 14 106 74 154
phone 0.0056 0 60 59 108
phone 0.0056 275 103 319 218
phone 0.0056 276 106 319 154
phone 0.0056 260 60 319 108
phone 0.0056 306 192 319 252
phone 0.0056 0 178 1 297
phone 0.0056 0 122 13 169
phone 0.0056 14 116 44 175
phone 0.0056 44 0 106 64
phone 0.0056 89 66 99 79
phone 0.0056 11 270 46 328
phone 0.0056 0 30 59 77
phone 0.0056 259 0 319 110
phone 0.0056 230 122 290 170
phone 0.0056 0 91 59 139
phone 0.0056 0 184 14 231
phone 0.0056 0 27 60 140
phone 0.0055 0 107 44 154
phone 0.0055 214 131 244 190
phone 0.0055 30 0 89 30
phone 0.0055 137 0 167 37
phone 0.0055 230 0 289 31
phone 0.0055 274 226 319 342
phone 0.0055 245 106 305 154
phone 0.0055 276 45 319 93
phone 0.0055 260 131 290 190
phone 0.0055 276 76 319 123
phone 0.0055 0 76 44 123
phone 0.0055 213 222 275 284
phone 0.0055 170 119 226 172
phone 0.0055 245 146 275 205
phone 0.0055 276 116 305 175
phone 0.0055 227 332 261 389
phone 0.0055 294 321 319 347
phone 0.0055 244 0 306 64
phone 0.0055 245 45 305 93
phone 0.0055 0 76 13 123
phone 0.0055 165 81 231 210
phone 0.0055 0 45 44 92
phone 0.0055 229 131 259 190
phone 0.0055 274 42 319 156
phone 0.0055 60 100 90 160
phone 0.0055 261 0 319 30
phone 0.0054 245 75 305 123
phone 0.0054 0 45 13 92
phone 0.0054 0 338 29 384
phone 0.0054 0 116 29 175
phone 0.0054 101 224 140 282
phone 0.0054 275 223 306 282
phone 0.0054 0 73 14 186
phone 0.0054 182 66 191 79
phone 0.0054 89 335 99 348
phone 0.0054 229 162 260 220
phone 0.0054 45 29 105 77
phone 0.0054 133 360 170 399
phone 0.0054 244 26 306 141
phone 0.0054 276 85 305 144
phone 0.0054 257 302 292 358
phone 0.0054 229 57 291 172
phone 0.0054 145 214 220 293
phone 0.0054 28 73 91 187
phone 0.0054 13 58 76 171
phone 0.0054 245 23 275 83
phone 0.0054 0 12 14 125
phone 0.0054 102 382 132 399
phone 0.0054 0 0 45 110
phone 0.0054 306 162 319 221
phone 0.0054 14 76 74 123
phone 0.0054 230 60 289 108
phone 0.0054 82 374 91 386
phone 0.0054 89 51 99 63
phone 0.0054 275 0 319 64
phone 0.0053 276 23 305 82
phone 0.0053 291 116 319 175
phone 0.0053 14 54 44 113
phone 0.0053 14 45 74 93
phone 0.0053 44 11 106 126
phone 0.0053 276 54 305 113
phone 0.0053 290 11 319 125
phone 0.0053 228 193 261 251
phone 0.0053 291 85 319 144
phone 0.0053 260 23 290 83
phone 0.0053 14 24 44 82
phone 0.0053 149 165 184 219
phone 0.0053 44 60 106 108
phone 0.0053 14 85 44 144
phone 0.0053 306 0 319 64
phone 0.0053 211 332 245 389
phone 0.0053 45 0 74 37
phone 0.0053 308 259 319 388
phone 0.0053 189 82 199 94
phone 0.0053 307 0 319 30
phone 0.0053 260 100 290 159
phone 0.0053 13 0 75 64
phone 0.0053 133 180 170 235
phone 0.0052 245 0 274 37
phone 0.0052 229 100 259 159
phone 0.0052 179 13 209 40
phone 0.0052 0 54 29 113
phone 0.0052 306 131 319 190
phone 0.0052 85 302 103 336
phone 0.0052 245 116 275 175
phone 0.0052 79 244 110 270
phone 0.0052 0 85 29 144
phone 0.0052 213 0 275 64
phone 0.0052 61 0 120 31
phone 0.0052 45 100 75 160
phone 0.0052 195 225 231 282
phone 0.0052 0 238 14 299
phone 0.0052 260 54 290 113
phone 0.0052 306 270 319 328
phone 0.0052 276 0 305 37
phone 0.0052 306 100 319 159
phone 0.0052 306 54 319 113
phone 0.0052 30 23 59 82
phone 0.0052 29 85 59 144
phone 0.0052 0 23 29 82
phone 0.0052 241 285 277 344
phone 0.0052 85 241 103 273
phone 0.0052 291 0 319 37
phone 0.0052 245 85 275 144
phone 0.0052 128 51 137 63
phone 0.0052 128 389 137 399
phone 0.0052 60 23 90 82
phone 0.0052 261 0 290 37
phone 0.0051 0 307 14 353
phone 0.0051 106 0 136 37
phone 0.0051 30 91 90 139
phone 0.0051 93 371 110 399
phone 0.0051 119 71 153 128
phone 0.0051 160 225 235 313
phone 0.0051 189 66 199 79
phone 0.0051 61 0 90 37
phone 0.0051 120 389 130 399
phone 0.0051 117 256 155 312
phone 0.0051 245 54 274 113
phone 0.0051 0 0 14 64
phone 0.0051 0 258 14 370
phone 0.0051 108 379 126 399
phone 0.0051 0 0 12 30
phone 0.0051 30 54 59 113
phone 0.0051 128 226 206 312
phone 0.0051 90 0 121 51
phone 0.0051 230 0 259 37
phone 0.0051 30 0 59 37
phone 0.0051 93 73 110 103
phone 0.0050 0 276 14 323
phone 0.0050 86 76 118 100
phone 0.0050 72 209 108 267
phone 0.0050 179 66 209 94
phone 0.0050 60 54 90 113
phone 0.0050 0 0 58 30
phone 0.0050 210 241 246 297
phone 0.0050 215 45 274 93
