phone 0.9802 80 61 225 353
phone 0.0909 27 110 191 341
phone 0.0821 88 75 185 246
phone 0.0654 87 154 186 321
phone 0.0538 0 117 91 338
phone 0.0499 126 161 238 315
phone 0.0438 49 186 162 328
phone 0.0421 21 185 109 331
phone 0.0416 60 216 209 356
phone 0.0406 119 56 308 220
phone 0.0397 118 83 235 265
phone 0.0332 60 137 152 277
phone 0.0331 70 127 297 379
phone 0.0314 54 80 153 199
phone 0.0304 97 259 220 376
phone 0.0284 149 59 245 201
phone 0.0274 161 115 264 237
phone 0.0253 126 232 241 340
phone 0.0239 99 112 174 210
phone 0.0236 4 76 125 265
phone 0.0234 84 73 177 157
phone 0.0232 3 213 81 360
phone 0.0228 41 184 108 261
phone 0.0199 98 192 175 285
phone 0.0195 160 163 265 282
phone 0.0192 16 180 249 394
phone 0.0191 174 143 253 211
phone 0.0190 169 21 275 143
phone 0.0189 139 31 240 139
phone 0.0188 140 193 225 284
phone 0.0188 70 170 142 245
phone 0.0187 70 203 142 273
phone 0.0184 161 90 234 171
phone 0.0183 0 55 53 162
phone 0.0182 31 252 102 383
phone 0.0179 90 202 152 305
phone 0.0177 90 296 176 399
phone 0.0164 49 257 156 378
phone 0.0163 72 136 140 217
phone 0.0160 45 108 135 245
phone 0.0154 197 192 303 327
phone 0.0154 24 56 114 163
phone 0.0151 33 20 237 268
phone 0.0150 9 203 79 273
phone 0.0147 86 41 157 188
phone 0.0143 102 62 220 166
phone 0.0142 174 191 253 254
phone 0.0142 100 230 173 307
phone 0.0139 56 192 93 253
phone 0.0137 175 113 252 179
phone 0.0137 193 84 319 253
phone 0.0134 88 224 123 283
phone 0.0134 181 79 277 211
phone 0.0134 62 33 143 128
phone 0.0133 8 172 80 242
phone 0.0133 55 159 125 225
phone 0.0132 140 283 171 308
phone 0.0131 0 45 19 171
phone 0.0130 72 110 139 182
phone 0.0128 144 249 220 320
phone 0.0128 24 109 95 182
phone 0.0127 93 59 149 140
phone 0.0126 71 84 141 146
phone 0.0126 147 279 164 312
phone 0.0124 167 248 260 381
phone 0.0122 88 193 123 252
phone 0.0121 23 215 96 292
phone 0.0119 40 297 140 399
phone 0.0119 124 21 211 178
phone 0.0118 194 148 232 205
phone 0.0117 106 325 197 399
phone 0.0117 0 97 57 224
phone 0.0117 72 233 140 304
phone 0.0117 214 140 305 274
phone 0.0115 27 209 61 267
phone 0.0114 98 268 175 331
phone 0.0113 21 157 98 227
phone 0.0112 0 191 50 324
phone 0.0112 146 296 228 399
phone 0.0112 4 57 85 203
phone 0.0112 0 284 91 399
phone 0.0112 219 43 300 186
phone 0.0111 151 289 160 302
phone 0.0110 137 110 227 214
phone 0.0109 0 160 61 285
phone 0.0109 187 113 217 139
phone 0.0109 0 255 54 374
phone 0.0108 182 220 277 348
phone 0.0105 72 178 108 236
phone 0.0105 87 146 124 207
phone 0.0105 89 101 122 159
phone 0.0104 128 267 206 332
phone 0.0102 10 233 79 304
phone 0.0102 191 131 266 191
phone 0.0101 8 140 80 213
phone 0.0101 235 172 319 288
phone 0.0101 193 110 210 143
phone 0.0101 178 100 217 160
phone 0.0101 214 149 275 234
phone 0.0101 191 162 267 222
phone 0.0100 100 97 142 163
phone 0.0100 119 255 153 313
phone 0.0097 217 244 248 270
phone 0.0097 0 140 23 273
phone 0.0097 24 325 95 399
phone 0.0096 114 128 159 194
phone 0.0095 195 194 231 251
phone 0.0095 101 221 141 286
phone 0.0095 0 329 1 399
phone 0.0095 180 298 247 362
phone 0.0095 0 129 43 254
phone 0.0095 39 141 111 211
phone 0.0094 26 178 61 236
phone 0.0093 215 196 274 279
phone 0.0093 0 114 48 177
phone 0.0093 111 252 193 317
phone 0.0092 0 104 18 235
phone 0.0091 195 117 231 174
phone 0.0091 224 240 241 274
phone 0.0091 40 346 110 399
phone 0.0090 41 117 77 174
phone 0.0090 227 80 292 150
phone 0.0089 117 361 187 399
phone 0.0089 37 300 112 361
phone 0.0089 87 114 117 139
phone 0.0089 64 252 94 278
phone 0.0089 89 69 122 130
phone 0.0089 0 158 11 303
phone 0.0088 52 225 128 282
phone 0.0088 151 345 214 399
phone 0.0088 224 175 295 239
phone 0.0087 164 256 200 312
phone 0.0087 228 251 291 317
phone 0.0087 197 120 207 132
phone 0.0087 11 90 77 170
phone 0.0087 0 270 49 329
phone 0.0086 121 0 204 106
phone 0.0086 50 318 130 374
phone 0.0086 55 131 126 191
phone 0.0086 73 209 107 266
phone 0.0086 7 316 82 375
phone 0.0085 114 206 158 270
phone 0.0085 9 265 80 334
phone 0.0085 165 65 230 134
phone 0.0085 191 209 266 267
phone 0.0085 225 112 294 180
phone 0.0084 94 1 170 102
phone 0.0084 193 100 264 160
phone 0.0084 38 236 111 302
phone 0.0084 228 221 292 285
phone 0.0084 73 147 107 205
phone 0.0083 100 190 142 255
phone 0.0083 221 230 298 368
phone 0.0083 212 148 245 204
phone 0.0083 125 141 209 243
phone 0.0083 162 314 234 377
phone 0.0083 24 248 95 321
phone 0.0083 149 256 184 312
phone 0.0083 70 248 87 282
phone 0.0083 27 240 61 298
phone 0.0082 175 270 251 329
phone 0.0082 225 142 294 210
phone 0.0082 0 303 48 357
phone 0.0082 56 360 125 399
phone 0.0082 238 130 311 192
phone 0.0082 143 282 222 348
phone 0.0081 86 359 156 399
phone 0.0081 196 301 230 359
phone 0.0081 28 362 91 399
phone 0.0081 193 238 265 299
phone 0.0081 152 0 234 109
phone 0.0081 24 280 95 350
phone 0.0081 240 98 310 162
phone 0.0080 0 174 15 240
phone 0.0080 0 64 33 218
phone 0.0079 228 251 237 263
phone 0.0079 0 8 83 147
phone 0.0079 64 190 94 217
phone 0.0079 93 109 111 143
phone 0.0079 178 85 249 145
phone 0.0079 41 224 78 283
phone 0.0078 48 289 132 341
phone 0.0078 155 279 172 312
phone 0.0078 0 100 29 160
phone 0.0078 186 0 261 111
phone 0.0078 37 268 113 331
phone 0.0078 213 90 275 171
phone 0.0078 170 362 226 399
phone 0.0077 119 286 153 343
phone 0.0077 40 194 78 251
phone 0.0077 0 75 60 124
phone 0.0077 0 158 49 225
phone 0.0077 212 179 245 235
phone 0.0077 0 132 30 189
phone 0.0076 216 240 234 274
phone 0.0076 177 208 218 268
phone 0.0076 61 73 119 126
phone 0.0076 237 161 313 222
phone 0.0076 253 125 319 258
phone 0.0076 160 206 205 270
phone 0.0076 50 257 130 311
phone 0.0075 242 85 276 144
phone 0.0075 41 148 77 205
phone 0.0075 130 299 205 362
phone 0.0075 243 240 276 297
phone 0.0075 11 101 46 159
phone 0.0075 243 209 276 267
phone 0.0075 210 206 240 232
phone 0.0074 226 161 262 223
phone 0.0074 70 186 87 220
phone 0.0074 11 192 46 253
phone 0.0074 212 117 245 174
phone 0.0074 89 255 122 313
phone 0.0074 13 70 45 128
phone 0.0073 107 15 167 153
phone 0.0073 103 253 139 315
phone 0.0073 242 178 276 236
phone 0.0072 26 147 62 206
phone 0.0072 166 332 199 390
phone 0.0072 0 286 29 344
phone 0.0072 72 264 140 335
phone 0.0072 226 191 261 253
phone 0.0072 0 255 30 313
phone 0.0072 213 261 275 338
phone 0.0071 74 259 84 271
phone 0.0071 27 317 60 374
phone 0.0071 0 194 30 251
phone 0.0071 0 0 1 99
phone 0.0071 133 58 201 141
phone 0.0071 105 54 138 113
phone 0.0071 194 69 264 130
phone 0.0071 26 101 61 159
phone 0.0071 212 240 245 297
phone 0.0071 58 317 92 374
phone 0.0071 239 17 319 135
phone 0.0071 71 244 101 270
phone 0.0070 181 317 214 374
phone 0.0070 212 209 245 266
phone 0.0070 73 333 107 389
phone 0.0070 242 116 276 175
phone 0.0070 180 256 215 312
phone 0.0070 70 0 319 172
phone 0.0069 97 120 107 133
phone 0.0069 184 28 243 79
phone 0.0069 43 332 76 390
phone 0.0069 27 271 61 328
phone 0.0069 136 30 198 77
phone 0.0069 193 283 265 347
phone 0.0069 112 283 191 347
phone 0.0069 150 286 184 343
phone 0.0069 69 329 143 393
phone 0.0069 260 174 319 240
phone 0.0069 0 282 65 348
phone 0.0069 87 337 117 362
phone 0.0069 44 81 106 149
phone 0.0069 28 70 60 128
phone 0.0069 0 70 29 128
phone 0.0069 135 348 168 399
phone 0.0068 258 117 292 174
phone 0.0068 246 70 304 129
phone 0.0068 216 47 272 121
phone 0.0068 57 148 92 205
phone 0.0068 0 224 30 282
phone 0.0068 258 193 291 251
phone 0.0067 173 225 254 282
phone 0.0067 220 251 230 263
phone 0.0067 180 71 215 128
phone 0.0067 242 147 276 205
phone 0.0067 0 99 1 222
phone 0.0067 175 130 220 192
phone 0.0067 159 289 168 302
phone 0.0067 196 271 230 327
phone 0.0067 120 54 153 113
phone 0.0067 134 257 169 311
phone 0.0067 216 202 234 236
phone 0.0067 0 322 29 369
phone 0.0066 197 24 229 82
phone 0.0066 184 331 263 399
phone 0.0066 73 303 107 358
phone 0.0066 87 144 117 170
phone 0.0066 210 175 240 201
phone 0.0066 42 85 77 144
phone 0.0066 212 86 245 144
phone 0.0066 182 24 214 82
phone 0.0066 168 14 229 62
phone 0.0066 152 24 183 82
phone 0.0066 90 45 152 93
phone 0.0066 57 118 92 174
phone 0.0066 0 89 44 141
phone 0.0066 70 297 142 364
phone 0.0065 13 60 75 108
phone 0.0065 93 333 110 366
phone 0.0065 57 241 92 297
phone 0.0065 119 348 153 399
phone 0.0065 12 316 45 375
phone 0.0065 0 315 13 375
phone 0.0064 104 363 138 399
phone 0.0064 78 240 95 274
phone 0.0064 0 191 0 315
phone 0.0064 217 213 248 239
phone 0.0064 187 167 217 194
phone 0.0064 213 282 288 364
phone 0.0064 167 24 198 82
phone 0.0064 0 85 13 144
phone 0.0064 106 29 167 77
phone 0.0064 259 240 291 297
phone 0.0064 243 270 276 329
phone 0.0064 215 28 274 79
phone 0.0064 76 29 136 77
phone 0.0064 227 130 261 191
phone 0.0064 88 278 154 352
phone 0.0064 258 87 292 143
phone 0.0063 0 338 43 384
phone 0.0063 165 287 199 343
phone 0.0063 42 286 76 343
phone 0.0063 57 287 92 343
phone 0.0063 176 161 220 223
phone 0.0063 74 197 84 209
phone 0.0063 99 159 143 224
phone 0.0063 273 163 307 220
phone 0.0063 0 368 29 399
phone 0.0063 254 64 319 196
phone 0.0063 187 144 217 171
phone 0.0063 291 367 319 399
phone 0.0063 196 87 230 143
phone 0.0063 211 271 245 327
phone 0.0063 75 0 137 110
phone 0.0063 73 241 107 297
phone 0.0063 276 245 319 292
phone 0.0063 153 48 212 120
phone 0.0062 273 211 319 326
phone 0.0062 0 234 7 353
phone 0.0062 257 148 292 204
phone 0.0062 87 129 117 155
phone 0.0062 42 255 77 313
phone 0.0062 102 113 133 139
phone 0.0062 0 147 14 205
phone 0.0062 119 317 153 374
phone 0.0062 74 251 84 263
phone 0.0062 14 29 74 77
phone 0.0062 0 60 44 108
phone 0.0062 306 362 319 399
phone 0.0062 87 206 117 232
phone 0.0061 213 24 245 82
phone 0.0061 229 24 260 82
phone 0.0061 0 45 59 92
phone 0.0061 198 14 259 62
phone 0.0061 0 362 14 399
phone 0.0061 224 202 241 236
phone 0.0061 137 23 167 82
phone 0.0061 122 23 152 83
phone 0.0061 261 60 319 108
phone 0.0061 115 99 158 161
phone 0.0061 58 70 91 129
phone 0.0061 193 164 210 197
phone 0.0061 73 272 107 327
phone 0.0060 274 332 319 399
phone 0.0060 45 29 105 77
phone 0.0060 0 284 14 345
phone 0.0060 261 29 319 77
phone 0.0060 91 23 121 83
phone 0.0060 106 23 136 83
phone 0.0060 263 215 295 238
phone 0.0060 217 259 248 286
phone 0.0060 170 369 203 392
phone 0.0060 29 45 90 93
phone 0.0060 292 230 319 277
phone 0.0060 150 333 184 389
phone 0.0060 88 348 122 399
phone 0.0060 212 55 245 113
phone 0.0060 0 122 5 260
phone 0.0060 73 86 107 143
phone 0.0060 227 269 261 329
phone 0.0060 44 0 106 110
phone 0.0060 0 255 1 374
phone 0.0060 245 243 316 340
phone 0.0060 193 140 210 174
phone 0.0059 275 0 319 110
phone 0.0059 278 207 310 230
phone 0.0059 93 140 111 174
phone 0.0059 75 55 106 112
phone 0.0059 271 211 287 242
phone 0.0059 109 110 126 143
phone 0.0059 30 39 59 98
phone 0.0059 12 224 46 283
phone 0.0059 179 365 194 396
phone 0.0059 74 190 84 202
phone 0.0059 0 9 0 128
phone 0.0059 0 171 4 304
phone 0.0059 45 54 75 113
phone 0.0059 216 171 234 205
phone 0.0059 114 175 159 239
phone 0.0059 275 86 306 143
phone 0.0059 276 45 319 93
phone 0.0059 246 45 304 93
phone 0.0058 286 203 302 234
phone 0.0058 200 39 258 99
phone 0.0058 54 101 127 159
phone 0.0058 134 266 307 371
phone 0.0058 76 23 105 83
phone 0.0058 291 254 319 313
phone 0.0058 289 212 299 225
phone 0.0058 14 39 44 98
phone 0.0058 275 54 306 113
phone 0.0058 220 212 230 225
phone 0.0058 306 223 319 282
phone 0.0058 227 0 292 111
phone 0.0058 121 44 183 93
phone 0.0058 0 30 44 77
phone 0.0058 292 122 319 170
phone 0.0058 89 286 122 343
phone 0.0058 97 343 107 356
phone 0.0058 275 363 306 399
phone 0.0058 64 205 94 232
phone 0.0057 276 23 305 82
phone 0.0057 60 23 90 83
phone 0.0057 182 374 191 387
phone 0.0057 180 287 215 343
phone 0.0057 164 70 201 128
phone 0.0057 291 23 319 83
phone 0.0057 244 289 306 399
phone 0.0057 45 23 75 83
phone 0.0057 0 0 45 110
phone 0.0057 0 54 13 113
phone 0.0057 60 45 121 93
phone 0.0057 152 0 213 46
phone 0.0057 260 24 290 82
phone 0.0057 288 88 319 203
phone 0.0057 45 0 105 30
phone 0.0057 15 0 74 30
phone 0.0057 91 14 151 62
phone 0.0056 88 317 122 374
phone 0.0056 122 14 182 62
phone 0.0056 274 220 283 233
phone 0.0056 61 14 120 62
phone 0.0056 212 326 298 399
phone 0.0056 0 209 14 267
phone 0.0056 210 236 240 263
phone 0.0056 243 55 276 113
phone 0.0056 291 337 319 385
phone 0.0056 76 0 135 30
phone 0.0056 245 14 305 62
phone 0.0056 224 256 241 289
phone 0.0056 73 117 107 174
phone 0.0056 244 24 275 82
phone 0.0056 29 0 90 64
phone 0.0056 244 367 306 399
phone 0.0056 306 116 319 175
phone 0.0056 246 322 304 370
phone 0.0055 0 30 13 77
phone 0.0055 167 0 198 51
phone 0.0055 93 125 111 159
phone 0.0055 45 60 105 108
phone 0.0055 307 199 319 246
phone 0.0055 276 76 319 123
phone 0.0055 187 205 217 232
phone 0.0055 276 291 319 338
phone 0.0055 261 306 319 354
phone 0.0055 306 0 319 64
phone 0.0055 210 113 240 140
phone 0.0055 152 0 183 51
phone 0.0055 12 255 45 313
phone 0.0055 0 0 60 64
phone 0.0055 93 202 111 236
phone 0.0055 82 251 91 263
phone 0.0055 291 0 319 30
phone 0.0055 0 55 1 174
phone 0.0055 279 203 294 234
phone 0.0055 13 362 45 399
phone 0.0055 0 39 29 98
phone 0.0055 274 41 319 157
phone 0.0054 307 0 319 30
phone 0.0054 291 85 319 144
phone 0.0054 304 166 319 278
phone 0.0054 274 258 319 371
phone 0.0054 183 0 244 46
phone 0.0054 183 0 213 51
phone 0.0054 215 353 274 399
phone 0.0054 61 0 90 37
phone 0.0054 101 333 118 366
phone 0.0054 30 0 59 37
phone 0.0054 104 301 138 359
phone 0.0054 260 363 291 399
phone 0.0054 260 55 291 113
phone 0.0054 76 0 105 37
phone 0.0054 70 202 87 236
phone 0.0054 45 0 74 37
phone 0.0054 306 331 319 390
phone 0.0054 134 287 169 343
phone 0.0054 307 38 319 98
phone 0.0054 91 0 121 37
phone 0.0054 0 0 12 30
phone 0.0054 74 205 84 217
phone 0.0054 201 321 257 370
phone 0.0054 0 0 14 64
phone 0.0053 307 76 319 123
phone 0.0053 276 14 319 62
phone 0.0053 291 54 319 113
phone 0.0053 11 147 46 206
phone 0.0053 14 0 44 37
phone 0.0053 198 0 229 51
phone 0.0053 187 228 217 255
phone 0.0053 260 316 290 375
phone 0.0053 275 300 306 359
phone 0.0053 305 42 319 156
phone 0.0053 64 236 94 263
phone 0.0053 64 174 94 201
phone 0.0053 289 180 319 295
phone 0.0053 135 318 168 373
phone 0.0053 107 0 136 37
phone 0.0053 0 174 0 240
phone 0.0053 228 212 237 225
phone 0.0053 0 115 14 175
phone 0.0053 104 332 138 390
phone 0.0052 169 0 228 30
phone 0.0052 145 223 188 284
phone 0.0052 71 166 101 194
phone 0.0052 193 202 210 235
phone 0.0052 87 159 117 186
phone 0.0052 229 347 259 399
phone 0.0052 107 0 166 30
phone 0.0052 292 198 319 247
phone 0.0052 199 0 258 30
phone 0.0052 289 289 319 399
phone 0.0052 0 254 14 314
phone 0.0052 292 168 319 216
phone 0.0052 196 226 230 281
phone 0.0052 214 0 244 51
phone 0.0052 148 70 185 128
phone 0.0052 29 8 60 67
phone 0.0052 282 212 291 225
phone 0.0051 245 0 305 30
phone 0.0051 137 0 167 51
phone 0.0051 288 132 319 250
phone 0.0051 97 151 107 163
phone 0.0051 214 0 275 46
phone 0.0051 195 243 224 271
phone 0.0051 306 153 319 200
phone 0.0051 13 8 45 67
phone 0.0051 112 120 122 133
phone 0.0051 199 367 259 399
phone 0.0051 220 182 230 194
phone 0.0051 213 301 245 359
phone 0.0051 244 363 275 399
phone 0.0051 228 220 237 233
phone 0.0051 197 174 207 186
phone 0.0051 260 0 319 46
phone 0.0051 0 14 28 62
phone 0.0051 305 120 319 232
phone 0.0051 276 0 305 37
phone 0.0050 71 182 101 209
phone 0.0050 220 174 230 186
phone 0.0050 97 128 107 140
phone 0.0050 193 225 211 259
phone 0.0050 260 0 290 51
phone 0.0050 306 260 319 308
phone 0.0050 260 270 290 329
phone 0.0050 197 151 207 163
phone 0.0050 262 213 318 263
phone 0.0050 71 112 101 140
phone 0.0050 229 0 260 51
