phone 0.8863 118 94 233 236
phone 0.0917 72 122 213 259
phone 0.0684 142 119 203 204
phone 0.0443 113 133 201 220
phone 0.0392 143 19 231 242
phone 0.0368 85 163 188 279
phone 0.0346 42 146 146 269
phone 0.0315 159 107 216 184
phone 0.0287 82 39 267 247
phone 0.0267 0 90 114 249
phone 0.0256 55 174 135 241
phone 0.0250 149 115 255 209
phone 0.0223 76 87 175 235
phone 0.0203 109 48 205 212
phone 0.0184 161 140 214 213
phone 0.0180 159 108 267 275
phone 0.0163 41 188 118 257
phone 0.0162 88 172 163 243
phone 0.0159 142 151 233 288
phone 0.0158 123 189 208 319
phone 0.0156 134 142 180 210
phone 0.0151 103 152 179 232
phone 0.0150 117 104 196 188
phone 0.0149 57 177 164 298
phone 0.0148 76 178 113 236
phone 0.0144 198 91 267 243
phone 0.0142 107 203 176 272
phone 0.0140 182 65 267 195
phone 0.0140 88 138 164 216
phone 0.0128 62 178 97 236
phone 0.0124 55 220 136 348
phone 0.0122 129 299 161 323
phone 0.0122 67 193 154 252
phone 0.0122 103 122 179 200
phone 0.0121 17 71 193 263
phone 0.0121 40 61 120 199
phone 0.0121 137 296 153 326
phone 0.0120 69 154 152 230
phone 0.0119 0 168 105 299
phone 0.0118 83 38 169 192
phone 0.0117 140 304 150 318
phone 0.0115 172 148 264 206
phone 0.0115 184 4 267 153
phone 0.0114 120 168 193 246
phone 0.0113 88 110 163 182
phone 0.0113 108 194 143 251
phone 0.0113 165 156 240 228
phone 0.0109 0 146 74 267
phone 0.0108 96 237 187 361
phone 0.0108 16 125 82 197
phone 0.0108 123 80 190 150
phone 0.0107 31 110 98 182
phone 0.0106 193 116 267 175
phone 0.0105 171 220 265 348
phone 0.0104 43 153 116 231
phone 0.0104 124 208 158 267
phone 0.0102 119 225 195 282
phone 0.0101 61 253 130 315
phone 0.0099 47 93 113 167
phone 0.0098 138 238 238 361
phone 0.0098 155 185 250 321
phone 0.0097 92 179 128 235
phone 0.0097 55 208 135 268
phone 0.0096 91 219 161 287
phone 0.0096 106 163 144 221
phone 0.0096 73 124 148 198
phone 0.0094 76 207 176 329
phone 0.0094 180 179 257 235
phone 0.0092 122 177 160 237
phone 0.0091 219 121 267 201
phone 0.0091 32 132 66 190
phone 0.0091 119 0 222 166
phone 0.0091 76 269 145 330
phone 0.0091 220 94 267 166
phone 0.0090 47 116 81 174
phone 0.0090 45 239 115 298
phone 0.0089 201 164 235 220
phone 0.0089 11 193 87 252
phone 0.0089 215 30 267 188
phone 0.0088 104 96 178 165
phone 0.0087 140 70 173 128
phone 0.0087 172 24 233 174
phone 0.0087 32 208 97 329
phone 0.0086 87 104 246 345
phone 0.0086 68 0 149 170
phone 0.0085 136 205 208 271
phone 0.0085 121 147 160 206
phone 0.0085 74 237 147 300
phone 0.0085 194 170 267 305
phone 0.0085 140 225 173 281
phone 0.0084 62 101 96 159
phone 0.0084 28 225 101 282
phone 0.0084 106 269 177 330
phone 0.0084 181 252 255 316
phone 0.0084 27 173 102 241
phone 0.0083 1 144 67 209
phone 0.0083 181 207 255 269
phone 0.0082 93 210 127 265
phone 0.0082 58 138 132 215
phone 0.0082 166 269 240 330
phone 0.0082 149 174 226 240
phone 0.0081 200 83 267 146
phone 0.0081 216 118 250 173
phone 0.0081 218 169 267 245
phone 0.0080 184 163 220 220
phone 0.0080 143 68 201 162
phone 0.0080 138 284 207 345
phone 0.0078 112 67 171 132
phone 0.0078 33 76 96 123
phone 0.0078 33 42 96 157
phone 0.0077 105 239 177 299
phone 0.0077 173 96 263 165
phone 0.0077 63 78 127 152
phone 0.0077 92 75 160 155
phone 0.0076 166 236 240 301
phone 0.0076 107 132 144 190
phone 0.0075 17 162 50 221
phone 0.0075 108 224 143 282
phone 0.0075 216 148 250 205
phone 0.0075 93 288 159 341
phone 0.0075 78 210 112 266
phone 0.0075 64 60 126 108
phone 0.0075 49 238 79 299
phone 0.0075 175 67 230 132
phone 0.0074 124 271 158 328
phone 0.0074 49 70 80 128
phone 0.0074 18 91 80 139
phone 0.0074 18 57 80 172
phone 0.0073 201 194 235 251
phone 0.0073 32 194 65 251
phone 0.0073 13 158 85 226
phone 0.0073 244 146 267 253
phone 0.0073 63 209 96 267
phone 0.0073 198 158 267 226
phone 0.0073 155 224 189 282
phone 0.0073 74 94 147 167
phone 0.0073 49 26 111 141
phone 0.0072 126 247 188 321
phone 0.0072 155 215 220 291
phone 0.0072 64 254 95 314
phone 0.0072 114 228 145 255
phone 0.0072 94 54 127 113
phone 0.0071 162 268 223 378
phone 0.0071 34 223 64 284
phone 0.0071 80 55 111 113
phone 0.0071 125 267 189 393
phone 0.0071 79 270 111 329
phone 0.0071 122 117 159 174
phone 0.0071 4 86 64 205
phone 0.0071 139 232 206 305
phone 0.0071 136 115 177 176
phone 0.0071 137 177 175 237
phone 0.0070 3 120 65 171
phone 0.0070 127 303 186 357
phone 0.0070 34 85 64 144
phone 0.0070 227 138 267 275
phone 0.0070 93 240 127 297
phone 0.0070 86 257 166 311
phone 0.0070 166 191 240 254
phone 0.0070 80 45 141 92
phone 0.0070 65 54 95 113
phone 0.0069 234 145 267 208
phone 0.0069 49 45 110 92
phone 0.0069 173 29 233 77
phone 0.0069 157 60 218 109
phone 0.0069 154 179 189 235
phone 0.0069 176 128 228 194
phone 0.0068 17 115 49 175
phone 0.0068 142 30 202 77
phone 0.0068 96 30 156 77
phone 0.0068 156 0 219 110
phone 0.0068 151 251 224 317
phone 0.0068 127 59 187 109
phone 0.0068 18 60 80 108
phone 0.0068 145 236 175 263
phone 0.0068 108 102 143 159
phone 0.0068 95 0 157 110
phone 0.0068 125 0 188 110
phone 0.0068 121 225 138 258
phone 0.0068 201 256 235 312
phone 0.0067 199 134 236 188
phone 0.0067 48 209 81 267
phone 0.0067 65 30 125 77
phone 0.0067 78 86 112 143
phone 0.0067 186 271 219 328
phone 0.0067 202 289 265 399
phone 0.0067 3 76 64 123
phone 0.0067 155 69 189 129
phone 0.0067 124 240 158 297
phone 0.0067 109 285 142 344
phone 0.0067 3 116 34 175
phone 0.0067 64 0 127 110
phone 0.0066 204 322 263 369
phone 0.0066 18 12 80 125
phone 0.0066 203 29 264 77
phone 0.0066 188 23 218 82
phone 0.0066 172 55 203 113
phone 0.0066 2 42 65 156
phone 0.0066 173 23 203 82
phone 0.0066 50 39 80 98
phone 0.0066 34 260 95 308
phone 0.0066 19 245 79 292
phone 0.0066 170 179 204 235
phone 0.0065 187 45 249 93
phone 0.0065 232 193 265 252
phone 0.0065 139 254 173 313
phone 0.0065 34 30 95 77
phone 0.0065 47 179 81 235
phone 0.0065 157 23 187 82
phone 0.0065 163 78 242 183
phone 0.0065 125 55 157 112
phone 0.0065 111 23 141 82
phone 0.0065 203 23 233 82
phone 0.0065 34 54 64 113
phone 0.0065 18 193 49 252
phone 0.0065 142 23 172 82
phone 0.0065 216 209 250 267
phone 0.0065 0 137 50 185
phone 0.0065 126 23 156 82
phone 0.0065 59 109 131 182
phone 0.0064 0 118 49 234
phone 0.0064 29 140 100 213
phone 0.0064 0 168 34 215
phone 0.0064 96 23 126 82
phone 0.0064 3 197 64 309
phone 0.0064 80 23 110 82
phone 0.0064 219 45 267 93
phone 0.0064 91 147 129 206
phone 0.0064 3 213 65 262
phone 0.0064 3 45 64 92
phone 0.0064 19 70 49 129
phone 0.0063 65 23 95 82
phone 0.0063 0 91 49 139
phone 0.0063 264 332 267 399
phone 0.0063 265 367 267 399
phone 0.0063 250 29 267 77
phone 0.0063 158 305 217 355
phone 0.0063 219 24 249 82
phone 0.0063 219 306 267 354
phone 0.0063 142 300 172 361
phone 0.0063 218 316 249 375
phone 0.0062 109 54 142 113
phone 0.0062 249 0 267 110
phone 0.0062 92 117 128 174
phone 0.0062 201 225 235 281
phone 0.0062 0 0 2 30
phone 0.0062 18 223 49 283
phone 0.0062 170 209 204 267
phone 0.0062 3 208 33 268
phone 0.0062 0 60 48 108
phone 0.0062 0 151 34 263
phone 0.0062 217 0 267 110
phone 0.0062 0 0 3 64
phone 0.0062 0 162 18 221
phone 0.0062 189 337 248 385
phone 0.0062 50 275 110 324
phone 0.0061 152 232 169 267
phone 0.0061 230 79 267 211
phone 0.0061 0 0 17 30
phone 0.0061 123 86 158 143
phone 0.0061 110 332 174 399
phone 0.0061 171 286 204 343
phone 0.0061 92 86 128 144
phone 0.0061 127 14 187 62
phone 0.0061 185 240 219 297
phone 0.0061 111 45 172 93
phone 0.0061 95 284 126 345
phone 0.0061 3 69 33 129
phone 0.0061 0 0 33 64
phone 0.0061 18 229 80 339
phone 0.0061 157 299 187 361
phone 0.0061 19 39 49 98
phone 0.0061 188 14 248 62
phone 0.0061 126 367 187 399
phone 0.0061 34 23 64 82
phone 0.0060 158 14 217 62
phone 0.0060 91 303 107 334
phone 0.0060 235 275 267 323
phone 0.0060 155 270 189 328
phone 0.0060 265 23 267 83
phone 0.0060 137 292 169 315
phone 0.0060 83 307 115 331
phone 0.0059 248 332 267 399
phone 0.0059 0 58 34 171
phone 0.0059 145 288 161 319
phone 0.0059 234 24 264 82
phone 0.0059 81 14 140 62
phone 0.0059 32 163 66 220
phone 0.0059 232 242 267 356
phone 0.0059 33 332 96 399
phone 0.0059 264 0 267 110
phone 0.0059 0 11 50 125
phone 0.0059 34 254 64 314
phone 0.0059 49 270 80 329
phone 0.0059 49 367 110 399
phone 0.0059 265 45 267 93
phone 0.0059 0 0 48 30
phone 0.0059 171 304 235 399
phone 0.0059 49 259 110 370
phone 0.0059 235 0 267 30
phone 0.0059 19 367 79 399
phone 0.0059 140 332 205 399
phone 0.0059 219 14 267 62
phone 0.0059 205 274 262 325
phone 0.0059 0 122 18 169
phone 0.0058 234 367 267 399
phone 0.0058 0 332 4 399
phone 0.0058 126 362 157 399
phone 0.0058 2 332 66 399
phone 0.0058 203 331 234 390
phone 0.0058 0 367 3 399
phone 0.0058 219 337 267 385
phone 0.0058 64 332 127 399
phone 0.0058 141 362 173 399
phone 0.0058 0 332 19 399
phone 0.0058 125 236 135 248
phone 0.0058 0 88 19 202
phone 0.0058 0 367 18 399
phone 0.0058 0 367 49 399
phone 0.0058 50 14 110 62
phone 0.0058 236 116 267 175
phone 0.0058 49 362 80 399
phone 0.0057 50 337 110 385
phone 0.0057 0 85 18 144
phone 0.0057 64 363 96 399
phone 0.0057 127 299 156 361
phone 0.0057 19 337 79 385
phone 0.0057 95 367 157 399
phone 0.0057 185 209 219 266
phone 0.0057 33 362 65 399
phone 0.0057 0 29 48 77
phone 0.0057 248 132 267 189
phone 0.0057 0 245 33 293
phone 0.0057 170 239 204 298
phone 0.0057 4 39 33 98
phone 0.0057 265 214 267 262
phone 0.0057 4 276 64 323
phone 0.0057 233 303 267 399
phone 0.0057 65 285 95 345
phone 0.0057 250 270 267 329
phone 0.0057 0 260 48 308
phone 0.0057 0 122 2 170
phone 0.0057 80 363 111 399
phone 0.0057 159 232 177 266
phone 0.0057 0 168 2 216
phone 0.0056 109 256 142 312
phone 0.0056 148 297 158 310
phone 0.0056 250 0 267 37
phone 0.0056 19 14 79 62
phone 0.0056 265 337 267 385
phone 0.0056 265 0 267 37
phone 0.0056 266 199 267 246
phone 0.0056 0 211 34 325
phone 0.0056 19 0 79 30
phone 0.0056 0 199 2 246
phone 0.0056 248 178 267 236
phone 0.0056 203 220 264 287
phone 0.0056 0 229 17 277
phone 0.0056 0 88 3 202
phone 0.0056 264 181 267 294
phone 0.0056 2 242 65 356
phone 0.0056 0 134 3 249
phone 0.0056 110 363 142 399
phone 0.0056 19 291 79 338
phone 0.0056 95 363 126 399
phone 0.0055 50 331 80 390
phone 0.0055 250 60 267 108
phone 0.0055 0 199 17 246
phone 0.0055 187 331 218 390
phone 0.0055 187 55 218 112
phone 0.0055 250 229 267 277
phone 0.0055 0 196 19 310
phone 0.0055 94 312 104 325
phone 0.0055 65 331 95 390
phone 0.0055 0 230 48 277
phone 0.0055 18 288 81 399
phone 0.0055 81 353 141 399
phone 0.0055 81 65 140 134
phone 0.0055 50 0 109 30
phone 0.0055 153 136 184 163
phone 0.0055 266 183 267 231
phone 0.0055 19 0 48 37
phone 0.0055 247 41 267 157
phone 0.0055 173 0 232 30
phone 0.0055 0 54 18 113
phone 0.0054 33 0 95 64
phone 0.0054 0 182 50 232
phone 0.0054 34 331 64 390
phone 0.0054 158 338 217 384
phone 0.0054 248 196 267 310
phone 0.0054 129 225 146 259
phone 0.0054 0 180 3 295
phone 0.0054 19 269 49 329
phone 0.0054 0 91 2 139
phone 0.0054 265 177 267 236
phone 0.0054 156 362 188 399
phone 0.0054 0 229 2 277
phone 0.0054 3 306 64 354
phone 0.0054 61 148 98 205
phone 0.0054 219 270 249 329
phone 0.0054 0 322 48 370
phone 0.0054 81 0 140 30
phone 0.0054 49 8 80 67
phone 0.0054 266 106 267 154
phone 0.0054 160 133 177 166
phone 0.0054 262 149 267 265
phone 0.0054 0 260 18 308
phone 0.0054 265 76 267 123
phone 0.0054 189 289 247 341
phone 0.0054 35 0 64 37
phone 0.0054 172 331 203 390
phone 0.0054 142 0 202 30
phone 0.0054 264 8 267 67
phone 0.0054 19 331 49 390
phone 0.0053 34 285 64 344
phone 0.0053 126 331 157 390
phone 0.0053 250 306 267 354
phone 0.0053 0 291 48 339
phone 0.0053 265 306 267 354
phone 0.0053 0 288 50 399
phone 0.0053 251 165 267 218
phone 0.0053 76 148 113 205
phone 0.0053 188 300 218 360
phone 0.0053 252 197 267 247
phone 0.0053 263 73 267 187
phone 0.0053 265 276 267 323
phone 0.0053 160 113 191 139
phone 0.0053 215 204 267 333
phone 0.0053 265 54 267 113
phone 0.0053 156 243 165 256
phone 0.0053 50 0 79 37
phone 0.0053 64 274 126 385
phone 0.0053 249 273 267 387
phone 0.0053 110 0 173 78
phone 0.0053 0 257 34 372
phone 0.0053 0 260 2 308
phone 0.0053 112 0 171 30
phone 0.0053 264 273 267 387
phone 0.0053 265 223 267 282
phone 0.0053 0 78 154 379
phone 0.0052 219 0 248 37
phone 0.0052 65 0 95 37
phone 0.0052 34 307 95 354
phone 0.0052 127 338 187 384
phone 0.0052 264 227 267 341
phone 0.0052 203 0 264 46
phone 0.0052 0 42 3 156
phone 0.0052 81 0 110 37
phone 0.0052 96 0 156 46
phone 0.0052 0 242 19 356
phone 0.0052 18 8 49 67
phone 0.0052 188 0 218 37
phone 0.0052 0 337 33 385
phone 0.0052 112 322 171 368
phone 0.0052 204 0 233 37
phone 0.0052 0 226 3 341
phone 0.0052 3 269 33 329
phone 0.0052 265 245 267 292
phone 0.0052 203 353 264 399
phone 0.0052 80 331 110 390
phone 0.0052 65 307 125 353
phone 0.0052 141 331 172 390
phone 0.0052 157 367 218 399
phone 0.0052 19 300 49 359
phone 0.0052 201 70 235 128
phone 0.0052 173 0 202 37
phone 0.0052 96 0 125 37
phone 0.0052 0 60 2 108
phone 0.0052 141 0 172 51
phone 0.0052 157 0 187 51
phone 0.0051 80 300 110 360
phone 0.0051 126 0 157 51
phone 0.0051 95 305 157 399
phone 0.0051 266 122 267 169
phone 0.0051 0 291 17 339
phone 0.0051 221 243 267 295
phone 0.0051 198 84 230 107
phone 0.0051 4 300 33 359
phone 0.0051 65 0 126 46
phone 0.0051 0 23 18 82
phone 0.0051 221 246 253 269
phone 0.0051 111 0 141 51
phone 0.0051 157 331 188 390
phone 0.0051 130 236 160 263
phone 0.0051 265 14 267 62
phone 0.0051 0 29 2 77
phone 0.0051 77 117 112 174
phone 0.0051 49 300 80 360
phone 0.0051 265 254 267 313
phone 0.0051 0 291 2 339
phone 0.0051 167 110 184 143
phone 0.0051 111 316 141 375
phone 0.0050 47 148 81 205
phone 0.0050 140 312 150 325
