phone 0.9302 112 121 196 296
phone 0.1150 76 84 239 320
phone 0.1145 46 137 164 314
phone 0.0914 64 157 210 349
phone 0.0680 120 162 185 252
phone 0.0678 54 89 151 259
phone 0.0608 102 63 273 227
phone 0.0548 199 166 258 249
phone 0.0493 93 122 281 391
phone 0.0452 17 98 128 300
phone 0.0441 15 206 183 370
phone 0.0408 148 119 281 280
phone 0.0404 110 205 195 363
phone 0.0381 0 188 75 327
phone 0.0381 73 73 195 219
phone 0.0353 6 171 134 344
phone 0.0331 0 120 59 280
phone 0.0313 128 240 254 395
phone 0.0302 115 177 246 330
phone 0.0300 190 99 267 253
phone 0.0297 100 176 174 270
phone 0.0283 112 156 250 258
phone 0.0273 61 162 119 252
phone 0.0239 73 252 188 379
phone 0.0234 173 44 319 241
phone 0.0233 209 160 248 224
phone 0.0231 180 147 246 237
phone 0.0223 137 182 197 264
phone 0.0221 61 207 119 300
phone 0.0219 131 206 204 301
phone 0.0200 173 75 253 216
phone 0.0199 236 25 319 193
phone 0.0197 8 232 80 306
phone 0.0195 67 64 145 196
phone 0.0194 194 174 232 240
phone 0.0191 155 222 281 361
phone 0.0190 230 93 319 247
phone 0.0182 117 244 186 324
phone 0.0181 0 235 92 363
phone 0.0175 79 137 109 162
phone 0.0172 151 306 231 399
phone 0.0171 126 199 178 277
phone 0.0168 24 65 120 217
phone 0.0166 86 133 103 166
phone 0.0165 62 222 149 377
phone 0.0163 182 106 245 185
phone 0.0159 114 173 159 241
phone 0.0154 103 124 171 229
phone 0.0153 15 168 73 247
phone 0.0152 49 291 148 399
phone 0.0151 61 106 120 185
phone 0.0151 38 235 112 302
phone 0.0150 136 151 199 232
phone 0.0149 89 143 99 156
phone 0.0147 71 174 140 240
phone 0.0146 40 174 110 240
phone 0.0145 210 191 247 254
phone 0.0144 198 122 259 200
phone 0.0143 0 312 91 399
phone 0.0139 114 284 190 346
phone 0.0139 193 316 295 399
phone 0.0138 190 148 297 266
phone 0.0137 118 291 212 399
phone 0.0136 71 190 109 255
phone 0.0135 35 226 116 373
phone 0.0135 0 191 16 331
phone 0.0134 0 296 44 399
phone 0.0134 126 140 178 213
phone 0.0134 224 19 296 148
phone 0.0134 160 239 236 298
phone 0.0132 131 264 203 335
phone 0.0131 137 201 227 276
phone 0.0131 6 270 82 330
phone 0.0129 217 113 248 139
phone 0.0127 84 114 158 177
phone 0.0127 134 270 169 328
phone 0.0127 0 44 88 237
phone 0.0125 191 254 303 384
phone 0.0125 25 239 62 298
phone 0.0125 188 165 269 310
phone 0.0124 73 125 138 197
phone 0.0124 71 160 109 223
phone 0.0123 187 49 270 180
phone 0.0123 250 154 319 291
phone 0.0122 93 133 110 166
phone 0.0121 36 322 115 399
phone 0.0120 176 199 252 338
phone 0.0119 73 100 107 160
phone 0.0119 230 240 319 345
phone 0.0118 38 203 111 273
phone 0.0118 132 236 172 301
phone 0.0118 229 42 290 96
phone 0.0118 87 100 124 161
phone 0.0117 162 97 233 164
phone 0.0117 197 97 260 163
phone 0.0116 224 110 241 143
phone 0.0115 59 82 121 148
phone 0.0115 198 81 290 210
phone 0.0114 27 161 61 222
phone 0.0114 92 309 181 399
phone 0.0113 101 48 222 182
phone 0.0113 187 206 217 231
phone 0.0112 167 327 260 399
phone 0.0112 57 240 92 298
phone 0.0112 187 260 217 285
phone 0.0112 244 39 275 98
phone 0.0111 195 115 231 176
phone 0.0111 21 221 98 286
phone 0.0111 26 189 93 256
phone 0.0109 82 161 160 222
phone 0.0108 181 241 215 297
phone 0.0107 106 208 167 299
phone 0.0107 86 0 183 174
phone 0.0107 88 178 123 236
phone 0.0107 58 177 92 237
phone 0.0106 68 282 143 348
phone 0.0106 245 104 305 187
phone 0.0105 184 187 243 289
phone 0.0105 97 143 107 156
phone 0.0105 10 222 47 285
phone 0.0105 0 102 18 238
phone 0.0105 27 271 61 328
phone 0.0103 157 126 239 196
phone 0.0103 212 173 308 302
phone 0.0103 0 190 47 255
phone 0.0103 140 0 248 170
phone 0.0103 228 345 291 399
phone 0.0102 0 161 46 223
phone 0.0102 145 221 188 285
phone 0.0102 193 256 211 289
phone 0.0102 71 206 140 269
phone 0.0102 211 116 246 175
phone 0.0101 0 183 39 342
phone 0.0101 181 82 246 148
phone 0.0101 193 202 211 235
phone 0.0101 228 120 237 132
phone 0.0101 10 253 47 315
phone 0.0101 227 95 292 166
phone 0.0100 257 190 319 255
phone 0.0099 104 117 138 174
phone 0.0099 43 143 106 209
phone 0.0098 150 286 184 344
phone 0.0098 48 318 132 373
phone 0.0098 244 309 307 399
phone 0.0097 194 361 263 399
phone 0.0097 147 293 218 367
phone 0.0096 10 361 78 399
phone 0.0096 12 179 45 235
phone 0.0096 0 236 50 301
phone 0.0096 43 356 107 399
phone 0.0095 6 29 195 247
phone 0.0095 117 205 156 270
phone 0.0095 257 160 319 224
phone 0.0094 0 330 1 399
phone 0.0094 43 258 107 341
phone 0.0094 14 265 106 395
phone 0.0094 163 259 233 340
phone 0.0093 205 163 283 221
phone 0.0092 197 199 261 277
phone 0.0092 99 263 174 336
phone 0.0092 58 101 91 159
phone 0.0091 212 85 276 144
phone 0.0091 42 178 76 236
phone 0.0091 197 212 207 225
phone 0.0091 144 181 252 234
phone 0.0090 81 195 160 251
phone 0.0090 7 300 81 361
phone 0.0090 197 266 207 279
phone 0.0090 179 117 216 174
phone 0.0089 194 144 233 208
phone 0.0089 256 131 319 191
phone 0.0088 82 300 160 361
phone 0.0088 195 246 263 322
phone 0.0088 16 141 73 212
phone 0.0087 0 360 46 399
phone 0.0087 103 360 170 399
phone 0.0087 40 293 110 368
phone 0.0087 72 248 140 320
phone 0.0087 146 345 219 399
phone 0.0086 0 178 30 236
phone 0.0086 226 126 293 196
phone 0.0086 0 116 88 399
phone 0.0086 25 208 63 268
phone 0.0086 0 209 30 266
phone 0.0086 27 348 60 399
phone 0.0086 42 116 107 175
phone 0.0086 24 281 95 349
phone 0.0085 243 101 276 160
phone 0.0085 146 248 219 320
phone 0.0085 197 205 207 217
phone 0.0084 67 331 145 391
phone 0.0084 87 213 117 240
phone 0.0084 104 163 138 220
phone 0.0084 0 255 30 313
phone 0.0083 164 244 194 270
phone 0.0083 18 255 101 313
phone 0.0083 117 260 148 285
phone 0.0083 0 285 49 344
phone 0.0083 273 178 307 236
phone 0.0082 118 90 186 171
phone 0.0082 202 136 232 163
phone 0.0082 124 256 141 288
phone 0.0081 57 208 92 268
phone 0.0081 206 224 282 283
phone 0.0081 257 115 292 176
phone 0.0081 41 209 77 266
phone 0.0081 87 77 155 153
phone 0.0081 223 190 296 255
phone 0.0081 0 298 7 399
phone 0.0080 225 144 255 170
phone 0.0080 88 147 123 205
phone 0.0080 245 74 305 155
phone 0.0080 0 259 11 385
phone 0.0080 212 348 245 399
phone 0.0080 187 190 217 216
phone 0.0079 73 348 107 399
phone 0.0079 135 302 168 359
phone 0.0079 170 240 187 274
phone 0.0079 243 332 276 389
phone 0.0079 225 121 255 147
phone 0.0078 224 298 296 362
phone 0.0078 88 287 123 343
phone 0.0078 88 209 122 266
phone 0.0078 0 331 29 390
phone 0.0078 181 211 214 265
phone 0.0078 93 209 111 243
phone 0.0078 294 190 319 216
phone 0.0078 241 282 309 347
phone 0.0078 243 69 276 129
phone 0.0078 271 148 319 205
phone 0.0078 228 128 237 140
phone 0.0077 209 133 226 166
phone 0.0077 42 272 76 327
phone 0.0077 83 239 159 299
phone 0.0077 289 133 319 189
phone 0.0076 27 301 61 359
phone 0.0076 228 113 237 125
phone 0.0076 58 347 91 399
phone 0.0076 244 199 306 277
phone 0.0075 175 296 252 365
phone 0.0075 243 235 307 303
phone 0.0075 56 198 86 224
phone 0.0075 258 99 319 161
phone 0.0075 57 270 92 329
phone 0.0075 254 205 319 332
phone 0.0074 165 301 200 359
phone 0.0074 267 83 319 208
phone 0.0074 188 282 269 348
phone 0.0074 73 318 107 373
phone 0.0074 231 109 249 143
phone 0.0074 128 266 137 279
phone 0.0074 221 268 298 331
phone 0.0073 198 68 259 130
phone 0.0073 0 176 0 299
phone 0.0073 164 259 194 286
phone 0.0073 201 202 218 235
phone 0.0073 225 105 255 132
phone 0.0073 43 147 76 205
phone 0.0073 119 347 153 399
phone 0.0073 144 107 221 185
phone 0.0073 248 32 302 105
phone 0.0073 243 132 276 190
phone 0.0072 231 140 249 174
phone 0.0072 104 194 137 251
phone 0.0072 115 144 158 209
phone 0.0072 217 190 248 216
phone 0.0072 104 331 138 390
phone 0.0072 115 345 189 399
phone 0.0072 214 57 274 111
phone 0.0072 166 363 199 399
phone 0.0072 227 179 261 235
phone 0.0071 195 237 232 300
phone 0.0071 58 317 91 374
phone 0.0071 193 186 211 220
phone 0.0071 259 3 319 134
phone 0.0071 147 78 218 152
phone 0.0070 262 362 318 399
phone 0.0070 276 30 319 77
phone 0.0070 159 192 204 253
phone 0.0070 148 255 186 313
phone 0.0070 89 333 122 389
phone 0.0070 170 256 187 289
phone 0.0069 294 167 319 193
phone 0.0069 242 194 276 250
phone 0.0069 227 117 260 174
phone 0.0069 224 187 241 220
phone 0.0069 274 208 306 267
phone 0.0069 163 225 201 281
phone 0.0069 42 241 76 296
phone 0.0069 242 362 276 399
phone 0.0069 258 331 292 391
phone 0.0069 72 357 139 399
phone 0.0069 0 0 1 98
phone 0.0068 12 147 45 205
phone 0.0068 103 302 138 358
phone 0.0068 88 255 123 313
phone 0.0068 43 348 76 399
phone 0.0068 262 40 318 97
phone 0.0068 257 145 292 207
phone 0.0068 276 119 319 172
phone 0.0068 62 194 80 228
phone 0.0068 58 131 91 190
phone 0.0068 103 257 138 311
phone 0.0067 275 240 306 297
phone 0.0067 227 148 261 205
phone 0.0067 211 239 246 298
phone 0.0067 33 198 63 224
phone 0.0067 136 44 198 93
phone 0.0067 227 225 261 281
phone 0.0066 97 220 107 232
phone 0.0066 212 143 222 156
phone 0.0066 174 251 184 263
phone 0.0066 273 328 319 399
phone 0.0066 148 84 179 108
phone 0.0066 258 286 292 343
phone 0.0066 180 302 215 358
phone 0.0066 136 10 199 127
phone 0.0066 164 271 200 328
phone 0.0066 166 332 199 390
phone 0.0066 0 361 14 399
phone 0.0066 135 333 168 389
phone 0.0065 242 302 276 358
phone 0.0065 0 84 48 195
phone 0.0065 273 86 307 144
phone 0.0065 258 240 292 298
phone 0.0065 214 30 274 77
phone 0.0065 0 146 30 206
phone 0.0065 194 205 232 271
phone 0.0065 64 136 94 163
phone 0.0065 227 334 261 388
phone 0.0065 196 348 230 399
phone 0.0065 257 84 292 145
phone 0.0064 155 79 172 112
phone 0.0064 205 212 214 225
phone 0.0064 119 317 153 374
phone 0.0064 78 64 133 134
phone 0.0063 87 128 117 155
phone 0.0063 179 270 216 329
phone 0.0063 197 274 207 286
phone 0.0063 152 39 182 97
phone 0.0063 290 110 319 242
phone 0.0063 78 133 95 166
phone 0.0063 241 121 271 147
phone 0.0063 236 120 245 132
phone 0.0063 0 314 16 399
phone 0.0063 181 363 215 399
phone 0.0062 240 206 271 232
phone 0.0062 103 86 139 144
phone 0.0062 307 137 319 185
phone 0.0062 39 194 57 228
phone 0.0062 229 24 260 82
phone 0.0062 11 316 46 375
phone 0.0062 104 225 137 281
phone 0.0062 236 151 245 163
phone 0.0062 122 63 182 136
phone 0.0062 42 302 76 359
phone 0.0062 168 39 198 97
phone 0.0062 257 208 292 268
phone 0.0062 194 113 225 140
phone 0.0062 197 197 207 210
phone 0.0062 212 54 245 113
phone 0.0062 303 102 319 219
phone 0.0062 305 197 314 209
phone 0.0062 118 270 154 329
phone 0.0061 257 176 292 238
phone 0.0061 262 255 319 313
phone 0.0061 74 69 107 129
phone 0.0061 246 13 304 63
phone 0.0061 0 301 30 359
phone 0.0061 2 344 32 370
phone 0.0060 0 161 14 222
phone 0.0060 236 128 245 140
phone 0.0060 197 220 207 233
phone 0.0060 61 29 120 77
phone 0.0060 0 40 0 159
phone 0.0060 259 8 291 67
phone 0.0060 0 91 28 139
phone 0.0060 242 225 276 281
phone 0.0060 307 214 319 262
phone 0.0060 0 122 45 170
phone 0.0060 294 163 319 220
phone 0.0060 0 57 29 172
phone 0.0060 59 0 122 110
phone 0.0060 106 45 167 93
phone 0.0059 194 244 225 270
phone 0.0059 210 271 246 328
phone 0.0059 0 76 59 123
phone 0.0059 0 131 1 252
phone 0.0059 164 102 200 159
phone 0.0059 153 29 213 77
phone 0.0059 0 193 14 252
phone 0.0059 305 181 319 294
phone 0.0059 174 266 184 279
phone 0.0059 66 212 76 225
phone 0.0059 66 205 76 217
phone 0.0059 150 315 184 375
phone 0.0059 196 318 230 374
phone 0.0059 228 197 237 209
phone 0.0059 258 53 292 115
phone 0.0059 70 132 88 167
phone 0.0059 0 270 1 390
phone 0.0059 242 271 276 327
phone 0.0059 165 70 200 128
phone 0.0059 0 42 60 156
phone 0.0059 105 10 168 126
phone 0.0059 0 223 1 344
phone 0.0059 174 259 184 271
phone 0.0059 30 29 90 77
phone 0.0058 14 45 74 93
phone 0.0058 159 89 168 102
phone 0.0058 167 61 228 138
phone 0.0058 122 29 182 77
phone 0.0058 0 106 13 154
phone 0.0058 288 157 319 287
phone 0.0058 202 120 232 148
phone 0.0058 168 43 228 94
phone 0.0058 28 0 91 110
phone 0.0058 91 29 151 77
phone 0.0058 186 221 217 247
phone 0.0058 0 73 14 186
phone 0.0058 183 29 244 77
phone 0.0058 147 79 164 112
phone 0.0058 0 60 44 108
phone 0.0058 75 45 136 93
phone 0.0057 239 117 257 151
phone 0.0057 137 39 167 97
phone 0.0057 76 23 105 83
phone 0.0057 0 0 12 30
phone 0.0057 247 202 264 235
phone 0.0057 306 367 319 399
phone 0.0057 201 109 218 143
phone 0.0057 0 106 60 154
phone 0.0057 150 362 184 399
phone 0.0057 0 29 59 77
phone 0.0057 60 23 90 83
phone 0.0057 44 45 106 93
phone 0.0057 110 152 140 178
phone 0.0057 182 0 245 110
phone 0.0057 305 332 319 399
phone 0.0057 0 76 13 123
phone 0.0057 181 333 215 389
phone 0.0057 0 0 13 64
phone 0.0057 241 190 271 216
phone 0.0057 291 208 319 267
phone 0.0057 133 101 170 160
phone 0.0057 261 225 319 281
phone 0.0057 91 23 121 83
phone 0.0057 9 340 26 374
phone 0.0057 247 117 265 151
phone 0.0057 292 306 319 354
phone 0.0057 307 183 319 232
phone 0.0057 44 26 106 141
phone 0.0056 14 70 44 129
phone 0.0056 0 0 60 110
phone 0.0056 122 39 152 98
phone 0.0056 0 85 0 205
phone 0.0056 292 260 319 308
phone 0.0056 243 163 276 220
phone 0.0056 164 206 194 232
phone 0.0056 88 362 122 399
phone 0.0056 289 273 319 387
phone 0.0056 87 197 117 224
phone 0.0056 0 0 58 30
phone 0.0056 0 243 30 399
phone 0.0056 45 23 75 82
phone 0.0056 288 227 319 341
phone 0.0056 0 45 28 93
phone 0.0056 82 143 91 156
phone 0.0056 43 100 76 160
phone 0.0056 0 131 59 191
phone 0.0055 30 39 59 98
phone 0.0055 236 113 245 125
phone 0.0055 290 8 319 67
phone 0.0055 227 287 261 342
phone 0.0055 167 0 229 64
phone 0.0055 150 70 184 128
phone 0.0055 107 23 136 83
phone 0.0055 201 240 218 274
phone 0.0055 183 39 214 97
phone 0.0055 0 27 14 140
phone 0.0055 0 11 29 125
phone 0.0055 89 151 99 163
phone 0.0055 0 137 14 185
phone 0.0055 306 300 319 359
phone 0.0055 306 254 319 313
phone 0.0055 0 0 44 64
phone 0.0055 273 55 307 113
phone 0.0055 305 174 314 186
phone 0.0055 199 24 229 82
phone 0.0054 45 14 105 62
phone 0.0054 14 39 44 98
phone 0.0054 301 106 319 131
phone 0.0054 0 30 13 77
phone 0.0054 179 180 215 234
phone 0.0054 211 318 246 373
phone 0.0054 13 0 75 64
phone 0.0054 76 14 135 62
phone 0.0054 66 197 76 209
phone 0.0054 262 304 319 356
phone 0.0054 13 91 76 139
phone 0.0054 60 55 90 113
phone 0.0054 14 101 44 159
phone 0.0054 187 236 217 263
phone 0.0053 184 0 243 31
phone 0.0053 276 0 319 30
phone 0.0053 14 0 44 37
phone 0.0053 255 267 319 393
phone 0.0053 226 256 261 312
phone 0.0053 208 117 226 151
phone 0.0053 292 45 319 93
phone 0.0053 171 151 201 178
phone 0.0053 170 203 187 234
phone 0.0053 199 43 258 94
phone 0.0053 0 285 14 345
phone 0.0053 118 101 154 159
phone 0.0053 153 0 212 30
phone 0.0053 136 0 198 64
phone 0.0053 107 14 166 62
phone 0.0053 56 213 86 240
phone 0.0053 271 106 302 132
phone 0.0053 89 136 99 148
phone 0.0053 30 0 89 30
phone 0.0053 216 109 234 144
phone 0.0053 275 8 306 67
phone 0.0053 0 0 28 37
phone 0.0053 43 205 53 217
phone 0.0053 92 57 151 112
phone 0.0053 122 0 181 30
phone 0.0053 187 274 217 301
phone 0.0052 193 217 211 251
phone 0.0052 306 0 319 64
phone 0.0052 30 0 59 37
phone 0.0052 29 54 91 174
phone 0.0052 71 286 109 344
phone 0.0052 116 148 134 182
phone 0.0052 90 0 152 64
phone 0.0052 278 38 310 61
phone 0.0052 97 228 107 240
phone 0.0052 210 105 240 132
phone 0.0052 233 113 263 140
phone 0.0052 307 0 319 31
phone 0.0052 290 101 319 159
phone 0.0052 291 367 319 399
phone 0.0052 218 159 248 186
phone 0.0052 76 0 135 30
phone 0.0052 184 0 213 37
phone 0.0052 29 75 91 123
phone 0.0052 290 43 299 56
phone 0.0052 309 102 319 135
phone 0.0051 151 89 160 102
phone 0.0051 306 39 319 98
phone 0.0051 193 240 211 274
phone 0.0051 0 224 14 282
phone 0.0051 93 194 111 228
phone 0.0051 247 186 265 220
phone 0.0051 29 85 59 144
phone 0.0051 246 0 304 31
phone 0.0051 194 183 225 209
phone 0.0051 278 102 295 135
phone 0.0051 199 0 228 37
phone 0.0051 168 0 197 37
phone 0.0051 45 0 74 37
phone 0.0051 74 143 84 156
phone 0.0051 286 34 302 65
phone 0.0050 153 0 182 37
phone 0.0050 194 213 225 239
phone 0.0050 210 143 240 171
phone 0.0050 251 212 260 225
phone 0.0050 33 182 63 209
phone 0.0050 137 0 167 37
phone 0.0050 29 8 60 67
phone 0.0050 174 243 184 255
