phone 0.8559 139 182 235 385
phone 0.0685 150 233 233 336
phone 0.0527 97 190 195 386
phone 0.0505 83 206 146 368
phone 0.0475 150 183 288 349
phone 0.0427 70 40 144 178
phone 0.0360 185 144 279 269
phone 0.0351 120 39 228 175
phone 0.0341 95 174 185 299
phone 0.0332 152 290 238 398
phone 0.0314 146 65 247 211
phone 0.0310 192 56 273 161
phone 0.0303 274 213 372 372
phone 0.0302 127 101 215 241
phone 0.0298 35 160 126 306
phone 0.0286 96 95 181 248
phone 0.0285 148 4 253 154
phone 0.0282 71 91 146 248
phone 0.0252 210 252 306 382
phone 0.0227 210 99 312 247
phone 0.0220 9 194 90 332
phone 0.0217 76 63 207 217
phone 0.0213 183 209 332 372
phone 0.0210 212 170 315 303
phone 0.0200 61 124 226 399
phone 0.0193 166 247 218 321
phone 0.0192 248 128 339 278
phone 0.0187 158 155 238 259
phone 0.0187 281 306 364 399
phone 0.0182 71 153 153 317
phone 0.0178 240 289 340 399
phone 0.0169 33 64 125 211
phone 0.0157 148 249 264 380
phone 0.0156 141 272 212 357
phone 0.0155 96 267 134 332
phone 0.0154 136 0 213 120
phone 0.0153 112 135 346 333
phone 0.0146 142 205 211 302
phone 0.0146 280 165 370 303
phone 0.0137 80 294 139 399
phone 0.0134 93 12 193 146
phone 0.0133 67 248 132 320
phone 0.0133 226 83 366 262
phone 0.0132 99 296 182 397
phone 0.0130 225 179 354 347
phone 0.0127 120 18 277 257
phone 0.0127 84 253 176 376
phone 0.0126 246 85 341 195
phone 0.0125 95 252 165 316
phone 0.0124 155 235 198 302
phone 0.0122 121 221 203 347
phone 0.0122 223 10 305 141
phone 0.0120 40 246 114 391
phone 0.0118 234 324 304 399
phone 0.0116 208 63 299 197
phone 0.0115 137 315 209 399
phone 0.0115 185 283 291 399
phone 0.0112 171 283 213 347
phone 0.0112 46 38 123 160
phone 0.0111 83 270 116 329
phone 0.0111 76 0 154 139
phone 0.0110 147 7 206 69
phone 0.0108 173 252 272 317
phone 0.0107 240 362 298 399
phone 0.0107 96 236 134 301
phone 0.0106 87 192 142 284
phone 0.0106 236 236 302 302
phone 0.0105 165 276 249 355
phone 0.0105 68 203 131 273
phone 0.0104 9 263 80 382
phone 0.0103 111 21 181 86
phone 0.0103 187 69 258 130
phone 0.0102 91 0 308 181
phone 0.0101 250 13 338 137
phone 0.0101 5 142 89 259
phone 0.0100 236 266 302 333
phone 0.0100 67 280 132 349
phone 0.0098 277 109 372 229
phone 0.0098 267 324 333 399
phone 0.0098 155 266 198 333
phone 0.0098 152 86 231 144
phone 0.0097 52 213 117 264
phone 0.0096 68 45 131 123
phone 0.0096 113 255 147 313
phone 0.0095 105 242 186 296
phone 0.0095 0 169 56 296
phone 0.0094 194 273 282 326
phone 0.0094 184 44 340 294
phone 0.0094 82 239 116 298
phone 0.0093 65 345 96 370
phone 0.0093 192 0 276 114
phone 0.0093 94 286 167 343
phone 0.0092 83 208 116 267
phone 0.0092 0 0 39 67
phone 0.0091 96 334 164 388
phone 0.0091 79 68 151 131
phone 0.0091 223 224 284 313
phone 0.0091 253 350 316 399
phone 0.0091 187 347 259 399
phone 0.0090 83 32 147 106
phone 0.0090 72 342 89 372
phone 0.0089 219 115 287 176
phone 0.0089 205 86 239 143
phone 0.0089 0 329 41 399
phone 0.0089 104 273 188 326
phone 0.0089 49 85 119 144
phone 0.0088 271 363 328 399
phone 0.0088 79 98 151 162
phone 0.0088 251 255 285 313
phone 0.0088 129 24 162 82
phone 0.0087 140 98 213 162
phone 0.0087 235 297 303 363
phone 0.0087 310 229 392 358
phone 0.0087 195 129 227 154
phone 0.0086 191 243 284 295
phone 0.0086 198 302 278 359
phone 0.0086 203 126 219 158
phone 0.0086 244 318 324 373
phone 0.0085 143 253 179 314
phone 0.0084 97 222 164 285
phone 0.0084 159 301 193 360
phone 0.0084 35 224 133 343
phone 0.0084 253 346 284 399
phone 0.0084 219 82 288 147
phone 0.0084 110 69 182 130
phone 0.0083 238 187 300 258
phone 0.0083 68 209 100 267
phone 0.0083 208 48 268 120
phone 0.0083 176 0 239 102
phone 0.0082 131 287 192 373
phone 0.0082 0 0 36 32
phone 0.0082 82 55 116 113
phone 0.0082 286 244 344 324
phone 0.0081 142 360 211 399
phone 0.0081 269 346 300 399
phone 0.0081 297 298 364 363
phone 0.0081 265 267 334 332
phone 0.0081 148 181 204 264
phone 0.0080 127 90 157 116
phone 0.0080 206 361 270 399
phone 0.0080 0 222 50 363
phone 0.0080 97 299 133 361
phone 0.0080 75 351 85 363
phone 0.0080 251 285 285 344
phone 0.0080 168 102 246 159
phone 0.0080 362 0 399 34
phone 0.0079 234 98 303 162
phone 0.0079 0 46 54 166
phone 0.0079 182 317 263 374
phone 0.0079 57 206 88 232
phone 0.0079 114 331 146 390
phone 0.0079 126 345 196 399
phone 0.0079 108 209 183 267
phone 0.0079 188 190 257 255
phone 0.0079 257 134 273 165
phone 0.0079 251 224 285 282
phone 0.0078 299 220 361 286
phone 0.0078 144 60 209 139
phone 0.0078 249 138 281 161
phone 0.0078 98 191 132 253
phone 0.0078 174 318 208 374
phone 0.0078 191 8 224 67
phone 0.0078 68 70 100 129
phone 0.0077 313 317 347 374
phone 0.0077 132 191 190 285
phone 0.0077 155 51 228 117
phone 0.0077 67 313 132 378
phone 0.0077 206 135 216 148
phone 0.0077 143 284 179 345
phone 0.0076 221 287 254 342
phone 0.0076 199 331 277 391
phone 0.0076 265 237 335 300
phone 0.0076 97 39 132 98
phone 0.0076 260 143 270 156
phone 0.0076 285 197 345 278
phone 0.0076 302 269 359 330
phone 0.0076 254 168 315 216
phone 0.0075 89 58 171 110
phone 0.0075 174 87 208 143
phone 0.0075 128 241 162 296
phone 0.0075 64 202 81 235
phone 0.0075 244 289 325 341
phone 0.0075 83 301 116 359
phone 0.0075 224 271 284 359
phone 0.0075 91 87 169 143
phone 0.0075 286 273 344 357
phone 0.0074 144 192 178 252
phone 0.0074 266 188 333 257
phone 0.0074 295 349 311 380
phone 0.0074 68 101 100 159
phone 0.0074 243 228 325 279
phone 0.0074 98 71 132 128
phone 0.0074 287 353 320 377
phone 0.0074 0 366 36 399
phone 0.0074 133 86 151 120
phone 0.0073 115 362 176 399
phone 0.0073 110 98 182 163
phone 0.0073 236 101 270 159
phone 0.0073 129 71 162 127
phone 0.0073 159 17 225 90
phone 0.0073 113 24 147 82
phone 0.0073 57 330 88 354
phone 0.0073 159 86 193 144
phone 0.0072 159 118 225 173
phone 0.0072 176 220 268 287
phone 0.0072 285 350 345 399
phone 0.0072 209 181 267 234
phone 0.0072 98 101 132 159
phone 0.0072 129 303 162 358
phone 0.0072 113 102 147 158
phone 0.0072 264 296 336 364
phone 0.0072 37 271 101 328
phone 0.0072 169 329 246 393
phone 0.0072 268 163 300 220
phone 0.0072 111 337 142 362
phone 0.0072 221 257 254 311
phone 0.0072 223 168 284 215
phone 0.0072 252 316 285 374
phone 0.0071 283 271 316 328
phone 0.0071 126 134 142 165
phone 0.0071 66 116 133 174
phone 0.0071 189 36 256 102
phone 0.0071 118 137 150 162
phone 0.0071 0 106 54 230
phone 0.0071 206 178 239 235
phone 0.0071 245 258 323 311
phone 0.0071 118 334 135 365
phone 0.0071 55 7 114 129
phone 0.0071 64 327 81 357
phone 0.0071 128 272 162 327
phone 0.0071 238 162 269 220
phone 0.0070 267 318 301 373
phone 0.0070 8 85 81 190
phone 0.0070 113 193 147 251
phone 0.0070 168 221 215 286
phone 0.0070 288 314 319 339
phone 0.0070 208 135 268 187
phone 0.0070 299 358 308 371
phone 0.0070 253 163 285 220
phone 0.0070 237 347 269 399
phone 0.0070 68 0 131 95
phone 0.0070 96 117 164 174
phone 0.0070 249 53 281 76
phone 0.0069 221 348 254 399
phone 0.0069 54 41 115 96
phone 0.0069 130 45 192 123
phone 0.0069 205 333 239 389
phone 0.0069 189 114 257 177
phone 0.0069 240 136 297 185
phone 0.0069 197 208 279 268
phone 0.0069 205 56 239 112
phone 0.0068 99 331 131 391
phone 0.0068 252 102 285 158
phone 0.0068 284 346 315 399
phone 0.0068 295 310 312 343
phone 0.0068 129 332 162 389
phone 0.0068 131 0 191 48
phone 0.0068 190 363 224 399
phone 0.0068 283 240 316 297
phone 0.0068 134 134 149 165
phone 0.0067 52 208 85 267
phone 0.0067 159 332 193 390
phone 0.0067 313 286 347 343
phone 0.0067 260 59 270 71
phone 0.0067 328 301 394 399
phone 0.0067 143 223 179 284
phone 0.0067 54 321 114 370
phone 0.0067 332 336 390 386
phone 0.0067 190 72 224 127
phone 0.0066 57 204 73 233
phone 0.0066 195 126 212 158
phone 0.0066 26 0 187 282
phone 0.0066 221 318 255 373
phone 0.0066 257 50 273 80
phone 0.0066 282 194 316 251
phone 0.0066 300 346 330 399
phone 0.0066 54 183 115 231
phone 0.0066 129 210 162 266
phone 0.0066 194 13 252 63
phone 0.0066 297 208 332 268
phone 0.0066 129 76 193 154
phone 0.0065 129 143 139 156
phone 0.0065 235 253 271 315
phone 0.0065 190 102 224 158
phone 0.0065 137 143 147 156
phone 0.0065 84 13 146 63
phone 0.0065 38 238 100 299
phone 0.0065 285 137 345 185
phone 0.0065 222 306 285 385
phone 0.0065 101 0 160 31
phone 0.0065 82 101 116 159
phone 0.0065 267 194 301 251
phone 0.0065 239 130 269 191
phone 0.0064 346 331 376 390
phone 0.0064 300 91 360 139
phone 0.0064 330 286 361 343
phone 0.0064 60 213 70 225
phone 0.0064 284 163 316 220
phone 0.0064 210 25 266 81
phone 0.0064 68 336 77 348
phone 0.0064 137 97 147 109
phone 0.0064 162 0 222 47
phone 0.0064 144 24 178 82
phone 0.0064 237 68 301 131
phone 0.0064 301 181 359 233
phone 0.0064 299 57 362 172
phone 0.0063 68 213 77 225
phone 0.0063 38 29 100 77
phone 0.0063 83 23 116 83
phone 0.0063 309 189 383 317
phone 0.0063 100 0 161 79
phone 0.0063 285 168 345 216
phone 0.0063 175 348 208 399
phone 0.0063 113 302 147 359
phone 0.0063 38 0 100 110
phone 0.0063 159 24 193 82
phone 0.0063 189 303 225 358
phone 0.0063 223 130 253 191
phone 0.0063 254 131 284 191
phone 0.0063 283 133 347 250
phone 0.0063 118 134 134 165
phone 0.0062 299 177 331 236
phone 0.0062 128 102 162 158
phone 0.0062 361 90 399 139
phone 0.0062 363 58 399 171
phone 0.0062 52 333 116 399
phone 0.0062 54 368 115 399
phone 0.0062 38 122 99 169
phone 0.0062 176 116 208 175
phone 0.0062 69 178 100 236
phone 0.0062 236 192 270 252
phone 0.0062 211 126 227 158
phone 0.0062 85 330 115 391
phone 0.0062 282 302 316 358
phone 0.0062 55 138 114 184
phone 0.0062 163 177 221 238
phone 0.0062 192 168 253 216
phone 0.0062 297 284 332 345
phone 0.0062 346 139 399 262
phone 0.0062 130 0 161 51
phone 0.0062 84 177 115 236
phone 0.0062 174 24 209 82
phone 0.0062 161 116 192 175
phone 0.0061 122 343 131 356
phone 0.0061 69 362 100 399
phone 0.0061 299 320 308 333
phone 0.0061 38 198 99 247
phone 0.0061 270 153 330 200
phone 0.0061 301 29 360 77
phone 0.0061 115 0 146 51
phone 0.0061 99 8 131 67
phone 0.0061 221 100 255 160
phone 0.0061 267 287 300 342
phone 0.0061 316 85 345 144
phone 0.0061 147 0 206 31
phone 0.0061 114 145 179 269
phone 0.0061 54 14 115 62
phone 0.0061 300 131 330 190
phone 0.0061 131 168 191 215
phone 0.0061 54 115 84 176
phone 0.0061 316 60 376 108
phone 0.0061 174 56 209 112
phone 0.0061 299 0 362 110
phone 0.0061 47 258 122 310
phone 0.0061 53 362 84 399
phone 0.0060 235 222 271 284
phone 0.0060 144 54 178 113
phone 0.0060 49 215 80 238
phone 0.0060 300 122 360 169
phone 0.0060 360 59 399 108
phone 0.0060 204 272 240 327
phone 0.0060 300 85 330 144
phone 0.0060 54 23 84 82
phone 0.0060 69 131 99 191
phone 0.0060 38 305 99 399
phone 0.0060 190 40 224 97
phone 0.0060 313 209 347 267
phone 0.0060 113 56 147 112
phone 0.0060 314 254 346 313
phone 0.0060 315 26 377 141
phone 0.0060 61 84 277 316
phone 0.0060 267 225 300 281
phone 0.0060 361 121 399 170
phone 0.0060 69 24 100 82
phone 0.0060 313 148 379 266
phone 0.0059 317 197 374 249
phone 0.0059 221 194 254 251
phone 0.0059 298 316 332 375
phone 0.0059 206 116 239 174
phone 0.0059 145 162 177 220
phone 0.0059 192 163 223 220
phone 0.0059 209 0 267 30
phone 0.0059 88 342 103 372
phone 0.0059 48 290 120 339
phone 0.0059 361 182 399 232
phone 0.0059 223 0 284 64
phone 0.0059 91 351 101 364
phone 0.0059 199 135 208 148
phone 0.0059 285 76 345 123
phone 0.0059 52 255 85 313
phone 0.0059 331 367 391 399
phone 0.0059 146 0 176 37
phone 0.0059 23 307 84 354
phone 0.0059 222 9 254 67
phone 0.0059 362 243 399 355
phone 0.0059 316 346 345 399
phone 0.0059 22 332 86 399
phone 0.0059 79 346 112 368
phone 0.0059 205 303 239 358
phone 0.0059 38 59 100 109
phone 0.0059 268 0 331 95
phone 0.0059 362 12 399 124
phone 0.0059 100 168 161 216
phone 0.0059 331 29 391 77
phone 0.0059 363 104 399 217
phone 0.0058 360 275 399 324
phone 0.0058 7 0 70 95
phone 0.0058 283 41 347 157
phone 0.0058 314 330 378 399
phone 0.0058 116 181 175 233
phone 0.0058 330 209 362 266
phone 0.0058 316 23 345 83
phone 0.0058 361 152 399 201
phone 0.0058 38 300 69 360
phone 0.0058 86 180 144 234
phone 0.0058 238 24 269 82
phone 0.0058 57 184 88 207
phone 0.0058 54 331 84 391
phone 0.0058 301 366 360 399
phone 0.0058 330 0 393 110
phone 0.0058 331 23 361 83
phone 0.0058 318 243 374 294
phone 0.0058 267 256 300 312
phone 0.0058 331 75 391 123
phone 0.0058 162 0 192 37
phone 0.0058 192 119 253 233
phone 0.0058 331 54 361 113
phone 0.0058 122 143 131 156
phone 0.0058 133 138 166 161
phone 0.0058 360 29 399 78
phone 0.0058 101 0 130 37
phone 0.0058 331 178 361 236
phone 0.0058 300 153 360 200
phone 0.0057 141 337 173 362
phone 0.0057 316 54 345 113
phone 0.0057 38 363 69 399
phone 0.0057 142 134 157 165
phone 0.0057 377 84 399 145
phone 0.0057 235 284 271 345
phone 0.0057 149 333 165 365
phone 0.0057 84 362 115 399
phone 0.0057 80 184 112 207
phone 0.0057 87 207 119 231
phone 0.0057 346 239 376 298
phone 0.0057 362 305 399 399
phone 0.0057 330 42 392 156
phone 0.0057 300 23 330 83
phone 0.0057 49 230 80 254
phone 0.0057 315 116 346 175
phone 0.0057 208 146 238 206
phone 0.0057 80 341 96 373
phone 0.0057 286 106 344 154
phone 0.0057 145 143 154 156
phone 0.0057 332 276 390 323
phone 0.0057 144 85 178 144
phone 0.0057 60 220 70 232
phone 0.0057 285 45 345 93
phone 0.0057 115 162 146 220
phone 0.0057 361 213 399 262
phone 0.0057 347 54 376 113
phone 0.0057 362 181 399 293
phone 0.0057 316 106 376 154
phone 0.0057 331 331 361 391
phone 0.0057 70 0 129 31
phone 0.0057 177 0 207 37
phone 0.0057 214 135 223 148
phone 0.0056 49 199 80 223
phone 0.0056 345 363 377 399
phone 0.0056 346 193 377 251
phone 0.0056 346 23 376 83
phone 0.0056 347 322 399 369
phone 0.0056 159 54 194 114
phone 0.0056 56 258 73 288
phone 0.0056 49 261 81 285
phone 0.0056 224 0 253 37
phone 0.0056 53 54 84 113
phone 0.0056 239 0 298 31
phone 0.0056 178 153 236 199
phone 0.0056 331 168 391 216
phone 0.0056 57 227 73 256
phone 0.0056 315 73 377 187
phone 0.0056 8 337 68 385
phone 0.0056 346 270 377 328
phone 0.0056 190 333 224 389
phone 0.0056 68 189 77 202
phone 0.0056 69 331 99 391
phone 0.0056 332 214 390 262
phone 0.0055 377 53 399 114
phone 0.0055 331 85 361 144
phone 0.0055 239 0 268 37
phone 0.0055 178 0 237 30
phone 0.0055 64 181 81 210
phone 0.0055 91 190 100 202
phone 0.0055 362 363 399 399
phone 0.0055 202 241 241 296
phone 0.0055 377 115 399 176
phone 0.0055 331 239 361 298
phone 0.0055 172 191 204 215
phone 0.0055 315 147 346 205
phone 0.0055 253 0 315 64
phone 0.0055 347 230 399 277
phone 0.0055 221 227 255 280
phone 0.0055 361 244 399 293
phone 0.0055 270 60 329 108
phone 0.0055 9 0 68 30
phone 0.0055 161 163 192 220
phone 0.0055 7 292 69 338
phone 0.0055 316 137 376 185
phone 0.0055 57 314 88 339
phone 0.0054 7 214 69 262
phone 0.0054 303 349 319 380
phone 0.0054 130 162 161 220
phone 0.0054 222 163 254 220
phone 0.0054 95 203 111 234
phone 0.0054 377 176 399 237
phone 0.0054 236 316 270 375
phone 0.0054 253 118 315 234
phone 0.0054 285 14 345 62
phone 0.0054 117 137 175 185
phone 0.0054 7 367 69 399
phone 0.0054 331 146 361 206
phone 0.0054 84 0 115 51
phone 0.0054 39 23 68 83
phone 0.0054 285 23 315 83
phone 0.0054 208 0 237 37
phone 0.0054 316 14 376 62
phone 0.0054 376 269 399 329
phone 0.0054 87 180 104 211
phone 0.0054 377 146 399 206
phone 0.0053 345 212 399 325
phone 0.0053 346 162 376 221
phone 0.0053 23 285 53 344
phone 0.0053 60 228 70 240
phone 0.0053 60 205 70 217
phone 0.0053 23 331 53 390
phone 0.0053 376 23 399 83
phone 0.0053 39 0 98 30
phone 0.0053 0 102 161 359
phone 0.0053 362 223 392 283
phone 0.0053 24 14 83 62
phone 0.0053 126 350 143 380
phone 0.0053 347 85 376 144
phone 0.0053 52 285 85 344
phone 0.0053 193 0 222 37
phone 0.0053 254 0 284 37
phone 0.0053 7 260 69 308
phone 0.0053 85 368 145 399
phone 0.0053 87 192 119 215
phone 0.0053 24 152 83 200
phone 0.0053 83 351 93 364
phone 0.0053 249 134 265 165
phone 0.0053 270 0 329 30
phone 0.0053 221 39 255 97
phone 0.0053 236 55 270 113
phone 0.0053 60 197 69 209
phone 0.0053 64 311 81 342
phone 0.0053 176 162 208 220
phone 0.0053 69 0 100 51
phone 0.0053 23 363 54 399
phone 0.0053 118 353 150 377
phone 0.0052 53 84 84 145
phone 0.0052 330 119 392 233
phone 0.0052 8 137 68 185
phone 0.0052 144 316 178 375
phone 0.0052 68 220 77 232
phone 0.0052 346 0 399 64
phone 0.0052 285 54 315 113
phone 0.0052 60 236 70 248
phone 0.0052 153 343 162 356
phone 0.0052 239 14 298 62
phone 0.0052 99 362 131 399
phone 0.0052 53 134 116 249
phone 0.0052 8 183 69 231
phone 0.0052 99 197 108 210
phone 0.0052 24 0 53 37
phone 0.0052 99 162 131 221
phone 0.0052 306 358 316 371
phone 0.0052 255 29 314 77
phone 0.0052 376 330 399 391
phone 0.0052 300 54 330 113
phone 0.0052 377 207 399 268
phone 0.0052 346 45 399 92
phone 0.0052 68 343 77 356
phone 0.0052 24 23 53 83
phone 0.0052 362 69 392 129
phone 0.0052 281 306 311 332
phone 0.0052 116 130 145 191
phone 0.0052 376 299 399 360
phone 0.0052 8 106 68 154
phone 0.0052 331 116 361 175
phone 0.0052 104 98 134 124
phone 0.0052 346 106 399 154
phone 0.0052 301 0 360 30
phone 0.0052 86 153 144 199
phone 0.0051 346 261 399 308
phone 0.0051 68 328 77 340
phone 0.0051 234 137 265 162
phone 0.0051 241 134 258 165
phone 0.0051 60 266 70 279
phone 0.0051 37 253 70 314
phone 0.0051 99 212 108 225
phone 0.0051 346 199 399 246
phone 0.0051 23 254 54 314
phone 0.0051 0 8 40 128
phone 0.0051 60 243 70 255
phone 0.0051 256 118 312 173
phone 0.0051 23 208 53 267
phone 0.0051 57 189 73 218
phone 0.0051 0 0 22 52
phone 0.0051 23 91 84 139
phone 0.0051 95 188 111 218
phone 0.0051 331 0 391 30
phone 0.0051 149 91 181 116
phone 0.0051 54 0 84 51
phone 0.0051 145 116 177 175
phone 0.0051 270 0 299 37
phone 0.0051 157 87 173 119
phone 0.0051 331 122 391 170
phone 0.0051 67 256 100 312
phone 0.0051 234 134 250 165
phone 0.0050 57 221 88 247
phone 0.0050 179 187 197 219
phone 0.0050 0 30 53 77
phone 0.0050 272 115 304 138
phone 0.0050 39 146 68 206
phone 0.0050 39 331 69 391
phone 0.0050 70 353 129 399
phone 0.0050 23 45 84 93
phone 0.0050 67 286 100 343
