phone 0.9051 84 130 180 332
phone 0.0951 86 169 165 277
phone 0.0470 75 90 194 271
phone 0.0467 81 269 183 367
phone 0.0402 62 225 162 348
phone 0.0386 0 128 105 332
phone 0.0375 60 111 249 348
phone 0.0336 99 173 211 303
phone 0.0328 0 218 100 366
phone 0.0324 142 143 266 320
phone 0.0260 50 181 139 325
phone 0.0242 132 252 258 388
phone 0.0230 94 227 215 345
phone 0.0218 101 171 150 243
phone 0.0207 167 232 266 352
phone 0.0200 33 226 125 341
phone 0.0187 82 291 114 315
phone 0.0187 43 236 115 301
phone 0.0181 90 288 106 319
phone 0.0171 94 297 103 310
phone 0.0167 26 253 102 316
phone 0.0159 63 284 153 399
phone 0.0157 114 161 197 254
phone 0.0155 97 310 167 399
phone 0.0155 0 96 89 243
phone 0.0152 59 252 130 316
phone 0.0151 60 218 129 288
phone 0.0150 113 200 169 276
phone 0.0148 17 184 80 261
phone 0.0147 49 127 141 256
phone 0.0146 144 104 254 240
phone 0.0143 77 206 143 301
phone 0.0140 33 155 125 289
phone 0.0140 4 165 210 399
phone 0.0139 109 289 214 399
phone 0.0135 67 79 150 207
phone 0.0134 12 234 84 303
phone 0.0133 59 190 130 255
phone 0.0132 61 240 96 297
phone 0.0130 7 297 90 399
phone 0.0129 0 187 70 320
phone 0.0122 28 216 99 291
phone 0.0122 7 257 141 385
phone 0.0121 77 255 111 313
phone 0.0121 44 203 114 273
phone 0.0120 17 139 80 214
phone 0.0116 46 256 81 312
phone 0.0116 108 301 142 359
phone 0.0116 90 175 130 239
phone 0.0115 36 96 122 226
phone 0.0114 31 192 66 253
phone 0.0112 146 323 228 399
phone 0.0110 77 209 112 267
phone 0.0108 59 161 130 223
phone 0.0108 154 163 220 221
phone 0.0106 60 275 90 301
phone 0.0106 16 239 50 298
phone 0.0106 0 225 53 342
phone 0.0105 140 205 234 331
phone 0.0104 31 256 65 312
phone 0.0103 30 172 97 242
phone 0.0103 31 147 65 206
phone 0.0102 34 313 125 399
phone 0.0099 60 259 90 286
phone 0.0098 67 271 84 305
phone 0.0097 102 56 230 227
phone 0.0097 123 303 157 358
phone 0.0096 126 226 216 281
phone 0.0096 1 207 66 269
phone 0.0095 116 316 196 375
phone 0.0095 181 321 254 399
phone 0.0095 101 218 150 289
phone 0.0095 16 348 81 399
phone 0.0094 0 268 68 331
phone 0.0093 135 301 208 360
phone 0.0092 30 224 66 283
phone 0.0092 103 348 179 399
phone 0.0092 78 178 111 236
phone 0.0092 89 205 131 270
phone 0.0091 33 127 94 195
phone 0.0091 67 256 84 289
phone 0.0090 145 167 175 193
phone 0.0090 42 147 116 206
phone 0.0090 14 283 83 346
phone 0.0090 155 359 219 399
phone 0.0089 173 241 231 327
phone 0.0089 78 148 111 205
phone 0.0087 32 332 65 390
phone 0.0086 0 304 49 399
phone 0.0086 59 280 130 349
phone 0.0086 61 209 97 267
phone 0.0085 86 32 190 186
phone 0.0085 32 301 65 359
phone 0.0085 104 252 146 316
phone 0.0085 70 282 80 294
phone 0.0084 150 206 224 269
phone 0.0084 115 282 197 348
phone 0.0083 3 364 63 399
phone 0.0083 151 163 169 197
phone 0.0083 60 128 129 194
phone 0.0083 92 128 158 225
phone 0.0082 45 268 114 331
phone 0.0082 117 236 164 302
phone 0.0082 2 331 33 390
phone 0.0081 169 346 236 399
phone 0.0081 90 237 129 300
phone 0.0081 0 166 48 278
phone 0.0080 123 193 219 253
phone 0.0080 58 211 266 399
phone 0.0080 151 253 223 315
phone 0.0080 42 299 116 361
phone 0.0080 32 4 235 274
phone 0.0079 45 224 82 282
phone 0.0079 154 317 188 374
phone 0.0079 170 178 203 236
phone 0.0079 75 359 145 399
phone 0.0079 0 179 66 235
phone 0.0079 134 223 177 284
phone 0.0078 16 270 49 329
phone 0.0078 0 199 50 246
phone 0.0078 151 284 223 346
phone 0.0078 2 254 33 314
phone 0.0078 46 194 81 251
phone 0.0078 91 268 129 330
phone 0.0078 70 266 80 279
phone 0.0077 188 359 247 399
phone 0.0077 80 90 140 140
phone 0.0077 174 193 231 283
phone 0.0077 46 360 113 399
phone 0.0076 2 192 33 252
phone 0.0076 139 318 173 373
phone 0.0076 81 106 139 185
phone 0.0076 124 348 157 399
phone 0.0076 0 227 49 280
phone 0.0076 46 163 81 220
phone 0.0076 145 213 175 240
phone 0.0075 0 304 67 356
phone 0.0075 175 145 230 208
phone 0.0075 171 147 203 205
phone 0.0075 63 56 126 173
phone 0.0075 77 286 111 343
phone 0.0074 62 132 96 189
phone 0.0074 70 289 80 302
phone 0.0074 90 275 122 301
phone 0.0073 204 168 262 216
phone 0.0073 95 85 126 143
phone 0.0073 200 133 266 250
phone 0.0073 188 71 266 208
phone 0.0072 60 213 90 240
phone 0.0072 98 287 114 319
phone 0.0072 70 274 80 286
phone 0.0071 0 259 33 370
phone 0.0071 2 122 65 170
phone 0.0071 0 196 33 310
phone 0.0071 151 209 169 243
phone 0.0071 79 85 110 144
phone 0.0071 98 272 114 304
phone 0.0071 1 335 65 387
phone 0.0071 155 174 165 186
phone 0.0071 188 221 247 286
phone 0.0071 0 292 33 338
phone 0.0071 0 137 49 185
phone 0.0071 218 162 248 221
phone 0.0071 91 146 128 207
phone 0.0071 170 209 203 266
phone 0.0070 0 239 18 298
phone 0.0070 172 291 233 369
phone 0.0070 139 348 173 399
phone 0.0070 0 103 49 218
phone 0.0070 17 177 49 237
phone 0.0070 119 136 193 217
phone 0.0070 48 91 110 139
phone 0.0069 170 301 203 359
phone 0.0069 17 146 49 206
phone 0.0069 201 332 234 389
phone 0.0069 153 226 188 280
phone 0.0069 170 255 203 312
phone 0.0069 0 285 18 344
phone 0.0069 62 271 96 328
phone 0.0068 93 116 127 175
phone 0.0068 108 363 142 399
phone 0.0068 62 179 96 235
phone 0.0068 184 157 252 288
phone 0.0068 62 347 96 399
phone 0.0068 134 96 209 226
phone 0.0067 18 116 48 174
phone 0.0067 62 302 96 358
phone 0.0067 67 209 84 243
phone 0.0067 214 169 266 292
phone 0.0067 32 116 64 175
phone 0.0067 205 349 261 399
phone 0.0067 17 330 49 391
phone 0.0066 17 106 80 154
phone 0.0066 17 300 49 360
phone 0.0066 64 76 125 123
phone 0.0066 95 76 156 123
phone 0.0066 170 332 204 390
phone 0.0066 185 268 220 330
phone 0.0066 64 85 95 144
phone 0.0066 101 297 111 310
phone 0.0066 17 72 80 187
phone 0.0066 47 332 80 389
phone 0.0066 126 76 186 123
phone 0.0066 184 237 220 300
phone 0.0065 0 168 49 215
phone 0.0065 110 86 141 143
phone 0.0065 94 42 157 156
phone 0.0065 189 252 246 316
phone 0.0065 132 190 180 255
phone 0.0065 48 42 111 156
phone 0.0065 125 42 187 156
phone 0.0065 187 131 218 190
phone 0.0065 78 348 111 399
phone 0.0065 83 229 113 255
phone 0.0065 93 363 126 399
phone 0.0064 130 272 213 327
phone 0.0064 185 332 219 389
phone 0.0064 2 146 33 206
phone 0.0064 80 60 140 108
phone 0.0064 111 60 171 108
phone 0.0064 109 66 173 194
phone 0.0064 189 152 247 201
phone 0.0064 101 282 111 294
phone 0.0064 203 137 263 185
phone 0.0064 218 332 249 390
phone 0.0063 0 367 33 399
phone 0.0063 190 194 245 250
phone 0.0063 201 239 234 298
phone 0.0063 79 27 141 141
phone 0.0063 110 27 172 141
phone 0.0063 108 332 142 390
phone 0.0063 33 57 95 172
phone 0.0063 0 332 19 399
phone 0.0063 142 120 201 171
phone 0.0063 154 347 188 399
phone 0.0063 0 208 18 267
phone 0.0062 34 76 94 123
phone 0.0062 174 124 233 259
phone 0.0062 141 69 171 129
phone 0.0062 113 103 169 158
phone 0.0062 189 283 246 346
phone 0.0062 157 69 187 129
phone 0.0062 157 75 217 123
phone 0.0062 0 332 3 399
phone 0.0062 126 70 156 129
phone 0.0062 0 367 2 399
phone 0.0062 0 0 32 30
phone 0.0061 156 42 218 156
phone 0.0061 203 147 233 205
phone 0.0061 142 60 202 108
phone 0.0061 201 209 234 267
phone 0.0061 0 0 1 30
phone 0.0061 77 317 111 374
phone 0.0061 111 54 140 113
phone 0.0061 158 134 215 188
phone 0.0061 3 116 33 175
phone 0.0061 49 60 109 108
phone 0.0061 218 153 266 200
phone 0.0061 140 26 203 141
phone 0.0061 218 131 248 190
phone 0.0061 0 0 17 64
phone 0.0061 46 302 81 359
phone 0.0061 0 0 2 64
phone 0.0061 95 54 125 113
phone 0.0061 49 101 79 159
phone 0.0060 156 117 187 174
phone 0.0060 200 280 266 399
phone 0.0060 173 91 232 139
phone 0.0060 217 103 266 218
phone 0.0060 145 228 175 255
phone 0.0060 198 204 266 333
phone 0.0060 111 0 170 30
phone 0.0060 201 270 234 329
phone 0.0060 155 220 165 232
phone 0.0060 34 85 64 144
phone 0.0060 171 57 233 172
phone 0.0059 168 175 198 201
phone 0.0059 93 301 127 359
phone 0.0059 95 0 156 64
phone 0.0059 0 106 48 154
phone 0.0059 49 70 79 129
phone 0.0059 80 54 110 113
phone 0.0059 142 91 201 139
phone 0.0059 3 91 63 139
phone 0.0059 185 300 219 360
phone 0.0059 80 0 140 30
phone 0.0059 172 69 202 129
phone 0.0059 203 106 263 154
phone 0.0059 205 319 261 372
phone 0.0059 172 122 232 170
phone 0.0059 264 367 266 399
phone 0.0059 263 332 266 399
phone 0.0059 138 287 174 342
phone 0.0059 50 0 109 30
phone 0.0059 0 0 48 64
phone 0.0059 95 45 156 93
phone 0.0059 142 0 201 30
phone 0.0059 49 116 109 175
phone 0.0059 126 45 186 93
phone 0.0059 125 0 187 64
phone 0.0058 60 182 90 209
phone 0.0058 218 122 266 170
phone 0.0058 90 225 107 259
phone 0.0058 2 57 65 172
phone 0.0058 188 75 248 123
phone 0.0058 203 0 263 30
phone 0.0058 173 0 232 30
phone 0.0058 19 0 78 30
phone 0.0058 64 0 125 64
phone 0.0058 156 0 218 64
phone 0.0058 33 0 94 64
phone 0.0058 205 243 261 295
phone 0.0058 136 255 175 313
phone 0.0058 65 54 94 113
phone 0.0058 234 131 264 190
phone 0.0058 187 42 249 156
phone 0.0058 154 257 188 311
phone 0.0058 232 330 266 399
phone 0.0057 126 0 156 37
phone 0.0057 187 0 248 64
phone 0.0057 111 0 140 37
phone 0.0057 188 85 217 144
phone 0.0057 0 177 18 236
phone 0.0057 201 301 234 359
phone 0.0057 218 0 266 64
phone 0.0057 203 85 233 144
phone 0.0057 172 60 232 108
phone 0.0057 151 225 169 259
phone 0.0057 0 322 17 369
phone 0.0057 0 199 2 246
phone 0.0057 93 332 127 389
phone 0.0057 65 45 125 93
phone 0.0057 249 367 266 399
phone 0.0057 142 0 171 37
phone 0.0057 96 0 125 37
phone 0.0056 70 220 80 232
phone 0.0056 249 322 266 369
phone 0.0056 0 337 2 385
phone 0.0056 111 29 171 77
phone 0.0056 219 229 266 278
phone 0.0056 65 0 94 37
phone 0.0056 18 85 48 144
phone 0.0056 157 0 186 37
phone 0.0056 0 131 17 190
phone 0.0056 0 165 3 279
phone 0.0056 80 0 109 37
phone 0.0056 63 11 126 126
phone 0.0056 173 0 202 37
phone 0.0056 49 0 79 37
phone 0.0056 219 100 248 159
phone 0.0056 157 45 217 93
phone 0.0056 0 168 2 216
phone 0.0056 80 29 140 77
phone 0.0056 0 229 2 277
phone 0.0056 18 60 79 108
phone 0.0056 219 0 248 37
phone 0.0056 126 39 156 98
phone 0.0056 188 0 217 37
phone 0.0056 34 0 63 37
phone 0.0056 248 288 266 399
phone 0.0056 120 270 161 329
phone 0.0056 141 39 171 98
phone 0.0056 250 0 266 30
phone 0.0056 141 29 202 77
phone 0.0055 203 0 233 37
phone 0.0055 19 0 48 37
phone 0.0055 234 0 263 37
phone 0.0055 265 337 266 385
phone 0.0055 17 26 80 141
phone 0.0055 184 175 220 239
phone 0.0055 248 0 266 64
phone 0.0055 49 29 109 77
phone 0.0055 154 287 188 343
phone 0.0055 34 45 94 93
phone 0.0055 202 177 233 236
phone 0.0055 108 116 142 175
phone 0.0055 0 291 2 339
phone 0.0055 234 162 264 221
phone 0.0055 157 39 187 98
phone 0.0054 0 260 2 308
phone 0.0054 218 91 266 139
phone 0.0054 0 119 3 233
phone 0.0054 218 183 266 231
phone 0.0054 18 29 79 77
phone 0.0054 0 211 3 325
phone 0.0054 188 54 217 113
phone 0.0054 249 168 266 216
phone 0.0054 29 314 60 339
phone 0.0054 0 137 2 185
phone 0.0054 0 73 34 187
phone 0.0054 33 11 95 126
phone 0.0054 234 245 266 293
phone 0.0054 265 0 266 30
phone 0.0054 36 211 53 241
phone 0.0054 219 260 266 308
phone 0.0054 0 257 3 372
phone 0.0054 171 11 234 126
phone 0.0054 217 57 266 172
phone 0.0054 36 311 53 342
phone 0.0054 264 0 266 64
phone 0.0054 140 116 173 174
phone 0.0054 66 178 84 213
phone 0.0054 172 29 232 77
phone 0.0054 29 215 61 238
phone 0.0054 249 291 266 339
phone 0.0053 248 134 266 248
phone 0.0053 155 182 165 194
phone 0.0053 82 286 100 320
phone 0.0053 234 307 266 354
phone 0.0053 234 100 264 159
phone 0.0053 174 171 192 205
phone 0.0053 111 23 140 82
phone 0.0053 232 211 266 325
phone 0.0053 188 45 248 93
phone 0.0053 234 276 266 323
phone 0.0053 40 220 49 233
phone 0.0053 249 199 266 246
phone 0.0053 172 39 202 98
phone 0.0053 249 229 266 277
phone 0.0053 95 23 125 82
phone 0.0053 218 301 248 359
phone 0.0053 155 228 165 240
phone 0.0053 34 54 64 113
phone 0.0053 0 75 48 123
phone 0.0053 2 0 65 110
phone 0.0053 265 29 266 77
phone 0.0053 249 137 266 185
phone 0.0053 114 345 145 370
phone 0.0053 265 306 266 354
phone 0.0053 203 60 263 108
phone 0.0053 219 291 266 339
phone 0.0053 0 106 17 154
phone 0.0053 3 45 63 93
phone 0.0053 232 273 266 387
phone 0.0053 265 245 266 293
phone 0.0053 80 23 110 82
phone 0.0053 248 196 266 310
phone 0.0052 249 260 266 308
phone 0.0052 176 290 206 316
phone 0.0052 203 54 233 113
phone 0.0052 218 69 248 129
phone 0.0052 265 214 266 262
phone 0.0052 263 0 266 110
phone 0.0052 0 29 48 77
phone 0.0052 65 23 94 82
phone 0.0052 202 26 265 141
phone 0.0052 3 85 33 144
phone 0.0052 265 276 266 323
phone 0.0052 248 242 266 356
phone 0.0052 263 273 266 387
phone 0.0052 265 168 266 216
phone 0.0052 0 106 2 154
phone 0.0052 49 39 79 98
phone 0.0052 263 211 266 325
phone 0.0052 249 29 266 77
phone 0.0052 60 228 90 255
phone 0.0052 233 208 264 267
phone 0.0052 203 29 263 77
phone 0.0052 34 23 64 82
phone 0.0051 265 137 266 185
phone 0.0051 0 73 3 187
phone 0.0051 203 116 233 175
phone 0.0051 0 26 49 141
phone 0.0051 263 134 266 248
phone 0.0051 121 341 138 374
phone 0.0051 152 290 183 317
phone 0.0051 18 54 48 113
phone 0.0051 0 0 34 95
phone 0.0051 60 290 90 317
phone 0.0051 188 23 217 82
phone 0.0051 248 88 266 202
phone 0.0051 117 160 164 224
phone 0.0051 94 236 103 248
phone 0.0051 134 162 177 221
phone 0.0051 0 29 2 77
phone 0.0051 265 60 266 108
phone 0.0051 265 106 266 154
phone 0.0051 0 60 32 108
phone 0.0051 101 274 111 286
phone 0.0051 249 106 266 154
phone 0.0050 154 148 188 204
phone 0.0050 263 88 266 202
phone 0.0050 203 23 233 82
phone 0.0050 0 75 2 123
phone 0.0050 0 29 17 77
phone 0.0050 126 8 156 67
phone 0.0050 218 45 266 93
phone 0.0050 0 57 18 172
phone 0.0050 152 196 189 250
