phone 0.8833 46 150 228 261
phone 0.0725 52 117 168 267
phone 0.0627 87 167 194 249
phone 0.0593 111 167 231 278
phone 0.0281 27 123 129 232
phone 0.0278 0 150 76 309
phone 0.0244 24 172 191 332
phone 0.0241 0 71 221 273
phone 0.0226 66 147 153 238
phone 0.0212 142 190 231 255
phone 0.0172 0 102 56 236
phone 0.0172 136 115 245 238
phone 0.0170 6 197 144 381
phone 0.0167 133 202 210 274
phone 0.0166 120 191 161 254
phone 0.0163 151 192 192 253
phone 0.0156 172 142 266 261
phone 0.0155 101 174 150 241
phone 0.0152 55 73 135 248
phone 0.0148 149 178 255 297
phone 0.0146 13 159 140 295
phone 0.0145 0 69 86 211
phone 0.0134 182 60 266 218
phone 0.0133 30 34 118 182
phone 0.0125 0 33 56 165
phone 0.0125 86 65 186 232
phone 0.0124 76 215 188 399
phone 0.0122 0 222 64 345
phone 0.0121 168 194 205 251
phone 0.0111 38 253 110 386
phone 0.0109 58 182 131 264
phone 0.0107 68 252 141 382
phone 0.0105 10 263 73 380
phone 0.0104 162 209 242 267
phone 0.0103 71 200 149 276
phone 0.0103 182 191 253 255
phone 0.0102 57 221 163 347
phone 0.0102 124 253 219 376
phone 0.0101 158 178 246 237
phone 0.0101 0 174 52 240
phone 0.0099 158 218 247 349
phone 0.0098 13 16 85 151
phone 0.0096 40 173 118 242
phone 0.0095 0 177 16 285
phone 0.0095 131 175 181 240
phone 0.0095 192 203 266 334
phone 0.0095 98 205 183 271
phone 0.0094 0 147 33 321
phone 0.0093 105 218 207 349
phone 0.0093 0 126 97 258
phone 0.0092 74 161 115 222
phone 0.0092 59 102 266 297
phone 0.0092 0 64 67 135
phone 0.0090 0 256 55 312
phone 0.0090 50 9 165 209
phone 0.0089 1 70 34 128
phone 0.0087 57 233 132 304
phone 0.0087 41 137 224 399
phone 0.0087 24 161 104 223
phone 0.0087 200 194 234 251
phone 0.0086 187 162 249 222
phone 0.0086 0 145 52 208
phone 0.0086 0 99 52 161
phone 0.0086 150 223 223 284
phone 0.0085 0 205 54 270
phone 0.0085 28 286 100 344
phone 0.0084 185 210 219 265
phone 0.0083 24 192 104 253
phone 0.0083 168 267 236 331
phone 0.0083 43 200 115 276
phone 0.0083 17 50 79 119
phone 0.0083 1 193 34 251
phone 0.0083 167 237 238 301
phone 0.0082 152 284 222 345
phone 0.0082 28 126 99 196
phone 0.0081 145 28 254 189
phone 0.0081 86 220 164 287
phone 0.0081 63 114 126 208
phone 0.0081 114 13 223 206
phone 0.0080 200 237 266 300
phone 0.0080 0 48 17 168
phone 0.0080 170 97 235 224
phone 0.0080 1 162 34 221
phone 0.0080 55 268 134 331
phone 0.0079 184 252 251 315
phone 0.0079 71 285 149 345
phone 0.0078 0 88 103 370
phone 0.0078 174 134 231 188
phone 0.0078 70 252 150 317
phone 0.0078 16 71 50 128
phone 0.0078 0 271 70 328
phone 0.0078 61 163 97 220
phone 0.0078 118 284 195 345
phone 0.0077 138 209 174 267
phone 0.0077 141 79 203 212
phone 0.0077 205 175 261 239
phone 0.0076 0 184 19 231
phone 0.0076 0 71 39 189
phone 0.0076 40 252 118 317
phone 0.0075 0 118 18 223
phone 0.0075 184 217 251 289
phone 0.0074 1 116 34 175
phone 0.0074 0 177 2 237
phone 0.0073 90 192 130 253
phone 0.0073 230 189 266 318
phone 0.0073 91 301 160 359
phone 0.0073 64 105 125 155
phone 0.0073 151 251 222 317
phone 0.0072 143 117 200 174
phone 0.0072 236 227 266 280
phone 0.0072 170 224 203 282
phone 0.0072 185 271 219 328
phone 0.0071 133 268 210 331
phone 0.0071 185 240 219 297
phone 0.0071 140 302 203 358
phone 0.0071 184 180 219 234
phone 0.0070 11 237 86 300
phone 0.0070 20 97 77 163
phone 0.0070 103 236 179 302
phone 0.0070 85 268 166 331
phone 0.0070 0 137 18 184
phone 0.0070 170 286 203 343
phone 0.0070 79 101 111 158
phone 0.0070 78 71 143 189
phone 0.0070 0 224 37 282
phone 0.0070 61 302 129 358
phone 0.0070 216 192 250 252
phone 0.0070 62 194 96 251
phone 0.0069 95 106 156 155
phone 0.0069 0 19 28 202
phone 0.0069 118 222 195 285
phone 0.0069 0 131 2 191
phone 0.0068 26 220 101 287
phone 0.0068 118 253 194 316
phone 0.0068 0 55 47 113
phone 0.0068 134 237 209 301
phone 0.0068 174 306 230 354
phone 0.0068 17 29 80 77
phone 0.0068 202 147 233 205
phone 0.0068 11 142 85 210
phone 0.0068 190 290 245 340
phone 0.0068 94 101 126 158
phone 0.0067 33 285 64 344
phone 0.0067 75 193 113 252
phone 0.0067 46 164 80 219
phone 0.0067 220 259 266 309
phone 0.0066 51 111 107 180
phone 0.0066 154 286 188 343
phone 0.0066 16 116 50 175
phone 0.0066 110 101 141 158
phone 0.0066 122 167 152 194
phone 0.0066 77 256 111 312
phone 0.0066 205 274 261 324
phone 0.0065 46 133 81 189
phone 0.0065 91 236 121 263
phone 0.0065 126 106 187 154
phone 0.0065 200 224 234 282
phone 0.0065 61 132 97 189
phone 0.0065 36 89 92 141
phone 0.0065 46 195 80 250
phone 0.0064 186 288 249 399
phone 0.0064 2 0 64 110
phone 0.0064 34 24 64 82
phone 0.0064 2 39 33 97
phone 0.0064 203 285 233 345
phone 0.0064 124 71 189 189
phone 0.0064 126 101 156 159
phone 0.0063 154 224 188 282
phone 0.0063 188 300 217 360
phone 0.0063 93 286 126 343
phone 0.0063 0 29 48 77
phone 0.0063 0 213 18 263
phone 0.0063 76 228 105 255
phone 0.0063 204 152 262 201
phone 0.0063 233 107 266 154
phone 0.0063 173 337 232 385
phone 0.0063 78 286 111 343
phone 0.0063 264 367 266 399
phone 0.0062 263 332 266 399
phone 0.0062 32 0 96 112
phone 0.0062 101 2 176 155
phone 0.0062 0 243 17 355
phone 0.0062 200 116 266 236
phone 0.0062 218 91 266 139
phone 0.0062 218 269 248 329
phone 0.0062 139 287 173 343
phone 0.0062 232 73 266 187
phone 0.0062 49 85 79 144
phone 0.0062 49 300 79 361
phone 0.0062 128 163 146 197
phone 0.0062 78 0 142 95
phone 0.0062 141 101 172 159
phone 0.0061 17 39 49 98
phone 0.0061 63 332 127 399
phone 0.0061 0 276 18 323
phone 0.0061 0 207 2 268
phone 0.0061 216 224 250 282
phone 0.0061 248 208 266 267
phone 0.0061 31 70 65 128
phone 0.0061 217 42 266 156
phone 0.0061 234 76 266 123
phone 0.0061 169 255 204 312
phone 0.0061 108 287 142 343
phone 0.0061 0 54 18 113
phone 0.0061 124 287 157 343
phone 0.0061 62 240 96 297
phone 0.0061 249 91 266 139
phone 0.0060 63 300 95 360
phone 0.0060 218 367 266 399
phone 0.0060 107 226 142 281
phone 0.0060 107 244 136 270
phone 0.0060 95 30 155 77
phone 0.0060 188 322 247 369
phone 0.0060 97 232 115 266
phone 0.0060 218 60 266 108
phone 0.0060 0 269 2 329
phone 0.0060 49 24 79 82
phone 0.0060 172 29 232 77
phone 0.0060 202 332 265 399
phone 0.0060 218 147 248 205
phone 0.0060 0 90 18 139
phone 0.0060 49 367 110 399
phone 0.0060 248 57 266 171
phone 0.0060 155 0 219 95
phone 0.0060 249 122 266 169
phone 0.0060 265 122 266 169
phone 0.0060 0 337 17 385
phone 0.0060 187 331 218 390
phone 0.0060 111 91 171 139
phone 0.0059 234 0 266 30
phone 0.0059 31 255 65 312
phone 0.0059 187 0 249 110
phone 0.0059 219 205 266 271
phone 0.0059 0 337 48 385
phone 0.0059 0 23 17 82
phone 0.0059 188 45 248 93
phone 0.0059 65 45 124 93
phone 0.0059 0 0 3 95
phone 0.0059 47 271 80 328
phone 0.0059 249 367 266 399
phone 0.0059 263 89 266 202
phone 0.0059 125 0 188 95
phone 0.0059 0 367 18 399
phone 0.0058 94 58 157 171
phone 0.0058 31 194 65 251
phone 0.0058 80 91 140 139
phone 0.0058 2 270 33 329
phone 0.0058 61 10 128 127
phone 0.0058 107 159 136 186
phone 0.0058 0 304 34 399
phone 0.0058 91 225 128 281
phone 0.0058 32 332 96 399
phone 0.0058 203 29 263 77
phone 0.0058 156 303 218 399
phone 0.0058 122 251 152 278
phone 0.0058 187 367 248 399
phone 0.0058 142 29 202 77
phone 0.0058 265 91 266 139
phone 0.0058 0 84 2 145
phone 0.0058 95 23 125 82
phone 0.0058 82 225 99 259
phone 0.0058 64 362 95 399
phone 0.0058 33 316 64 375
phone 0.0058 233 138 266 184
phone 0.0058 49 29 109 77
phone 0.0058 94 332 158 399
phone 0.0058 234 337 266 385
phone 0.0058 19 323 78 368
phone 0.0058 218 0 266 64
phone 0.0058 92 256 127 312
phone 0.0058 264 100 266 159
phone 0.0058 63 57 126 172
phone 0.0058 156 101 187 159
phone 0.0057 111 23 141 83
phone 0.0057 0 332 4 399
phone 0.0057 0 367 2 399
phone 0.0057 219 168 266 216
phone 0.0057 249 60 266 108
phone 0.0057 62 271 96 328
phone 0.0057 188 76 248 123
phone 0.0057 63 101 95 158
phone 0.0057 188 23 217 82
phone 0.0057 0 243 18 294
phone 0.0057 218 122 266 169
phone 0.0057 203 316 233 375
phone 0.0057 249 276 266 323
phone 0.0057 248 304 266 399
phone 0.0057 123 225 158 281
phone 0.0057 249 0 266 37
phone 0.0057 247 104 266 217
phone 0.0057 218 316 249 375
phone 0.0057 0 54 2 113
phone 0.0057 203 23 233 82
phone 0.0057 48 363 80 399
phone 0.0057 80 39 110 98
phone 0.0057 3 14 63 62
phone 0.0057 218 70 248 129
phone 0.0057 202 363 234 399
phone 0.0057 76 225 112 282
phone 0.0057 264 153 266 200
phone 0.0057 265 337 266 385
phone 0.0057 79 362 111 399
phone 0.0057 200 255 266 374
phone 0.0057 186 42 249 156
phone 0.0057 80 367 141 399
phone 0.0056 18 367 79 399
phone 0.0056 172 60 232 108
phone 0.0056 263 42 266 156
phone 0.0056 247 243 266 355
phone 0.0056 188 106 248 154
phone 0.0056 172 23 202 83
phone 0.0056 0 337 2 385
phone 0.0056 218 307 266 354
phone 0.0056 187 116 218 174
phone 0.0056 142 91 202 139
phone 0.0056 172 91 232 139
phone 0.0056 124 332 189 399
phone 0.0056 126 23 156 83
phone 0.0056 218 39 248 98
phone 0.0056 265 261 266 308
phone 0.0056 95 76 156 123
phone 0.0056 0 238 2 299
phone 0.0056 265 245 266 292
phone 0.0056 113 240 130 274
phone 0.0056 249 238 266 298
phone 0.0056 171 27 234 141
phone 0.0056 234 45 266 93
phone 0.0056 265 60 266 108
phone 0.0056 31 225 65 281
phone 0.0056 60 221 90 247
phone 0.0056 65 14 124 62
phone 0.0056 31 163 65 220
phone 0.0055 0 29 2 77
phone 0.0055 157 23 187 83
phone 0.0055 234 292 266 338
phone 0.0055 203 54 233 113
phone 0.0055 264 270 266 328
phone 0.0055 264 131 266 190
phone 0.0055 18 284 48 345
phone 0.0055 0 288 18 399
phone 0.0055 111 45 171 93
phone 0.0055 263 228 266 340
phone 0.0055 65 75 124 124
phone 0.0055 18 331 48 390
phone 0.0055 141 23 171 83
phone 0.0055 172 331 202 390
phone 0.0055 249 153 266 200
phone 0.0055 249 29 266 77
phone 0.0055 95 70 125 129
phone 0.0055 233 11 266 126
phone 0.0055 187 363 218 399
phone 0.0055 157 106 217 154
phone 0.0055 33 363 64 399
phone 0.0055 34 14 94 62
phone 0.0055 16 240 50 297
phone 0.0055 64 24 95 82
phone 0.0055 218 346 248 399
phone 0.0055 265 0 266 37
phone 0.0055 156 57 218 171
phone 0.0055 140 11 203 125
phone 0.0055 156 367 218 399
phone 0.0055 154 256 188 312
phone 0.0055 0 367 48 399
phone 0.0055 0 0 1 31
phone 0.0054 265 29 266 77
phone 0.0054 157 315 186 376
phone 0.0054 157 76 217 123
phone 0.0054 248 0 266 110
phone 0.0054 0 288 3 399
phone 0.0054 188 14 248 62
phone 0.0054 232 193 265 251
phone 0.0054 75 131 114 190
phone 0.0054 263 135 266 247
phone 0.0054 80 60 140 108
phone 0.0054 138 256 173 312
phone 0.0054 46 225 81 281
phone 0.0054 31 116 66 175
phone 0.0054 264 0 266 64
phone 0.0054 126 76 186 123
phone 0.0054 94 362 126 399
phone 0.0054 188 0 247 30
phone 0.0054 217 289 266 399
phone 0.0054 203 100 233 159
phone 0.0054 0 315 2 375
phone 0.0054 263 0 266 110
phone 0.0054 218 100 248 159
phone 0.0054 16 163 50 221
phone 0.0054 113 155 130 190
phone 0.0054 265 214 266 262
phone 0.0054 188 54 217 113
phone 0.0054 111 14 170 62
phone 0.0054 16 194 50 251
phone 0.0053 128 248 146 282
phone 0.0053 137 259 167 286
phone 0.0053 142 60 202 108
phone 0.0053 110 367 171 399
phone 0.0053 219 0 248 37
phone 0.0053 2 320 65 399
phone 0.0053 188 85 217 144
phone 0.0053 111 70 141 129
phone 0.0053 171 363 203 399
phone 0.0053 246 164 266 280
phone 0.0053 0 14 1 62
phone 0.0053 262 181 266 294
phone 0.0053 264 322 266 369
phone 0.0053 48 0 110 64
phone 0.0053 264 184 266 231
phone 0.0053 113 110 169 181
phone 0.0053 18 8 49 67
phone 0.0053 264 291 266 338
phone 0.0053 172 85 202 144
phone 0.0053 126 69 156 129
phone 0.0053 80 331 110 391
phone 0.0052 127 321 185 370
phone 0.0052 0 0 47 30
phone 0.0052 265 199 266 246
phone 0.0052 18 0 79 64
phone 0.0052 0 27 3 141
phone 0.0052 80 69 110 129
phone 0.0052 142 353 202 399
phone 0.0052 171 0 233 64
phone 0.0052 0 0 33 79
phone 0.0052 65 0 124 30
phone 0.0052 184 147 220 205
phone 0.0052 264 193 266 251
phone 0.0052 79 8 110 67
phone 0.0052 95 0 156 46
phone 0.0052 109 362 142 399
phone 0.0052 172 54 202 113
phone 0.0052 0 274 49 385
phone 0.0052 250 184 266 231
phone 0.0052 95 0 125 51
phone 0.0052 0 150 3 264
phone 0.0052 67 217 84 251
phone 0.0052 156 363 188 399
phone 0.0052 160 221 190 247
phone 0.0052 203 0 233 37
phone 0.0051 115 159 166 225
phone 0.0051 157 0 217 30
phone 0.0051 34 0 93 30
phone 0.0051 142 69 171 129
phone 0.0051 263 274 266 386
phone 0.0051 157 69 187 129
phone 0.0051 123 256 158 312
phone 0.0051 64 0 95 51
phone 0.0051 132 174 142 186
phone 0.0051 0 307 47 353
phone 0.0051 140 363 172 399
phone 0.0051 0 0 18 51
phone 0.0051 125 347 156 399
phone 0.0051 110 0 141 51
phone 0.0051 264 162 266 221
phone 0.0051 49 331 79 391
phone 0.0051 105 232 123 267
phone 0.0051 0 104 3 217
phone 0.0051 264 301 266 359
phone 0.0051 140 0 202 64
phone 0.0051 101 243 111 256
phone 0.0050 49 0 79 51
phone 0.0050 167 218 184 250
phone 0.0050 188 0 217 37
phone 0.0050 126 0 156 51
