phone 0.9031 104 136 193 309
phone 0.1292 71 116 227 338
phone 0.0913 164 94 256 245
phone 0.0737 84 161 171 284
phone 0.0529 126 179 188 266
phone 0.0499 126 213 223 358
phone 0.0480 171 118 235 205
phone 0.0332 131 76 241 216
phone 0.0326 115 197 170 279
phone 0.0321 142 131 276 322
phone 0.0309 106 167 236 278
phone 0.0297 186 109 251 182
phone 0.0285 87 49 272 292
phone 0.0243 200 131 237 191
phone 0.0239 45 183 133 327
phone 0.0237 170 255 247 378
phone 0.0236 37 120 138 281
phone 0.0236 160 201 247 336
phone 0.0234 185 139 252 214
phone 0.0233 65 83 191 270
phone 0.0228 107 190 146 255
phone 0.0224 217 76 299 202
phone 0.0221 181 179 292 344
phone 0.0207 101 216 183 351
phone 0.0195 154 252 222 317
phone 0.0194 0 162 121 299
phone 0.0187 123 262 191 337
phone 0.0183 169 39 256 188
phone 0.0182 116 246 199 384
phone 0.0177 31 44 147 235
phone 0.0175 122 226 192 311
phone 0.0170 117 155 167 229
phone 0.0163 107 198 138 224
phone 0.0159 170 237 237 300
phone 0.0157 131 147 214 238
phone 0.0154 105 69 199 223
phone 0.0151 114 195 131 227
phone 0.0147 161 283 192 308
phone 0.0146 173 92 233 169
phone 0.0144 49 169 111 246
phone 0.0143 94 209 160 298
phone 0.0142 211 176 299 285
phone 0.0141 188 216 250 290
phone 0.0141 155 112 221 179
phone 0.0140 146 141 229 213
phone 0.0139 187 252 251 316
phone 0.0139 69 114 154 238
phone 0.0138 137 279 208 351
phone 0.0138 168 279 185 312
phone 0.0138 177 198 207 224
phone 0.0136 154 152 184 178
phone 0.0135 60 236 162 363
phone 0.0135 118 205 127 217
phone 0.0132 64 18 182 199
phone 0.0132 139 303 212 393
phone 0.0131 28 194 103 312
phone 0.0131 151 221 225 286
phone 0.0129 139 270 175 329
phone 0.0128 268 222 299 246
phone 0.0128 160 148 177 181
phone 0.0127 276 219 292 249
phone 0.0126 279 228 289 240
phone 0.0125 170 168 236 246
phone 0.0125 141 0 232 169
phone 0.0125 48 199 113 276
phone 0.0124 183 194 201 228
phone 0.0124 182 150 257 294
phone 0.0123 190 119 279 264
phone 0.0123 95 136 158 217
phone 0.0122 170 131 206 191
phone 0.0122 172 289 181 302
phone 0.0119 99 168 259 399
phone 0.0119 170 270 205 328
phone 0.0115 63 177 97 237
phone 0.0115 201 101 236 160
phone 0.0114 154 270 191 329
phone 0.0114 138 124 207 198
phone 0.0114 114 117 170 205
phone 0.0112 6 92 111 249
phone 0.0112 123 254 160 314
phone 0.0110 187 205 197 217
phone 0.0110 108 161 145 222
phone 0.0110 47 234 114 303
phone 0.0109 77 268 176 391
phone 0.0109 164 159 174 171
phone 0.0108 171 199 236 277
phone 0.0106 62 268 130 331
phone 0.0106 32 191 98 254
phone 0.0105 123 294 191 367
phone 0.0105 76 149 146 204
phone 0.0104 70 225 152 281
phone 0.0103 187 197 197 210
phone 0.0102 154 175 184 201
phone 0.0102 217 224 250 282
phone 0.0102 202 239 267 298
phone 0.0102 199 208 269 268
phone 0.0101 177 183 207 208
phone 0.0101 75 302 147 358
phone 0.0099 184 175 215 201
phone 0.0098 137 238 177 299
phone 0.0098 0 67 182 328
phone 0.0098 170 225 205 282
phone 0.0098 203 3 286 149
phone 0.0097 189 278 249 352
phone 0.0097 160 171 177 205
phone 0.0096 71 255 151 313
phone 0.0095 220 115 279 176
phone 0.0093 110 130 143 191
phone 0.0093 62 208 98 268
phone 0.0093 49 208 81 267
phone 0.0093 202 269 235 329
phone 0.0092 122 194 139 227
phone 0.0092 124 130 159 191
phone 0.0091 107 222 145 285
phone 0.0091 186 270 220 328
phone 0.0090 136 195 239 251
phone 0.0090 71 196 151 250
phone 0.0090 191 171 208 205
phone 0.0090 63 239 97 298
phone 0.0090 183 179 201 213
phone 0.0089 95 147 127 205
phone 0.0089 185 177 221 237
phone 0.0088 164 151 174 163
phone 0.0087 201 162 236 222
phone 0.0087 197 231 272 367
phone 0.0086 78 255 112 313
phone 0.0085 236 194 294 250
phone 0.0085 94 301 127 359
phone 0.0084 140 301 174 359
phone 0.0084 177 213 207 239
phone 0.0084 215 227 284 280
phone 0.0084 217 133 251 189
phone 0.0084 153 240 191 298
phone 0.0083 94 226 128 281
phone 0.0083 164 182 174 194
phone 0.0083 79 285 112 344
phone 0.0082 186 208 220 268
phone 0.0082 86 269 167 330
phone 0.0081 107 267 138 293
phone 0.0081 233 131 266 191
phone 0.0081 126 205 135 217
phone 0.0081 49 257 112 372
phone 0.0080 200 155 268 229
phone 0.0080 154 133 191 189
phone 0.0080 186 301 220 359
phone 0.0079 187 189 197 202
phone 0.0079 65 269 96 329
phone 0.0079 162 190 191 217
phone 0.0079 195 182 204 194
phone 0.0079 161 99 192 123
phone 0.0078 201 191 237 253
phone 0.0078 94 319 160 372
phone 0.0078 221 141 278 212
phone 0.0078 191 84 246 146
phone 0.0078 88 299 152 399
phone 0.0078 204 266 264 333
phone 0.0077 114 264 131 297
phone 0.0077 49 177 81 237
phone 0.0076 124 286 159 344
phone 0.0076 184 190 215 216
phone 0.0076 184 282 215 309
phone 0.0076 129 113 185 179
phone 0.0076 49 238 80 298
phone 0.0076 94 256 128 312
phone 0.0075 107 152 138 178
phone 0.0075 183 209 201 243
phone 0.0075 169 337 200 362
phone 0.0075 195 189 204 202
phone 0.0075 162 213 191 240
phone 0.0075 266 260 299 308
phone 0.0075 177 152 207 178
phone 0.0075 151 300 225 360
phone 0.0075 168 94 185 128
phone 0.0075 264 227 299 341
phone 0.0074 176 333 193 365
phone 0.0073 94 195 127 250
phone 0.0073 78 225 112 281
phone 0.0073 34 259 97 309
phone 0.0073 217 101 251 159
phone 0.0072 168 186 185 221
phone 0.0072 155 302 190 359
phone 0.0072 281 254 299 313
phone 0.0072 115 322 189 399
phone 0.0072 138 131 176 191
phone 0.0072 184 313 215 340
phone 0.0072 49 289 113 340
phone 0.0072 84 130 115 153
phone 0.0072 62 160 129 224
phone 0.0071 187 182 197 194
phone 0.0071 232 254 298 375
phone 0.0071 233 225 266 282
phone 0.0071 159 335 217 386
phone 0.0070 249 209 281 267
phone 0.0070 184 267 215 293
phone 0.0070 168 209 185 243
phone 0.0070 35 243 95 355
phone 0.0070 146 282 176 309
phone 0.0070 251 291 299 339
phone 0.0070 202 300 235 360
phone 0.0069 191 186 208 220
phone 0.0069 76 146 107 169
phone 0.0069 234 101 265 159
phone 0.0069 216 194 251 251
phone 0.0069 235 322 295 369
phone 0.0069 191 278 208 313
phone 0.0069 123 198 153 224
phone 0.0069 220 254 279 314
phone 0.0069 279 235 289 248
phone 0.0069 114 148 131 182
phone 0.0068 111 316 142 375
phone 0.0068 220 337 279 385
phone 0.0068 173 313 234 378
phone 0.0068 109 256 143 312
phone 0.0068 118 274 127 286
phone 0.0068 91 127 108 157
phone 0.0068 171 317 204 374
phone 0.0068 187 212 197 225
phone 0.0068 84 143 100 172
phone 0.0068 164 166 174 179
phone 0.0067 282 230 299 277
phone 0.0067 192 321 222 347
phone 0.0067 217 287 282 399
phone 0.0067 36 130 95 253
phone 0.0067 50 269 80 329
phone 0.0067 279 196 299 310
phone 0.0066 172 105 181 117
phone 0.0066 52 146 109 207
phone 0.0066 222 288 277 341
phone 0.0066 183 148 201 182
phone 0.0066 187 220 197 233
phone 0.0066 147 175 197 239
phone 0.0066 107 283 138 309
phone 0.0066 129 194 146 227
phone 0.0065 250 316 280 375
phone 0.0065 126 316 158 375
phone 0.0065 152 279 170 312
phone 0.0065 296 223 299 282
phone 0.0065 158 330 188 391
phone 0.0065 235 316 265 375
phone 0.0065 95 136 104 148
phone 0.0065 87 151 96 163
phone 0.0065 191 309 208 343
phone 0.0065 18 245 81 292
phone 0.0065 266 137 299 185
phone 0.0065 161 143 191 171
phone 0.0065 19 228 80 339
phone 0.0065 164 174 174 186
phone 0.0065 34 163 96 220
phone 0.0064 264 103 299 218
phone 0.0064 198 309 216 343
phone 0.0064 251 121 299 170
phone 0.0064 179 343 189 356
phone 0.0064 184 159 215 186
phone 0.0064 50 323 111 369
phone 0.0064 280 332 299 399
phone 0.0064 281 367 299 399
phone 0.0064 34 238 65 298
phone 0.0063 221 89 278 141
phone 0.0063 109 287 143 343
phone 0.0063 296 367 299 399
phone 0.0063 198 263 216 297
phone 0.0063 191 263 208 297
phone 0.0063 65 300 96 360
phone 0.0063 295 332 299 399
phone 0.0063 216 163 251 221
phone 0.0063 268 207 299 231
phone 0.0062 281 131 299 190
phone 0.0062 150 207 194 269
phone 0.0062 106 148 124 182
phone 0.0062 251 152 299 201
phone 0.0062 234 270 265 329
phone 0.0062 175 278 193 313
phone 0.0062 114 279 131 312
phone 0.0062 106 194 124 228
phone 0.0061 266 106 299 154
phone 0.0061 19 149 80 264
phone 0.0061 0 0 18 30
phone 0.0061 204 75 264 124
phone 0.0061 238 239 292 298
phone 0.0061 204 29 264 77
phone 0.0061 18 183 81 231
phone 0.0061 207 301 262 359
phone 0.0060 207 175 238 201
phone 0.0060 34 307 96 353
phone 0.0060 195 197 204 209
phone 0.0060 65 305 126 399
phone 0.0060 0 0 2 30
phone 0.0060 188 0 250 110
phone 0.0060 249 332 299 399
phone 0.0060 20 337 80 385
phone 0.0060 176 94 193 128
phone 0.0060 232 110 299 242
phone 0.0060 171 197 181 209
phone 0.0060 220 45 280 93
phone 0.0060 0 0 3 64
phone 0.0060 250 178 281 236
phone 0.0060 189 331 219 391
phone 0.0060 266 300 295 359
phone 0.0060 174 29 233 77
phone 0.0059 3 332 66 399
phone 0.0059 118 159 127 171
phone 0.0059 189 45 249 93
phone 0.0059 195 289 204 302
phone 0.0059 81 331 111 391
phone 0.0059 279 220 289 233
phone 0.0059 0 0 34 64
phone 0.0059 276 203 293 235
phone 0.0059 250 60 299 108
phone 0.0059 203 70 235 128
phone 0.0059 234 11 296 125
phone 0.0059 19 367 80 399
phone 0.0059 168 140 185 174
phone 0.0059 168 170 185 205
phone 0.0059 173 74 234 125
phone 0.0059 100 175 130 201
phone 0.0059 158 60 218 108
phone 0.0059 156 0 220 95
phone 0.0059 218 285 250 345
phone 0.0059 171 220 181 232
phone 0.0059 281 100 299 159
phone 0.0059 235 29 295 77
phone 0.0059 234 367 296 399
phone 0.0058 266 168 299 215
phone 0.0058 296 254 299 313
phone 0.0058 50 300 80 360
phone 0.0058 0 332 20 399
phone 0.0058 265 363 296 399
phone 0.0058 0 0 48 30
phone 0.0058 187 228 197 240
phone 0.0058 0 367 19 399
phone 0.0058 219 70 250 128
phone 0.0058 0 367 49 399
phone 0.0058 78 194 113 250
phone 0.0058 126 0 189 95
phone 0.0058 266 76 299 123
phone 0.0058 191 155 208 190
phone 0.0058 220 23 249 83
phone 0.0058 34 177 65 237
phone 0.0058 204 23 234 83
phone 0.0058 186 298 252 399
phone 0.0058 187 159 197 171
phone 0.0058 50 367 111 399
phone 0.0058 205 352 264 399
phone 0.0058 34 332 97 399
phone 0.0057 264 57 299 172
phone 0.0057 142 75 204 124
phone 0.0057 133 205 143 217
phone 0.0057 19 152 81 200
phone 0.0057 50 29 110 77
phone 0.0057 19 213 81 263
phone 0.0057 34 362 65 399
phone 0.0057 35 331 65 390
phone 0.0057 251 0 299 30
phone 0.0057 192 305 222 332
phone 0.0057 95 0 159 95
phone 0.0057 235 23 265 83
phone 0.0057 19 276 80 323
phone 0.0057 249 363 281 399
phone 0.0057 169 196 205 249
phone 0.0057 18 288 81 399
phone 0.0057 279 213 289 225
phone 0.0057 49 0 112 110
phone 0.0057 250 39 280 98
phone 0.0057 81 29 141 77
phone 0.0057 0 363 4 399
phone 0.0057 265 0 299 64
phone 0.0057 189 23 218 83
phone 0.0057 67 134 125 188
phone 0.0057 142 330 172 391
phone 0.0057 143 29 203 77
phone 0.0056 171 100 205 160
phone 0.0056 188 70 219 128
phone 0.0056 156 289 166 302
phone 0.0056 266 45 299 93
phone 0.0056 35 45 95 93
phone 0.0056 81 367 142 399
phone 0.0056 219 331 250 390
phone 0.0056 254 221 284 247
phone 0.0056 49 362 81 399
phone 0.0056 65 362 96 399
phone 0.0056 160 186 177 220
phone 0.0056 195 320 204 333
phone 0.0056 281 29 299 77
phone 0.0056 236 273 293 325
phone 0.0056 281 285 299 344
phone 0.0056 183 247 299 399
phone 0.0056 235 347 265 399
phone 0.0056 173 54 203 113
phone 0.0056 50 331 80 390
phone 0.0056 281 162 299 221
phone 0.0056 20 29 80 77
phone 0.0056 66 45 126 93
phone 0.0056 296 100 299 160
phone 0.0055 280 42 299 156
phone 0.0055 35 269 65 329
phone 0.0055 20 60 80 108
phone 0.0055 80 362 112 399
phone 0.0055 281 60 299 108
phone 0.0055 207 267 238 293
phone 0.0055 50 60 110 108
phone 0.0055 280 0 299 110
phone 0.0055 172 26 235 141
phone 0.0055 112 29 172 77
phone 0.0055 34 26 96 141
phone 0.0055 34 207 65 268
phone 0.0055 202 320 212 333
phone 0.0055 97 119 156 173
phone 0.0055 177 167 207 193
phone 0.0055 112 368 172 399
phone 0.0055 173 23 203 83
phone 0.0055 20 331 49 390
phone 0.0055 18 0 81 110
phone 0.0055 214 171 231 205
phone 0.0055 35 76 95 123
phone 0.0055 220 0 279 30
phone 0.0055 281 0 299 30
phone 0.0055 251 91 299 139
phone 0.0055 20 0 79 30
phone 0.0055 87 143 96 156
phone 0.0055 260 199 292 223
phone 0.0055 4 291 64 339
phone 0.0055 100 159 130 186
phone 0.0055 91 123 123 145
phone 0.0055 158 54 188 113
phone 0.0055 127 60 187 108
phone 0.0055 20 91 80 139
phone 0.0055 66 23 95 82
phone 0.0054 18 42 81 156
phone 0.0054 189 0 248 30
phone 0.0054 173 0 234 64
phone 0.0054 18 103 81 218
phone 0.0054 35 147 65 205
phone 0.0054 142 0 203 64
phone 0.0054 158 0 218 30
phone 0.0054 81 23 111 82
phone 0.0054 281 199 299 246
phone 0.0054 168 334 185 365
phone 0.0054 189 14 249 62
phone 0.0054 203 0 265 64
phone 0.0054 34 137 96 185
phone 0.0054 20 122 80 170
phone 0.0054 190 335 247 386
phone 0.0054 122 263 139 297
phone 0.0054 126 362 158 399
phone 0.0054 142 362 173 399
phone 0.0054 296 0 299 64
phone 0.0054 202 274 212 286
phone 0.0054 4 106 64 154
phone 0.0054 103 128 112 140
phone 0.0054 35 300 65 360
phone 0.0054 96 23 126 82
phone 0.0054 195 274 204 286
phone 0.0054 247 148 299 266
phone 0.0054 128 0 187 30
phone 0.0054 95 362 127 399
phone 0.0054 50 23 80 82
phone 0.0054 296 69 299 129
phone 0.0054 65 331 96 391
phone 0.0054 3 257 66 372
phone 0.0054 296 131 299 190
phone 0.0054 51 0 110 30
phone 0.0054 158 23 188 83
phone 0.0054 4 75 64 123
phone 0.0054 80 11 142 126
phone 0.0054 111 0 173 64
phone 0.0054 297 0 299 30
phone 0.0054 296 23 299 83
phone 0.0054 220 14 279 62
phone 0.0054 118 289 127 302
phone 0.0054 34 0 96 64
phone 0.0054 20 0 49 37
phone 0.0054 0 152 49 200
phone 0.0054 0 214 34 262
phone 0.0054 97 0 156 30
phone 0.0054 126 42 188 157
phone 0.0054 281 322 299 370
phone 0.0054 3 72 66 187
phone 0.0054 65 26 127 141
phone 0.0053 110 159 120 171
phone 0.0053 34 88 96 203
phone 0.0053 0 245 34 293
phone 0.0053 0 183 34 231
phone 0.0053 171 205 181 217
phone 0.0053 110 205 120 217
phone 0.0053 4 45 64 93
phone 0.0053 4 137 64 185
phone 0.0053 49 42 112 156
phone 0.0053 80 0 142 64
phone 0.0053 157 363 188 399
phone 0.0053 4 260 64 308
phone 0.0053 50 54 80 113
phone 0.0053 35 106 95 154
phone 0.0053 112 23 142 83
phone 0.0053 66 14 126 62
phone 0.0053 0 276 49 323
phone 0.0053 0 119 50 233
phone 0.0053 0 122 49 170
phone 0.0053 143 23 172 83
phone 0.0053 0 180 35 295
phone 0.0053 35 23 65 82
phone 0.0053 164 189 174 202
phone 0.0053 0 322 49 370
phone 0.0053 111 362 143 399
phone 0.0053 202 328 212 340
phone 0.0053 142 66 203 193
phone 0.0053 3 26 66 141
phone 0.0053 81 60 141 108
phone 0.0053 143 368 203 399
phone 0.0053 80 85 143 205
phone 0.0053 195 282 204 294
phone 0.0053 127 23 157 83
phone 0.0053 66 54 95 113
phone 0.0053 0 229 18 277
phone 0.0053 0 199 18 246
phone 0.0053 35 54 65 113
phone 0.0053 235 0 264 37
phone 0.0053 0 29 49 77
phone 0.0053 106 171 124 205
phone 0.0053 35 0 64 37
phone 0.0052 180 105 189 117
phone 0.0052 262 179 299 296
phone 0.0052 97 75 156 123
phone 0.0052 99 120 115 149
phone 0.0052 296 193 299 252
phone 0.0052 123 152 153 178
phone 0.0052 0 227 50 341
phone 0.0052 296 162 299 221
phone 0.0052 20 269 49 329
phone 0.0052 0 288 50 399
phone 0.0052 220 0 249 37
phone 0.0052 111 11 173 126
phone 0.0052 204 0 234 37
phone 0.0052 249 131 281 191
phone 0.0052 35 85 65 144
phone 0.0052 0 353 34 399
phone 0.0052 0 196 19 310
phone 0.0052 189 0 218 37
phone 0.0052 250 270 281 329
phone 0.0052 0 0 50 110
phone 0.0052 143 54 172 113
phone 0.0052 179 289 189 302
phone 0.0052 35 116 65 175
phone 0.0052 172 228 181 240
phone 0.0052 20 300 49 359
phone 0.0052 295 89 299 202
phone 0.0052 174 0 203 37
phone 0.0052 0 260 18 308
phone 0.0052 66 75 126 123
phone 0.0052 51 0 80 37
phone 0.0052 51 91 110 139
phone 0.0052 95 42 158 156
phone 0.0052 158 0 188 37
phone 0.0052 0 91 49 139
phone 0.0052 0 168 18 216
phone 0.0052 168 163 207 221
phone 0.0052 250 70 280 128
phone 0.0052 20 23 49 82
phone 0.0052 81 54 111 113
phone 0.0052 0 150 19 264
phone 0.0052 143 0 172 37
phone 0.0052 66 0 95 37
phone 0.0051 20 100 49 159
phone 0.0051 237 102 293 158
phone 0.0051 0 337 3 385
phone 0.0051 156 101 189 159
phone 0.0051 128 0 157 37
phone 0.0051 0 0 20 95
phone 0.0051 50 116 80 175
phone 0.0051 296 316 299 375
phone 0.0051 81 0 111 37
phone 0.0051 4 168 64 216
phone 0.0051 4 14 64 62
phone 0.0051 97 0 126 37
phone 0.0051 112 0 141 37
phone 0.0051 0 199 3 246
phone 0.0051 0 60 49 108
phone 0.0051 195 328 204 340
phone 0.0051 296 285 299 344
phone 0.0051 20 70 49 129
phone 0.0051 0 230 3 277
phone 0.0051 111 105 173 155
phone 0.0051 50 85 80 144
phone 0.0051 252 225 299 281
phone 0.0051 4 199 65 246
phone 0.0051 20 131 49 190
phone 0.0051 172 363 204 399
phone 0.0051 268 195 285 227
phone 0.0051 0 304 4 399
phone 0.0051 260 217 278 251
phone 0.0051 0 168 3 216
phone 0.0051 295 197 299 309
phone 0.0051 4 131 34 190
phone 0.0051 118 0 299 235
phone 0.0051 295 135 299 248
phone 0.0051 0 165 4 279
phone 0.0051 0 306 33 354
phone 0.0051 0 242 19 356
phone 0.0051 192 274 222 301
phone 0.0051 0 291 18 339
phone 0.0051 4 162 34 221
phone 0.0050 0 260 3 308
phone 0.0050 3 165 65 279
phone 0.0050 0 137 18 185
phone 0.0050 295 42 299 156
phone 0.0050 97 54 126 113
phone 0.0050 214 263 232 297
phone 0.0050 0 212 4 325
phone 0.0050 195 166 204 179
phone 0.0050 0 229 49 277
phone 0.0050 272 205 281 217
phone 0.0050 232 179 266 235
phone 0.0050 4 285 34 344
phone 0.0050 0 88 35 203
phone 0.0050 19 239 49 298
