phone 0.8723 70 140 128 236
phone 0.1730 64 10 164 118
phone 0.1289 86 10 312 201
phone 0.1021 79 130 150 215
phone 0.0912 65 151 162 254
phone 0.0858 59 36 216 235
phone 0.0770 189 29 328 238
phone 0.0770 37 138 134 266
phone 0.0615 63 62 136 251
phone 0.0610 231 15 343 126
phone 0.0605 106 130 292 258
phone 0.0604 124 47 271 224
phone 0.0600 78 21 263 128
phone 0.0582 95 32 135 96
phone 0.0550 4 0 160 214
phone 0.0547 133 90 220 253
phone 0.0475 79 31 120 97
phone 0.0431 220 0 313 89
phone 0.0382 196 128 320 253
phone 0.0380 44 137 124 208
phone 0.0375 230 95 336 236
phone 0.0323 0 49 96 226
phone 0.0293 246 44 322 116
phone 0.0286 234 25 304 104
phone 0.0284 2 130 92 249
phone 0.0272 145 0 321 121
phone 0.0271 111 179 142 204
phone 0.0262 91 169 138 236
phone 0.0249 118 175 135 208
phone 0.0244 137 180 264 267
phone 0.0241 80 157 179 218
phone 0.0231 64 153 105 222
phone 0.0223 122 185 131 197
phone 0.0220 266 0 377 104
phone 0.0214 94 0 187 87
phone 0.0212 35 0 128 88
phone 0.0209 262 26 378 175
phone 0.0200 120 68 204 214
phone 0.0200 122 193 131 205
phone 0.0196 94 108 197 235
phone 0.0195 19 208 137 267
phone 0.0195 106 46 185 113
phone 0.0191 145 0 238 140
phone 0.0190 111 163 142 189
phone 0.0189 34 21 135 138
phone 0.0186 318 102 386 228
phone 0.0185 192 2 284 157
phone 0.0181 264 34 304 95
phone 0.0180 159 87 359 267
phone 0.0178 274 96 370 230
phone 0.0175 122 177 131 190
phone 0.0172 118 159 135 192
phone 0.0170 109 17 212 142
phone 0.0164 250 33 288 95
phone 0.0163 9 90 259 267
phone 0.0159 111 194 142 219
phone 0.0157 66 35 101 93
phone 0.0156 4 117 72 196
phone 0.0155 142 159 211 247
phone 0.0153 0 6 108 143
phone 0.0152 110 35 150 94
phone 0.0152 122 170 131 182
phone 0.0152 73 55 103 81
phone 0.0147 13 93 123 219
phone 0.0147 45 47 123 113
phone 0.0147 118 190 135 223
phone 0.0147 40 237 115 267
phone 0.0144 79 52 96 84
phone 0.0140 82 73 178 209
phone 0.0139 245 149 323 227
phone 0.0130 69 223 208 267
phone 0.0129 269 154 361 267
phone 0.0129 122 200 131 213
phone 0.0129 306 2 399 142
phone 0.0128 80 34 181 155
phone 0.0128 83 62 93 74
phone 0.0127 127 51 163 108
phone 0.0127 282 51 317 108
phone 0.0126 111 160 149 215
phone 0.0126 275 33 355 96
phone 0.0125 227 164 310 242
phone 0.0124 127 57 195 133
phone 0.0122 228 132 309 212
phone 0.0121 0 188 74 267
phone 0.0121 81 258 150 267
phone 0.0121 107 142 184 202
phone 0.0119 54 173 224 267
phone 0.0119 0 0 65 111
phone 0.0118 67 239 146 267
phone 0.0118 155 155 197 219
phone 0.0117 98 260 164 267
phone 0.0117 20 157 56 217
phone 0.0114 72 194 104 219
phone 0.0113 142 96 211 186
phone 0.0113 142 155 180 219
phone 0.0113 80 191 96 222
phone 0.0113 249 61 350 190
phone 0.0112 11 247 86 267
phone 0.0110 2 88 74 164
phone 0.0110 200 32 276 96
phone 0.0110 76 122 123 191
phone 0.0109 156 28 227 101
phone 0.0109 196 24 227 50
phone 0.0107 260 66 339 124
phone 0.0107 108 172 183 234
phone 0.0106 20 127 56 186
phone 0.0106 122 162 131 174
phone 0.0106 202 21 220 53
phone 0.0105 195 187 280 250
phone 0.0105 110 110 181 172
phone 0.0105 100 247 175 267
phone 0.0105 78 61 152 129
phone 0.0105 52 258 117 267
phone 0.0105 0 62 58 189
phone 0.0105 111 147 142 174
phone 0.0105 83 200 93 213
phone 0.0104 11 46 126 174
phone 0.0104 162 254 238 267
phone 0.0103 91 123 169 190
phone 0.0103 84 0 146 98
phone 0.0102 129 217 224 267
phone 0.0102 142 39 211 121
phone 0.0100 131 253 211 267
phone 0.0100 28 127 109 186
phone 0.0100 111 209 142 235
phone 0.0099 177 218 268 267
phone 0.0099 206 202 301 267
phone 0.0098 128 159 162 216
phone 0.0098 80 103 149 179
phone 0.0097 143 66 178 124
phone 0.0096 13 108 93 175
phone 0.0095 0 0 228 142
phone 0.0095 279 189 351 247
phone 0.0095 214 46 293 114
phone 0.0095 278 129 352 184
phone 0.0095 24 38 113 91
phone 0.0094 0 0 39 1
phone 0.0094 118 143 135 177
phone 0.0094 122 208 131 220
phone 0.0094 267 0 332 71
phone 0.0094 206 31 216 44
phone 0.0094 93 97 167 154
phone 0.0094 238 186 330 267
phone 0.0093 303 131 358 212
phone 0.0092 118 205 135 239
phone 0.0091 266 65 302 124
phone 0.0091 131 174 192 262
phone 0.0091 199 0 399 148
phone 0.0090 95 199 197 267
phone 0.0090 0 263 41 267
phone 0.0090 80 213 149 267
phone 0.0089 255 134 393 247
phone 0.0089 152 145 231 230
phone 0.0089 83 208 93 221
phone 0.0089 297 37 332 92
phone 0.0089 149 206 165 238
phone 0.0089 121 30 201 99
phone 0.0088 231 56 306 134
phone 0.0088 141 209 173 234
phone 0.0088 244 119 323 194
phone 0.0087 129 112 162 170
phone 0.0086 38 263 100 267
phone 0.0086 93 265 168 267
phone 0.0086 184 0 262 104
phone 0.0086 295 45 366 114
phone 0.0086 348 85 399 136
phone 0.0086 32 266 106 267
phone 0.0085 35 144 71 200
phone 0.0085 14 76 92 145
phone 0.0085 87 191 104 222
phone 0.0084 49 103 119 180
phone 0.0084 343 47 399 173
phone 0.0084 298 190 331 246
phone 0.0084 111 77 180 144
phone 0.0084 159 189 193 247
phone 0.0084 77 265 153 267
phone 0.0084 302 104 359 177
phone 0.0084 84 0 146 27
phone 0.0083 22 164 116 211
phone 0.0083 220 36 255 92
phone 0.0083 236 20 271 78
phone 0.0082 141 14 212 84
phone 0.0082 198 0 270 54
phone 0.0082 72 51 89 85
phone 0.0082 293 59 399 208
phone 0.0082 312 79 380 142
phone 0.0082 234 233 304 267
phone 0.0082 187 249 259 267
phone 0.0081 97 66 132 124
phone 0.0081 122 154 131 166
phone 0.0081 295 16 366 82
phone 0.0081 157 0 226 67
phone 0.0081 15 48 92 112
phone 0.0081 156 125 197 188
phone 0.0081 298 128 331 185
phone 0.0081 99 0 131 31
phone 0.0081 277 160 353 215
phone 0.0081 3 54 73 136
phone 0.0080 152 216 162 228
phone 0.0080 46 265 122 267
phone 0.0080 0 0 59 46
phone 0.0080 0 233 76 267
phone 0.0080 264 158 303 216
phone 0.0080 0 167 57 239
phone 0.0080 122 216 131 228
phone 0.0080 327 63 395 127
phone 0.0079 174 190 209 246
phone 0.0079 114 263 178 267
phone 0.0079 261 97 338 155
phone 0.0078 69 83 130 168
phone 0.0078 282 0 317 47
phone 0.0078 303 179 358 256
phone 0.0078 173 35 210 93
phone 0.0078 267 220 332 267
phone 0.0078 0 251 59 267
phone 0.0077 298 66 331 123
phone 0.0077 251 190 286 246
phone 0.0077 136 0 208 55
phone 0.0077 363 61 399 129
phone 0.0077 113 98 147 154
phone 0.0077 68 0 131 61
phone 0.0077 279 79 351 142
phone 0.0077 141 125 180 188
phone 0.0076 81 64 117 126
phone 0.0076 80 163 111 189
phone 0.0076 250 4 287 63
phone 0.0076 20 188 55 248
phone 0.0076 227 8 399 256
phone 0.0076 358 11 399 147
phone 0.0076 51 145 85 199
phone 0.0076 87 159 104 192
phone 0.0076 20 97 56 155
phone 0.0076 91 200 100 213
phone 0.0075 312 28 380 100
phone 0.0075 141 206 158 238
phone 0.0075 84 0 115 31
phone 0.0075 170 38 244 122
phone 0.0074 204 35 241 93
phone 0.0074 75 179 124 257
phone 0.0074 80 178 111 204
phone 0.0074 15 15 91 83
phone 0.0074 346 50 399 109
phone 0.0074 87 175 104 207
phone 0.0073 282 82 316 138
phone 0.0073 6 112 39 170
phone 0.0073 113 66 147 123
phone 0.0073 248 75 320 146
phone 0.0073 150 114 233 199
phone 0.0073 220 191 255 245
phone 0.0073 330 127 361 186
phone 0.0073 299 0 331 46
phone 0.0073 259 143 340 201
phone 0.0072 0 78 44 143
phone 0.0072 52 266 85 267
phone 0.0072 129 81 162 139
phone 0.0072 313 125 347 187
phone 0.0072 51 37 85 91
phone 0.0072 280 19 319 78
phone 0.0072 143 95 179 156
phone 0.0072 363 31 399 97
phone 0.0071 76 62 85 74
phone 0.0071 129 189 162 247
phone 0.0071 313 51 347 108
phone 0.0071 21 220 55 267
phone 0.0071 318 143 373 200
phone 0.0071 180 167 264 239
phone 0.0071 23 265 53 267
phone 0.0071 26 96 111 155
phone 0.0071 329 81 362 139
phone 0.0071 6 4 39 63
phone 0.0071 178 100 266 182
phone 0.0070 42 0 117 45
phone 0.0070 333 17 389 80
phone 0.0070 115 0 146 31
phone 0.0070 80 147 111 173
phone 0.0070 255 0 313 52
phone 0.0070 97 236 132 267
phone 0.0069 318 4 374 63
phone 0.0069 252 235 285 267
phone 0.0069 333 101 389 151
phone 0.0069 131 0 191 28
phone 0.0069 5 158 39 216
phone 0.0069 145 216 154 228
phone 0.0069 206 251 239 267
phone 0.0069 332 225 390 267
phone 0.0068 206 39 216 51
phone 0.0068 239 0 298 30
phone 0.0068 177 0 237 28
phone 0.0068 143 187 179 249
phone 0.0068 38 265 69 267
phone 0.0068 174 5 209 61
phone 0.0068 298 159 331 215
phone 0.0068 21 4 55 62
phone 0.0068 158 35 194 93
phone 0.0067 195 257 267 267
phone 0.0067 344 66 378 124
phone 0.0067 352 109 399 222
phone 0.0067 248 158 289 217
phone 0.0067 87 144 104 177
phone 0.0067 221 251 254 267
phone 0.0067 35 113 71 169
phone 0.0067 282 205 316 262
phone 0.0067 346 219 376 267
phone 0.0067 96 112 133 170
phone 0.0067 27 66 110 125
phone 0.0067 159 220 193 267
phone 0.0066 46 78 122 143
phone 0.0066 112 129 148 185
phone 0.0066 298 97 331 154
phone 0.0066 23 0 84 27
phone 0.0066 329 175 394 267
phone 0.0066 0 48 45 111
phone 0.0066 203 50 273 140
phone 0.0066 208 0 268 29
phone 0.0066 235 51 271 108
phone 0.0066 0 218 45 267
phone 0.0066 146 0 177 31
phone 0.0066 205 206 239 261
phone 0.0066 69 0 100 31
phone 0.0065 313 20 347 77
phone 0.0065 144 265 209 267
phone 0.0065 159 251 193 267
phone 0.0065 67 266 100 267
phone 0.0065 269 0 330 28
phone 0.0065 107 232 184 267
phone 0.0065 91 170 101 182
phone 0.0065 161 0 192 31
phone 0.0065 36 36 70 92
phone 0.0065 127 265 195 267
phone 0.0064 346 96 376 156
phone 0.0064 5 189 39 247
phone 0.0064 91 177 101 190
phone 0.0064 51 236 85 267
phone 0.0064 129 266 162 267
phone 0.0064 236 236 270 267
phone 0.0064 190 251 224 267
phone 0.0064 0 141 45 203
phone 0.0064 208 0 269 11
phone 0.0064 376 18 399 79
phone 0.0064 206 266 271 267
phone 0.0064 238 0 299 11
phone 0.0063 176 0 208 31
phone 0.0063 259 174 340 231
phone 0.0063 363 238 399 267
phone 0.0063 130 0 161 31
phone 0.0063 159 266 225 267
phone 0.0063 69 0 130 11
phone 0.0063 91 185 101 197
phone 0.0063 236 191 270 245
phone 0.0063 36 175 70 231
phone 0.0063 315 0 346 46
phone 0.0063 375 49 399 109
phone 0.0063 328 35 363 93
phone 0.0063 207 0 238 31
phone 0.0063 222 0 285 45
phone 0.0063 38 0 69 31
phone 0.0062 23 0 53 31
phone 0.0062 66 112 102 170
phone 0.0062 249 256 281 267
phone 0.0062 257 253 273 267
phone 0.0062 115 0 176 11
phone 0.0062 363 0 399 43
phone 0.0062 313 156 348 219
phone 0.0062 361 0 399 12
phone 0.0062 36 221 70 267
phone 0.0062 101 0 159 52
phone 0.0062 177 0 238 11
phone 0.0062 197 117 279 197
phone 0.0062 54 0 84 31
phone 0.0062 288 233 319 258
phone 0.0062 175 251 208 267
phone 0.0062 316 240 375 267
phone 0.0062 344 35 378 93
phone 0.0062 295 229 312 261
phone 0.0062 36 251 70 267
phone 0.0062 113 252 147 267
phone 0.0062 190 206 224 261
phone 0.0062 82 251 116 267
phone 0.0062 220 5 255 62
phone 0.0061 281 209 311 235
phone 0.0061 315 207 377 267
phone 0.0061 158 4 194 62
phone 0.0061 362 98 399 153
phone 0.0061 67 251 101 267
phone 0.0061 23 0 84 11
phone 0.0061 318 115 373 167
phone 0.0061 361 19 392 77
phone 0.0061 239 253 299 267
phone 0.0061 314 96 347 156
phone 0.0061 89 188 171 248
phone 0.0061 36 4 71 62
phone 0.0061 330 157 362 217
phone 0.0061 51 114 86 168
phone 0.0061 223 0 253 16
phone 0.0061 20 35 55 93
phone 0.0061 238 0 269 16
phone 0.0060 254 0 284 16
phone 0.0060 221 221 255 267
phone 0.0060 360 255 399 267
phone 0.0060 299 0 362 29
phone 0.0060 266 190 301 246
phone 0.0060 23 266 85 267
phone 0.0060 146 0 207 11
phone 0.0060 81 96 117 156
phone 0.0060 205 4 240 62
phone 0.0060 270 0 330 11
phone 0.0060 154 65 230 156
phone 0.0060 331 234 361 267
phone 0.0060 318 173 373 232
phone 0.0060 376 79 399 141
phone 0.0059 35 82 71 138
phone 0.0059 208 265 238 267
phone 0.0059 66 221 101 267
phone 0.0059 314 136 379 267
phone 0.0059 260 262 270 267
phone 0.0059 192 0 223 16
phone 0.0059 198 147 278 228
phone 0.0059 347 149 399 195
phone 0.0059 189 20 225 78
phone 0.0059 301 0 360 11
phone 0.0059 73 239 103 266
phone 0.0059 0 97 24 154
phone 0.0058 142 36 179 92
phone 0.0058 331 0 361 47
phone 0.0058 287 205 304 238
phone 0.0058 269 0 299 16
phone 0.0058 362 193 399 267
phone 0.0058 361 142 392 201
phone 0.0058 377 264 399 267
phone 0.0058 91 154 101 166
phone 0.0058 347 195 399 241
phone 0.0058 223 264 253 267
phone 0.0058 345 266 399 267
phone 0.0058 346 188 377 248
phone 0.0057 91 193 101 205
phone 0.0057 329 0 393 29
phone 0.0057 0 250 23 267
phone 0.0057 301 256 360 267
phone 0.0057 113 206 147 261
phone 0.0057 188 33 219 57
phone 0.0057 377 0 399 17
phone 0.0057 192 265 223 267
phone 0.0057 234 256 265 267
phone 0.0057 250 66 287 124
phone 0.0057 311 10 342 34
phone 0.0057 265 39 295 66
phone 0.0057 282 113 316 169
phone 0.0057 285 0 315 16
phone 0.0057 51 5 86 62
phone 0.0057 0 66 24 123
phone 0.0057 134 217 165 242
phone 0.0057 299 223 362 267
phone 0.0057 160 265 192 267
phone 0.0057 175 221 208 267
phone 0.0057 249 252 265 267
phone 0.0056 128 220 162 267
phone 0.0056 128 252 162 267
phone 0.0056 241 252 258 267
phone 0.0056 287 229 304 261
phone 0.0056 268 235 300 267
phone 0.0056 364 262 399 267
phone 0.0056 97 204 132 262
phone 0.0056 0 0 53 11
phone 0.0056 361 173 392 232
phone 0.0056 19 66 56 124
phone 0.0056 5 35 39 93
phone 0.0056 316 0 345 17
phone 0.0056 300 0 330 16
phone 0.0056 239 265 268 267
phone 0.0056 145 266 177 267
phone 0.0056 265 128 302 185
phone 0.0055 51 205 86 261
phone 0.0055 157 65 196 125
phone 0.0055 314 266 378 267
phone 0.0055 347 10 399 58
phone 0.0055 331 0 391 11
phone 0.0055 377 249 399 267
phone 0.0055 331 0 361 17
phone 0.0055 361 131 399 182
phone 0.0055 157 96 196 156
phone 0.0055 144 251 178 267
phone 0.0055 229 100 308 182
phone 0.0055 284 238 346 267
phone 0.0055 299 266 362 267
phone 0.0055 295 205 312 239
phone 0.0055 331 188 361 248
phone 0.0055 315 250 345 267
phone 0.0055 176 265 208 267
phone 0.0055 156 206 174 238
phone 0.0055 195 29 211 61
phone 0.0055 0 0 36 27
phone 0.0054 91 162 101 174
phone 0.0054 272 249 304 267
phone 0.0054 190 0 224 47
phone 0.0054 376 0 399 2
phone 0.0054 67 67 101 123
phone 0.0054 282 144 316 199
phone 0.0054 283 254 293 267
phone 0.0054 0 20 24 77
phone 0.0054 346 142 377 201
phone 0.0054 299 239 308 251
phone 0.0054 95 143 112 177
phone 0.0054 0 205 24 262
phone 0.0054 0 174 24 231
phone 0.0053 280 245 296 267
phone 0.0053 0 0 23 2
phone 0.0053 8 0 38 16
phone 0.0053 284 266 347 267
phone 0.0053 237 266 301 267
phone 0.0053 0 264 22 267
phone 0.0053 347 0 376 17
phone 0.0053 376 111 399 171
phone 0.0053 332 132 390 181
phone 0.0053 119 185 149 212
phone 0.0053 376 218 399 267
phone 0.0053 318 6 335 38
phone 0.0053 300 265 330 267
phone 0.0053 284 0 315 1
phone 0.0053 361 162 399 212
phone 0.0053 269 0 300 1
phone 0.0053 272 36 289 70
phone 0.0052 253 0 285 1
phone 0.0052 30 191 108 246
phone 0.0052 238 0 269 1
phone 0.0052 300 0 331 1
phone 0.0052 333 162 389 212
phone 0.0052 346 0 376 47
phone 0.0052 0 128 24 185
phone 0.0052 253 262 262 267
phone 0.0052 176 266 239 267
phone 0.0052 222 0 254 1
phone 0.0052 83 54 93 66
phone 0.0052 87 236 104 267
phone 0.0052 207 0 238 1
phone 0.0051 51 83 86 137
phone 0.0051 192 0 223 1
phone 0.0051 315 0 346 1
phone 0.0051 119 170 149 197
phone 0.0051 176 0 208 1
phone 0.0051 0 0 22 17
phone 0.0051 245 262 254 267
phone 0.0050 65 47 95 74
phone 0.0050 144 219 178 267
phone 0.0050 161 0 192 1
phone 0.0050 23 0 54 1
phone 0.0050 330 0 361 1
phone 0.0050 199 39 208 51
phone 0.0050 376 141 399 202
phone 0.0050 99 0 131 1
phone 0.0050 291 239 300 251
phone 0.0050 84 0 115 1
phone 0.0050 215 68 292 153
