phone 0.8730 150 188 201 292
phone 0.1176 118 166 206 278
phone 0.1032 0 86 84 234
phone 0.0831 27 63 244 246
phone 0.0591 132 196 250 305
phone 0.0585 98 43 301 213
phone 0.0551 62 144 229 297
phone 0.0502 120 102 274 276
phone 0.0484 138 103 215 305
phone 0.0470 40 113 173 252
phone 0.0453 0 106 62 184
phone 0.0422 138 198 185 276
phone 0.0400 47 160 151 305
phone 0.0370 0 42 166 208
phone 0.0337 159 94 295 222
phone 0.0323 233 61 351 184
phone 0.0260 186 23 340 166
phone 0.0244 2 140 93 274
phone 0.0231 149 257 244 305
phone 0.0228 142 158 319 305
phone 0.0209 104 97 235 221
phone 0.0207 14 210 144 305
phone 0.0202 56 30 214 169
phone 0.0184 239 0 352 144
phone 0.0182 0 25 62 163
phone 0.0172 150 177 233 267
phone 0.0172 0 157 77 225
phone 0.0171 195 146 282 297
phone 0.0165 127 284 226 305
phone 0.0162 59 198 140 277
phone 0.0159 0 58 137 304
phone 0.0157 197 65 309 194
phone 0.0157 70 221 210 305
phone 0.0153 128 224 334 305
phone 0.0151 66 0 156 96
phone 0.0146 66 79 164 210
phone 0.0145 76 182 154 262
phone 0.0143 0 2 103 191
phone 0.0141 271 20 373 166
phone 0.0140 177 270 278 305
phone 0.0137 199 112 276 177
phone 0.0136 11 118 95 204
phone 0.0129 283 79 377 210
phone 0.0129 170 40 275 188
phone 0.0128 2 128 43 193
phone 0.0128 248 69 320 129
phone 0.0126 38 0 179 143
phone 0.0124 62 231 136 305
phone 0.0122 235 80 302 148
phone 0.0122 0 126 57 255
phone 0.0121 107 270 215 305
phone 0.0121 82 282 179 305
phone 0.0121 167 205 215 269
phone 0.0120 155 34 364 274
phone 0.0119 64 269 166 305
phone 0.0118 76 213 153 293
phone 0.0117 96 255 183 305
phone 0.0115 204 203 303 305
phone 0.0114 236 97 333 223
phone 0.0113 152 298 231 305
phone 0.0112 50 2 118 72
phone 0.0112 206 0 300 137
phone 0.0112 20 162 55 220
phone 0.0112 101 197 190 247
phone 0.0109 41 253 128 305
phone 0.0109 0 0 76 119
phone 0.0107 0 190 71 305
phone 0.0107 3 99 42 160
phone 0.0106 232 53 305 114
phone 0.0106 333 32 399 164
phone 0.0106 215 143 321 269
phone 0.0105 233 111 304 179
phone 0.0105 122 125 199 195
phone 0.0105 267 70 301 127
phone 0.0105 62 165 137 248
phone 0.0104 212 99 294 160
phone 0.0104 77 110 153 180
phone 0.0102 89 175 172 237
phone 0.0101 204 182 272 261
phone 0.0101 248 98 320 160
phone 0.0100 183 112 394 253
phone 0.0099 131 0 222 120
phone 0.0099 165 113 249 177
phone 0.0099 185 125 260 195
phone 0.0099 219 280 288 305
phone 0.0098 86 131 174 190
phone 0.0098 220 117 255 173
phone 0.0098 274 110 357 240
phone 0.0097 189 210 256 295
phone 0.0097 20 19 87 86
phone 0.0097 215 127 292 193
phone 0.0096 101 114 190 176
phone 0.0096 297 128 363 192
phone 0.0096 49 280 120 305
phone 0.0096 67 8 101 66
phone 0.0096 20 168 87 245
phone 0.0095 183 93 262 167
phone 0.0095 356 0 399 137
phone 0.0094 0 0 39 20
phone 0.0094 45 219 123 286
phone 0.0094 251 85 286 143
phone 0.0094 215 67 292 130
phone 0.0093 88 206 172 269
phone 0.0093 202 251 274 305
phone 0.0093 80 223 118 282
phone 0.0093 63 299 136 305
phone 0.0092 77 153 152 229
phone 0.0092 0 282 41 305
phone 0.0092 122 0 284 157
phone 0.0091 29 0 109 119
phone 0.0091 267 77 333 151
phone 0.0091 120 298 202 305
phone 0.0091 5 162 39 219
phone 0.0091 204 140 272 212
phone 0.0090 212 288 308 305
phone 0.0090 123 37 230 191
phone 0.0090 249 38 320 97
phone 0.0090 142 137 211 214
phone 0.0089 231 192 307 251
phone 0.0088 35 162 71 219
phone 0.0088 151 225 263 280
phone 0.0087 32 270 106 305
phone 0.0087 17 254 90 305
phone 0.0087 148 131 236 190
phone 0.0086 291 101 369 158
phone 0.0086 330 34 392 101
phone 0.0085 359 78 399 150
phone 0.0085 204 117 240 173
phone 0.0085 37 23 70 81
phone 0.0085 236 118 270 172
phone 0.0085 342 66 399 131
phone 0.0085 247 129 321 191
phone 0.0085 30 203 107 271
phone 0.0084 129 147 193 235
phone 0.0084 251 55 285 111
phone 0.0084 268 48 331 118
phone 0.0084 129 195 162 249
phone 0.0084 51 302 118 305
phone 0.0083 250 175 318 238
phone 0.0083 206 300 270 305
phone 0.0083 90 299 170 305
phone 0.0083 267 101 301 158
phone 0.0083 105 0 187 106
phone 0.0083 217 33 289 103
phone 0.0083 282 109 348 181
phone 0.0082 282 142 348 209
phone 0.0082 174 302 209 305
phone 0.0082 0 192 61 252
phone 0.0082 104 162 187 220
phone 0.0081 251 116 286 173
phone 0.0081 68 0 131 56
phone 0.0081 221 239 255 297
phone 0.0081 221 285 254 305
phone 0.0080 0 222 60 283
phone 0.0079 33 31 135 166
phone 0.0079 82 255 116 305
phone 0.0079 313 116 347 173
phone 0.0079 21 23 54 81
phone 0.0079 95 192 134 251
phone 0.0079 159 302 193 305
phone 0.0079 187 0 259 124
phone 0.0078 157 212 188 239
phone 0.0078 360 38 393 97
phone 0.0078 65 123 135 197
phone 0.0077 141 18 212 87
phone 0.0077 313 0 380 136
phone 0.0077 0 116 24 173
phone 0.0077 362 0 399 18
phone 0.0077 62 93 137 165
phone 0.0077 282 64 348 133
phone 0.0077 282 85 316 143
phone 0.0077 79 192 119 251
phone 0.0076 199 80 277 149
phone 0.0076 0 177 47 236
phone 0.0076 144 132 178 188
phone 0.0076 83 300 116 305
phone 0.0076 30 236 108 299
phone 0.0076 229 145 308 206
phone 0.0076 30 157 107 225
phone 0.0076 164 209 181 242
phone 0.0076 95 2 165 72
phone 0.0075 220 208 255 266
phone 0.0075 36 288 102 305
phone 0.0075 198 51 277 116
phone 0.0074 17 99 59 160
phone 0.0074 267 157 333 224
phone 0.0074 163 5 220 69
phone 0.0074 0 258 53 305
phone 0.0074 283 54 316 113
phone 0.0074 271 23 328 82
phone 0.0074 37 254 70 305
phone 0.0074 52 269 85 305
phone 0.0074 68 285 100 305
phone 0.0074 97 117 132 173
phone 0.0073 297 84 332 143
phone 0.0073 69 299 100 305
phone 0.0073 16 220 91 285
phone 0.0073 221 301 254 305
phone 0.0073 236 255 270 305
phone 0.0073 221 146 255 205
phone 0.0072 164 147 250 204
phone 0.0072 159 132 193 188
phone 0.0072 310 114 382 175
phone 0.0072 374 69 399 128
phone 0.0072 149 166 180 192
phone 0.0072 128 239 195 305
phone 0.0072 236 55 270 111
phone 0.0072 173 269 210 305
phone 0.0072 267 178 300 235
phone 0.0072 285 34 345 102
phone 0.0072 251 194 285 249
phone 0.0072 112 194 148 249
phone 0.0072 140 174 182 239
phone 0.0072 298 146 331 204
phone 0.0071 52 7 85 66
phone 0.0071 295 50 365 116
phone 0.0071 267 132 301 188
phone 0.0071 156 163 173 196
phone 0.0071 362 115 399 174
phone 0.0071 212 176 294 237
phone 0.0070 101 0 160 33
phone 0.0070 98 301 131 305
phone 0.0070 171 238 212 298
phone 0.0070 67 225 101 280
phone 0.0070 89 93 171 166
phone 0.0070 207 13 269 92
phone 0.0070 298 115 332 174
phone 0.0069 189 118 224 172
phone 0.0069 6 23 39 81
phone 0.0069 287 181 343 231
phone 0.0069 113 133 147 187
phone 0.0069 0 60 42 137
phone 0.0069 0 0 60 61
phone 0.0069 44 184 124 259
phone 0.0069 189 152 256 230
phone 0.0069 38 0 100 30
phone 0.0069 95 223 134 282
phone 0.0069 207 0 269 46
phone 0.0068 154 155 230 228
phone 0.0068 0 238 42 297
phone 0.0068 142 205 172 231
phone 0.0068 23 0 84 46
phone 0.0068 123 36 199 100
phone 0.0068 129 1 193 73
phone 0.0068 329 38 362 97
phone 0.0068 144 302 178 305
phone 0.0068 47 35 121 101
phone 0.0067 348 25 399 80
phone 0.0067 159 8 193 66
phone 0.0066 0 207 45 267
phone 0.0066 309 81 382 147
phone 0.0066 128 133 162 187
phone 0.0066 176 16 238 89
phone 0.0066 235 86 271 142
phone 0.0066 314 146 346 205
phone 0.0066 313 86 347 142
phone 0.0065 77 76 152 153
phone 0.0065 204 223 241 282
phone 0.0065 315 13 376 61
phone 0.0065 113 0 147 51
phone 0.0065 131 0 161 35
phone 0.0065 223 0 253 50
phone 0.0065 222 0 285 81
phone 0.0065 255 11 313 63
phone 0.0065 54 0 84 35
phone 0.0065 283 162 316 220
phone 0.0065 327 80 396 209
phone 0.0065 225 304 281 305
phone 0.0065 167 76 247 152
phone 0.0065 177 0 238 46
phone 0.0065 98 286 132 305
phone 0.0064 300 176 330 236
phone 0.0064 38 0 69 50
phone 0.0064 92 36 168 100
phone 0.0064 185 62 260 136
phone 0.0064 220 176 256 236
phone 0.0064 157 243 188 269
phone 0.0064 330 285 393 305
phone 0.0064 148 0 205 49
phone 0.0064 331 0 391 46
phone 0.0064 174 24 209 81
phone 0.0064 51 209 86 265
phone 0.0064 282 116 316 173
phone 0.0064 301 0 360 30
phone 0.0064 302 165 359 216
phone 0.0064 168 219 177 232
phone 0.0063 131 0 191 31
phone 0.0063 345 99 399 159
phone 0.0063 189 242 224 294
phone 0.0063 256 211 312 263
phone 0.0063 99 0 131 35
phone 0.0063 23 0 53 50
phone 0.0063 156 33 227 103
phone 0.0063 344 85 378 143
phone 0.0063 113 302 147 305
phone 0.0063 82 285 116 305
phone 0.0063 285 12 345 62
phone 0.0063 82 116 116 173
phone 0.0063 128 164 162 218
phone 0.0063 313 38 347 97
phone 0.0063 237 222 300 282
phone 0.0063 238 0 269 50
phone 0.0063 164 241 181 272
phone 0.0062 36 208 70 266
phone 0.0062 316 198 376 245
phone 0.0062 160 173 170 186
phone 0.0062 118 0 174 54
phone 0.0062 32 130 74 190
phone 0.0062 329 116 362 173
phone 0.0062 318 150 373 201
phone 0.0062 331 8 361 66
phone 0.0062 174 133 209 187
phone 0.0062 239 300 268 305
phone 0.0062 314 165 377 278
phone 0.0062 41 113 127 176
phone 0.0062 193 0 253 30
phone 0.0062 6 286 70 305
phone 0.0062 67 255 101 305
phone 0.0061 331 183 391 230
phone 0.0061 268 0 331 48
phone 0.0061 149 228 181 254
phone 0.0061 223 0 284 30
phone 0.0061 192 0 223 50
phone 0.0061 157 224 173 257
phone 0.0061 21 239 54 296
phone 0.0061 347 0 376 51
phone 0.0061 237 19 300 86
phone 0.0061 83 0 116 35
phone 0.0061 149 94 234 165
phone 0.0061 148 201 166 235
phone 0.0061 157 240 173 272
phone 0.0061 205 23 240 81
phone 0.0061 69 0 100 35
phone 0.0061 375 100 399 159
phone 0.0061 128 302 162 305
phone 0.0061 239 0 299 46
phone 0.0061 236 147 270 204
phone 0.0061 251 187 318 305
phone 0.0061 316 0 345 36
phone 0.0061 329 150 393 262
phone 0.0061 254 0 314 30
phone 0.0060 344 54 378 112
phone 0.0060 96 147 133 204
phone 0.0060 97 255 132 305
phone 0.0060 270 259 329 305
phone 0.0060 220 23 255 81
phone 0.0060 63 49 136 118
phone 0.0060 146 0 176 35
phone 0.0060 52 239 85 296
phone 0.0060 21 208 55 266
phone 0.0060 16 49 91 118
phone 0.0060 251 148 286 203
phone 0.0060 299 285 362 305
phone 0.0060 331 0 361 36
phone 0.0060 331 192 361 251
phone 0.0060 269 208 299 266
phone 0.0060 252 8 286 66
phone 0.0060 8 0 68 30
phone 0.0060 44 81 124 147
phone 0.0060 108 50 183 117
phone 0.0060 311 112 380 238
phone 0.0060 208 0 238 50
phone 0.0060 300 0 330 36
phone 0.0060 300 8 330 66
phone 0.0059 84 0 145 17
phone 0.0059 45 142 123 209
phone 0.0059 298 0 362 95
phone 0.0059 144 8 178 66
phone 0.0059 115 0 176 17
phone 0.0059 250 97 280 123
phone 0.0059 346 176 376 235
phone 0.0059 345 115 377 175
phone 0.0059 346 145 376 205
phone 0.0059 362 0 399 62
phone 0.0059 112 163 147 218
phone 0.0059 128 256 162 305
phone 0.0059 205 302 239 305
phone 0.0058 82 8 116 66
phone 0.0058 128 8 163 65
phone 0.0058 190 23 224 81
phone 0.0058 0 146 24 205
phone 0.0058 331 146 361 205
phone 0.0058 375 22 399 82
phone 0.0058 146 0 207 17
phone 0.0058 270 290 329 305
phone 0.0058 264 191 296 214
phone 0.0058 285 0 315 36
phone 0.0058 253 254 284 305
phone 0.0058 254 0 284 35
phone 0.0058 364 281 399 305
phone 0.0058 270 0 299 36
phone 0.0058 272 187 288 218
phone 0.0057 54 0 115 15
phone 0.0057 285 253 315 305
phone 0.0057 286 213 344 261
phone 0.0057 315 8 346 66
phone 0.0057 205 146 239 204
phone 0.0057 298 54 332 112
phone 0.0057 284 273 346 305
phone 0.0057 164 225 181 256
phone 0.0057 361 151 399 200
phone 0.0057 51 163 86 219
phone 0.0057 172 45 242 121
phone 0.0057 284 8 315 65
phone 0.0057 328 70 362 127
phone 0.0057 284 180 347 294
phone 0.0057 299 256 362 305
phone 0.0057 0 85 25 143
phone 0.0057 248 260 281 283
phone 0.0057 220 56 255 111
phone 0.0057 333 134 389 186
phone 0.0057 333 145 366 168
phone 0.0056 239 0 298 15
phone 0.0056 176 0 238 17
phone 0.0056 112 286 147 305
phone 0.0056 0 224 24 281
phone 0.0056 270 0 329 15
phone 0.0056 257 257 273 287
phone 0.0056 38 299 69 305
phone 0.0056 162 0 222 30
phone 0.0056 97 8 132 65
phone 0.0056 159 39 193 96
phone 0.0056 362 242 399 305
phone 0.0056 24 0 83 15
phone 0.0056 315 272 377 305
phone 0.0056 236 210 270 264
phone 0.0056 300 207 330 266
phone 0.0056 342 141 357 172
phone 0.0055 190 148 224 203
phone 0.0055 189 302 224 305
phone 0.0055 316 290 376 305
phone 0.0055 256 93 274 127
phone 0.0055 316 299 345 305
phone 0.0055 81 146 117 205
phone 0.0055 272 197 327 246
phone 0.0055 67 39 101 96
phone 0.0055 93 61 167 137
phone 0.0055 120 91 202 168
phone 0.0055 300 299 330 305
phone 0.0055 20 54 55 112
phone 0.0055 144 39 178 96
phone 0.0055 209 0 268 15
phone 0.0055 345 150 354 163
phone 0.0055 0 193 24 250
phone 0.0055 316 229 376 276
phone 0.0055 279 183 312 206
phone 0.0055 285 284 315 305
phone 0.0055 276 196 285 209
phone 0.0055 330 256 393 305
phone 0.0055 288 180 303 210
phone 0.0055 162 0 192 35
phone 0.0055 0 253 22 305
phone 0.0055 300 284 330 305
phone 0.0055 285 244 345 292
phone 0.0055 38 284 69 305
phone 0.0054 0 0 22 5
phone 0.0054 316 284 345 305
phone 0.0054 0 54 24 112
phone 0.0054 0 0 35 0
phone 0.0054 260 265 270 278
phone 0.0054 235 23 271 81
phone 0.0054 160 250 170 263
phone 0.0054 311 135 342 162
phone 0.0054 298 146 362 266
phone 0.0054 23 284 53 305
phone 0.0054 128 286 163 305
phone 0.0054 160 235 170 247
phone 0.0054 376 0 399 36
phone 0.0054 316 0 376 15
phone 0.0054 376 130 399 190
phone 0.0054 316 176 345 236
phone 0.0054 54 299 84 305
phone 0.0054 331 299 361 305
phone 0.0054 280 179 296 211
phone 0.0054 361 228 399 277
phone 0.0054 362 135 399 246
phone 0.0054 291 188 300 201
phone 0.0053 0 0 23 50
phone 0.0053 168 250 177 262
phone 0.0053 177 0 207 35
phone 0.0053 157 209 173 242
phone 0.0053 331 213 391 261
phone 0.0053 315 207 346 266
phone 0.0053 346 0 399 30
phone 0.0053 220 86 256 142
phone 0.0053 255 274 313 305
phone 0.0053 153 212 162 224
phone 0.0053 330 195 393 305
phone 0.0053 362 181 399 292
phone 0.0053 115 0 146 20
phone 0.0053 346 284 376 305
phone 0.0053 236 179 270 234
phone 0.0053 128 40 162 96
phone 0.0053 155 60 228 138
phone 0.0053 256 237 289 260
phone 0.0053 346 299 376 305
phone 0.0053 300 253 330 305
phone 0.0053 318 132 335 165
phone 0.0053 265 234 280 264
phone 0.0053 360 182 399 231
phone 0.0053 194 8 251 67
phone 0.0052 331 284 361 305
phone 0.0052 8 0 38 35
phone 0.0052 285 192 315 251
phone 0.0052 82 39 116 96
phone 0.0052 331 223 361 282
phone 0.0052 38 0 69 20
phone 0.0052 285 300 315 305
phone 0.0052 316 238 345 297
phone 0.0052 30 64 108 133
phone 0.0052 124 61 198 137
phone 0.0052 275 204 285 217
phone 0.0052 238 0 269 20
phone 0.0052 23 0 54 20
phone 0.0052 112 225 148 280
phone 0.0052 372 53 399 75
phone 0.0052 269 299 299 305
phone 0.0052 101 229 190 276
phone 0.0052 97 39 132 96
phone 0.0052 143 285 179 305
phone 0.0052 376 268 399 305
phone 0.0052 54 0 84 4
phone 0.0052 269 269 299 305
phone 0.0052 160 242 170 255
phone 0.0052 346 222 376 282
phone 0.0051 69 0 99 5
phone 0.0051 331 253 361 305
phone 0.0051 168 212 177 224
phone 0.0051 113 40 147 96
phone 0.0051 268 242 277 255
phone 0.0051 223 0 254 20
phone 0.0051 153 219 162 232
phone 0.0051 346 253 376 305
phone 0.0051 380 48 396 80
phone 0.0051 234 303 250 305
phone 0.0051 256 242 312 294
phone 0.0051 288 43 318 70
phone 0.0051 346 168 399 214
phone 0.0051 85 0 115 5
phone 0.0051 271 228 328 277
phone 0.0051 207 0 238 20
phone 0.0050 192 0 223 20
phone 0.0050 254 0 284 4
phone 0.0050 238 0 269 4
phone 0.0050 283 188 293 201
phone 0.0050 173 189 203 216
phone 0.0050 115 0 146 5
phone 0.0050 383 58 393 70
phone 0.0050 131 0 161 5
phone 0.0050 223 0 253 4
