phone 0.1327 96 92 230 300
phone 0.0629 11 114 199 281
phone 0.0477 0 91 95 256
phone 0.0472 23 160 112 292
phone 0.0421 93 153 184 298
phone 0.0402 152 154 232 298
phone 0.0319 139 91 246 251
phone 0.0263 122 191 206 326
phone 0.0261 83 61 192 233
phone 0.0209 23 59 118 231
phone 0.0192 0 131 60 265
phone 0.0160 191 147 262 249
phone 0.0159 5 177 77 344
phone 0.0159 28 153 99 231
phone 0.0157 58 198 147 314
phone 0.0145 11 171 86 243
phone 0.0133 42 145 146 269
phone 0.0124 106 115 206 237
phone 0.0124 54 68 136 192
phone 0.0114 66 110 154 241
phone 0.0114 34 220 125 347
phone 0.0113 191 208 258 311
phone 0.0109 0 175 53 239
phone 0.0108 126 141 218 272
phone 0.0106 166 193 238 253
phone 0.0105 156 139 218 214
phone 0.0105 111 237 202 361
phone 0.0105 95 122 156 200
phone 0.0105 105 145 177 208
phone 0.0104 95 184 156 261
phone 0.0102 74 193 146 252
phone 0.0102 158 202 247 335
phone 0.0102 0 0 158 277
phone 0.0101 45 178 82 236
phone 0.0100 68 144 98 170
phone 0.0099 0 143 51 209
phone 0.0099 40 171 118 243
phone 0.0097 30 178 66 236
phone 0.0097 61 102 128 159
phone 0.0097 125 77 218 214
phone 0.0097 92 45 160 184
phone 0.0095 26 205 101 271
phone 0.0095 74 141 92 174
phone 0.0094 190 78 266 195
phone 0.0094 108 203 173 273
phone 0.0091 13 249 30 280
phone 0.0091 6 253 37 277
phone 0.0091 0 164 38 280
phone 0.0091 166 161 238 223
phone 0.0091 155 168 219 247
phone 0.0090 1 162 34 221
phone 0.0090 0 209 54 266
phone 0.0090 107 174 174 240
phone 0.0090 95 153 156 230
phone 0.0089 136 159 208 225
phone 0.0088 178 180 257 235
phone 0.0088 43 254 116 314
phone 0.0088 13 238 84 299
phone 0.0088 93 194 126 251
phone 0.0087 185 194 219 251
phone 0.0087 167 221 237 286
phone 0.0087 74 224 146 283
phone 0.0087 169 147 204 206
phone 0.0086 124 148 157 205
phone 0.0086 106 111 176 180
phone 0.0086 1 193 34 251
phone 0.0086 75 145 145 208
phone 0.0086 0 150 17 263
phone 0.0084 17 259 26 271
phone 0.0084 0 184 19 230
phone 0.0084 119 253 193 315
phone 0.0084 117 130 195 192
phone 0.0084 15 134 82 219
phone 0.0084 168 117 236 174
phone 0.0083 80 83 140 147
phone 0.0083 108 131 142 191
phone 0.0083 118 223 194 284
phone 0.0082 58 132 131 190
phone 0.0082 78 151 88 163
phone 0.0082 57 240 133 297
phone 0.0082 83 219 168 349
phone 0.0082 124 193 157 252
phone 0.0081 0 192 2 252
phone 0.0081 0 223 70 284
phone 0.0081 40 223 118 284
phone 0.0081 181 209 255 267
phone 0.0081 42 142 116 211
phone 0.0080 57 162 132 222
phone 0.0080 16 132 50 190
phone 0.0080 167 251 238 317
phone 0.0080 119 193 193 252
phone 0.0079 108 208 142 268
phone 0.0079 152 268 222 331
phone 0.0079 30 123 98 199
phone 0.0078 77 111 143 180
phone 0.0078 0 162 2 221
phone 0.0077 0 57 59 222
phone 0.0076 76 252 144 316
phone 0.0076 135 206 209 270
phone 0.0076 0 215 18 261
phone 0.0076 93 148 126 205
phone 0.0076 93 225 126 281
phone 0.0075 154 163 188 220
phone 0.0075 0 190 70 256
phone 0.0075 136 111 207 180
phone 0.0074 55 210 134 266
phone 0.0074 144 83 176 108
phone 0.0074 48 255 80 313
phone 0.0074 46 210 80 266
phone 0.0074 32 239 65 298
phone 0.0074 62 255 96 313
phone 0.0073 139 148 173 204
phone 0.0073 108 161 142 222
phone 0.0073 185 224 219 282
phone 0.0073 185 163 219 220
phone 0.0073 151 236 223 302
phone 0.0073 77 179 111 235
phone 0.0073 1 131 34 190
phone 0.0073 61 195 96 250
phone 0.0072 0 106 49 154
phone 0.0072 237 368 266 392
phone 0.0072 200 180 234 234
phone 0.0072 109 80 172 150
phone 0.0072 111 289 171 341
phone 0.0072 108 232 173 305
phone 0.0071 45 113 113 178
phone 0.0071 0 244 29 270
phone 0.0071 185 147 250 206
phone 0.0071 169 177 204 237
phone 0.0071 77 255 111 312
phone 0.0071 119 44 194 186
phone 0.0070 139 271 172 328
phone 0.0070 16 163 50 220
phone 0.0070 244 365 261 396
phone 0.0070 139 210 173 266
phone 0.0069 151 79 169 112
phone 0.0069 123 224 157 283
phone 0.0069 5 241 22 273
phone 0.0069 78 117 111 174
phone 0.0069 185 133 219 189
phone 0.0069 126 60 186 108
phone 0.0069 93 116 126 174
phone 0.0068 200 240 234 297
phone 0.0068 0 153 18 200
phone 0.0068 16 224 49 282
phone 0.0068 139 240 173 297
phone 0.0068 108 100 142 160
phone 0.0068 123 117 158 174
phone 0.0068 200 210 234 266
phone 0.0068 2 91 64 139
phone 0.0067 154 133 188 189
phone 0.0067 93 255 126 313
phone 0.0067 45 148 82 205
phone 0.0067 170 271 203 328
phone 0.0067 63 271 126 328
phone 0.0066 185 255 219 313
phone 0.0066 0 116 18 174
phone 0.0066 154 194 188 251
phone 0.0066 30 131 66 190
phone 0.0065 247 374 257 386
phone 0.0065 18 76 79 123
phone 0.0065 141 55 172 113
phone 0.0065 139 179 173 235
phone 0.0065 95 30 156 77
phone 0.0065 95 60 156 108
phone 0.0064 17 42 80 156
phone 0.0064 18 85 48 144
phone 0.0064 0 197 18 309
phone 0.0064 167 66 239 194
phone 0.0064 83 213 113 240
phone 0.0064 126 284 156 345
phone 0.0064 94 0 157 110
phone 0.0064 18 109 78 182
phone 0.0064 80 45 140 92
phone 0.0064 141 30 202 77
phone 0.0064 217 178 249 236
phone 0.0064 172 45 232 92
phone 0.0064 62 225 96 281
phone 0.0063 124 85 157 144
phone 0.0063 155 38 220 160
phone 0.0063 158 74 216 125
phone 0.0063 180 234 255 364
phone 0.0063 0 73 34 187
phone 0.0063 111 45 171 93
phone 0.0063 140 0 203 110
phone 0.0063 204 190 263 254
phone 0.0063 171 11 234 125
phone 0.0063 155 89 165 102
phone 0.0063 125 55 156 112
phone 0.0063 63 11 126 125
phone 0.0062 92 267 159 331
phone 0.0062 142 80 201 150
phone 0.0062 202 132 234 189
phone 0.0062 64 30 125 77
phone 0.0062 34 70 64 129
phone 0.0062 0 223 2 283
phone 0.0062 0 76 48 123
phone 0.0062 49 45 109 92
phone 0.0062 234 0 266 30
phone 0.0062 249 199 266 246
phone 0.0062 21 253 53 276
phone 0.0061 83 295 99 327
phone 0.0061 139 286 204 344
phone 0.0061 264 367 266 399
phone 0.0061 263 332 266 399
phone 0.0061 32 258 42 271
phone 0.0061 111 23 141 82
phone 0.0061 110 55 141 112
phone 0.0061 75 299 107 323
phone 0.0061 77 225 111 281
phone 0.0061 29 250 44 280
phone 0.0061 154 271 188 328
phone 0.0061 234 168 266 216
phone 0.0061 170 240 204 297
phone 0.0061 204 120 262 171
phone 0.0061 3 367 64 399
phone 0.0061 31 209 65 267
phone 0.0061 16 194 50 251
phone 0.0061 155 70 188 128
phone 0.0061 247 165 266 279
phone 0.0061 9 251 19 263
phone 0.0061 249 0 266 64
phone 0.0061 170 209 204 267
phone 0.0061 231 134 266 249
phone 0.0061 188 60 248 108
phone 0.0061 95 39 125 98
phone 0.0061 126 23 156 82
phone 0.0060 157 23 187 82
phone 0.0060 108 239 142 298
phone 0.0060 34 60 94 108
phone 0.0060 187 269 248 329
phone 0.0060 0 332 50 399
phone 0.0060 171 70 203 128
phone 0.0060 188 39 217 98
phone 0.0060 77 148 111 205
phone 0.0060 3 60 63 108
phone 0.0060 33 11 95 125
phone 0.0060 2 223 33 283
phone 0.0060 124 255 157 313
phone 0.0060 80 39 110 98
phone 0.0060 62 117 96 174
phone 0.0060 154 225 188 282
phone 0.0060 141 23 171 82
phone 0.0060 186 27 249 141
phone 0.0060 17 332 81 399
phone 0.0060 0 0 1 30
phone 0.0060 172 39 202 98
phone 0.0060 2 27 65 141
phone 0.0059 18 45 79 93
phone 0.0059 34 274 94 325
phone 0.0059 0 0 2 64
phone 0.0059 17 362 49 399
phone 0.0059 218 116 248 175
phone 0.0059 0 332 3 399
phone 0.0059 0 131 2 190
phone 0.0059 0 367 2 399
phone 0.0059 90 84 122 108
phone 0.0059 249 162 266 221
phone 0.0059 218 0 266 64
phone 0.0059 264 193 266 252
phone 0.0059 139 117 173 174
phone 0.0059 265 0 266 37
phone 0.0059 34 29 94 77
phone 0.0059 0 332 19 399
phone 0.0059 64 39 94 98
phone 0.0059 2 362 33 399
phone 0.0059 0 85 17 144
phone 0.0058 0 367 17 399
phone 0.0058 61 149 97 204
phone 0.0058 0 228 48 339
phone 0.0058 90 209 107 244
phone 0.0058 33 363 64 399
phone 0.0058 91 296 106 326
phone 0.0058 33 367 94 399
phone 0.0058 49 39 79 98
phone 0.0058 203 54 233 113
phone 0.0058 48 75 110 123
phone 0.0058 34 338 94 385
phone 0.0058 48 41 111 157
phone 0.0057 79 367 141 399
phone 0.0057 264 0 266 64
phone 0.0057 188 29 248 77
phone 0.0057 0 0 17 30
phone 0.0057 124 332 189 399
phone 0.0057 110 367 171 399
phone 0.0057 18 54 48 113
phone 0.0057 0 261 48 307
phone 0.0057 186 332 250 399
phone 0.0057 203 76 263 123
phone 0.0057 21 249 37 280
phone 0.0057 155 332 219 399
phone 0.0057 94 332 158 399
phone 0.0057 217 209 249 266
phone 0.0057 129 83 160 108
phone 0.0057 250 230 266 277
phone 0.0057 48 332 112 399
phone 0.0057 3 254 33 314
phone 0.0057 0 100 2 159
phone 0.0057 234 137 266 185
phone 0.0057 203 45 263 93
phone 0.0057 203 253 263 314
phone 0.0057 86 305 95 317
phone 0.0057 154 101 189 159
phone 0.0057 3 29 63 77
phone 0.0057 80 0 140 30
phone 0.0057 0 150 3 264
phone 0.0056 265 337 266 385
phone 0.0056 202 42 265 156
phone 0.0056 186 102 219 158
phone 0.0056 97 79 115 112
phone 0.0056 34 39 64 98
phone 0.0056 48 363 80 399
phone 0.0056 0 88 3 202
phone 0.0056 126 14 186 62
phone 0.0056 218 60 266 108
phone 0.0056 157 0 217 30
phone 0.0056 248 332 266 399
phone 0.0056 127 0 186 30
phone 0.0056 187 367 248 399
phone 0.0056 141 367 202 399
phone 0.0056 188 0 247 30
phone 0.0056 216 240 249 297
phone 0.0056 0 0 33 64
phone 0.0056 94 363 126 399
phone 0.0056 33 89 94 140
phone 0.0056 80 14 140 62
phone 0.0056 125 363 157 399
phone 0.0056 64 0 125 64
phone 0.0056 0 303 34 399
phone 0.0056 218 91 266 139
phone 0.0056 110 363 141 399
phone 0.0056 0 45 48 93
phone 0.0056 64 338 125 385
phone 0.0056 63 363 95 399
phone 0.0055 33 55 95 174
phone 0.0055 3 277 64 322
phone 0.0055 144 79 161 112
phone 0.0055 34 331 64 390
phone 0.0055 110 0 171 64
phone 0.0055 157 14 217 62
phone 0.0055 64 60 126 108
phone 0.0055 171 0 233 64
phone 0.0055 140 363 172 399
phone 0.0055 64 331 95 390
phone 0.0055 50 0 109 30
phone 0.0055 82 18 266 259
phone 0.0055 49 331 79 390
phone 0.0055 18 270 48 329
phone 0.0055 64 70 95 128
phone 0.0055 94 305 103 317
phone 0.0055 3 322 63 369
phone 0.0055 79 363 111 399
phone 0.0055 264 224 266 282
phone 0.0055 188 91 247 139
phone 0.0055 265 183 266 231
phone 0.0055 0 276 2 323
phone 0.0055 247 211 266 326
phone 0.0055 203 23 233 82
phone 0.0055 187 70 218 128
phone 0.0055 3 54 33 113
phone 0.0054 219 0 248 37
phone 0.0054 0 0 49 110
phone 0.0054 0 337 2 385
phone 0.0054 218 70 248 128
phone 0.0054 1 288 65 399
phone 0.0054 249 131 266 190
phone 0.0054 215 173 266 283
phone 0.0054 202 0 264 110
phone 0.0054 249 91 266 139
phone 0.0054 32 100 65 160
phone 0.0054 0 307 48 354
phone 0.0054 96 0 125 37
phone 0.0054 232 88 266 202
phone 0.0054 202 363 234 399
phone 0.0054 0 322 17 370
phone 0.0054 234 106 266 154
phone 0.0054 80 0 109 37
phone 0.0054 263 150 266 264
phone 0.0054 18 23 48 82
phone 0.0054 156 363 188 399
phone 0.0054 0 0 47 30
phone 0.0054 186 363 218 399
phone 0.0054 217 363 249 399
phone 0.0054 0 242 3 356
phone 0.0054 218 39 248 98
phone 0.0054 24 258 34 271
phone 0.0054 217 332 266 399
phone 0.0054 48 85 80 143
phone 0.0054 173 0 202 37
phone 0.0054 142 0 171 37
phone 0.0054 111 0 140 37
phone 0.0054 0 306 2 354
phone 0.0054 265 153 266 200
phone 0.0054 157 0 186 37
phone 0.0054 126 0 156 37
phone 0.0054 265 106 266 154
phone 0.0054 171 363 203 399
phone 0.0053 203 0 233 37
phone 0.0053 79 331 110 390
phone 0.0053 188 0 217 37
phone 0.0053 265 214 266 262
phone 0.0053 248 57 266 171
phone 0.0053 234 70 264 129
phone 0.0053 78 304 142 399
phone 0.0053 0 291 17 339
phone 0.0053 49 14 109 62
phone 0.0053 0 75 2 123
phone 0.0053 136 79 153 113
phone 0.0053 139 86 173 143
phone 0.0053 265 76 266 123
phone 0.0053 265 29 266 77
phone 0.0053 111 338 171 384
phone 0.0053 218 29 266 77
phone 0.0053 265 245 266 292
phone 0.0053 263 73 266 187
phone 0.0053 0 273 18 387
phone 0.0053 110 331 141 390
phone 0.0053 203 331 233 390
phone 0.0053 219 152 266 201
phone 0.0053 33 0 95 64
phone 0.0053 95 8 126 67
phone 0.0053 0 42 3 156
phone 0.0053 18 316 48 375
phone 0.0053 65 0 94 37
phone 0.0053 0 196 3 310
phone 0.0052 19 0 78 30
phone 0.0052 203 85 233 144
phone 0.0052 3 23 33 82
phone 0.0052 250 260 266 308
phone 0.0052 264 307 266 354
phone 0.0052 83 259 114 286
phone 0.0052 263 196 266 310
phone 0.0052 263 0 266 110
phone 0.0052 0 60 17 108
phone 0.0052 249 29 266 77
phone 0.0052 172 8 203 67
phone 0.0052 249 60 266 108
phone 0.0052 249 291 266 338
phone 0.0052 0 29 17 77
phone 0.0052 265 276 266 323
phone 0.0052 232 304 266 399
phone 0.0052 79 8 110 67
phone 0.0052 95 331 125 390
phone 0.0052 0 29 2 77
phone 0.0052 173 286 232 343
phone 0.0052 82 209 99 244
phone 0.0052 111 284 140 345
phone 0.0052 263 273 266 386
phone 0.0052 126 331 156 390
phone 0.0052 140 305 203 399
phone 0.0052 19 14 78 62
phone 0.0052 264 131 266 190
phone 0.0052 172 338 232 384
phone 0.0051 75 296 91 326
phone 0.0051 248 258 266 371
phone 0.0051 0 0 18 110
phone 0.0051 141 331 172 390
phone 0.0051 18 260 79 369
phone 0.0051 49 0 79 37
phone 0.0051 94 70 126 128
phone 0.0051 0 245 17 292
phone 0.0051 101 89 111 102
phone 0.0051 248 11 266 126
phone 0.0051 234 39 264 98
phone 0.0051 156 331 187 390
phone 0.0051 95 323 156 369
phone 0.0051 187 8 218 67
phone 0.0051 18 292 79 338
phone 0.0051 187 331 218 390
phone 0.0051 113 276 145 300
phone 0.0051 212 105 266 231
phone 0.0050 64 8 95 67
phone 0.0050 110 290 172 399
phone 0.0050 33 285 64 344
phone 0.0050 160 183 191 208
phone 0.0050 9 259 18 271
phone 0.0050 169 101 204 159
phone 0.0050 141 0 202 46
phone 0.0050 264 254 266 313
phone 0.0050 158 305 216 355
phone 0.0050 95 0 156 46
phone 0.0050 34 0 63 37
