phone 0.8868 36 129 245 314
phone 0.1922 97 200 237 314
phone 0.0885 49 102 199 263
phone 0.0639 32 120 152 237
phone 0.0530 124 251 215 318
phone 0.0446 50 164 166 312
phone 0.0379 18 156 135 289
phone 0.0366 1 142 92 303
phone 0.0337 107 232 201 307
phone 0.0322 145 234 258 333
phone 0.0241 150 253 189 315
phone 0.0221 166 171 293 297
phone 0.0220 87 57 293 287
phone 0.0204 66 227 180 341
phone 0.0198 40 213 145 355
phone 0.0191 165 254 205 315
phone 0.0187 34 183 120 263
phone 0.0176 120 26 241 190
phone 0.0176 83 75 207 222
phone 0.0165 68 207 147 300
phone 0.0165 0 131 196 380
phone 0.0161 175 220 293 356
phone 0.0158 212 121 293 280
phone 0.0158 11 166 82 249
phone 0.0156 81 252 165 316
phone 0.0148 0 113 80 229
phone 0.0145 136 254 172 314
phone 0.0144 0 82 41 197
phone 0.0136 57 252 158 377
phone 0.0133 160 40 264 176
phone 0.0132 0 204 113 378
phone 0.0132 10 89 107 199
phone 0.0131 0 130 46 264
phone 0.0128 181 256 218 312
phone 0.0126 144 268 226 331
phone 0.0125 136 141 270 272
phone 0.0125 0 191 46 315
phone 0.0124 10 218 83 289
phone 0.0123 0 32 237 250
phone 0.0120 0 71 4 208
phone 0.0118 37 215 117 293
phone 0.0118 174 255 257 314
phone 0.0117 54 267 131 332
phone 0.0117 185 61 293 217
phone 0.0114 30 56 124 235
phone 0.0113 51 230 134 307
phone 0.0113 41 248 113 320
phone 0.0113 138 251 232 378
phone 0.0112 88 167 293 350
phone 0.0111 36 270 120 390
phone 0.0110 20 198 103 278
phone 0.0108 0 35 71 183
phone 0.0103 152 213 247 295
phone 0.0103 105 256 141 312
phone 0.0102 121 255 156 313
phone 0.0101 206 200 293 316
phone 0.0100 107 267 202 393
phone 0.0100 69 285 147 345
phone 0.0100 0 175 17 300
phone 0.0098 0 177 62 268
phone 0.0098 112 0 193 159
phone 0.0097 0 137 11 277
phone 0.0096 0 133 4 266
phone 0.0095 0 225 37 281
phone 0.0094 22 149 101 235
phone 0.0094 0 173 2 302
phone 0.0094 29 225 63 282
phone 0.0093 68 37 167 188
phone 0.0093 25 233 99 304
phone 0.0093 0 147 36 206
phone 0.0093 25 287 100 343
phone 0.0093 27 177 66 237
phone 0.0092 81 284 166 399
phone 0.0092 116 267 192 332
phone 0.0091 9 271 84 328
phone 0.0091 114 93 224 259
phone 0.0090 198 257 233 311
phone 0.0090 13 161 49 222
phone 0.0089 55 300 130 360
phone 0.0088 60 271 94 328
phone 0.0088 194 237 269 301
phone 0.0087 175 266 257 394
phone 0.0087 0 154 0 306
phone 0.0087 75 271 109 328
phone 0.0086 22 0 99 161
phone 0.0086 149 299 221 361
phone 0.0086 49 0 133 164
phone 0.0085 89 256 126 312
phone 0.0085 0 190 7 316
phone 0.0084 56 192 98 253
phone 0.0084 0 239 53 298
phone 0.0083 211 191 282 254
phone 0.0083 182 280 249 349
phone 0.0082 0 159 18 225
phone 0.0082 192 206 270 270
phone 0.0082 145 8 220 151
phone 0.0081 0 255 69 313
phone 0.0081 228 221 293 286
phone 0.0080 0 169 2 245
phone 0.0079 0 197 42 248
phone 0.0079 13 252 80 377
phone 0.0079 184 111 249 241
phone 0.0078 91 287 125 343
phone 0.0078 105 316 173 375
phone 0.0078 74 317 142 373
phone 0.0078 46 285 78 344
phone 0.0077 0 226 2 280
phone 0.0077 30 270 63 328
phone 0.0077 0 208 22 268
phone 0.0077 118 299 191 362
phone 0.0076 196 265 266 333
phone 0.0076 28 148 64 205
phone 0.0075 231 267 293 332
phone 0.0075 61 301 93 359
phone 0.0074 0 58 14 222
phone 0.0074 103 281 175 348
phone 0.0074 134 283 206 347
phone 0.0074 214 255 248 312
phone 0.0074 121 58 188 202
phone 0.0074 41 193 82 252
phone 0.0074 245 194 278 251
phone 0.0074 0 25 9 191
phone 0.0074 0 15 4 136
phone 0.0074 215 246 278 322
phone 0.0073 28 116 64 175
phone 0.0073 76 301 109 359
phone 0.0073 230 178 263 235
phone 0.0073 212 283 281 347
phone 0.0073 168 301 202 359
phone 0.0072 39 120 115 203
phone 0.0072 31 305 93 355
phone 0.0071 136 315 203 376
phone 0.0071 199 286 232 344
phone 0.0071 187 148 244 205
phone 0.0071 86 222 130 285
phone 0.0071 0 188 6 257
phone 0.0071 217 167 276 217
phone 0.0071 45 256 79 312
phone 0.0070 0 109 62 182
phone 0.0070 183 302 217 359
phone 0.0070 197 175 265 240
phone 0.0069 0 178 32 235
phone 0.0069 199 300 263 360
phone 0.0069 234 305 290 355
phone 0.0069 245 240 278 298
phone 0.0069 0 106 31 154
phone 0.0068 212 318 227 350
phone 0.0068 58 224 96 283
phone 0.0068 203 322 236 346
phone 0.0068 242 236 293 363
phone 0.0068 141 102 198 159
phone 0.0068 106 287 140 343
phone 0.0068 71 208 114 268
phone 0.0068 172 134 229 188
phone 0.0068 215 163 248 220
phone 0.0068 16 89 78 140
phone 0.0067 92 316 124 375
phone 0.0066 229 239 263 298
phone 0.0066 13 208 49 268
phone 0.0066 229 209 263 266
phone 0.0066 214 286 248 343
phone 0.0066 0 94 20 248
phone 0.0066 186 318 246 372
phone 0.0066 248 182 293 232
phone 0.0065 215 328 224 341
phone 0.0065 0 101 16 159
phone 0.0065 0 195 17 250
phone 0.0065 31 85 62 144
phone 0.0065 197 259 227 286
phone 0.0065 152 301 186 359
phone 0.0065 134 123 205 199
phone 0.0064 73 240 112 298
phone 0.0064 16 269 47 329
phone 0.0064 137 302 171 359
phone 0.0064 249 289 293 340
phone 0.0064 122 301 155 359
phone 0.0064 247 300 277 360
phone 0.0064 262 270 293 329
phone 0.0064 16 85 47 144
phone 0.0064 125 89 184 141
phone 0.0064 153 332 218 399
phone 0.0063 135 314 166 339
phone 0.0063 14 132 48 190
phone 0.0063 152 82 219 209
phone 0.0063 45 332 110 399
phone 0.0063 214 225 248 281
phone 0.0063 0 244 31 354
phone 0.0063 263 322 293 369
phone 0.0063 249 257 293 311
phone 0.0063 230 286 263 344
phone 0.0062 261 289 293 399
phone 0.0062 278 367 293 399
phone 0.0062 277 332 293 399
phone 0.0062 0 277 30 322
phone 0.0062 247 153 293 200
phone 0.0062 47 367 108 399
phone 0.0061 0 269 16 329
phone 0.0061 33 93 91 168
phone 0.0061 246 119 293 233
phone 0.0061 232 137 292 185
phone 0.0061 46 85 78 144
phone 0.0061 0 0 17 96
phone 0.0061 122 333 187 399
phone 0.0061 0 292 46 338
phone 0.0061 292 362 293 399
phone 0.0061 157 118 213 173
phone 0.0061 0 116 0 175
phone 0.0060 217 315 246 376
phone 0.0060 247 367 293 399
phone 0.0060 292 332 293 399
phone 0.0060 248 0 293 30
phone 0.0060 1 76 62 123
phone 0.0060 91 187 187 290
phone 0.0060 0 29 30 77
phone 0.0060 247 157 293 288
phone 0.0060 142 310 159 343
phone 0.0060 0 131 17 190
phone 0.0060 0 332 32 399
phone 0.0060 64 87 122 142
phone 0.0060 201 315 231 376
phone 0.0060 213 195 248 250
phone 0.0060 201 132 231 190
phone 0.0060 247 122 293 169
phone 0.0060 230 332 293 399
phone 0.0060 278 153 293 200
phone 0.0060 200 320 263 399
phone 0.0059 62 362 93 399
phone 0.0059 0 367 16 399
phone 0.0059 0 60 15 108
phone 0.0059 46 362 78 399
phone 0.0059 62 331 92 391
phone 0.0059 232 106 292 154
phone 0.0059 203 255 221 290
phone 0.0059 0 367 46 399
phone 0.0059 216 122 277 169
phone 0.0059 134 310 151 343
phone 0.0059 231 0 293 64
phone 0.0059 231 88 293 202
phone 0.0059 215 104 278 218
phone 0.0059 277 119 293 233
phone 0.0059 0 11 32 126
phone 0.0059 47 50 108 179
phone 0.0059 43 225 80 282
phone 0.0058 217 91 277 139
phone 0.0058 16 367 77 399
phone 0.0058 186 29 246 77
phone 0.0058 47 320 108 370
phone 0.0058 17 323 77 369
phone 0.0058 262 193 293 251
phone 0.0058 278 285 293 344
phone 0.0058 278 122 293 169
phone 0.0058 169 0 232 95
phone 0.0058 247 131 277 190
phone 0.0058 0 0 0 64
phone 0.0058 0 363 1 399
phone 0.0058 1 275 62 384
phone 0.0058 32 316 62 375
phone 0.0058 215 57 278 172
phone 0.0058 263 131 292 190
phone 0.0057 247 91 293 139
phone 0.0057 262 168 293 215
phone 0.0057 201 45 261 93
phone 0.0057 1 337 61 385
phone 0.0057 217 0 276 30
phone 0.0057 150 330 182 353
phone 0.0057 0 23 0 83
phone 0.0057 279 214 293 262
phone 0.0057 158 326 174 357
phone 0.0057 166 305 196 332
phone 0.0057 0 0 15 30
phone 0.0057 91 333 156 399
phone 0.0057 217 60 277 108
phone 0.0057 78 75 139 123
phone 0.0057 200 0 263 110
phone 0.0057 0 0 48 95
phone 0.0057 77 362 109 399
phone 0.0057 31 362 62 399
phone 0.0057 185 116 216 174
phone 0.0057 275 180 293 295
phone 0.0057 246 57 293 172
phone 0.0057 108 75 170 123
phone 0.0057 1 307 61 353
phone 0.0057 232 131 262 190
phone 0.0057 232 75 292 123
phone 0.0056 0 60 46 108
phone 0.0056 201 106 261 154
phone 0.0056 16 300 46 360
phone 0.0056 247 331 277 390
phone 0.0056 262 353 293 399
phone 0.0056 216 346 247 399
phone 0.0056 0 54 0 113
phone 0.0056 155 85 185 143
phone 0.0056 200 88 263 202
phone 0.0056 278 0 293 37
phone 0.0056 247 100 277 159
phone 0.0056 201 75 261 123
phone 0.0056 138 0 202 95
phone 0.0056 155 367 215 399
phone 0.0056 15 0 79 95
phone 0.0056 47 315 77 376
phone 0.0056 31 75 93 123
phone 0.0056 217 29 277 77
phone 0.0056 170 101 200 159
phone 0.0056 263 100 292 159
phone 0.0056 1 70 31 129
phone 0.0056 279 260 293 308
phone 0.0056 232 100 262 159
phone 0.0056 201 23 231 83
phone 0.0055 277 73 293 187
phone 0.0055 78 368 138 399
phone 0.0055 0 85 0 144
phone 0.0055 278 91 293 139
phone 0.0055 124 368 185 399
phone 0.0055 0 0 1 110
phone 0.0055 16 331 46 390
phone 0.0055 46 0 109 95
phone 0.0055 276 227 293 341
phone 0.0055 217 353 277 399
phone 0.0055 0 322 46 369
phone 0.0055 93 60 154 108
phone 0.0055 232 0 261 37
phone 0.0055 232 69 262 129
phone 0.0055 120 314 150 339
phone 0.0055 216 23 246 82
phone 0.0055 0 306 15 354
phone 0.0055 161 336 170 348
phone 0.0055 0 0 0 37
phone 0.0055 1 45 61 93
phone 0.0055 155 29 215 77
phone 0.0054 186 0 245 30
phone 0.0054 186 23 215 83
phone 0.0054 186 60 246 108
phone 0.0054 0 337 15 385
phone 0.0054 63 60 123 108
phone 0.0054 278 184 293 231
phone 0.0054 201 137 261 185
phone 0.0054 32 338 92 384
phone 0.0054 77 0 140 95
phone 0.0054 231 26 293 141
phone 0.0054 284 312 293 325
phone 0.0054 278 60 293 108
phone 0.0054 92 26 155 141
phone 0.0054 93 70 123 128
phone 0.0054 84 190 132 255
phone 0.0054 107 0 171 95
phone 0.0054 216 116 246 175
phone 0.0054 217 54 246 113
phone 0.0054 109 70 139 128
phone 0.0054 92 362 124 399
phone 0.0054 278 29 293 77
phone 0.0054 186 122 246 170
phone 0.0054 247 60 293 108
phone 0.0054 273 307 293 330
phone 0.0054 220 319 235 349
phone 0.0054 0 14 0 62
phone 0.0054 247 69 277 129
phone 0.0054 185 26 247 141
phone 0.0054 124 70 154 128
phone 0.0054 223 328 232 341
phone 0.0054 0 0 45 30
phone 0.0054 0 332 2 399
phone 0.0054 197 227 234 280
phone 0.0054 186 91 246 139
phone 0.0053 277 27 293 141
phone 0.0053 172 302 190 336
phone 0.0053 140 330 169 391
phone 0.0053 196 331 228 353
phone 0.0053 0 0 31 64
phone 0.0053 232 39 262 98
phone 0.0053 232 45 292 93
phone 0.0053 17 60 77 108
phone 0.0053 154 0 216 64
phone 0.0053 17 23 46 83
phone 0.0053 0 337 0 385
phone 0.0053 78 70 108 128
phone 0.0053 217 0 246 37
phone 0.0053 31 0 93 64
phone 0.0053 171 337 229 385
phone 0.0053 17 0 76 30
phone 0.0053 247 162 277 220
phone 0.0053 262 240 293 297
phone 0.0053 292 304 293 399
phone 0.0053 0 288 16 399
phone 0.0053 123 0 185 64
phone 0.0053 124 330 154 392
phone 0.0053 201 14 261 62
phone 0.0053 154 362 186 399
phone 0.0053 207 335 217 348
phone 0.0053 247 29 293 77
phone 0.0053 108 362 140 399
phone 0.0053 138 362 170 399
phone 0.0053 292 120 293 232
phone 0.0053 263 70 292 129
phone 0.0053 217 85 246 144
phone 0.0053 171 106 230 154
phone 0.0053 140 0 199 30
phone 0.0053 2 14 61 62
phone 0.0053 93 0 154 64
phone 0.0053 231 347 262 399
phone 0.0053 126 310 144 343
phone 0.0053 124 60 184 108
phone 0.0053 63 70 93 128
phone 0.0053 0 304 1 399
phone 0.0053 109 0 169 30
phone 0.0053 262 0 293 110
phone 0.0053 62 0 124 64
phone 0.0053 146 320 155 333
phone 0.0052 281 304 293 333
phone 0.0052 169 362 201 399
phone 0.0052 123 362 155 399
phone 0.0052 0 243 15 294
phone 0.0052 204 318 220 350
phone 0.0052 48 0 107 30
phone 0.0052 185 73 247 187
phone 0.0052 32 29 92 77
phone 0.0052 79 0 138 30
phone 0.0052 170 75 231 123
phone 0.0052 201 0 231 37
phone 0.0052 0 300 0 360
phone 0.0052 170 23 200 83
phone 0.0052 218 322 275 369
phone 0.0052 0 353 0 399
phone 0.0052 155 330 185 391
phone 0.0052 155 60 215 108
phone 0.0052 125 29 184 77
phone 0.0052 186 367 246 399
phone 0.0052 201 54 231 113
phone 0.0052 0 76 0 123
phone 0.0051 63 29 123 77
phone 0.0051 0 137 1 185
phone 0.0051 94 29 153 77
phone 0.0051 57 147 97 206
phone 0.0051 79 92 137 169
phone 0.0051 32 23 62 83
phone 0.0051 220 283 250 308
phone 0.0051 138 320 147 333
phone 0.0051 186 0 215 37
phone 0.0051 0 103 1 218
phone 0.0051 201 347 231 399
phone 0.0051 292 73 293 186
phone 0.0051 0 43 1 155
phone 0.0051 292 151 293 263
phone 0.0051 32 0 61 37
phone 0.0051 201 85 231 144
phone 0.0051 173 186 258 259
phone 0.0051 184 362 217 399
phone 0.0051 171 0 200 37
phone 0.0051 247 39 277 98
phone 0.0051 263 14 293 62
phone 0.0050 42 148 81 205
phone 0.0050 32 54 62 113
phone 0.0050 48 0 77 37
phone 0.0050 94 88 153 142
phone 0.0050 292 27 293 140
phone 0.0050 109 94 169 167
phone 0.0050 155 23 185 83
phone 0.0050 155 0 185 37
phone 0.0050 140 0 169 37
phone 0.0050 155 91 215 139
phone 0.0050 124 0 154 37
phone 0.0050 96 122 180 232
