phone 0.8350 124 112 280 305
phone 0.1693 118 105 233 248
phone 0.0713 180 66 338 284
phone 0.0652 181 239 284 333
phone 0.0626 243 35 336 183
phone 0.0595 153 173 299 330
phone 0.0463 213 148 369 309
phone 0.0435 21 85 133 248
phone 0.0418 198 224 320 353
phone 0.0416 86 67 201 215
phone 0.0407 197 257 272 372
phone 0.0365 183 137 292 277
phone 0.0352 221 282 305 399
phone 0.0350 115 139 340 368
phone 0.0348 43 65 242 270
phone 0.0308 223 22 311 138
phone 0.0292 239 250 343 389
phone 0.0279 136 216 273 353
phone 0.0276 282 294 364 399
phone 0.0272 233 48 399 232
phone 0.0247 164 130 250 224
phone 0.0242 81 262 202 399
phone 0.0233 6 83 97 196
phone 0.0232 135 149 217 235
phone 0.0229 113 158 209 287
phone 0.0219 146 163 238 312
phone 0.0210 204 180 381 399
phone 0.0205 254 54 314 145
phone 0.0195 157 256 248 374
phone 0.0195 48 207 170 376
phone 0.0189 278 6 372 146
phone 0.0186 19 144 141 309
phone 0.0182 192 16 274 139
phone 0.0173 114 212 208 356
phone 0.0171 138 182 214 263
phone 0.0170 280 128 399 274
phone 0.0166 131 298 211 399
phone 0.0163 103 41 294 243
phone 0.0163 265 190 375 328
phone 0.0163 343 134 399 270
phone 0.0160 116 43 218 181
phone 0.0154 251 312 331 399
phone 0.0151 10 119 96 270
phone 0.0151 280 337 311 362
phone 0.0149 101 2 184 153
phone 0.0146 46 65 123 195
phone 0.0146 320 295 389 399
phone 0.0140 161 303 238 399
phone 0.0140 287 333 304 366
phone 0.0138 213 122 324 262
phone 0.0138 37 126 101 196
phone 0.0138 349 321 399 399
phone 0.0137 68 109 131 183
phone 0.0136 124 204 198 272
phone 0.0135 168 250 246 318
phone 0.0134 214 181 293 264
phone 0.0129 220 271 255 328
phone 0.0128 63 40 156 179
phone 0.0128 227 213 257 239
phone 0.0128 76 92 154 229
phone 0.0128 84 127 177 256
phone 0.0128 362 104 399 187
phone 0.0127 265 68 303 131
phone 0.0127 141 217 212 290
phone 0.0126 203 48 303 181
phone 0.0124 156 197 227 279
phone 0.0124 291 343 300 356
phone 0.0123 99 188 192 318
phone 0.0122 350 184 399 323
phone 0.0122 196 308 272 399
phone 0.0122 140 264 213 336
phone 0.0121 234 78 303 151
phone 0.0121 343 66 399 213
phone 0.0121 205 270 240 329
phone 0.0121 69 158 270 399
phone 0.0120 214 267 292 332
phone 0.0118 227 205 310 271
phone 0.0118 69 251 149 388
phone 0.0118 261 86 338 144
phone 0.0118 188 281 257 349
phone 0.0117 233 210 251 243
phone 0.0117 263 70 367 190
phone 0.0117 201 191 275 286
phone 0.0117 52 100 116 161
phone 0.0116 348 245 399 384
phone 0.0115 47 211 123 326
phone 0.0115 84 123 146 198
phone 0.0114 125 235 197 303
phone 0.0114 154 282 229 348
phone 0.0114 160 46 255 214
phone 0.0113 154 347 230 399
phone 0.0113 257 329 288 355
phone 0.0112 250 89 318 172
phone 0.0112 251 91 347 230
phone 0.0112 52 116 85 175
phone 0.0112 308 38 398 179
phone 0.0110 124 138 198 215
phone 0.0109 256 29 312 108
phone 0.0108 156 230 227 308
phone 0.0108 219 312 288 380
phone 0.0107 124 280 197 349
phone 0.0107 82 116 116 175
phone 0.0106 319 160 399 303
phone 0.0106 0 154 53 290
phone 0.0106 108 190 183 255
phone 0.0106 359 216 399 290
phone 0.0106 118 361 150 384
phone 0.0105 126 357 142 388
phone 0.0105 251 70 286 128
phone 0.0104 233 207 336 329
phone 0.0104 264 325 281 359
phone 0.0103 67 117 101 174
phone 0.0103 90 314 171 399
phone 0.0103 280 236 380 362
phone 0.0103 237 220 247 233
phone 0.0101 230 170 307 245
phone 0.0101 143 193 179 252
phone 0.0101 358 295 399 366
phone 0.0101 134 357 150 388
phone 0.0100 64 172 165 304
phone 0.0100 0 93 52 228
phone 0.0100 359 187 399 258
phone 0.0100 266 50 333 118
phone 0.0100 144 225 178 282
phone 0.0099 129 366 139 379
phone 0.0098 155 176 197 239
phone 0.0098 158 208 194 267
phone 0.0098 110 220 182 287
phone 0.0097 138 120 215 202
phone 0.0096 137 366 147 379
phone 0.0096 94 159 167 224
phone 0.0096 0 0 39 67
phone 0.0096 165 319 249 373
phone 0.0096 97 131 132 190
phone 0.0095 252 39 285 98
phone 0.0095 358 248 399 320
phone 0.0095 359 138 399 215
phone 0.0095 0 329 41 399
phone 0.0094 282 71 316 128
phone 0.0094 280 345 350 399
phone 0.0093 221 301 255 359
phone 0.0093 304 96 389 225
phone 0.0093 358 30 399 169
phone 0.0093 51 146 86 206
phone 0.0093 211 152 296 232
phone 0.0093 45 148 123 205
phone 0.0093 158 332 194 390
phone 0.0092 64 252 135 316
phone 0.0092 49 241 120 296
phone 0.0092 261 116 338 175
phone 0.0091 242 329 272 355
phone 0.0091 276 69 353 130
phone 0.0091 23 137 84 216
phone 0.0091 190 271 224 328
phone 0.0090 236 317 270 374
phone 0.0090 212 213 294 295
phone 0.0090 268 336 277 348
phone 0.0090 80 283 150 346
phone 0.0090 227 254 310 314
phone 0.0090 124 344 198 399
phone 0.0090 340 129 399 193
phone 0.0090 131 52 192 116
phone 0.0089 82 99 147 162
phone 0.0089 174 348 208 399
phone 0.0089 167 0 237 104
phone 0.0089 250 360 318 399
phone 0.0089 374 100 399 160
phone 0.0089 142 162 180 222
phone 0.0089 49 175 119 239
phone 0.0089 34 177 104 298
phone 0.0089 315 219 399 348
phone 0.0088 91 207 169 269
phone 0.0088 342 359 399 399
phone 0.0088 81 316 149 375
phone 0.0087 109 265 182 334
phone 0.0087 251 316 286 375
phone 0.0087 36 115 70 175
phone 0.0087 206 301 239 359
phone 0.0086 348 66 399 133
phone 0.0086 158 286 194 343
phone 0.0086 152 7 256 148
phone 0.0086 0 176 58 238
phone 0.0086 292 191 369 254
phone 0.0086 267 317 301 374
phone 0.0086 0 0 36 32
phone 0.0086 236 287 270 343
phone 0.0085 128 209 163 266
phone 0.0085 174 287 209 343
phone 0.0085 278 173 352 241
phone 0.0085 276 99 354 161
phone 0.0085 249 325 266 359
phone 0.0084 312 112 380 179
phone 0.0084 249 296 319 364
phone 0.0084 216 177 259 238
phone 0.0084 211 336 242 363
phone 0.0084 251 286 286 343
phone 0.0084 282 333 316 389
phone 0.0084 218 360 289 399
phone 0.0084 183 144 231 209
phone 0.0083 144 287 178 343
phone 0.0083 196 91 227 116
phone 0.0083 190 302 224 358
phone 0.0083 313 357 379 399
phone 0.0083 374 209 399 267
phone 0.0082 0 36 58 176
phone 0.0082 257 267 288 293
phone 0.0082 99 361 162 399
phone 0.0082 94 235 166 303
phone 0.0082 342 281 399 349
phone 0.0082 158 240 194 298
phone 0.0082 36 210 102 265
phone 0.0082 156 146 197 207
phone 0.0081 64 219 135 287
phone 0.0081 143 256 178 312
phone 0.0081 106 300 185 361
phone 0.0081 61 161 138 223
phone 0.0081 341 98 399 162
phone 0.0081 141 81 212 149
phone 0.0080 128 179 162 235
phone 0.0080 68 209 100 267
phone 0.0080 202 87 220 120
phone 0.0080 373 131 399 191
phone 0.0080 95 112 165 179
phone 0.0080 362 0 399 34
phone 0.0080 170 213 244 294
phone 0.0080 2 146 74 206
phone 0.0080 374 317 399 374
phone 0.0080 215 72 292 127
phone 0.0080 38 153 100 230
phone 0.0079 0 117 58 175
phone 0.0079 145 5 210 132
phone 0.0079 374 240 399 298
phone 0.0079 246 222 322 285
phone 0.0079 68 239 100 298
phone 0.0079 171 191 212 254
phone 0.0079 159 362 193 399
phone 0.0079 190 349 224 399
phone 0.0078 113 163 147 220
phone 0.0078 282 102 316 158
phone 0.0078 241 325 258 359
phone 0.0078 166 177 248 269
phone 0.0078 206 51 270 117
phone 0.0078 218 333 235 366
phone 0.0078 0 366 36 399
phone 0.0078 190 354 255 399
phone 0.0078 259 191 340 254
phone 0.0078 307 208 384 268
phone 0.0077 292 285 368 345
phone 0.0077 341 235 399 302
phone 0.0077 83 255 116 313
phone 0.0077 310 81 381 149
phone 0.0077 250 210 287 266
phone 0.0076 70 82 129 148
phone 0.0076 264 263 281 297
phone 0.0076 248 266 320 333
phone 0.0076 147 42 206 96
phone 0.0076 232 343 306 399
phone 0.0076 374 286 399 343
phone 0.0075 0 189 42 256
phone 0.0075 267 348 301 399
phone 0.0075 98 285 131 344
phone 0.0075 308 316 383 375
phone 0.0075 144 317 178 374
phone 0.0075 38 261 100 307
phone 0.0075 298 333 331 389
phone 0.0075 292 239 369 299
phone 0.0075 82 148 116 204
phone 0.0075 0 129 42 193
phone 0.0074 282 40 316 97
phone 0.0074 67 148 101 204
phone 0.0074 5 193 72 252
phone 0.0074 275 132 355 191
phone 0.0074 0 159 43 224
phone 0.0074 173 255 210 313
phone 0.0074 113 194 147 251
phone 0.0073 94 87 167 142
phone 0.0073 144 348 178 399
phone 0.0073 265 235 334 303
phone 0.0073 67 178 101 236
phone 0.0073 252 336 262 348
phone 0.0073 276 206 354 270
phone 0.0073 53 239 84 298
phone 0.0073 313 331 347 390
phone 0.0073 114 347 146 399
phone 0.0073 298 72 331 127
phone 0.0073 374 178 399 236
phone 0.0073 54 274 115 385
phone 0.0072 206 97 216 110
phone 0.0072 0 74 159 381
phone 0.0072 374 70 399 129
phone 0.0072 298 362 331 399
phone 0.0072 129 347 162 399
phone 0.0072 115 61 176 138
phone 0.0072 374 347 399 399
phone 0.0071 53 274 116 325
phone 0.0071 53 307 115 353
phone 0.0071 265 100 303 161
phone 0.0071 236 87 270 143
phone 0.0071 327 158 395 226
phone 0.0071 97 162 132 221
phone 0.0071 192 29 254 77
phone 0.0071 329 116 362 175
phone 0.0070 21 148 54 205
phone 0.0070 63 189 136 256
phone 0.0070 291 146 370 207
phone 0.0070 96 98 126 124
phone 0.0070 130 29 192 77
phone 0.0070 242 168 273 193
phone 0.0070 161 30 222 77
phone 0.0070 216 96 290 165
phone 0.0070 263 283 337 347
phone 0.0070 54 208 84 268
phone 0.0070 174 317 209 374
phone 0.0070 118 357 135 388
phone 0.0070 198 159 246 224
phone 0.0070 144 85 178 145
phone 0.0070 69 300 99 360
phone 0.0070 298 102 331 158
phone 0.0070 301 60 360 139
phone 0.0070 263 141 335 212
phone 0.0069 134 98 165 124
phone 0.0069 249 164 266 196
phone 0.0069 39 243 99 355
phone 0.0069 304 178 387 236
phone 0.0069 69 332 131 399
phone 0.0069 235 256 271 312
phone 0.0069 329 347 362 399
phone 0.0069 233 193 273 252
phone 0.0069 359 86 393 143
phone 0.0069 173 224 210 283
phone 0.0069 141 95 158 127
phone 0.0068 245 336 254 348
phone 0.0068 236 363 270 399
phone 0.0068 251 257 286 311
phone 0.0068 302 40 359 97
phone 0.0068 128 240 163 297
phone 0.0068 159 71 193 128
phone 0.0068 128 271 163 328
phone 0.0068 268 23 301 82
phone 0.0068 201 82 274 148
phone 0.0068 325 266 397 333
phone 0.0068 313 301 347 359
phone 0.0067 113 117 147 174
phone 0.0067 207 24 238 82
phone 0.0067 222 343 231 356
phone 0.0067 177 24 207 82
phone 0.0067 33 207 66 231
phone 0.0067 307 253 384 315
phone 0.0067 146 24 177 82
phone 0.0067 128 102 195 190
phone 0.0067 236 56 270 112
phone 0.0067 243 157 325 226
phone 0.0067 344 147 378 205
phone 0.0067 102 94 120 128
phone 0.0067 280 266 350 333
phone 0.0067 113 225 147 281
phone 0.0066 267 256 301 312
phone 0.0066 332 57 390 111
phone 0.0066 69 269 99 330
phone 0.0066 114 90 177 170
phone 0.0066 313 195 347 250
phone 0.0066 19 172 88 242
phone 0.0066 84 362 115 399
phone 0.0066 42 203 57 234
phone 0.0066 82 224 116 282
phone 0.0066 222 0 286 96
phone 0.0066 54 269 84 329
phone 0.0066 69 29 130 77
phone 0.0066 268 274 277 286
phone 0.0066 361 54 393 113
phone 0.0066 100 29 161 77
phone 0.0066 282 302 316 358
phone 0.0065 221 331 255 390
phone 0.0065 81 171 149 243
phone 0.0065 36 162 70 221
phone 0.0065 84 285 115 345
phone 0.0065 68 0 131 110
phone 0.0065 206 332 239 390
phone 0.0065 298 301 331 359
phone 0.0065 169 101 245 191
phone 0.0065 53 338 115 384
phone 0.0065 98 256 131 312
phone 0.0065 297 179 332 235
phone 0.0065 24 45 83 93
phone 0.0065 113 271 147 328
phone 0.0064 128 302 162 358
phone 0.0064 54 368 115 399
phone 0.0064 282 133 316 189
phone 0.0064 122 366 131 379
phone 0.0064 22 11 85 126
phone 0.0064 8 60 68 108
phone 0.0064 329 55 362 113
phone 0.0064 6 148 39 204
phone 0.0064 18 214 50 238
phone 0.0063 37 332 101 399
phone 0.0063 129 70 162 129
phone 0.0063 230 107 307 185
phone 0.0063 222 24 254 82
phone 0.0063 192 24 223 82
phone 0.0063 39 29 99 77
phone 0.0063 344 117 378 173
phone 0.0063 110 122 181 200
phone 0.0063 0 212 53 263
phone 0.0063 237 213 247 225
phone 0.0063 267 225 301 281
phone 0.0063 328 317 362 374
phone 0.0063 250 178 287 236
phone 0.0063 328 86 363 144
phone 0.0063 282 240 316 297
phone 0.0063 313 100 347 160
phone 0.0063 45 212 54 225
phone 0.0063 203 239 242 298
phone 0.0063 113 86 147 143
phone 0.0063 26 211 42 242
phone 0.0063 54 45 115 93
phone 0.0063 8 29 68 77
phone 0.0063 85 23 115 82
phone 0.0063 228 139 309 214
phone 0.0062 84 44 146 93
phone 0.0062 23 367 84 399
phone 0.0062 69 362 100 399
phone 0.0062 189 240 225 298
phone 0.0062 0 238 27 261
phone 0.0062 363 0 399 109
phone 0.0062 85 71 145 128
phone 0.0062 164 50 220 118
phone 0.0062 100 24 130 82
phone 0.0062 0 147 24 205
phone 0.0062 361 29 399 78
phone 0.0062 115 24 146 82
phone 0.0062 328 210 362 266
phone 0.0062 6 243 16 256
phone 0.0062 53 362 85 399
phone 0.0062 69 331 100 390
phone 0.0062 234 336 265 362
phone 0.0062 97 225 132 281
phone 0.0062 130 24 161 82
phone 0.0062 104 113 134 140
phone 0.0061 220 71 255 128
phone 0.0061 267 286 301 343
phone 0.0061 344 348 378 399
phone 0.0061 113 301 147 359
phone 0.0061 39 39 68 98
phone 0.0061 180 236 211 263
phone 0.0061 177 14 238 62
phone 0.0061 26 97 81 163
phone 0.0061 145 105 154 117
phone 0.0061 6 101 39 159
phone 0.0061 69 23 99 82
phone 0.0061 3 234 19 264
phone 0.0061 54 39 84 98
phone 0.0061 313 240 347 297
phone 0.0061 38 363 69 399
phone 0.0061 23 39 53 98
phone 0.0061 23 337 84 385
phone 0.0061 313 271 347 328
phone 0.0061 271 26 328 81
phone 0.0061 251 348 285 399
phone 0.0061 128 148 163 205
phone 0.0060 0 178 24 236
phone 0.0060 252 174 262 187
phone 0.0060 39 292 99 338
phone 0.0060 249 191 280 216
phone 0.0060 85 14 145 62
phone 0.0060 38 60 99 108
phone 0.0060 6 266 16 279
phone 0.0060 0 261 27 284
phone 0.0060 313 54 347 113
phone 0.0060 6 274 16 287
phone 0.0060 297 133 332 189
phone 0.0060 54 331 84 390
phone 0.0059 265 336 295 363
phone 0.0059 38 27 100 141
phone 0.0059 256 187 273 219
phone 0.0059 84 330 115 391
phone 0.0059 23 207 53 268
phone 0.0059 22 288 85 399
phone 0.0059 161 24 192 82
phone 0.0059 328 148 362 205
phone 0.0059 282 209 316 266
phone 0.0059 52 212 62 225
phone 0.0059 291 351 301 363
phone 0.0059 82 179 116 235
phone 0.0059 7 212 69 325
phone 0.0059 50 204 65 234
phone 0.0059 51 178 86 236
phone 0.0059 21 100 55 159
phone 0.0059 29 220 39 233
phone 0.0059 9 245 67 292
phone 0.0059 205 362 240 399
phone 0.0059 254 14 314 62
phone 0.0059 344 317 378 374
phone 0.0059 344 87 378 143
phone 0.0058 315 23 346 82
phone 0.0058 3 257 19 288
phone 0.0058 24 230 83 277
phone 0.0058 127 213 157 240
phone 0.0058 23 306 84 354
phone 0.0058 216 207 259 269
phone 0.0058 187 233 204 266
phone 0.0058 39 331 69 390
phone 0.0058 178 42 237 96
phone 0.0058 54 300 84 360
phone 0.0058 328 240 362 297
phone 0.0058 39 223 69 283
phone 0.0058 344 255 378 312
phone 0.0058 257 206 288 231
phone 0.0058 196 159 226 186
phone 0.0058 344 178 378 236
phone 0.0058 55 0 114 30
phone 0.0058 110 109 127 143
phone 0.0057 54 14 114 62
phone 0.0057 282 179 316 235
phone 0.0057 8 322 68 369
phone 0.0057 313 148 347 204
phone 0.0057 298 210 332 266
phone 0.0057 377 23 399 83
phone 0.0057 117 41 174 97
phone 0.0057 106 105 116 117
phone 0.0057 119 121 149 147
phone 0.0057 23 239 53 298
phone 0.0057 344 225 378 281
phone 0.0057 330 0 393 95
phone 0.0057 38 0 99 64
phone 0.0057 23 331 53 390
phone 0.0057 196 119 279 204
phone 0.0057 128 101 163 160
phone 0.0057 8 0 68 30
phone 0.0057 6 259 16 271
phone 0.0057 298 239 332 298
phone 0.0057 266 194 301 251
phone 0.0057 0 45 53 92
phone 0.0057 264 203 281 235
phone 0.0057 175 71 239 159
phone 0.0056 23 276 84 323
phone 0.0056 246 124 322 199
phone 0.0056 116 14 176 62
phone 0.0056 22 363 54 399
phone 0.0056 208 14 269 62
phone 0.0056 6 297 16 310
phone 0.0056 8 353 69 399
phone 0.0056 85 0 145 30
phone 0.0056 126 114 157 139
phone 0.0056 0 292 27 314
phone 0.0056 0 8 41 129
phone 0.0056 39 300 69 360
phone 0.0056 0 29 36 78
phone 0.0055 237 9 270 67
phone 0.0055 110 369 142 391
phone 0.0055 6 282 16 294
phone 0.0055 70 0 99 37
phone 0.0055 0 277 27 299
phone 0.0055 328 287 362 343
phone 0.0055 122 374 131 387
phone 0.0055 24 14 83 62
phone 0.0055 54 0 84 37
phone 0.0055 205 70 240 128
phone 0.0055 298 270 332 328
phone 0.0055 155 89 229 172
phone 0.0055 282 270 316 328
phone 0.0055 0 116 24 175
phone 0.0055 346 39 376 97
phone 0.0055 271 332 289 367
phone 0.0055 3 288 19 318
phone 0.0055 271 263 289 297
phone 0.0055 190 54 224 113
phone 0.0054 99 0 161 64
phone 0.0054 85 0 114 37
phone 0.0054 0 0 22 52
phone 0.0054 192 0 253 46
phone 0.0054 22 227 85 340
phone 0.0054 73 128 103 155
phone 0.0054 24 0 53 37
phone 0.0054 39 269 69 329
phone 0.0054 146 14 207 62
phone 0.0054 260 197 270 210
phone 0.0054 328 180 362 234
phone 0.0054 250 101 287 159
phone 0.0054 3 273 19 303
phone 0.0054 6 289 16 302
phone 0.0054 237 228 247 240
phone 0.0054 164 38 196 61
phone 0.0054 142 132 179 190
phone 0.0054 8 39 38 97
phone 0.0054 133 209 151 243
phone 0.0054 179 233 197 266
phone 0.0054 226 137 257 162
phone 0.0054 161 0 222 46
phone 0.0054 6 251 16 263
phone 0.0054 97 194 132 251
phone 0.0054 131 0 191 30
phone 0.0054 101 0 130 37
phone 0.0054 8 291 68 339
phone 0.0053 233 134 250 165
phone 0.0053 39 89 98 141
phone 0.0053 53 8 84 67
phone 0.0053 192 0 223 51
phone 0.0053 39 0 68 37
phone 0.0053 158 101 194 159
phone 0.0053 234 321 265 347
phone 0.0053 207 0 238 51
phone 0.0053 23 70 53 128
phone 0.0053 183 175 231 240
phone 0.0053 178 0 237 30
phone 0.0053 6 235 16 248
phone 0.0053 286 0 344 30
phone 0.0053 41 199 73 223
phone 0.0053 7 258 69 371
phone 0.0053 23 8 54 67
phone 0.0053 202 155 220 190
phone 0.0053 346 45 399 93
phone 0.0052 131 0 161 51
phone 0.0052 125 117 143 151
phone 0.0052 217 239 258 299
phone 0.0052 299 0 361 64
phone 0.0052 100 55 161 113
phone 0.0052 177 0 207 51
phone 0.0052 208 0 268 30
phone 0.0052 23 300 53 359
phone 0.0052 253 9 285 66
phone 0.0052 116 0 145 37
phone 0.0052 161 0 192 51
phone 0.0052 38 8 69 67
phone 0.0052 258 251 287 278
phone 0.0052 146 0 177 51
phone 0.0052 0 89 36 141
phone 0.0052 133 110 150 143
phone 0.0052 316 29 375 77
phone 0.0052 8 89 69 140
phone 0.0052 234 160 265 185
phone 0.0051 211 152 242 177
phone 0.0051 223 0 253 51
phone 0.0051 69 54 99 113
phone 0.0051 69 0 130 46
phone 0.0051 0 39 22 98
phone 0.0051 316 0 375 30
phone 0.0051 54 70 84 128
phone 0.0051 300 24 331 82
phone 0.0051 34 211 50 242
phone 0.0051 196 236 226 263
phone 0.0051 241 157 258 188
phone 0.0051 23 75 84 123
phone 0.0051 172 33 189 65
phone 0.0051 0 76 53 123
phone 0.0051 0 307 53 354
phone 0.0051 185 89 260 171
phone 0.0051 239 0 298 31
phone 0.0051 268 213 277 225
phone 0.0050 57 195 73 227
phone 0.0050 0 136 26 163
phone 0.0050 233 224 273 282
phone 0.0050 245 343 254 356
phone 0.0050 23 270 53 329
phone 0.0050 301 0 330 37
phone 0.0050 269 0 330 64
phone 0.0050 8 316 38 374
