phone 0.9029 99 133 171 278
phone 0.1371 48 111 181 295
phone 0.1286 114 151 168 233
phone 0.0851 98 164 154 251
phone 0.0669 114 182 168 263
phone 0.0565 137 183 168 208
phone 0.0539 144 180 160 211
phone 0.0496 147 190 157 202
phone 0.0485 0 76 114 260
phone 0.0461 147 197 157 209
phone 0.0442 11 140 136 311
phone 0.0419 98 154 211 261
phone 0.0416 109 117 195 240
phone 0.0412 137 199 168 223
phone 0.0394 144 195 160 227
phone 0.0358 147 205 157 217
phone 0.0304 47 72 169 219
phone 0.0300 147 213 157 225
phone 0.0289 18 133 193 381
phone 0.0271 153 46 266 235
phone 0.0241 100 172 181 334
phone 0.0233 105 79 216 208
phone 0.0210 154 3 247 159
phone 0.0206 138 188 244 325
phone 0.0195 47 185 111 260
phone 0.0194 92 77 161 244
phone 0.0191 51 208 156 363
phone 0.0182 56 40 261 301
phone 0.0180 147 182 157 194
phone 0.0175 0 130 65 274
phone 0.0175 72 162 148 222
phone 0.0165 102 141 148 212
phone 0.0161 26 57 102 204
phone 0.0160 28 172 99 242
phone 0.0156 137 213 168 239
phone 0.0152 126 127 255 275
phone 0.0150 144 210 161 243
phone 0.0143 28 202 99 274
phone 0.0137 61 193 97 252
phone 0.0136 132 160 179 224
phone 0.0134 0 178 104 340
phone 0.0132 147 220 157 232
phone 0.0130 197 33 266 184
phone 0.0129 93 162 127 221
phone 0.0128 46 194 81 251
phone 0.0127 88 237 193 362
phone 0.0126 28 140 99 213
phone 0.0125 0 189 67 256
phone 0.0125 108 210 174 297
phone 0.0120 88 35 186 191
phone 0.0119 32 91 96 169
phone 0.0115 144 108 230 244
phone 0.0115 171 234 264 364
phone 0.0114 137 167 167 193
phone 0.0114 155 183 219 262
phone 0.0112 16 125 81 197
phone 0.0111 130 145 212 208
phone 0.0111 106 167 137 193
phone 0.0110 185 126 266 257
phone 0.0109 25 235 125 399
phone 0.0109 156 55 218 113
phone 0.0109 125 195 218 250
phone 0.0108 114 202 198 275
phone 0.0107 113 164 130 197
phone 0.0106 48 209 110 297
phone 0.0106 75 127 145 195
phone 0.0106 43 158 115 226
phone 0.0105 160 213 190 239
phone 0.0105 128 218 216 350
phone 0.0105 144 163 161 197
phone 0.0104 101 255 181 313
phone 0.0104 79 269 172 390
phone 0.0103 16 193 50 252
phone 0.0102 172 61 232 137
phone 0.0100 0 192 55 314
phone 0.0099 153 157 221 227
phone 0.0098 187 50 248 118
phone 0.0098 14 154 83 230
phone 0.0098 135 223 208 283
phone 0.0097 66 248 141 385
phone 0.0096 45 163 81 221
phone 0.0095 46 100 81 160
phone 0.0095 167 210 184 243
phone 0.0094 0 254 69 313
phone 0.0094 147 51 227 178
phone 0.0094 64 0 151 171
phone 0.0094 31 147 65 206
phone 0.0094 133 192 178 253
phone 0.0093 0 220 68 286
phone 0.0093 174 173 262 302
phone 0.0093 41 130 117 192
phone 0.0093 117 174 126 186
phone 0.0093 139 252 236 377
phone 0.0091 11 272 86 327
phone 0.0090 93 132 126 189
phone 0.0090 147 174 157 186
phone 0.0089 205 217 266 304
phone 0.0089 70 194 150 251
phone 0.0088 154 129 220 192
phone 0.0087 182 268 254 331
phone 0.0086 104 301 177 359
phone 0.0086 186 78 249 152
phone 0.0085 31 194 65 251
phone 0.0085 185 69 219 129
phone 0.0085 165 284 239 345
phone 0.0085 169 192 204 253
phone 0.0084 108 105 174 187
phone 0.0084 46 132 81 190
phone 0.0084 154 210 188 265
phone 0.0084 117 241 195 297
phone 0.0084 137 250 206 318
phone 0.0084 171 220 180 233
phone 0.0084 72 222 148 285
phone 0.0083 138 116 205 176
phone 0.0083 200 70 234 129
phone 0.0083 198 191 266 254
phone 0.0083 137 23 207 144
phone 0.0082 28 287 100 342
phone 0.0082 73 301 147 359
phone 0.0082 168 204 236 272
phone 0.0082 32 116 65 175
phone 0.0082 185 221 251 286
phone 0.0082 197 99 266 162
phone 0.0082 170 70 203 129
phone 0.0082 154 100 220 160
phone 0.0081 53 119 136 172
phone 0.0081 0 74 53 211
phone 0.0081 123 240 157 297
phone 0.0081 196 160 266 223
phone 0.0081 95 81 156 149
phone 0.0081 102 201 148 274
phone 0.0081 10 239 87 299
phone 0.0081 201 38 234 98
phone 0.0081 120 130 161 192
phone 0.0081 166 253 238 315
phone 0.0080 1 107 65 154
phone 0.0080 93 226 158 312
phone 0.0080 160 229 190 255
phone 0.0080 0 166 33 279
phone 0.0080 58 235 130 302
phone 0.0080 120 266 192 333
phone 0.0080 197 129 266 193
phone 0.0079 16 162 49 221
phone 0.0079 186 38 219 99
phone 0.0079 76 159 106 186
phone 0.0079 6 218 78 361
phone 0.0079 213 240 266 340
phone 0.0079 0 199 34 246
phone 0.0079 49 59 110 109
phone 0.0078 76 97 144 164
phone 0.0078 48 24 111 143
phone 0.0078 61 223 97 283
phone 0.0077 18 100 49 160
phone 0.0077 16 224 50 282
phone 0.0077 170 162 204 221
phone 0.0077 154 240 188 297
phone 0.0076 57 148 132 204
phone 0.0076 32 270 65 328
phone 0.0076 0 137 49 184
phone 0.0076 0 192 18 252
phone 0.0076 0 40 85 177
phone 0.0076 56 284 133 345
phone 0.0075 160 198 190 224
phone 0.0075 156 214 218 292
phone 0.0075 61 164 97 220
phone 0.0075 64 55 95 113
phone 0.0075 87 285 164 345
phone 0.0075 136 282 208 348
phone 0.0075 46 225 81 282
phone 0.0075 216 85 266 145
phone 0.0075 58 208 131 268
phone 0.0075 139 256 173 312
phone 0.0074 171 38 203 98
phone 0.0074 160 183 190 209
phone 0.0074 48 55 79 113
phone 0.0074 200 271 234 327
phone 0.0074 125 96 187 164
phone 0.0073 35 71 93 128
phone 0.0073 186 107 250 184
phone 0.0073 167 225 184 259
phone 0.0073 17 60 80 108
phone 0.0073 82 155 99 189
phone 0.0073 213 146 266 207
phone 0.0073 124 302 157 359
phone 0.0072 201 224 234 282
phone 0.0072 216 176 266 238
phone 0.0072 123 272 157 327
phone 0.0072 1 223 34 283
phone 0.0071 184 141 252 212
phone 0.0071 171 228 180 240
phone 0.0071 0 259 48 369
phone 0.0071 201 280 265 350
phone 0.0071 93 225 127 281
phone 0.0071 26 251 102 317
phone 0.0071 17 270 49 329
phone 0.0071 61 133 96 189
phone 0.0070 212 116 266 176
phone 0.0070 185 286 219 343
phone 0.0070 2 146 33 206
phone 0.0070 154 301 220 359
phone 0.0070 153 148 189 205
phone 0.0070 0 292 48 338
phone 0.0070 185 209 219 267
phone 0.0070 47 304 112 356
phone 0.0070 48 285 80 344
phone 0.0070 108 301 142 359
phone 0.0069 3 285 33 345
phone 0.0069 216 55 250 113
phone 0.0069 33 54 64 113
phone 0.0069 31 225 65 281
phone 0.0069 93 194 126 251
phone 0.0068 93 301 126 359
phone 0.0068 170 169 235 245
phone 0.0068 228 129 266 254
phone 0.0068 204 41 262 97
phone 0.0068 58 179 131 236
phone 0.0068 185 240 219 297
phone 0.0068 18 87 79 142
phone 0.0068 95 320 156 371
phone 0.0068 71 267 149 332
phone 0.0068 41 267 118 331
phone 0.0067 80 60 140 108
phone 0.0067 167 194 184 228
phone 0.0067 33 45 95 92
phone 0.0067 77 225 111 282
phone 0.0067 3 116 33 175
phone 0.0067 93 102 127 159
phone 0.0067 79 55 110 113
phone 0.0067 235 165 266 219
phone 0.0067 107 115 143 176
phone 0.0067 33 11 95 125
phone 0.0066 186 301 250 359
phone 0.0066 166 179 184 213
phone 0.0066 65 29 125 77
phone 0.0066 2 254 33 314
phone 0.0066 127 68 185 131
phone 0.0066 2 76 64 123
phone 0.0066 32 84 64 145
phone 0.0066 220 304 266 356
phone 0.0066 216 163 250 220
phone 0.0066 0 269 17 329
phone 0.0065 78 301 111 359
phone 0.0065 77 133 111 189
phone 0.0065 216 132 250 189
phone 0.0065 61 102 96 158
phone 0.0065 208 156 266 289
phone 0.0064 0 162 18 221
phone 0.0064 231 102 265 158
phone 0.0064 71 310 135 393
phone 0.0064 249 178 266 236
phone 0.0064 152 264 222 334
phone 0.0064 95 55 126 112
phone 0.0064 62 286 95 343
phone 0.0064 183 236 213 263
phone 0.0064 95 29 155 77
phone 0.0064 129 84 161 107
phone 0.0064 171 236 180 248
phone 0.0063 217 255 249 313
phone 0.0063 124 85 157 144
phone 0.0063 33 290 94 399
phone 0.0063 136 80 153 112
phone 0.0063 3 307 63 353
phone 0.0063 94 0 157 110
phone 0.0063 139 301 172 359
phone 0.0063 18 300 48 360
phone 0.0063 80 23 110 82
phone 0.0063 18 70 48 128
phone 0.0063 136 132 175 190
phone 0.0063 250 322 266 369
phone 0.0063 86 166 96 179
phone 0.0062 0 179 49 235
phone 0.0062 64 23 94 82
phone 0.0062 77 256 111 312
phone 0.0062 216 286 250 344
phone 0.0062 154 286 188 343
phone 0.0062 0 91 48 139
phone 0.0062 34 323 93 368
phone 0.0062 95 23 125 83
phone 0.0062 18 30 79 77
phone 0.0062 139 85 173 144
phone 0.0062 171 212 180 225
phone 0.0062 200 116 235 175
phone 0.0062 0 332 19 399
phone 0.0062 0 367 18 399
phone 0.0062 49 316 79 375
phone 0.0062 248 289 266 399
phone 0.0062 0 230 18 277
phone 0.0062 0 131 18 190
phone 0.0061 185 116 219 175
phone 0.0061 49 23 79 82
phone 0.0061 232 71 265 128
phone 0.0061 152 180 190 235
phone 0.0061 248 85 266 190
phone 0.0061 0 332 3 399
phone 0.0061 0 367 2 399
phone 0.0061 217 208 249 267
phone 0.0061 111 23 141 83
phone 0.0061 66 69 123 130
phone 0.0060 2 45 64 92
phone 0.0060 127 320 185 371
phone 0.0060 264 367 266 399
phone 0.0060 263 332 266 399
phone 0.0060 140 90 149 102
phone 0.0060 86 174 96 186
phone 0.0060 48 332 111 399
phone 0.0060 0 208 2 267
phone 0.0060 2 12 65 125
phone 0.0060 230 65 266 195
phone 0.0060 236 196 266 249
phone 0.0060 114 182 144 209
phone 0.0060 264 316 266 375
phone 0.0059 99 206 129 232
phone 0.0059 151 209 169 243
phone 0.0059 170 286 203 343
phone 0.0059 200 147 234 205
phone 0.0059 64 367 125 399
phone 0.0059 171 205 180 217
phone 0.0059 77 103 111 158
phone 0.0059 34 23 64 82
phone 0.0059 0 322 32 369
phone 0.0059 190 232 207 266
phone 0.0059 201 332 265 399
phone 0.0058 0 0 1 30
phone 0.0058 169 239 204 298
phone 0.0058 3 337 63 385
phone 0.0058 0 0 2 64
phone 0.0058 4 0 204 261
phone 0.0058 0 288 34 399
phone 0.0058 0 306 17 354
phone 0.0058 160 167 190 193
phone 0.0058 76 144 106 171
phone 0.0058 18 39 48 98
phone 0.0058 171 189 180 202
phone 0.0058 250 45 266 93
phone 0.0058 47 256 80 312
phone 0.0058 110 55 141 113
phone 0.0058 185 177 219 237
phone 0.0057 185 147 219 206
phone 0.0057 0 146 2 206
phone 0.0057 265 60 266 108
phone 0.0057 145 205 175 232
phone 0.0057 0 60 48 108
phone 0.0057 247 11 266 126
phone 0.0057 171 197 180 210
phone 0.0057 64 362 95 399
phone 0.0057 0 100 17 159
phone 0.0057 120 179 138 212
phone 0.0057 265 76 266 123
phone 0.0057 123 283 189 399
phone 0.0057 0 337 2 385
phone 0.0057 49 14 109 62
phone 0.0057 145 220 175 248
phone 0.0057 265 337 266 385
phone 0.0057 263 27 266 141
phone 0.0057 145 189 175 217
phone 0.0057 265 45 266 93
phone 0.0057 33 367 95 399
phone 0.0056 265 91 266 139
phone 0.0056 79 362 111 399
phone 0.0056 3 69 33 129
phone 0.0056 80 14 140 62
phone 0.0056 0 177 2 236
phone 0.0056 0 0 17 30
phone 0.0056 248 148 266 205
phone 0.0056 66 338 124 384
phone 0.0056 80 0 140 30
phone 0.0056 265 30 266 77
phone 0.0056 265 106 266 154
phone 0.0056 234 30 266 77
phone 0.0056 80 331 110 391
phone 0.0056 77 194 111 251
phone 0.0056 77 163 111 220
phone 0.0056 265 152 266 200
phone 0.0056 109 332 173 399
phone 0.0056 154 86 188 143
phone 0.0056 231 133 265 189
phone 0.0056 0 239 2 298
phone 0.0056 0 275 2 323
phone 0.0056 18 331 48 390
phone 0.0056 265 137 266 185
phone 0.0056 234 337 266 384
phone 0.0055 108 271 142 327
phone 0.0055 0 116 2 175
phone 0.0055 262 73 266 187
phone 0.0055 0 30 48 77
phone 0.0055 113 179 130 212
phone 0.0055 0 103 3 218
phone 0.0055 64 0 125 64
phone 0.0055 264 39 266 97
phone 0.0055 218 367 266 399
phone 0.0055 231 0 266 111
phone 0.0055 138 226 173 281
phone 0.0055 0 300 2 360
phone 0.0055 187 367 248 399
phone 0.0055 48 363 80 399
phone 0.0055 262 119 266 233
phone 0.0055 0 242 3 356
phone 0.0055 50 0 109 30
phone 0.0055 0 180 3 295
phone 0.0055 0 353 33 399
phone 0.0055 106 238 144 299
phone 0.0055 111 0 170 30
phone 0.0055 110 45 172 93
phone 0.0055 126 23 156 82
phone 0.0055 200 178 234 236
phone 0.0055 249 367 266 399
phone 0.0055 0 0 33 64
phone 0.0054 137 291 168 316
phone 0.0054 111 14 171 62
phone 0.0054 265 0 266 30
phone 0.0054 17 332 81 399
phone 0.0054 105 202 123 236
phone 0.0054 125 0 187 64
phone 0.0054 265 168 266 216
phone 0.0054 96 0 125 37
phone 0.0054 264 0 266 64
phone 0.0054 265 214 266 262
phone 0.0054 142 0 201 30
phone 0.0054 140 321 203 399
phone 0.0053 0 367 48 399
phone 0.0053 80 0 109 37
phone 0.0053 0 29 17 77
phone 0.0053 202 362 234 399
phone 0.0053 111 0 140 37
phone 0.0053 151 178 169 213
phone 0.0053 160 259 190 286
phone 0.0053 33 316 64 375
phone 0.0053 171 332 234 399
phone 0.0053 0 91 2 139
phone 0.0053 95 367 156 399
phone 0.0053 0 69 17 129
phone 0.0053 94 362 126 399
phone 0.0053 250 0 266 30
phone 0.0053 250 291 266 339
phone 0.0053 33 0 95 64
phone 0.0053 263 181 266 294
phone 0.0053 18 273 79 387
phone 0.0053 250 75 266 124
phone 0.0053 0 29 2 77
phone 0.0053 33 363 64 399
phone 0.0053 82 140 100 174
phone 0.0053 206 291 237 316
phone 0.0053 265 230 266 277
phone 0.0053 0 0 18 110
phone 0.0053 127 353 186 399
phone 0.0053 0 0 47 30
phone 0.0053 65 0 94 37
phone 0.0053 0 319 0 399
phone 0.0053 250 214 266 262
phone 0.0053 3 39 33 98
phone 0.0052 92 271 127 327
phone 0.0052 0 57 3 172
phone 0.0052 265 199 266 246
phone 0.0052 126 0 156 37
phone 0.0052 75 0 266 191
phone 0.0052 19 0 78 30
phone 0.0052 187 0 249 64
phone 0.0052 76 174 106 201
phone 0.0052 249 14 266 62
phone 0.0052 156 0 218 64
phone 0.0052 144 287 161 320
phone 0.0052 142 0 171 37
phone 0.0052 141 346 172 399
phone 0.0052 0 60 2 108
phone 0.0052 156 346 187 399
phone 0.0052 265 307 266 354
phone 0.0052 265 183 266 231
phone 0.0052 264 70 266 128
phone 0.0052 249 245 266 292
phone 0.0052 157 353 217 399
phone 0.0052 173 0 232 30
phone 0.0052 166 163 184 197
phone 0.0051 62 255 96 313
phone 0.0051 187 363 218 399
phone 0.0051 264 285 266 344
phone 0.0051 49 0 79 37
phone 0.0051 160 105 190 132
phone 0.0051 168 159 198 186
phone 0.0051 0 11 3 126
phone 0.0051 3 14 63 62
phone 0.0051 157 315 187 376
phone 0.0051 247 180 266 296
phone 0.0051 246 242 266 356
phone 0.0051 157 0 186 37
phone 0.0051 188 28 248 79
phone 0.0051 263 273 266 386
phone 0.0051 110 24 172 143
phone 0.0051 251 103 266 157
phone 0.0051 194 243 203 256
phone 0.0051 213 287 230 320
phone 0.0050 265 260 266 308
phone 0.0050 246 113 266 239
phone 0.0050 95 0 156 46
phone 0.0050 203 0 263 31
phone 0.0050 172 346 202 399
phone 0.0050 64 331 94 391
phone 0.0050 168 175 198 201
phone 0.0050 218 14 266 62
phone 0.0050 109 362 142 399
phone 0.0050 140 54 172 113
phone 0.0050 95 151 266 367
