phone 0.9590 71 78 209 359
phone 0.0966 0 78 158 371
phone 0.0746 54 126 168 324
phone 0.0716 128 118 312 344
phone 0.0686 150 82 300 258
phone 0.0532 70 200 172 368
phone 0.0482 0 116 94 334
phone 0.0363 110 110 243 295
phone 0.0359 156 217 282 358
phone 0.0338 144 189 251 317
phone 0.0313 69 268 189 364
phone 0.0303 79 311 180 386
phone 0.0292 13 99 106 253
phone 0.0247 40 187 141 319
phone 0.0243 116 63 217 228
phone 0.0243 74 190 302 383
phone 0.0234 92 225 211 374
phone 0.0232 35 122 145 261
phone 0.0223 3 223 75 353
phone 0.0217 86 76 186 246
phone 0.0217 23 156 126 289
phone 0.0217 121 260 252 373
phone 0.0216 189 118 270 265
phone 0.0215 38 162 223 399
phone 0.0201 171 152 257 293
phone 0.0196 158 222 238 285
phone 0.0194 181 228 245 309
phone 0.0192 215 61 319 225
phone 0.0187 142 308 237 388
phone 0.0176 201 188 319 333
phone 0.0175 21 54 115 165
phone 0.0173 27 229 115 351
phone 0.0173 0 183 53 332
phone 0.0169 141 55 236 171
phone 0.0166 82 222 160 316
phone 0.0165 0 87 57 190
phone 0.0164 23 152 96 232
phone 0.0162 53 233 127 305
phone 0.0159 138 235 226 303
phone 0.0155 47 93 154 190
phone 0.0151 140 200 225 277
phone 0.0149 65 261 148 399
phone 0.0144 52 202 129 274
phone 0.0142 161 252 235 316
phone 0.0142 207 137 281 216
phone 0.0140 35 189 114 257
phone 0.0139 180 166 247 248
phone 0.0138 194 215 263 291
phone 0.0138 35 223 114 284
phone 0.0137 180 240 215 297
phone 0.0137 140 154 225 230
phone 0.0136 170 94 257 227
phone 0.0134 9 219 80 288
phone 0.0132 158 192 238 254
phone 0.0131 180 138 247 214
phone 0.0130 37 141 113 212
phone 0.0129 224 144 319 270
phone 0.0128 73 233 138 335
phone 0.0128 141 123 224 200
phone 0.0127 208 269 291 371
phone 0.0126 195 238 231 299
phone 0.0125 22 268 128 392
phone 0.0124 49 173 131 241
phone 0.0123 0 28 91 191
phone 0.0122 71 63 142 197
phone 0.0121 180 308 260 392
phone 0.0120 58 260 123 338
phone 0.0119 0 78 17 198
phone 0.0119 80 67 182 161
phone 0.0117 83 172 159 273
phone 0.0116 183 260 244 338
phone 0.0116 175 46 276 180
phone 0.0116 21 236 98 301
phone 0.0116 35 257 115 311
phone 0.0115 72 240 108 298
phone 0.0115 209 361 241 384
phone 0.0114 205 174 283 241
phone 0.0114 0 142 61 271
phone 0.0114 21 314 99 399
phone 0.0113 217 357 233 388
phone 0.0112 0 253 54 376
phone 0.0111 11 166 78 249
phone 0.0111 75 97 136 163
phone 0.0111 19 203 99 273
phone 0.0110 220 366 230 379
phone 0.0109 231 235 319 363
phone 0.0109 0 124 22 258
phone 0.0108 52 131 128 191
phone 0.0107 122 326 213 399
phone 0.0107 61 12 142 146
phone 0.0107 28 106 91 186
phone 0.0107 13 135 76 218
phone 0.0107 0 284 72 399
phone 0.0106 129 102 205 190
phone 0.0105 180 210 216 266
phone 0.0104 0 147 49 206
phone 0.0104 264 186 319 320
phone 0.0103 27 240 61 298
phone 0.0102 57 225 92 281
phone 0.0102 181 100 246 160
phone 0.0101 194 251 264 317
phone 0.0101 60 327 152 399
phone 0.0100 108 256 195 344
phone 0.0099 196 146 230 206
phone 0.0099 104 318 138 374
phone 0.0099 73 270 107 329
phone 0.0098 87 127 155 226
phone 0.0098 200 363 257 399
phone 0.0097 211 239 246 298
phone 0.0097 0 330 1 399
phone 0.0097 195 207 232 269
phone 0.0097 72 209 108 266
phone 0.0096 167 255 319 385
phone 0.0095 180 180 215 235
phone 0.0095 40 162 78 221
phone 0.0095 195 176 231 238
phone 0.0094 121 15 205 144
phone 0.0094 156 149 240 204
phone 0.0094 39 347 111 399
phone 0.0094 162 224 202 282
phone 0.0094 257 95 319 248
phone 0.0093 305 146 319 259
phone 0.0093 236 177 314 237
phone 0.0093 56 194 93 251
phone 0.0092 111 295 192 365
phone 0.0091 58 256 91 312
phone 0.0091 206 207 282 269
phone 0.0091 72 142 139 241
phone 0.0091 8 332 80 389
phone 0.0090 56 163 93 221
phone 0.0090 164 282 232 347
phone 0.0089 72 149 108 204
phone 0.0089 181 344 246 399
phone 0.0089 0 157 15 226
phone 0.0089 301 104 319 240
phone 0.0088 86 360 156 399
phone 0.0088 240 269 310 330
phone 0.0088 28 361 92 399
phone 0.0088 181 271 214 328
phone 0.0087 26 161 62 222
phone 0.0086 0 303 49 358
phone 0.0086 216 161 303 223
phone 0.0086 89 116 122 175
phone 0.0085 147 360 218 399
phone 0.0085 272 221 319 285
phone 0.0085 26 209 61 267
phone 0.0085 197 116 230 175
phone 0.0085 35 318 115 374
phone 0.0084 207 236 281 302
phone 0.0084 12 132 45 190
phone 0.0084 183 293 244 367
phone 0.0084 225 163 262 221
phone 0.0084 0 177 50 238
phone 0.0083 41 116 77 175
phone 0.0083 43 347 75 399
phone 0.0082 72 179 108 235
phone 0.0082 126 281 208 349
phone 0.0082 99 117 174 205
phone 0.0082 105 202 199 305
phone 0.0082 0 270 49 329
phone 0.0082 116 359 187 399
phone 0.0082 209 160 248 223
phone 0.0082 139 272 226 327
phone 0.0082 41 241 77 297
phone 0.0081 0 140 12 274
phone 0.0081 45 99 105 162
phone 0.0081 243 286 276 344
phone 0.0081 88 316 123 375
phone 0.0081 251 5 319 154
phone 0.0081 232 146 317 207
phone 0.0080 27 131 61 190
phone 0.0080 35 287 114 342
phone 0.0079 27 270 61 328
phone 0.0079 0 239 50 299
phone 0.0079 193 283 265 346
phone 0.0079 237 207 313 269
phone 0.0079 0 205 49 270
phone 0.0079 159 117 237 175
phone 0.0079 210 192 247 253
phone 0.0078 255 252 319 316
phone 0.0078 293 242 319 295
phone 0.0078 101 285 140 344
phone 0.0078 137 39 198 190
phone 0.0078 93 89 149 171
phone 0.0077 164 257 200 312
phone 0.0077 201 89 256 171
phone 0.0077 197 85 229 144
phone 0.0077 168 88 228 142
phone 0.0077 238 237 312 300
phone 0.0076 28 332 60 390
phone 0.0076 252 129 319 193
phone 0.0076 0 193 35 252
phone 0.0076 13 91 76 139
phone 0.0075 271 191 319 254
phone 0.0075 212 317 245 374
phone 0.0075 258 271 291 328
phone 0.0075 0 224 30 282
phone 0.0075 181 302 214 359
phone 0.0075 0 285 29 344
phone 0.0074 274 158 319 225
phone 0.0074 0 160 33 224
phone 0.0074 257 179 292 235
phone 0.0074 306 239 319 298
phone 0.0074 237 112 312 179
phone 0.0074 212 100 277 192
phone 0.0074 212 328 277 399
phone 0.0074 284 157 319 287
phone 0.0074 162 163 202 221
phone 0.0074 187 267 217 293
phone 0.0074 19 37 245 250
phone 0.0073 104 348 138 399
phone 0.0073 19 271 100 329
phone 0.0073 212 271 245 328
phone 0.0073 221 223 298 284
phone 0.0072 40 194 78 251
phone 0.0072 180 149 215 204
phone 0.0072 227 194 261 251
phone 0.0072 224 250 295 318
phone 0.0072 99 253 142 315
phone 0.0072 73 118 107 173
phone 0.0072 214 6 296 149
phone 0.0072 29 85 60 144
phone 0.0071 42 317 76 374
phone 0.0071 193 369 226 392
phone 0.0071 162 132 202 190
phone 0.0071 12 316 45 375
phone 0.0071 90 85 122 144
phone 0.0070 137 75 198 124
phone 0.0070 202 365 217 396
phone 0.0070 247 305 302 355
phone 0.0070 0 0 1 98
phone 0.0070 58 302 91 358
phone 0.0070 166 363 199 399
phone 0.0070 0 195 8 330
phone 0.0069 0 99 1 223
phone 0.0069 198 75 259 124
phone 0.0069 181 363 215 399
phone 0.0069 58 333 91 389
phone 0.0069 85 252 126 316
phone 0.0069 217 194 302 251
phone 0.0069 227 225 261 281
phone 0.0068 288 209 319 266
phone 0.0068 0 122 29 170
phone 0.0068 183 71 214 128
phone 0.0068 150 363 184 399
phone 0.0068 94 105 125 132
phone 0.0068 57 292 124 369
phone 0.0068 0 315 29 376
phone 0.0068 229 60 290 108
phone 0.0068 119 363 153 399
phone 0.0068 219 124 299 199
phone 0.0068 165 333 199 389
phone 0.0068 186 306 217 332
phone 0.0068 0 255 29 313
phone 0.0068 187 252 217 278
phone 0.0067 214 347 244 399
phone 0.0067 205 374 214 387
phone 0.0067 152 70 183 128
phone 0.0067 14 85 44 144
phone 0.0067 193 263 211 297
phone 0.0067 0 106 44 154
phone 0.0067 273 179 307 235
phone 0.0067 242 267 308 393
phone 0.0067 187 236 217 263
phone 0.0067 57 133 92 189
phone 0.0066 278 274 319 324
phone 0.0066 260 300 290 360
phone 0.0066 214 70 244 128
phone 0.0066 137 70 167 128
phone 0.0065 244 76 306 123
phone 0.0065 0 76 59 123
phone 0.0065 245 54 275 113
phone 0.0065 135 363 168 399
phone 0.0065 258 209 291 266
phone 0.0065 288 220 319 347
phone 0.0065 227 255 261 313
phone 0.0065 89 363 122 399
phone 0.0065 12 255 45 313
phone 0.0065 292 177 319 237
phone 0.0065 165 85 200 144
phone 0.0065 260 30 319 77
phone 0.0065 196 316 230 375
phone 0.0065 240 213 271 239
phone 0.0065 0 116 13 174
phone 0.0065 87 284 124 346
phone 0.0064 214 45 274 92
phone 0.0064 0 174 3 301
phone 0.0064 0 194 14 251
phone 0.0064 229 54 259 113
phone 0.0064 244 45 306 92
phone 0.0064 106 142 197 243
phone 0.0064 44 85 76 144
phone 0.0063 258 240 291 297
phone 0.0063 193 302 210 335
phone 0.0063 292 148 319 205
phone 0.0063 181 332 215 389
phone 0.0063 0 331 13 391
phone 0.0063 291 367 319 399
phone 0.0063 227 285 261 344
phone 0.0063 84 221 127 285
phone 0.0063 245 353 305 399
phone 0.0063 29 75 91 123
phone 0.0063 27 301 61 359
phone 0.0063 273 240 307 297
phone 0.0063 0 300 13 360
phone 0.0063 229 30 290 77
phone 0.0063 12 224 45 282
phone 0.0063 73 363 107 399
phone 0.0063 209 129 248 193
phone 0.0063 0 91 28 139
phone 0.0063 119 333 153 388
phone 0.0063 262 290 318 339
phone 0.0063 101 102 118 136
phone 0.0062 183 30 244 77
phone 0.0062 133 303 169 358
phone 0.0062 306 367 319 399
phone 0.0062 122 60 182 108
phone 0.0062 197 12 260 125
phone 0.0062 0 58 29 171
phone 0.0062 14 60 75 108
phone 0.0062 275 23 306 82
phone 0.0062 260 70 291 128
phone 0.0062 274 0 319 110
phone 0.0062 305 332 319 399
phone 0.0062 0 368 29 399
phone 0.0062 0 174 1 240
phone 0.0062 247 210 264 243
phone 0.0062 227 100 261 159
phone 0.0061 181 118 215 173
phone 0.0061 259 61 319 108
phone 0.0061 260 39 290 98
phone 0.0061 193 248 211 282
phone 0.0061 12 163 45 220
phone 0.0061 273 209 307 267
phone 0.0061 260 337 319 385
phone 0.0061 105 85 138 144
phone 0.0061 61 89 119 141
phone 0.0061 260 346 290 399
phone 0.0061 76 29 136 77
phone 0.0060 0 333 46 399
phone 0.0060 242 165 276 219
phone 0.0060 167 0 230 110
phone 0.0060 152 29 213 77
phone 0.0060 228 315 260 375
phone 0.0060 0 362 14 399
phone 0.0060 245 23 275 82
phone 0.0060 215 87 273 143
phone 0.0060 59 85 91 144
phone 0.0060 168 45 228 92
phone 0.0060 12 285 45 344
phone 0.0060 137 45 197 93
phone 0.0060 193 232 211 267
phone 0.0060 229 95 290 166
phone 0.0060 214 39 244 98
phone 0.0060 273 149 307 204
phone 0.0060 0 85 13 144
phone 0.0060 45 45 105 93
phone 0.0060 242 255 276 313
phone 0.0060 0 55 0 174
phone 0.0060 106 75 167 124
phone 0.0060 229 23 259 82
phone 0.0060 90 0 153 110
phone 0.0060 291 23 319 82
phone 0.0059 199 23 229 82
phone 0.0059 118 303 154 357
phone 0.0059 275 45 319 92
phone 0.0059 106 29 167 77
phone 0.0059 45 54 75 113
phone 0.0059 73 301 107 359
phone 0.0059 91 45 151 93
phone 0.0059 44 11 106 125
phone 0.0059 276 114 319 177
phone 0.0059 276 285 305 345
phone 0.0059 0 60 44 108
phone 0.0059 29 54 59 113
phone 0.0059 225 132 263 191
phone 0.0059 105 40 168 158
phone 0.0059 0 9 0 128
phone 0.0059 257 149 292 203
phone 0.0059 0 18 20 132
phone 0.0059 93 102 111 136
phone 0.0059 29 29 90 77
phone 0.0059 275 54 306 113
phone 0.0059 232 320 287 371
phone 0.0058 150 317 184 374
phone 0.0058 242 225 276 281
phone 0.0058 13 11 76 125
phone 0.0058 0 27 45 141
phone 0.0058 0 224 1 344
phone 0.0058 306 23 319 82
phone 0.0058 197 274 207 286
phone 0.0058 183 23 213 82
phone 0.0058 275 331 306 390
phone 0.0058 0 270 1 390
phone 0.0058 0 45 59 93
phone 0.0058 153 0 212 30
phone 0.0058 91 23 121 82
phone 0.0058 274 304 319 399
phone 0.0057 165 303 199 358
phone 0.0057 76 23 105 82
phone 0.0057 168 39 198 98
phone 0.0057 0 29 28 77
phone 0.0057 0 0 12 30
phone 0.0057 87 136 117 162
phone 0.0057 106 23 136 82
phone 0.0057 187 282 217 309
phone 0.0057 306 132 319 190
phone 0.0057 257 118 292 173
phone 0.0057 153 39 182 98
phone 0.0057 0 146 11 207
phone 0.0057 59 0 122 95
phone 0.0057 120 0 184 95
phone 0.0057 0 0 13 64
phone 0.0057 30 0 89 30
phone 0.0057 137 0 198 64
phone 0.0057 0 0 29 110
phone 0.0057 121 70 152 128
phone 0.0057 60 39 90 98
phone 0.0057 202 129 232 155
phone 0.0057 0 45 13 92
phone 0.0057 184 0 243 30
phone 0.0057 244 50 307 179
phone 0.0057 122 23 152 82
phone 0.0056 0 192 0 253
phone 0.0056 122 0 182 30
phone 0.0056 137 39 167 98
phone 0.0056 71 306 102 331
phone 0.0056 44 0 106 64
phone 0.0056 0 192 0 314
phone 0.0056 149 287 185 343
phone 0.0056 276 14 319 62
phone 0.0056 0 268 6 376
phone 0.0056 61 0 120 30
phone 0.0056 42 272 76 327
phone 0.0056 197 312 207 325
phone 0.0056 45 23 75 82
phone 0.0056 291 331 319 390
phone 0.0055 245 14 305 62
phone 0.0055 168 0 197 37
phone 0.0055 184 0 213 37
phone 0.0055 214 14 274 62
phone 0.0055 314 181 319 284
phone 0.0055 245 316 275 375
phone 0.0055 73 333 107 389
phone 0.0055 86 146 125 207
phone 0.0055 13 0 75 64
phone 0.0055 92 0 151 30
phone 0.0055 152 60 213 108
phone 0.0055 13 362 45 399
phone 0.0055 14 39 44 98
phone 0.0055 134 333 169 389
phone 0.0055 153 0 182 37
phone 0.0055 230 367 290 399
phone 0.0055 106 0 167 64
phone 0.0055 29 23 59 82
phone 0.0055 215 0 274 30
phone 0.0055 275 363 306 399
phone 0.0055 75 0 136 64
phone 0.0055 0 97 29 224
phone 0.0055 146 116 188 176
phone 0.0054 0 0 58 30
phone 0.0054 289 27 319 141
phone 0.0054 198 0 260 64
phone 0.0054 45 0 74 37
phone 0.0054 229 0 290 64
phone 0.0054 61 0 90 37
phone 0.0054 78 303 95 335
phone 0.0054 91 14 151 62
phone 0.0054 0 174 17 300
phone 0.0054 199 0 228 37
phone 0.0054 168 14 228 62
phone 0.0054 138 0 167 37
phone 0.0054 245 0 305 30
phone 0.0054 251 220 260 233
phone 0.0054 75 70 106 128
phone 0.0054 212 374 222 387
phone 0.0054 60 60 121 108
phone 0.0054 210 365 225 395
phone 0.0053 105 113 114 125
phone 0.0053 30 0 59 37
phone 0.0053 76 0 105 37
phone 0.0053 306 54 319 113
phone 0.0053 120 85 183 176
phone 0.0053 244 363 276 399
phone 0.0053 122 0 151 37
phone 0.0053 216 353 249 376
phone 0.0053 210 136 240 163
phone 0.0053 91 0 121 37
phone 0.0053 194 364 210 396
phone 0.0053 0 0 44 64
phone 0.0053 107 0 136 37
phone 0.0053 197 259 207 271
phone 0.0053 93 132 111 166
phone 0.0053 214 0 244 37
phone 0.0053 306 269 319 329
phone 0.0053 193 279 211 313
phone 0.0052 291 307 319 354
phone 0.0052 75 75 136 124
phone 0.0052 230 0 259 37
phone 0.0052 225 349 240 380
phone 0.0052 245 0 274 37
phone 0.0052 276 0 319 30
phone 0.0052 14 0 44 37
phone 0.0052 0 276 14 323
phone 0.0052 242 195 276 250
phone 0.0052 307 0 319 30
phone 0.0052 78 298 110 324
phone 0.0052 259 8 291 67
phone 0.0052 208 125 226 159
phone 0.0052 86 295 103 327
phone 0.0052 197 266 207 279
phone 0.0052 84 191 127 254
phone 0.0052 197 243 207 256
phone 0.0051 183 60 244 108
phone 0.0051 261 0 290 37
phone 0.0051 302 33 319 184
phone 0.0051 0 0 28 37
phone 0.0051 100 145 142 207
phone 0.0051 213 8 245 67
phone 0.0051 60 8 91 67
phone 0.0051 92 1 319 215
phone 0.0051 136 8 168 67
phone 0.0051 152 8 183 67
phone 0.0051 291 0 319 46
phone 0.0051 167 8 198 67
phone 0.0051 0 228 14 339
phone 0.0051 225 136 255 163
phone 0.0051 274 32 319 185
phone 0.0051 182 26 245 141
phone 0.0051 306 301 319 359
phone 0.0050 275 0 306 51
phone 0.0050 228 358 237 371
phone 0.0050 216 133 234 166
phone 0.0050 97 113 107 125
phone 0.0050 106 54 136 113
