phone 0.8670 87 143 182 334
phone 0.1243 103 189 178 288
phone 0.0422 71 130 156 287
phone 0.0399 117 186 165 259
phone 0.0343 50 89 218 322
phone 0.0319 72 215 154 351
phone 0.0294 107 133 203 281
phone 0.0269 92 162 159 253
phone 0.0203 118 219 163 288
phone 0.0184 0 193 98 331
phone 0.0173 104 205 207 332
phone 0.0170 181 134 266 266
phone 0.0168 26 135 116 268
phone 0.0158 104 204 147 272
phone 0.0153 150 103 249 237
phone 0.0145 61 69 148 210
phone 0.0141 105 175 145 239
phone 0.0139 90 230 161 307
phone 0.0139 151 218 236 358
phone 0.0135 117 234 194 304
phone 0.0134 133 190 178 255
phone 0.0132 110 143 171 241
phone 0.0126 82 153 138 231
phone 0.0124 185 202 265 318
phone 0.0120 35 223 108 348
phone 0.0119 135 177 239 298
phone 0.0119 96 249 168 380
phone 0.0118 17 201 80 275
phone 0.0117 79 181 141 264
phone 0.0113 0 121 91 281
phone 0.0111 87 322 164 399
phone 0.0109 14 252 83 316
phone 0.0106 93 73 178 210
phone 0.0106 51 191 139 315
phone 0.0106 63 165 126 219
phone 0.0104 126 73 208 209
phone 0.0104 50 251 139 378
phone 0.0104 123 105 190 247
phone 0.0103 107 268 205 392
phone 0.0103 135 223 176 284
phone 0.0101 31 208 65 267
phone 0.0100 83 183 114 208
phone 0.0097 79 162 110 221
phone 0.0097 134 255 209 313
phone 0.0096 92 176 127 238
phone 0.0096 101 252 180 316
phone 0.0096 152 175 183 201
phone 0.0094 154 163 220 221
phone 0.0092 29 269 99 329
phone 0.0092 107 238 143 299
phone 0.0092 90 179 107 212
phone 0.0091 94 360 157 399
phone 0.0091 32 255 65 313
phone 0.0090 121 322 192 399
phone 0.0089 28 237 100 301
phone 0.0088 25 58 120 219
phone 0.0088 159 171 176 205
phone 0.0087 71 282 150 399
phone 0.0085 150 239 224 298
phone 0.0085 46 288 113 342
phone 0.0084 90 282 161 347
phone 0.0084 127 145 185 208
phone 0.0083 30 131 188 399
phone 0.0083 104 315 178 376
phone 0.0083 60 223 130 284
phone 0.0082 62 192 128 253
phone 0.0082 59 253 130 315
phone 0.0082 108 346 173 399
phone 0.0082 2 175 66 300
phone 0.0081 152 283 222 347
phone 0.0081 94 189 103 202
phone 0.0081 0 239 68 298
phone 0.0081 92 207 127 268
phone 0.0081 119 268 194 331
phone 0.0080 154 256 188 312
phone 0.0080 124 194 219 251
phone 0.0080 97 145 153 208
phone 0.0080 175 146 230 207
phone 0.0080 188 187 248 257
phone 0.0080 110 136 171 186
phone 0.0080 147 210 227 266
phone 0.0079 137 298 206 362
phone 0.0078 83 252 113 278
phone 0.0078 188 235 248 302
phone 0.0078 60 213 90 240
phone 0.0076 120 161 161 223
phone 0.0076 125 132 156 189
phone 0.0076 139 256 173 312
phone 0.0076 163 182 172 194
phone 0.0075 127 360 185 399
phone 0.0075 127 226 216 281
phone 0.0075 170 256 203 312
phone 0.0074 173 191 231 284
phone 0.0074 123 256 157 312
phone 0.0074 0 214 50 262
phone 0.0074 63 285 95 344
phone 0.0074 201 224 234 283
phone 0.0073 6 45 37 69
phone 0.0073 78 256 111 312
phone 0.0073 172 246 233 322
phone 0.0072 78 225 111 282
phone 0.0072 46 255 80 313
phone 0.0072 17 223 49 283
phone 0.0072 67 209 84 243
phone 0.0072 65 328 125 399
phone 0.0072 13 42 30 73
phone 0.0071 90 248 107 282
phone 0.0071 170 301 203 359
phone 0.0071 92 238 127 299
phone 0.0070 170 225 203 281
phone 0.0070 79 348 141 399
phone 0.0070 108 332 142 390
phone 0.0070 2 168 64 215
phone 0.0070 141 136 202 186
phone 0.0070 49 305 110 399
phone 0.0069 155 317 188 374
phone 0.0069 124 332 157 389
phone 0.0069 78 286 111 343
phone 0.0069 170 178 203 236
phone 0.0069 63 115 127 237
phone 0.0069 108 286 142 344
phone 0.0069 141 132 172 189
phone 0.0069 17 51 26 63
phone 0.0068 136 162 175 221
phone 0.0068 139 332 173 390
phone 0.0068 187 131 218 190
phone 0.0068 94 182 103 194
phone 0.0068 3 195 64 249
phone 0.0068 190 162 245 221
phone 0.0067 64 331 95 390
phone 0.0067 168 282 198 309
phone 0.0067 3 193 33 252
phone 0.0067 0 244 49 354
phone 0.0067 204 153 262 200
phone 0.0067 33 189 95 256
phone 0.0067 122 175 152 201
phone 0.0067 17 254 49 314
phone 0.0067 18 162 48 221
phone 0.0066 46 225 81 281
phone 0.0066 154 286 188 343
phone 0.0066 250 0 266 30
phone 0.0066 41 266 102 373
phone 0.0066 17 192 49 252
phone 0.0066 156 132 187 189
phone 0.0066 0 276 49 322
phone 0.0066 79 362 111 399
phone 0.0066 17 153 80 200
phone 0.0065 49 284 79 345
phone 0.0065 0 183 49 231
phone 0.0065 0 0 1 30
phone 0.0065 3 269 33 329
phone 0.0065 123 302 157 358
phone 0.0065 218 147 249 205
phone 0.0065 0 0 2 64
phone 0.0064 0 0 17 30
phone 0.0064 61 302 129 358
phone 0.0064 139 302 173 358
phone 0.0064 44 209 115 267
phone 0.0064 79 331 110 391
phone 0.0064 110 132 141 189
phone 0.0064 0 150 49 264
phone 0.0064 2 223 33 283
phone 0.0064 265 0 266 37
phone 0.0063 233 0 266 64
phone 0.0063 187 107 248 154
phone 0.0063 185 270 219 328
phone 0.0063 79 259 141 340
phone 0.0063 3 367 64 399
phone 0.0062 263 332 266 399
phone 0.0062 174 279 192 312
phone 0.0062 264 0 266 64
phone 0.0062 264 367 266 399
phone 0.0062 172 91 233 139
phone 0.0062 17 104 80 218
phone 0.0062 94 259 103 271
phone 0.0062 17 332 81 399
phone 0.0062 94 316 126 375
phone 0.0062 187 73 249 187
phone 0.0062 137 175 167 201
phone 0.0062 95 106 155 154
phone 0.0062 3 337 63 385
phone 0.0062 79 136 141 186
phone 0.0062 33 147 64 205
phone 0.0062 128 171 146 205
phone 0.0062 203 122 263 169
phone 0.0062 171 58 234 171
phone 0.0062 120 171 138 205
phone 0.0062 201 177 234 236
phone 0.0061 3 292 63 338
phone 0.0061 71 220 80 232
phone 0.0061 143 349 200 399
phone 0.0061 202 88 264 202
phone 0.0061 3 137 63 185
phone 0.0061 17 363 49 399
phone 0.0061 0 0 33 64
phone 0.0061 49 367 110 399
phone 0.0061 18 285 48 345
phone 0.0061 33 363 64 399
phone 0.0060 0 332 34 399
phone 0.0060 47 177 81 236
phone 0.0060 219 183 266 231
phone 0.0060 151 171 169 205
phone 0.0060 141 91 202 139
phone 0.0060 0 367 17 399
phone 0.0060 18 122 79 169
phone 0.0060 203 100 233 159
phone 0.0060 63 162 95 221
phone 0.0060 0 332 3 399
phone 0.0060 0 367 2 399
phone 0.0059 49 152 110 201
phone 0.0059 95 131 126 190
phone 0.0059 188 85 217 144
phone 0.0059 3 162 33 221
phone 0.0059 18 331 48 390
phone 0.0059 201 254 234 314
phone 0.0059 65 106 125 154
phone 0.0059 218 137 266 185
phone 0.0059 111 100 140 159
phone 0.0059 80 91 140 139
phone 0.0059 157 76 217 123
phone 0.0059 218 116 248 175
phone 0.0059 172 122 233 169
phone 0.0059 34 106 94 154
phone 0.0059 34 338 94 384
phone 0.0059 0 153 48 200
phone 0.0058 48 362 80 399
phone 0.0058 217 194 249 251
phone 0.0058 32 177 65 237
phone 0.0058 63 362 95 399
phone 0.0058 219 0 266 30
phone 0.0058 111 91 171 139
phone 0.0058 18 131 48 190
phone 0.0058 157 107 217 154
phone 0.0058 204 242 262 295
phone 0.0058 156 42 218 156
phone 0.0058 217 119 266 233
phone 0.0058 172 85 202 144
phone 0.0058 0 208 18 267
phone 0.0058 18 275 79 385
phone 0.0058 0 322 48 369
phone 0.0058 95 100 125 159
phone 0.0058 49 91 109 139
phone 0.0058 126 106 186 154
phone 0.0058 33 331 64 390
phone 0.0058 203 91 263 139
phone 0.0057 2 88 65 202
phone 0.0057 0 239 18 298
phone 0.0057 203 209 263 266
phone 0.0057 209 169 266 289
phone 0.0057 188 76 248 123
phone 0.0057 157 85 187 144
phone 0.0057 248 332 266 399
phone 0.0057 49 331 79 390
phone 0.0057 0 288 49 399
phone 0.0057 126 100 156 159
phone 0.0057 18 91 79 139
phone 0.0057 233 162 264 221
phone 0.0057 34 116 64 175
phone 0.0057 34 166 93 218
phone 0.0057 91 175 121 201
phone 0.0057 33 300 64 360
phone 0.0057 143 171 161 205
phone 0.0057 19 307 78 353
phone 0.0057 0 306 32 354
phone 0.0057 95 76 156 123
phone 0.0056 154 226 188 280
phone 0.0056 65 76 125 123
phone 0.0056 206 315 237 338
phone 0.0056 17 57 80 172
phone 0.0056 126 76 186 123
phone 0.0056 188 137 248 185
phone 0.0056 141 60 202 108
phone 0.0056 94 42 157 156
phone 0.0056 0 337 17 385
phone 0.0056 80 85 110 144
phone 0.0056 0 58 165 341
phone 0.0056 141 85 171 144
phone 0.0056 63 42 126 156
phone 0.0056 125 42 188 156
phone 0.0056 49 100 79 159
phone 0.0056 65 100 94 159
phone 0.0055 172 60 232 108
phone 0.0055 3 106 63 154
phone 0.0055 140 27 203 141
phone 0.0055 0 337 2 385
phone 0.0055 218 106 266 154
phone 0.0055 0 276 17 323
phone 0.0055 126 45 186 93
phone 0.0055 174 318 230 373
phone 0.0055 97 179 115 213
phone 0.0055 3 76 63 123
phone 0.0055 95 45 156 93
phone 0.0055 0 177 17 236
phone 0.0055 165 264 240 395
phone 0.0055 0 260 2 308
phone 0.0055 0 122 48 170
phone 0.0055 49 60 109 108
phone 0.0055 184 206 220 269
phone 0.0055 64 132 95 190
phone 0.0055 80 60 140 108
phone 0.0055 218 85 248 144
phone 0.0054 234 199 266 247
phone 0.0054 68 298 98 324
phone 0.0054 49 147 79 205
phone 0.0054 49 122 110 169
phone 0.0054 203 70 233 129
phone 0.0054 234 116 264 175
phone 0.0054 0 300 17 360
phone 0.0054 157 45 217 93
phone 0.0054 44 177 76 199
phone 0.0054 2 42 65 156
phone 0.0054 111 60 171 108
phone 0.0054 34 76 94 123
phone 0.0054 218 254 248 313
phone 0.0054 34 85 64 144
phone 0.0054 80 29 140 77
phone 0.0054 0 227 3 341
phone 0.0054 213 311 230 342
phone 0.0054 234 245 266 293
phone 0.0054 183 233 253 366
phone 0.0054 79 26 141 141
phone 0.0054 0 229 2 277
phone 0.0054 48 26 111 141
phone 0.0054 178 289 188 302
phone 0.0054 141 29 202 77
phone 0.0054 0 0 48 30
phone 0.0054 0 291 2 339
phone 0.0054 98 7 130 31
phone 0.0054 111 30 171 77
phone 0.0054 55 182 65 194
phone 0.0054 125 0 188 110
phone 0.0054 111 70 140 129
phone 0.0054 203 131 233 190
phone 0.0054 126 70 156 129
phone 0.0054 3 131 33 190
phone 0.0054 93 269 127 329
phone 0.0054 109 26 172 141
phone 0.0054 33 42 95 156
phone 0.0053 233 367 266 399
phone 0.0053 234 337 266 385
phone 0.0053 105 4 122 33
phone 0.0053 172 54 202 113
phone 0.0053 95 70 125 129
phone 0.0053 232 211 266 325
phone 0.0053 34 45 94 93
phone 0.0053 186 26 249 141
phone 0.0053 74 295 92 327
phone 0.0053 94 0 157 110
phone 0.0053 106 338 137 361
phone 0.0053 65 70 94 129
phone 0.0053 217 320 226 333
phone 0.0053 157 54 187 113
phone 0.0053 50 0 109 30
phone 0.0053 124 182 134 194
phone 0.0053 132 182 142 194
phone 0.0053 171 11 234 126
phone 0.0053 265 337 266 385
phone 0.0053 172 132 203 190
phone 0.0053 33 137 94 185
phone 0.0053 52 173 68 203
phone 0.0053 219 322 266 369
phone 0.0053 18 60 79 108
phone 0.0053 202 42 265 156
phone 0.0053 0 273 3 387
phone 0.0053 153 196 189 249
phone 0.0053 0 119 34 233
phone 0.0053 188 45 248 93
phone 0.0053 188 54 217 113
phone 0.0053 249 183 266 231
phone 0.0052 172 29 232 77
phone 0.0052 65 45 125 93
phone 0.0052 18 100 48 159
phone 0.0052 265 245 266 293
phone 0.0052 249 214 266 262
phone 0.0052 0 180 3 295
phone 0.0052 17 11 80 125
phone 0.0052 0 60 48 108
phone 0.0052 18 29 79 77
phone 0.0052 217 288 266 399
phone 0.0052 63 0 126 110
phone 0.0052 141 39 171 98
phone 0.0052 113 334 130 365
phone 0.0052 18 70 48 129
phone 0.0052 111 39 141 98
phone 0.0052 0 29 48 77
phone 0.0052 0 199 2 247
phone 0.0052 265 214 266 262
phone 0.0052 248 150 266 264
phone 0.0052 0 91 48 139
phone 0.0052 157 0 217 30
phone 0.0052 3 45 63 93
phone 0.0052 190 286 246 343
phone 0.0052 265 276 266 323
phone 0.0052 49 29 109 77
phone 0.0052 263 211 266 325
phone 0.0052 249 239 266 298
phone 0.0052 249 146 266 206
phone 0.0052 62 256 96 312
phone 0.0051 95 23 125 82
phone 0.0051 155 182 165 194
phone 0.0051 49 70 79 129
phone 0.0051 201 331 265 399
phone 0.0051 0 0 49 110
phone 0.0051 157 23 187 82
phone 0.0051 126 39 156 98
phone 0.0051 62 226 96 281
phone 0.0051 234 306 266 354
phone 0.0051 97 248 115 282
phone 0.0051 265 306 266 354
phone 0.0051 90 153 122 176
phone 0.0051 80 54 110 113
phone 0.0051 265 183 266 231
phone 0.0051 263 165 266 279
phone 0.0051 203 60 263 108
phone 0.0051 109 12 118 25
phone 0.0051 217 328 226 341
phone 0.0051 265 29 266 77
phone 0.0051 188 0 247 30
phone 0.0051 117 343 126 356
phone 0.0051 171 0 233 64
phone 0.0051 155 326 220 399
phone 0.0051 263 257 266 372
phone 0.0051 263 0 266 95
phone 0.0051 65 0 94 37
phone 0.0051 0 146 17 205
phone 0.0050 249 276 266 323
phone 0.0050 184 176 220 238
phone 0.0050 248 273 266 387
phone 0.0050 172 23 202 82
phone 0.0050 49 39 79 98
phone 0.0050 3 100 33 159
phone 0.0050 140 0 202 64
phone 0.0050 265 152 266 200
phone 0.0050 80 23 110 82
phone 0.0050 34 39 64 98
phone 0.0050 65 39 94 98
phone 0.0050 0 168 2 216
phone 0.0050 217 224 249 282
