phone 0.8295 65 65 202 251
phone 0.0361 47 104 142 249
phone 0.0343 53 52 168 186
phone 0.0293 29 13 235 214
phone 0.0287 172 104 266 234
phone 0.0235 93 32 188 198
phone 0.0229 116 93 225 229
phone 0.0225 29 62 130 222
phone 0.0223 111 165 208 280
phone 0.0211 4 126 79 265
phone 0.0196 56 174 133 241
phone 0.0184 25 148 133 265
phone 0.0178 122 45 220 184
phone 0.0177 0 61 88 216
phone 0.0173 30 97 97 163
phone 0.0171 46 104 112 187
phone 0.0166 68 133 151 220
phone 0.0162 130 124 249 267
phone 0.0159 179 43 266 173
phone 0.0155 40 156 118 227
phone 0.0150 69 168 146 274
phone 0.0143 47 101 80 159
phone 0.0136 156 9 240 147
phone 0.0132 167 81 238 210
phone 0.0131 77 178 112 236
phone 0.0130 74 16 146 183
phone 0.0129 26 130 102 193
phone 0.0129 157 86 217 144
phone 0.0127 173 116 232 176
phone 0.0126 140 174 234 301
phone 0.0124 46 78 112 151
phone 0.0123 85 151 165 233
phone 0.0120 183 180 265 279
phone 0.0117 39 162 106 286
phone 0.0117 118 72 193 158
phone 0.0113 145 131 228 192
phone 0.0112 109 54 172 145
phone 0.0112 60 116 98 175
phone 0.0111 26 176 101 238
phone 0.0111 38 206 121 330
phone 0.0110 32 16 117 142
phone 0.0108 0 35 58 186
phone 0.0107 92 179 127 236
phone 0.0104 132 153 211 231
phone 0.0104 14 113 83 179
phone 0.0104 46 133 80 189
phone 0.0102 93 191 189 315
phone 0.0101 209 77 266 200
phone 0.0100 101 173 180 242
phone 0.0100 61 163 97 221
phone 0.0099 14 194 84 251
phone 0.0099 15 157 82 226
phone 0.0098 140 70 203 129
phone 0.0098 62 85 96 144
phone 0.0097 150 208 223 268
phone 0.0097 39 192 119 253
phone 0.0095 16 179 82 296
phone 0.0094 185 131 219 191
phone 0.0093 46 164 80 220
phone 0.0092 165 177 239 238
phone 0.0092 29 225 99 281
phone 0.0091 0 43 162 288
phone 0.0090 0 7 91 148
phone 0.0090 91 185 160 260
phone 0.0090 44 240 114 297
phone 0.0089 131 93 212 168
phone 0.0089 60 83 129 178
phone 0.0089 74 145 115 208
phone 0.0086 31 117 65 174
phone 0.0085 189 143 246 210
phone 0.0085 33 193 64 252
phone 0.0085 128 56 185 113
phone 0.0084 131 191 211 254
phone 0.0084 0 143 66 210
phone 0.0084 170 224 203 282
phone 0.0083 80 58 140 141
phone 0.0082 104 205 178 271
phone 0.0082 133 224 210 283
phone 0.0082 57 207 133 269
phone 0.0082 169 101 204 160
phone 0.0082 169 134 204 188
phone 0.0081 31 162 65 221
phone 0.0080 107 178 143 236
phone 0.0079 106 238 176 299
phone 0.0079 48 224 80 282
phone 0.0078 0 103 57 233
phone 0.0078 187 100 218 159
phone 0.0078 1 181 66 233
phone 0.0078 185 179 219 235
phone 0.0077 62 194 96 251
phone 0.0077 74 238 146 299
phone 0.0076 0 153 33 199
phone 0.0075 17 162 49 221
phone 0.0074 33 223 64 284
phone 0.0073 130 205 213 331
phone 0.0073 0 146 18 206
phone 0.0072 197 223 230 245
phone 0.0072 206 219 221 249
phone 0.0072 169 195 204 250
phone 0.0071 209 228 219 241
phone 0.0071 123 194 157 251
phone 0.0071 16 131 50 190
phone 0.0070 202 131 234 190
phone 0.0070 77 69 112 129
phone 0.0070 110 44 171 93
phone 0.0069 121 69 160 130
phone 0.0069 0 136 34 247
phone 0.0069 19 86 78 143
phone 0.0068 18 245 79 292
phone 0.0068 3 198 64 308
phone 0.0068 169 165 204 219
phone 0.0068 18 192 48 253
phone 0.0068 64 257 126 310
phone 0.0068 77 209 111 266
phone 0.0068 139 195 173 250
phone 0.0067 125 40 156 97
phone 0.0067 124 240 157 297
phone 0.0067 153 179 189 235
phone 0.0067 2 230 64 276
phone 0.0067 93 209 126 266
phone 0.0067 94 9 157 127
phone 0.0066 0 167 49 277
phone 0.0066 210 144 266 253
phone 0.0066 89 219 162 287
phone 0.0066 154 225 188 281
phone 0.0066 139 240 172 297
phone 0.0066 190 192 245 252
phone 0.0066 18 229 79 339
phone 0.0065 18 223 48 283
phone 0.0065 65 29 125 77
phone 0.0065 0 200 48 245
phone 0.0065 110 39 141 97
phone 0.0065 201 177 234 237
phone 0.0065 188 106 247 154
phone 0.0065 0 122 34 169
phone 0.0065 136 85 176 144
phone 0.0065 64 0 126 110
phone 0.0064 93 240 126 297
phone 0.0064 0 88 33 202
phone 0.0064 34 29 94 77
phone 0.0064 2 193 33 252
phone 0.0064 44 196 60 227
phone 0.0064 35 72 93 127
phone 0.0063 91 69 128 129
phone 0.0063 33 254 64 314
phone 0.0063 36 199 68 223
phone 0.0063 87 130 132 192
phone 0.0063 3 29 63 77
phone 0.0062 64 253 94 314
phone 0.0062 124 9 189 128
phone 0.0062 73 115 115 177
phone 0.0062 17 0 80 95
phone 0.0062 203 245 263 292
phone 0.0062 203 101 233 159
phone 0.0062 80 23 110 82
phone 0.0062 151 147 191 206
phone 0.0062 140 0 203 95
phone 0.0062 127 259 185 309
phone 0.0062 159 260 191 285
phone 0.0062 95 23 125 82
phone 0.0062 65 23 94 83
phone 0.0062 72 191 136 320
phone 0.0062 0 116 18 175
phone 0.0061 95 29 156 77
phone 0.0061 202 212 265 325
phone 0.0061 33 367 94 399
phone 0.0061 157 29 217 77
phone 0.0061 171 0 234 95
phone 0.0061 173 76 232 124
phone 0.0061 115 30 266 248
phone 0.0061 0 0 49 110
phone 0.0061 49 23 79 83
phone 0.0061 0 45 48 92
phone 0.0061 264 367 266 399
phone 0.0061 0 332 50 399
phone 0.0061 263 332 266 399
phone 0.0061 188 260 247 308
phone 0.0061 3 367 64 399
phone 0.0060 17 332 81 399
phone 0.0060 167 257 183 288
phone 0.0060 0 245 48 292
phone 0.0060 140 332 204 399
phone 0.0060 141 39 172 97
phone 0.0060 79 44 141 93
phone 0.0060 156 367 218 399
phone 0.0060 0 332 19 399
phone 0.0060 34 23 64 83
phone 0.0060 0 60 32 108
phone 0.0060 79 254 110 314
phone 0.0060 0 367 17 399
phone 0.0060 204 122 263 170
phone 0.0060 0 332 3 399
phone 0.0060 48 205 57 217
phone 0.0060 186 227 249 340
phone 0.0060 3 276 63 323
phone 0.0060 0 367 2 399
phone 0.0060 157 60 217 108
phone 0.0060 218 239 248 298
phone 0.0060 108 209 142 267
phone 0.0060 48 363 80 399
phone 0.0060 18 23 48 82
phone 0.0060 126 367 187 399
phone 0.0059 0 91 17 139
phone 0.0059 0 91 49 139
phone 0.0059 171 332 234 399
phone 0.0059 187 367 248 399
phone 0.0059 0 27 34 141
phone 0.0059 201 0 265 95
phone 0.0059 33 244 94 354
phone 0.0059 50 14 109 62
phone 0.0059 2 243 65 355
phone 0.0059 2 362 33 399
phone 0.0059 48 332 112 399
phone 0.0059 202 332 265 399
phone 0.0059 17 362 49 399
phone 0.0059 33 363 64 399
phone 0.0059 0 0 3 96
phone 0.0059 171 242 233 356
phone 0.0059 18 291 79 338
phone 0.0059 219 214 266 261
phone 0.0059 156 363 187 399
phone 0.0059 4 0 63 30
phone 0.0059 219 153 266 200
phone 0.0059 218 30 266 77
phone 0.0059 188 29 248 77
phone 0.0059 3 23 33 82
phone 0.0058 108 240 142 297
phone 0.0058 171 363 203 399
phone 0.0058 34 276 94 322
phone 0.0058 218 60 266 108
phone 0.0058 172 23 202 83
phone 0.0058 0 29 17 77
phone 0.0058 218 367 266 399
phone 0.0058 80 14 140 62
phone 0.0058 111 14 171 62
phone 0.0058 49 269 79 329
phone 0.0058 0 177 18 237
phone 0.0058 173 276 232 323
phone 0.0058 141 363 172 399
phone 0.0058 0 42 18 156
phone 0.0058 140 258 203 371
phone 0.0058 203 254 233 313
phone 0.0058 187 363 218 399
phone 0.0058 249 30 266 77
phone 0.0058 64 322 125 369
phone 0.0058 0 212 34 325
phone 0.0058 202 363 234 399
phone 0.0058 187 70 218 128
phone 0.0058 0 116 2 175
phone 0.0058 0 245 17 293
phone 0.0058 45 152 75 178
phone 0.0058 217 27 266 141
phone 0.0058 0 0 18 110
phone 0.0057 111 337 171 385
phone 0.0057 64 367 125 399
phone 0.0057 64 363 95 399
phone 0.0057 18 269 48 329
phone 0.0057 34 0 94 30
phone 0.0057 80 338 140 385
phone 0.0057 17 273 80 386
phone 0.0057 218 116 249 174
phone 0.0057 0 214 17 262
phone 0.0057 188 337 248 385
phone 0.0057 157 337 217 385
phone 0.0057 248 0 266 109
phone 0.0057 0 0 1 30
phone 0.0057 34 307 94 354
phone 0.0057 95 257 156 311
phone 0.0057 0 29 2 77
phone 0.0057 249 61 266 108
phone 0.0057 63 289 126 399
phone 0.0057 0 85 2 144
phone 0.0057 126 29 186 77
phone 0.0057 188 23 217 83
phone 0.0057 0 196 19 310
phone 0.0057 248 332 266 399
phone 0.0057 0 337 2 385
phone 0.0057 142 0 201 30
phone 0.0057 172 54 202 113
phone 0.0057 0 261 33 308
phone 0.0056 33 338 94 385
phone 0.0056 34 285 64 344
phone 0.0056 111 0 170 30
phone 0.0056 19 0 48 37
phone 0.0056 187 0 249 64
phone 0.0056 94 304 157 399
phone 0.0056 34 0 63 37
phone 0.0056 0 199 2 246
phone 0.0056 49 45 110 93
phone 0.0056 0 60 2 108
phone 0.0056 265 30 266 77
phone 0.0056 125 0 187 64
phone 0.0056 156 0 218 64
phone 0.0056 0 229 2 277
phone 0.0056 0 303 34 399
phone 0.0056 170 266 180 279
phone 0.0056 79 363 111 399
phone 0.0056 4 101 63 159
phone 0.0056 103 145 147 208
phone 0.0056 218 91 266 139
phone 0.0056 203 23 233 83
phone 0.0056 0 0 32 30
phone 0.0056 95 0 156 64
phone 0.0056 0 14 48 62
phone 0.0056 249 91 266 138
phone 0.0056 248 43 266 156
phone 0.0056 234 39 264 98
phone 0.0056 234 184 266 231
phone 0.0056 0 165 3 279
phone 0.0056 0 26 3 141
phone 0.0056 0 260 2 308
phone 0.0055 157 23 187 82
phone 0.0055 263 0 266 110
phone 0.0055 125 304 188 399
phone 0.0055 52 211 68 242
phone 0.0055 80 0 140 30
phone 0.0055 173 0 232 30
phone 0.0055 125 363 157 399
phone 0.0055 0 211 3 326
phone 0.0055 127 291 186 338
phone 0.0055 0 291 48 338
phone 0.0055 233 224 264 282
phone 0.0055 187 270 218 328
phone 0.0055 36 181 53 211
phone 0.0055 264 214 266 262
phone 0.0055 3 307 64 354
phone 0.0055 151 117 191 175
phone 0.0055 80 316 110 375
phone 0.0055 186 209 218 267
phone 0.0055 95 367 156 399
phone 0.0055 49 0 79 37
phone 0.0055 265 60 266 108
phone 0.0055 0 73 3 187
phone 0.0055 203 76 263 123
phone 0.0055 18 54 48 113
phone 0.0055 53 121 83 147
phone 0.0055 0 276 17 323
phone 0.0055 0 168 2 216
phone 0.0055 249 230 266 277
phone 0.0055 187 331 217 390
phone 0.0055 249 199 266 246
phone 0.0055 156 288 218 399
phone 0.0055 188 60 248 108
phone 0.0055 44 215 76 238
phone 0.0055 110 8 141 67
phone 0.0055 49 300 79 359
phone 0.0055 218 39 248 98
phone 0.0055 265 91 266 139
phone 0.0055 234 69 264 129
phone 0.0054 126 331 156 390
phone 0.0054 109 273 173 387
phone 0.0054 264 39 266 98
phone 0.0054 265 337 266 385
phone 0.0054 264 184 266 231
phone 0.0054 263 181 266 294
phone 0.0054 157 291 217 339
phone 0.0054 125 8 156 67
phone 0.0054 95 331 125 390
phone 0.0054 68 198 98 224
phone 0.0054 158 260 216 308
phone 0.0054 172 306 233 354
phone 0.0054 65 56 124 112
phone 0.0054 264 245 266 292
phone 0.0054 203 331 233 390
phone 0.0054 248 196 266 309
phone 0.0054 172 331 202 390
phone 0.0054 110 331 141 390
phone 0.0054 29 184 60 208
phone 0.0054 157 0 186 37
phone 0.0054 49 331 79 390
phone 0.0054 0 322 17 370
phone 0.0054 141 8 172 67
phone 0.0054 0 242 19 356
phone 0.0054 249 260 266 308
phone 0.0054 142 0 171 37
phone 0.0054 141 285 171 344
phone 0.0054 264 122 266 169
phone 0.0054 263 42 266 156
phone 0.0054 0 119 3 233
phone 0.0054 126 0 156 37
phone 0.0054 233 131 264 190
phone 0.0054 64 316 95 375
phone 0.0054 248 150 266 263
phone 0.0054 186 288 249 399
phone 0.0054 249 168 266 215
phone 0.0054 265 153 266 200
phone 0.0054 111 0 140 37
phone 0.0054 264 70 266 128
phone 0.0053 234 337 266 385
phone 0.0053 218 331 248 390
phone 0.0053 0 306 2 354
phone 0.0053 110 363 141 399
phone 0.0053 0 0 17 37
phone 0.0053 249 122 266 169
phone 0.0053 157 331 187 390
phone 0.0053 173 0 202 37
phone 0.0053 65 0 94 37
phone 0.0053 141 331 171 390
phone 0.0053 265 276 266 323
phone 0.0053 33 331 64 390
phone 0.0053 263 89 266 202
phone 0.0053 232 166 266 278
phone 0.0053 94 363 126 399
phone 0.0053 51 148 69 182
phone 0.0053 263 135 266 248
phone 0.0053 203 306 263 354
phone 0.0053 96 0 125 37
phone 0.0053 263 227 266 340
phone 0.0053 218 322 266 369
phone 0.0053 248 89 266 202
phone 0.0053 190 230 222 253
phone 0.0053 203 0 263 30
phone 0.0053 248 242 266 356
phone 0.0053 188 0 217 37
phone 0.0053 106 70 144 129
phone 0.0053 111 307 171 354
phone 0.0053 80 307 140 354
phone 0.0053 203 0 233 37
phone 0.0053 0 14 1 62
phone 0.0053 178 266 188 279
phone 0.0053 0 273 3 387
phone 0.0053 234 100 264 159
phone 0.0053 141 307 202 354
phone 0.0053 80 0 109 37
phone 0.0053 175 257 190 288
phone 0.0053 160 84 191 107
phone 0.0053 18 300 48 359
phone 0.0053 203 276 263 323
phone 0.0052 249 291 266 339
phone 0.0052 157 254 187 314
phone 0.0052 218 260 266 308
phone 0.0052 265 306 266 354
phone 0.0052 48 213 57 225
phone 0.0052 227 18 266 204
phone 0.0052 40 189 49 202
phone 0.0052 0 274 49 386
phone 0.0052 218 69 248 129
phone 0.0052 264 224 266 282
phone 0.0052 217 288 266 399
phone 0.0052 264 100 266 159
phone 0.0052 203 54 233 113
phone 0.0052 264 193 266 251
phone 0.0052 202 258 265 371
phone 0.0052 265 0 266 30
phone 0.0052 2 75 64 123
phone 0.0052 55 220 65 233
phone 0.0052 188 291 248 339
phone 0.0052 156 285 187 344
phone 0.0052 218 291 266 339
phone 0.0052 17 60 80 108
phone 0.0052 198 226 214 257
phone 0.0052 263 273 266 387
phone 0.0052 187 300 218 359
phone 0.0051 126 285 156 344
phone 0.0051 264 254 266 313
phone 0.0051 203 300 233 359
phone 0.0051 64 0 125 46
phone 0.0051 48 259 110 370
phone 0.0051 172 285 203 344
phone 0.0051 264 162 266 221
phone 0.0051 250 0 266 30
phone 0.0051 49 292 109 338
phone 0.0051 95 300 126 359
phone 0.0051 203 208 233 268
phone 0.0051 264 131 266 190
phone 0.0050 173 254 202 314
phone 0.0050 218 300 248 359
phone 0.0050 201 235 211 248
phone 0.0050 189 227 246 279
phone 0.0050 110 301 141 359
phone 0.0050 219 0 248 37
phone 0.0050 64 285 95 344
phone 0.0050 218 270 248 328
