phone 0.9182 169 106 244 210
phone 0.0722 105 92 255 219
phone 0.0646 171 122 214 193
phone 0.0630 85 44 319 260
phone 0.0593 142 62 270 202
phone 0.0366 166 111 307 204
phone 0.0329 163 19 252 234
phone 0.0293 39 73 179 230
phone 0.0281 85 57 194 195
phone 0.0281 197 106 248 178
phone 0.0256 91 118 185 233
phone 0.0249 197 138 248 207
phone 0.0248 192 77 390 233
phone 0.0245 88 182 190 299
phone 0.0243 143 182 255 299
phone 0.0241 149 112 237 263
phone 0.0230 194 136 323 277
phone 0.0210 169 151 280 252
phone 0.0207 119 12 222 176
phone 0.0200 226 94 312 251
phone 0.0187 131 205 205 299
phone 0.0186 185 211 269 299
phone 0.0178 181 20 278 174
phone 0.0168 200 58 306 194
phone 0.0161 53 142 160 278
phone 0.0153 44 0 172 189
phone 0.0147 128 133 225 182
phone 0.0147 263 60 378 184
phone 0.0135 121 154 223 254
phone 0.0127 211 0 296 130
phone 0.0123 223 186 315 299
phone 0.0118 223 139 284 237
phone 0.0114 71 175 144 299
phone 0.0113 216 128 259 187
phone 0.0111 78 43 153 179
phone 0.0111 236 127 301 218
phone 0.0111 180 156 212 181
phone 0.0110 188 153 204 184
phone 0.0109 231 170 306 236
phone 0.0108 64 83 136 200
phone 0.0108 234 148 265 174
phone 0.0108 172 172 204 196
phone 0.0107 210 107 296 177
phone 0.0106 180 169 196 200
phone 0.0106 81 0 200 147
phone 0.0106 216 81 290 141
phone 0.0106 264 127 377 234
phone 0.0104 220 33 318 157
phone 0.0103 191 162 200 175
phone 0.0101 183 178 193 190
phone 0.0100 241 144 258 178
phone 0.0099 191 44 255 117
phone 0.0099 159 130 193 184
phone 0.0099 233 219 305 280
phone 0.0099 80 202 151 266
phone 0.0099 0 0 39 17
phone 0.0098 0 280 40 299
phone 0.0098 205 32 271 98
phone 0.0098 119 110 202 174
phone 0.0097 188 125 218 151
phone 0.0095 236 93 302 159
phone 0.0094 93 107 167 177
phone 0.0093 94 237 167 293
phone 0.0093 244 67 324 216
phone 0.0091 252 0 318 117
phone 0.0090 158 0 245 141
phone 0.0090 216 235 291 295
phone 0.0090 65 192 134 246
phone 0.0089 98 54 162 137
phone 0.0088 245 155 254 167
phone 0.0088 195 121 212 155
phone 0.0088 155 84 229 169
phone 0.0088 66 98 133 155
phone 0.0088 220 160 255 216
phone 0.0086 80 123 150 191
phone 0.0086 205 51 239 109
phone 0.0086 65 160 134 216
phone 0.0084 236 83 270 139
phone 0.0083 239 18 299 82
phone 0.0082 183 170 193 183
phone 0.0082 0 16 216 280
phone 0.0082 152 234 232 296
phone 0.0082 254 8 314 60
phone 0.0082 277 0 376 133
phone 0.0082 82 168 148 239
phone 0.0082 171 251 243 299
phone 0.0082 252 82 285 140
phone 0.0082 98 205 131 263
phone 0.0082 251 175 286 232
phone 0.0082 202 62 274 129
phone 0.0082 246 157 322 219
phone 0.0081 252 221 285 278
phone 0.0081 195 145 212 177
phone 0.0080 188 148 219 174
phone 0.0080 106 91 185 162
phone 0.0080 187 171 258 236
phone 0.0080 98 81 132 140
phone 0.0080 249 189 319 249
phone 0.0080 223 9 284 59
phone 0.0079 83 96 115 156
phone 0.0079 253 5 285 63
phone 0.0079 268 5 300 63
phone 0.0079 84 189 115 248
phone 0.0079 262 13 338 147
phone 0.0079 93 185 167 253
phone 0.0078 114 235 146 294
phone 0.0078 362 0 399 15
phone 0.0078 137 175 216 232
phone 0.0077 251 63 318 128
phone 0.0077 141 251 212 299
phone 0.0077 106 218 186 281
phone 0.0077 199 132 208 144
phone 0.0077 205 252 271 299
phone 0.0077 241 255 297 299
phone 0.0077 263 142 337 265
phone 0.0076 98 113 132 171
phone 0.0076 238 5 269 63
phone 0.0076 271 177 328 229
phone 0.0075 68 225 132 274
phone 0.0075 84 158 115 217
phone 0.0075 54 178 115 290
phone 0.0075 83 127 115 186
phone 0.0075 53 180 116 226
phone 0.0075 199 139 208 152
phone 0.0074 54 131 115 244
phone 0.0074 119 144 203 201
phone 0.0074 234 156 272 219
phone 0.0074 236 236 270 293
phone 0.0074 167 217 247 282
phone 0.0073 284 5 315 63
phone 0.0073 53 211 116 257
phone 0.0073 271 17 328 82
phone 0.0073 69 188 99 248
phone 0.0073 128 129 162 185
phone 0.0072 53 118 116 165
phone 0.0072 113 253 179 299
phone 0.0072 230 51 308 110
phone 0.0072 268 46 331 114
phone 0.0072 197 86 279 168
phone 0.0071 198 155 208 167
phone 0.0071 254 250 284 299
phone 0.0071 113 129 147 185
phone 0.0071 245 147 254 160
phone 0.0071 256 240 312 290
phone 0.0071 268 82 300 140
phone 0.0071 84 219 115 280
phone 0.0071 251 111 286 172
phone 0.0070 69 96 99 156
phone 0.0070 198 162 208 175
phone 0.0070 69 158 99 218
phone 0.0070 222 19 254 79
phone 0.0070 242 140 272 166
phone 0.0070 53 149 116 196
phone 0.0069 99 234 130 295
phone 0.0069 267 36 301 93
phone 0.0069 214 202 293 267
phone 0.0069 112 66 148 125
phone 0.0069 100 39 161 91
phone 0.0069 251 36 285 93
phone 0.0069 191 251 223 299
phone 0.0069 285 9 345 59
phone 0.0069 205 174 239 232
phone 0.0069 221 51 255 109
phone 0.0068 98 174 132 232
phone 0.0068 250 120 318 195
phone 0.0067 284 159 315 216
phone 0.0067 122 75 199 147
phone 0.0067 227 156 257 182
phone 0.0067 249 142 288 203
phone 0.0067 69 127 99 187
phone 0.0067 33 50 118 201
phone 0.0067 98 143 132 202
phone 0.0067 157 60 227 131
phone 0.0067 84 7 146 122
phone 0.0066 143 114 178 169
phone 0.0066 270 235 299 295
phone 0.0066 115 35 146 94
phone 0.0066 233 129 272 186
phone 0.0066 269 0 330 43
phone 0.0066 113 206 147 262
phone 0.0066 192 25 254 74
phone 0.0066 53 87 116 135
phone 0.0066 269 145 330 200
phone 0.0066 148 0 375 211
phone 0.0066 238 0 299 43
phone 0.0065 267 191 301 246
phone 0.0065 300 5 331 63
phone 0.0065 162 39 222 91
phone 0.0065 221 237 255 293
phone 0.0065 145 2 208 127
phone 0.0064 129 236 162 293
phone 0.0064 108 169 183 238
phone 0.0064 202 181 274 257
phone 0.0064 159 175 193 231
phone 0.0064 100 35 130 94
phone 0.0064 69 219 99 279
phone 0.0064 69 257 130 299
phone 0.0064 159 237 193 293
phone 0.0064 162 271 221 299
phone 0.0064 248 136 266 170
phone 0.0064 112 98 148 155
phone 0.0063 69 0 130 14
phone 0.0063 144 236 177 293
phone 0.0063 175 237 208 293
phone 0.0063 0 0 41 49
phone 0.0063 330 282 393 299
phone 0.0063 207 20 238 78
phone 0.0063 205 237 239 293
phone 0.0063 254 0 314 27
phone 0.0063 284 189 315 248
phone 0.0063 266 160 301 215
phone 0.0063 202 121 220 155
phone 0.0063 68 56 131 104
phone 0.0063 331 10 391 58
phone 0.0063 85 250 115 299
phone 0.0062 38 0 99 14
phone 0.0062 69 22 130 137
phone 0.0062 316 0 376 43
phone 0.0062 100 0 161 14
phone 0.0062 208 0 268 43
phone 0.0062 193 271 252 299
phone 0.0062 161 36 193 93
phone 0.0062 116 43 175 118
phone 0.0062 192 20 222 78
phone 0.0062 363 0 399 105
phone 0.0062 285 0 345 27
phone 0.0062 282 36 316 94
phone 0.0062 299 0 362 76
phone 0.0061 360 25 399 74
phone 0.0061 316 26 375 73
phone 0.0061 223 0 284 27
phone 0.0061 301 149 360 196
phone 0.0061 267 205 332 299
phone 0.0061 85 25 145 73
phone 0.0061 233 152 251 186
phone 0.0061 130 0 192 14
phone 0.0060 185 152 230 224
phone 0.0060 7 0 69 14
phone 0.0060 68 282 132 299
phone 0.0060 298 99 362 214
phone 0.0060 239 287 299 299
phone 0.0060 346 4 376 63
phone 0.0060 361 56 399 105
phone 0.0060 165 163 195 190
phone 0.0060 174 179 240 258
phone 0.0060 113 159 147 216
phone 0.0060 316 72 375 119
phone 0.0060 301 103 360 150
phone 0.0060 269 0 299 32
phone 0.0060 115 25 176 73
phone 0.0060 224 272 282 299
phone 0.0059 268 282 331 299
phone 0.0059 85 51 115 109
phone 0.0059 331 0 361 48
phone 0.0059 99 282 162 299
phone 0.0059 299 282 362 299
phone 0.0059 223 0 253 48
phone 0.0059 316 0 345 48
phone 0.0059 38 282 101 299
phone 0.0059 254 0 284 32
phone 0.0059 177 10 237 58
phone 0.0059 54 287 114 299
phone 0.0059 285 0 315 32
phone 0.0059 130 282 193 299
phone 0.0059 285 235 315 294
phone 0.0059 100 10 160 58
phone 0.0059 175 51 209 109
phone 0.0059 314 39 377 152
phone 0.0059 300 0 361 14
phone 0.0059 190 50 224 109
phone 0.0059 161 0 222 14
phone 0.0059 331 20 361 78
phone 0.0059 193 0 253 27
phone 0.0059 160 0 224 45
phone 0.0058 362 39 399 151
phone 0.0058 7 282 70 299
phone 0.0058 300 0 330 32
phone 0.0058 331 0 391 27
phone 0.0058 269 0 330 14
phone 0.0058 236 52 270 108
phone 0.0058 285 241 345 289
phone 0.0058 301 179 360 227
phone 0.0058 239 0 269 32
phone 0.0058 131 10 191 58
phone 0.0058 316 143 346 201
phone 0.0058 129 35 162 94
phone 0.0058 238 0 299 14
phone 0.0058 155 197 228 272
phone 0.0058 361 0 399 43
phone 0.0058 254 281 284 299
phone 0.0058 177 265 207 299
phone 0.0058 207 0 269 14
phone 0.0058 363 254 399 299
phone 0.0058 146 25 207 73
phone 0.0058 85 273 145 299
phone 0.0058 361 286 399 299
phone 0.0058 100 266 130 299
phone 0.0058 69 66 99 125
phone 0.0057 224 265 253 299
phone 0.0057 0 5 40 124
phone 0.0057 299 146 362 260
phone 0.0057 0 251 40 299
phone 0.0057 163 287 221 299
phone 0.0057 207 282 270 299
phone 0.0057 360 87 399 135
phone 0.0057 315 97 346 155
phone 0.0057 70 10 130 58
phone 0.0057 188 65 257 157
phone 0.0057 54 41 114 89
phone 0.0057 196 156 226 181
phone 0.0057 330 0 393 106
phone 0.0057 146 0 207 27
phone 0.0057 208 0 238 48
phone 0.0057 145 35 178 93
phone 0.0057 0 82 40 201
phone 0.0057 0 143 40 263
phone 0.0057 54 272 114 299
phone 0.0057 256 250 289 272
phone 0.0057 208 265 238 299
phone 0.0057 285 287 345 299
phone 0.0057 116 0 176 43
phone 0.0057 162 281 192 299
phone 0.0057 85 296 115 299
phone 0.0056 331 66 361 125
phone 0.0056 85 281 115 299
phone 0.0056 53 7 116 122
phone 0.0056 54 242 115 288
phone 0.0056 377 19 399 79
phone 0.0056 144 145 178 200
phone 0.0056 176 282 240 299
phone 0.0056 284 270 346 299
phone 0.0056 239 266 268 299
phone 0.0056 286 163 343 213
phone 0.0056 265 246 280 276
phone 0.0056 100 296 130 299
phone 0.0056 70 281 99 299
phone 0.0056 346 0 376 33
phone 0.0056 143 206 178 262
phone 0.0056 116 4 145 63
phone 0.0056 255 272 314 299
phone 0.0056 85 20 115 79
phone 0.0056 100 4 130 63
phone 0.0056 202 153 220 184
phone 0.0056 193 281 222 299
phone 0.0056 316 133 376 181
phone 0.0056 362 85 399 197
phone 0.0056 331 118 391 166
phone 0.0056 270 256 329 299
phone 0.0056 38 164 99 212
phone 0.0056 177 20 207 78
phone 0.0056 38 133 99 181
phone 0.0056 360 117 399 166
phone 0.0056 268 255 277 267
phone 0.0055 39 256 99 299
phone 0.0055 316 174 346 232
phone 0.0055 271 227 304 249
phone 0.0055 285 266 315 299
phone 0.0055 39 56 99 104
phone 0.0055 128 206 162 262
phone 0.0055 316 164 376 212
phone 0.0055 131 4 161 63
phone 0.0055 85 0 145 43
phone 0.0055 147 4 176 63
phone 0.0055 38 115 100 229
phone 0.0055 252 147 262 159
phone 0.0055 331 149 391 196
phone 0.0055 330 253 393 299
phone 0.0055 193 0 222 32
phone 0.0055 38 103 99 150
phone 0.0055 264 242 297 265
phone 0.0055 316 287 376 299
phone 0.0055 362 193 399 299
phone 0.0055 143 175 178 231
phone 0.0055 377 50 399 110
phone 0.0055 316 195 376 243
phone 0.0055 300 235 330 294
phone 0.0055 300 210 360 258
phone 0.0055 315 269 377 299
phone 0.0055 280 223 296 253
phone 0.0055 330 85 393 198
phone 0.0055 23 72 84 120
phone 0.0055 39 25 99 73
phone 0.0055 315 115 377 229
phone 0.0055 299 253 362 299
phone 0.0055 361 225 399 274
phone 0.0055 146 281 176 299
phone 0.0055 331 179 391 227
phone 0.0055 127 99 163 154
phone 0.0055 162 4 192 63
phone 0.0055 8 118 68 166
phone 0.0055 190 222 224 277
phone 0.0055 37 23 100 137
phone 0.0055 360 148 399 197
phone 0.0055 287 73 320 96
phone 0.0055 362 132 399 243
phone 0.0055 0 179 36 228
phone 0.0055 0 118 36 166
phone 0.0055 8 149 68 196
phone 0.0055 285 296 315 299
phone 0.0055 266 112 301 171
phone 0.0055 177 0 207 32
phone 0.0055 0 41 36 89
phone 0.0054 273 238 288 268
phone 0.0054 316 226 376 273
phone 0.0054 0 148 36 197
phone 0.0054 70 35 99 94
phone 0.0054 361 194 399 243
phone 0.0054 38 195 99 242
phone 0.0054 8 87 68 135
phone 0.0054 0 87 36 135
phone 0.0054 300 158 330 217
phone 0.0054 315 161 377 275
phone 0.0054 331 210 391 258
phone 0.0054 22 38 85 152
phone 0.0054 8 179 68 227
phone 0.0054 162 0 192 32
phone 0.0054 330 131 393 245
phone 0.0054 275 247 285 260
phone 0.0054 300 296 330 299
phone 0.0054 85 287 145 299
phone 0.0054 171 159 189 193
phone 0.0054 0 210 36 258
phone 0.0054 7 84 69 199
phone 0.0054 39 226 99 273
phone 0.0054 23 41 84 89
phone 0.0054 331 87 391 135
phone 0.0054 70 296 99 299
phone 0.0054 146 0 176 32
phone 0.0054 37 162 100 275
phone 0.0054 283 232 293 244
phone 0.0054 299 192 362 299
phone 0.0054 206 132 216 144
phone 0.0054 296 69 311 99
phone 0.0054 128 160 163 216
phone 0.0054 8 56 68 104
phone 0.0054 7 130 69 245
phone 0.0054 23 210 83 258
phone 0.0054 300 281 330 299
phone 0.0054 377 280 399 299
phone 0.0054 269 297 300 299
phone 0.0054 330 177 393 291
phone 0.0053 269 266 299 299
phone 0.0053 54 143 84 202
phone 0.0053 8 25 68 73
phone 0.0053 346 112 376 171
phone 0.0053 346 281 376 299
phone 0.0053 0 0 22 2
phone 0.0053 131 0 161 32
phone 0.0053 316 296 345 299
phone 0.0053 22 100 85 214
phone 0.0053 22 146 85 260
phone 0.0053 158 99 194 154
phone 0.0053 23 10 84 58
phone 0.0053 223 0 254 17
phone 0.0053 54 173 84 233
phone 0.0053 0 296 22 299
phone 0.0053 0 158 22 217
phone 0.0053 194 287 252 299
phone 0.0053 346 296 376 299
phone 0.0053 0 127 22 186
phone 0.0053 7 23 69 137
phone 0.0053 0 96 22 156
phone 0.0053 0 189 22 248
phone 0.0053 331 127 361 186
phone 0.0053 331 296 361 299
phone 0.0053 54 96 84 156
phone 0.0053 346 142 376 202
phone 0.0053 22 0 85 106
phone 0.0053 207 0 238 17
phone 0.0053 346 41 399 89
phone 0.0053 299 78 308 91
phone 0.0053 54 250 84 299
phone 0.0053 54 66 84 125
phone 0.0053 22 269 85 299
phone 0.0053 0 50 22 109
phone 0.0053 237 162 247 175
phone 0.0053 7 177 69 291
phone 0.0053 8 225 68 273
phone 0.0053 0 265 22 299
phone 0.0053 23 241 83 289
phone 0.0053 316 281 345 299
phone 0.0053 254 297 284 299
phone 0.0053 70 4 99 63
phone 0.0053 346 173 376 233
phone 0.0053 377 80 399 141
phone 0.0052 116 0 145 32
phone 0.0052 331 158 361 217
phone 0.0052 54 0 114 43
phone 0.0052 54 35 84 94
phone 0.0052 7 0 70 45
phone 0.0052 286 194 344 243
phone 0.0052 236 206 270 262
phone 0.0052 331 189 361 248
phone 0.0052 316 204 345 263
phone 0.0052 54 204 84 263
phone 0.0052 39 81 69 140
phone 0.0052 0 219 22 279
phone 0.0052 331 281 361 299
phone 0.0052 0 19 23 79
phone 0.0052 23 287 83 299
phone 0.0052 346 204 376 263
phone 0.0052 0 103 53 150
phone 0.0052 0 133 53 181
phone 0.0052 346 81 376 140
phone 0.0052 0 72 53 119
phone 0.0052 54 281 84 299
phone 0.0052 39 50 68 109
phone 0.0052 23 112 53 171
phone 0.0052 69 250 99 299
phone 0.0052 0 287 53 299
phone 0.0052 331 220 361 279
phone 0.0052 54 296 84 299
phone 0.0052 39 112 69 171
phone 0.0052 7 253 69 299
phone 0.0052 315 0 346 17
phone 0.0052 0 164 53 212
phone 0.0052 23 143 53 202
phone 0.0052 238 297 269 299
phone 0.0052 316 235 346 294
phone 0.0052 331 97 361 155
phone 0.0052 39 173 69 233
phone 0.0052 346 72 399 119
phone 0.0051 39 143 69 202
phone 0.0051 196 132 226 159
phone 0.0051 316 66 346 125
phone 0.0051 331 56 391 104
phone 0.0051 23 81 53 140
phone 0.0051 23 173 53 232
phone 0.0051 346 103 399 150
phone 0.0051 0 195 53 242
phone 0.0051 346 235 376 294
phone 0.0051 54 4 84 63
phone 0.0051 85 0 115 48
phone 0.0051 0 54 54 167
phone 0.0051 376 111 399 172
phone 0.0051 376 234 399 295
phone 0.0051 205 206 240 262
phone 0.0051 115 296 146 299
phone 0.0051 39 204 69 263
phone 0.0051 115 265 145 299
phone 0.0051 346 272 399 299
phone 0.0051 100 0 130 32
phone 0.0051 346 134 399 181
phone 0.0051 207 296 238 299
phone 0.0051 330 0 361 17
phone 0.0051 300 204 330 263
phone 0.0051 39 296 68 299
phone 0.0051 223 297 254 299
phone 0.0051 315 20 346 78
phone 0.0051 23 50 53 109
phone 0.0051 237 155 247 167
phone 0.0051 39 20 68 79
phone 0.0051 192 296 223 299
phone 0.0051 23 20 53 79
phone 0.0051 362 35 392 94
phone 0.0051 331 250 361 299
phone 0.0051 346 164 399 212
phone 0.0051 376 203 399 264
phone 0.0051 331 0 391 12
phone 0.0051 23 204 53 263
phone 0.0051 23 0 84 27
phone 0.0051 376 142 399 202
phone 0.0051 0 0 22 33
phone 0.0050 198 147 208 159
phone 0.0050 23 296 53 299
phone 0.0050 159 206 194 262
phone 0.0050 346 35 376 94
phone 0.0050 376 173 399 233
phone 0.0050 346 241 399 289
phone 0.0050 284 81 315 140
phone 0.0050 177 296 207 299
phone 0.0050 174 174 209 233
phone 0.0050 196 117 226 144
